#Object:               SN2004dt
#FITS_file:            SN04dt_b01_DUP_WF_20sep04.fits
#Redshift:             0.01973
#JDate_of_max:         2453239.06
#JDate_of_observation: 2453268.72
#Epoch:                29.09     
#
 3726.4754 2.02558e-16
 3729.4579 2.60315e-16
 3732.4405 2.30491e-16
 3735.4230 2.82310e-16
 3738.4056 3.02117e-16
 3741.3882 2.55431e-16
 3744.3707 1.85697e-16
 3747.3533 2.28158e-16
 3750.3359 2.44261e-16
 3753.3184 2.08891e-16
 3756.3010 2.28941e-16
 3759.2835 1.77456e-16
 3762.2661 1.95662e-16
 3765.2487 2.48426e-16
 3768.2312 2.02760e-16
 3771.2138 2.09374e-16
 3774.1964 2.45472e-16
 3777.1789 2.39764e-16
 3780.1615 2.00744e-16
 3783.1440 2.64011e-16
 3786.1266 2.05325e-16
 3789.1092 2.18028e-16
 3792.0917 2.15363e-16
 3795.0743 2.16412e-16
 3798.0569 2.46213e-16
 3801.0394 2.07021e-16
 3804.0220 1.93975e-16
 3807.0046 2.28649e-16
 3809.9871 2.01664e-16
 3812.9697 2.24154e-16
 3815.9523 2.19322e-16
 3818.9348 1.93539e-16
 3821.9174 1.95508e-16
 3824.8999 2.25055e-16
 3827.8825 2.00201e-16
 3830.8651 1.81026e-16
 3833.8476 2.18015e-16
 3836.8302 2.22673e-16
 3839.8128 2.41205e-16
 3842.7953 2.79512e-16
 3845.7779 3.09224e-16
 3848.7604 3.06595e-16
 3851.7430 2.82343e-16
 3854.7256 2.89422e-16
 3857.7081 3.45497e-16
 3860.6907 3.20392e-16
 3863.6733 3.48233e-16
 3866.6558 3.47328e-16
 3869.6384 3.47888e-16
 3872.6209 3.45843e-16
 3875.6035 3.42642e-16
 3878.5861 3.79757e-16
 3881.5686 3.83973e-16
 3884.5512 4.12147e-16
 3887.5338 3.65059e-16
 3890.5163 3.98533e-16
 3893.4989 4.23868e-16
 3896.4815 3.95366e-16
 3899.4640 4.23394e-16
 3902.4466 4.73356e-16
 3905.4291 4.43341e-16
 3908.4117 4.48714e-16
 3911.3943 4.63667e-16
 3914.3768 5.03281e-16
 3917.3594 4.66884e-16
 3920.3420 4.83474e-16
 3923.3245 5.55912e-16
 3926.3071 4.91767e-16
 3929.2896 4.33056e-16
 3932.2722 4.40447e-16
 3935.2548 5.04940e-16
 3938.2373 4.98854e-16
 3941.2199 5.29578e-16
 3944.2025 4.93953e-16
 3947.1850 5.42058e-16
 3950.1676 5.32782e-16
 3953.1501 5.37994e-16
 3956.1327 4.83485e-16
 3959.1153 5.14485e-16
 3962.0978 5.19606e-16
 3965.0804 5.50632e-16
 3968.0630 5.09719e-16
 3971.0455 5.52743e-16
 3974.0281 5.26017e-16
 3977.0107 4.66255e-16
 3979.9932 4.66448e-16
 3982.9758 4.51024e-16
 3985.9584 4.76162e-16
 3988.9409 4.62844e-16
 3991.9235 4.89678e-16
 3994.9060 4.30541e-16
 3997.8886 4.18411e-16
 4000.8712 3.97924e-16
 4003.8537 3.81795e-16
 4006.8363 3.95181e-16
 4009.8189 3.57181e-16
 4012.8014 3.36480e-16
 4015.7840 3.51008e-16
 4018.7665 3.13633e-16
 4021.7491 3.33720e-16
 4024.7317 3.19456e-16
 4027.7142 3.27106e-16
 4030.6968 3.30740e-16
 4033.6794 3.23555e-16
 4036.6619 2.87447e-16
 4039.6445 3.14636e-16
 4042.6270 3.11927e-16
 4045.6096 2.98744e-16
 4048.5922 2.89059e-16
 4051.5747 3.49847e-16
 4054.5573 3.39292e-16
 4057.5399 3.11831e-16
 4060.5224 3.42157e-16
 4063.5050 3.46287e-16
 4066.4876 3.32666e-16
 4069.4701 3.39503e-16
 4072.4527 3.50177e-16
 4075.4352 3.89865e-16
 4078.4178 3.25390e-16
 4081.4004 3.59029e-16
 4084.3829 3.44882e-16
 4087.3655 3.59414e-16
 4090.3481 3.46411e-16
 4093.3306 3.09601e-16
 4096.3132 2.92509e-16
 4099.2957 3.09638e-16
 4102.2783 3.43641e-16
 4105.2609 3.43422e-16
 4108.2434 3.00868e-16
 4111.2260 3.04878e-16
 4114.2086 3.01334e-16
 4117.1911 3.11294e-16
 4120.1737 3.14201e-16
 4123.1562 3.16387e-16
 4126.1388 2.94200e-16
 4129.1214 2.81940e-16
 4132.1039 2.82488e-16
 4135.0865 2.99917e-16
 4138.0691 3.35460e-16
 4141.0516 3.03888e-16
 4144.0342 3.15781e-16
 4147.0168 2.72676e-16
 4149.9993 2.95399e-16
 4152.9819 3.01059e-16
 4155.9645 2.95042e-16
 4158.9470 3.18212e-16
 4161.9296 3.20661e-16
 4164.9121 3.25737e-16
 4167.8947 2.86959e-16
 4170.8773 3.30502e-16
 4173.8598 3.10124e-16
 4176.8424 3.00138e-16
 4179.8250 3.31537e-16
 4182.8075 3.15774e-16
 4185.7901 3.56234e-16
 4188.7726 3.52814e-16
 4191.7552 3.49675e-16
 4194.7378 3.54999e-16
 4197.7203 3.71865e-16
 4200.7029 3.52921e-16
 4203.6855 3.66840e-16
 4206.6680 3.77466e-16
 4209.6506 3.91455e-16
 4212.6331 3.83489e-16
 4215.6157 3.69165e-16
 4218.5983 3.69341e-16
 4221.5808 3.75157e-16
 4224.5634 3.46519e-16
 4227.5460 3.64413e-16
 4230.5285 3.80360e-16
 4233.5111 3.71424e-16
 4236.4937 3.63880e-16
 4239.4762 3.73400e-16
 4242.4588 3.59028e-16
 4245.4413 3.56633e-16
 4248.4239 4.01327e-16
 4251.4065 3.63349e-16
 4254.3890 3.42276e-16
 4257.3716 3.74913e-16
 4260.3542 3.80868e-16
 4263.3367 3.57367e-16
 4266.3193 3.82995e-16
 4269.3018 3.75033e-16
 4272.2844 3.87871e-16
 4275.2670 3.56707e-16
 4278.2495 3.77740e-16
 4281.2321 3.84705e-16
 4284.2147 3.72372e-16
 4287.1972 3.70343e-16
 4290.1798 3.83368e-16
 4293.1624 3.96861e-16
 4296.1449 4.12845e-16
 4299.1275 4.03249e-16
 4302.1100 4.07883e-16
 4305.0926 3.91699e-16
 4308.0752 4.00950e-16
 4311.0577 3.95610e-16
 4314.0403 4.36605e-16
 4317.0229 4.21630e-16
 4320.0054 4.08077e-16
 4322.9880 4.30715e-16
 4325.9706 4.37301e-16
 4328.9531 4.36817e-16
 4331.9357 4.27706e-16
 4334.9182 4.18009e-16
 4337.9008 4.08869e-16
 4340.8834 3.91044e-16
 4343.8659 3.86153e-16
 4346.8485 3.87383e-16
 4349.8311 3.65988e-16
 4352.8136 3.60810e-16
 4355.7962 3.36041e-16
 4358.7787 3.31948e-16
 4361.7613 3.05862e-16
 4364.7439 2.94548e-16
 4367.7264 2.91974e-16
 4370.7090 2.78755e-16
 4373.6916 2.69918e-16
 4376.6741 2.49418e-16
 4379.6567 2.69626e-16
 4382.6392 2.66531e-16
 4385.6218 2.57703e-16
 4388.6044 2.58594e-16
 4391.5869 2.68438e-16
 4394.5695 2.56924e-16
 4397.5521 2.22864e-16
 4400.5346 2.38462e-16
 4403.5172 2.23307e-16
 4406.4998 2.28474e-16
 4409.4823 2.05597e-16
 4412.4649 2.17957e-16
 4415.4474 2.09967e-16
 4418.4300 2.03501e-16
 4421.4126 2.21816e-16
 4424.3951 1.91167e-16
 4427.3777 1.91784e-16
 4430.3603 2.05906e-16
 4433.3428 2.09399e-16
 4436.3254 2.06300e-16
 4439.3079 2.34397e-16
 4442.2905 2.15654e-16
 4445.2731 2.08467e-16
 4448.2556 2.24033e-16
 4451.2382 2.57575e-16
 4454.2208 2.36726e-16
 4457.2033 2.67614e-16
 4460.1859 2.38345e-16
 4463.1685 2.45038e-16
 4466.1510 2.41194e-16
 4469.1336 2.44673e-16
 4472.1161 2.52863e-16
 4475.0987 2.82229e-16
 4478.0813 2.83337e-16
 4481.0638 2.68540e-16
 4484.0464 2.80531e-16
 4487.0290 2.82023e-16
 4490.0115 2.72712e-16
 4492.9941 2.83134e-16
 4495.9767 2.68001e-16
 4498.9592 2.69339e-16
 4501.9418 2.96717e-16
 4504.9243 3.07502e-16
 4507.9069 3.08538e-16
 4510.8895 3.26213e-16
 4513.8720 3.31885e-16
 4516.8546 3.22936e-16
 4519.8372 3.33839e-16
 4522.8197 3.27481e-16
 4525.8023 3.22761e-16
 4528.7848 3.19996e-16
 4531.7674 3.69250e-16
 4534.7500 3.93264e-16
 4537.7325 4.05172e-16
 4540.7151 4.02939e-16
 4543.6977 4.26040e-16
 4546.6802 4.92072e-16
 4549.6628 4.91599e-16
 4552.6454 4.89835e-16
 4555.6279 5.25738e-16
 4558.6105 5.22094e-16
 4561.5930 5.41204e-16
 4564.5756 5.82718e-16
 4567.5582 5.93732e-16
 4570.5407 6.26443e-16
 4573.5233 6.44892e-16
 4576.5059 6.42457e-16
 4579.4884 6.51713e-16
 4582.4710 6.87679e-16
 4585.4535 7.01410e-16
 4588.4361 6.92307e-16
 4591.4187 7.17278e-16
 4594.4012 7.12595e-16
 4597.3838 7.27017e-16
 4600.3664 7.26818e-16
 4603.3489 7.31954e-16
 4606.3315 7.27354e-16
 4609.3140 7.46311e-16
 4612.2966 7.33610e-16
 4615.2792 7.59271e-16
 4618.2617 7.85997e-16
 4621.2443 7.66762e-16
 4624.2269 7.54499e-16
 4627.2094 7.42821e-16
 4630.1920 7.25133e-16
 4633.1746 7.24433e-16
 4636.1571 6.99357e-16
 4639.1397 6.88866e-16
 4642.1223 6.81932e-16
 4645.1048 6.60101e-16
 4648.0874 6.48547e-16
 4651.0699 6.26268e-16
 4654.0525 5.99116e-16
 4657.0351 5.82710e-16
 4660.0176 5.69768e-16
 4663.0002 5.20936e-16
 4665.9828 5.25547e-16
 4668.9653 5.05232e-16
 4671.9479 4.75209e-16
 4674.9304 4.75090e-16
 4677.9130 4.27220e-16
 4680.8956 4.14973e-16
 4683.8781 3.99146e-16
 4686.8607 3.95765e-16
 4689.8433 3.57933e-16
 4692.8258 3.49805e-16
 4695.8084 3.52396e-16
 4698.7909 3.26574e-16
 4701.7735 3.42569e-16
 4704.7561 3.38440e-16
 4707.7386 3.32072e-16
 4710.7212 3.28696e-16
 4713.7038 3.36909e-16
 4716.6863 3.17148e-16
 4719.6689 3.04969e-16
 4722.6515 3.16408e-16
 4725.6340 3.11573e-16
 4728.6166 2.93563e-16
 4731.5991 3.23828e-16
 4734.5817 3.21878e-16
 4737.5643 3.02593e-16
 4740.5468 2.98525e-16
 4743.5294 2.94190e-16
 4746.5120 3.09323e-16
 4749.4945 2.98502e-16
 4752.4771 2.77677e-16
 4755.4596 2.95235e-16
 4758.4422 2.99940e-16
 4761.4248 3.10947e-16
 4764.4073 3.10625e-16
 4767.3899 2.96843e-16
 4770.3725 3.07951e-16
 4773.3550 3.09516e-16
 4776.3376 3.07851e-16
 4779.3202 3.13197e-16
 4782.3027 3.13802e-16
 4785.2853 3.22728e-16
 4788.2678 3.40292e-16
 4791.2504 3.37827e-16
 4794.2330 3.51784e-16
 4797.2155 3.73399e-16
 4800.1981 3.62723e-16
 4803.1807 3.68639e-16
 4806.1632 3.72594e-16
 4809.1458 3.88539e-16
 4812.1284 4.09918e-16
 4815.1109 4.07165e-16
 4818.0935 4.38922e-16
 4821.0760 4.18682e-16
 4824.0586 4.05061e-16
 4827.0412 4.04086e-16
 4830.0237 4.18751e-16
 4833.0063 4.13968e-16
 4835.9889 3.86704e-16
 4838.9714 3.75327e-16
 4841.9540 3.64675e-16
 4844.9365 3.64306e-16
 4847.9191 3.63195e-16
 4850.9017 3.77167e-16
 4853.8842 3.80489e-16
 4856.8668 3.68683e-16
 4859.8494 3.78147e-16
 4862.8319 3.60329e-16
 4865.8145 3.64824e-16
 4868.7970 3.75212e-16
 4871.7796 3.51350e-16
 4874.7622 3.64843e-16
 4877.7447 3.81155e-16
 4880.7273 3.88920e-16
 4883.7099 3.82709e-16
 4886.6924 4.01531e-16
 4889.6750 4.24640e-16
 4892.6576 4.20375e-16
 4895.6401 4.43995e-16
 4898.6227 4.64791e-16
 4901.6052 4.70571e-16
 4904.5878 4.72210e-16
 4907.5704 4.97914e-16
 4910.5529 5.21474e-16
 4913.5355 5.48042e-16
 4916.5181 5.46357e-16
 4919.5006 5.89654e-16
 4922.4832 6.20933e-16
 4925.4657 6.13621e-16
 4928.4483 6.33576e-16
 4931.4309 6.62288e-16
 4934.4134 6.72679e-16
 4937.3960 6.74794e-16
 4940.3786 7.02874e-16
 4943.3611 7.16558e-16
 4946.3437 7.07219e-16
 4949.3263 7.17232e-16
 4952.3088 7.19169e-16
 4955.2914 7.09658e-16
 4958.2739 7.35667e-16
 4961.2565 7.03237e-16
 4964.2391 6.92677e-16
 4967.2216 6.74056e-16
 4970.2042 6.22157e-16
 4973.1868 6.17862e-16
 4976.1693 6.00310e-16
 4979.1519 5.68635e-16
 4982.1345 5.39277e-16
 4985.1170 5.11875e-16
 4988.0996 4.79734e-16
 4991.0821 4.41716e-16
 4994.0647 4.27302e-16
 4997.0473 4.21500e-16
 5000.0298 3.92849e-16
 5003.0124 3.88102e-16
 5005.9950 3.88318e-16
 5008.9775 3.84265e-16
 5011.9601 3.52289e-16
 5014.9426 3.65691e-16
 5017.9252 3.66114e-16
 5020.9078 3.33193e-16
 5023.8903 3.24662e-16
 5026.8729 3.38870e-16
 5029.8555 3.27888e-16
 5032.8380 3.31124e-16
 5035.8206 3.29529e-16
 5038.8031 3.25330e-16
 5041.7857 3.29953e-16
 5044.7683 3.29234e-16
 5047.7508 3.38286e-16
 5050.7334 3.30104e-16
 5053.7160 3.18646e-16
 5056.6985 3.27591e-16
 5059.6811 3.31368e-16
 5062.6637 3.37541e-16
 5065.6462 3.22898e-16
 5068.6288 3.16154e-16
 5071.6113 3.29675e-16
 5074.5939 3.14772e-16
 5077.5765 3.10808e-16
 5080.5590 3.07917e-16
 5083.5416 3.04635e-16
 5086.5242 3.06482e-16
 5089.5067 3.05060e-16
 5092.4893 3.00090e-16
 5095.4718 2.96875e-16
 5098.4544 3.23378e-16
 5101.4370 3.06536e-16
 5104.4195 3.12553e-16
 5107.4021 3.10263e-16
 5110.3847 2.93847e-16
 5113.3672 2.94614e-16
 5116.3498 3.12058e-16
 5119.3324 3.07003e-16
 5122.3149 2.93907e-16
 5125.2975 2.90582e-16
 5128.2800 2.85148e-16
 5131.2626 2.83351e-16
 5134.2452 2.77390e-16
 5137.2277 3.02473e-16
 5140.2103 2.96178e-16
 5143.1929 2.99968e-16
 5146.1754 3.10013e-16
 5149.1580 2.96232e-16
 5152.1406 2.88320e-16
 5155.1231 3.05050e-16
 5158.1057 3.02895e-16
 5161.0882 3.01615e-16
 5164.0708 3.02977e-16
 5167.0534 2.96913e-16
 5170.0359 2.97273e-16
 5173.0185 3.07814e-16
 5176.0011 3.11320e-16
 5178.9836 3.08187e-16
 5181.9662 3.35318e-16
 5184.9487 3.34671e-16
 5187.9313 3.24340e-16
 5190.9139 3.41889e-16
 5193.8964 3.62981e-16
 5196.8790 3.82531e-16
 5199.8616 3.85656e-16
 5202.8441 3.90571e-16
 5205.8267 4.10691e-16
 5208.8092 3.88537e-16
 5211.7918 3.96716e-16
 5214.7744 4.22845e-16
 5217.7569 4.33489e-16
 5220.7395 4.53278e-16
 5223.7221 4.53425e-16
 5226.7046 4.50693e-16
 5229.6872 4.63182e-16
 5232.6698 4.73669e-16
 5235.6523 4.96798e-16
 5238.6349 5.05816e-16
 5241.6174 5.14049e-16
 5244.6000 5.17943e-16
 5247.5826 5.33932e-16
 5250.5651 5.36000e-16
 5253.5477 5.22726e-16
 5256.5303 5.28716e-16
 5259.5128 5.35712e-16
 5262.4954 5.55692e-16
 5265.4780 5.55606e-16
 5268.4605 5.79310e-16
 5271.4431 5.91629e-16
 5274.4256 5.78266e-16
 5277.4082 5.75970e-16
 5280.3908 5.94957e-16
 5283.3733 6.05995e-16
 5286.3559 6.22271e-16
 5289.3385 6.14320e-16
 5292.3210 5.99053e-16
 5295.3036 6.18747e-16
 5298.2861 6.28990e-16
 5301.2687 6.36973e-16
 5304.2513 6.12211e-16
 5307.2338 5.98654e-16
 5310.2164 6.24105e-16
 5313.1990 6.10352e-16
 5316.1815 6.26735e-16
 5319.1641 6.21420e-16
 5322.1467 6.00311e-16
 5325.1292 6.16610e-16
 5328.1118 6.10053e-16
 5331.0943 5.99842e-16
 5334.0769 5.99074e-16
 5337.0595 6.05743e-16
 5340.0420 6.09266e-16
 5343.0246 5.89334e-16
 5346.0072 6.04439e-16
 5348.9897 5.96971e-16
 5351.9723 5.80636e-16
 5354.9548 5.90250e-16
 5357.9374 5.87953e-16
 5360.9200 5.87999e-16
 5363.9025 5.99206e-16
 5366.8851 6.05726e-16
 5369.8677 6.02996e-16
 5372.8502 6.07930e-16
 5375.8328 5.87589e-16
 5378.8154 5.83962e-16
 5381.7979 6.17481e-16
 5384.7805 6.03553e-16
 5387.7630 5.82619e-16
 5390.7456 6.04430e-16
 5393.7282 6.30541e-16
 5396.7107 6.47273e-16
 5399.6933 6.60380e-16
 5402.6759 6.79440e-16
 5405.6584 6.75406e-16
 5408.6410 6.52852e-16
 5411.6235 6.68925e-16
 5414.6061 6.81398e-16
 5417.5887 6.87347e-16
 5420.5712 6.87715e-16
 5423.5538 6.76546e-16
 5426.5364 6.79047e-16
 5429.5189 7.29422e-16
 5432.5015 7.65481e-16
 5435.4841 7.66280e-16
 5438.4666 7.56048e-16
 5441.4492 7.87693e-16
 5444.4317 8.07425e-16
 5447.4143 8.51191e-16
 5450.3969 8.74733e-16
 5453.3794 9.09222e-16
 5456.3620 9.15001e-16
 5459.3446 9.13264e-16
 5462.3271 9.53993e-16
 5465.3097 1.00783e-15
 5468.2922 9.63292e-16
 5471.2748 9.36495e-16
 5474.2574 1.00622e-15
 5477.2399 1.01657e-15
 5480.2225 1.03616e-15
 5483.2051 1.05091e-15
 5486.1876 1.07614e-15
 5489.1702 1.07737e-15
 5492.1528 1.07881e-15
 5495.1353 1.08650e-15
 5498.1179 1.07037e-15
 5501.1004 1.08949e-15
 5504.0830 1.08487e-15
 5507.0656 1.10296e-15
 5510.0481 1.09419e-15
 5513.0307 1.10547e-15
 5516.0133 1.09634e-15
 5518.9958 1.10001e-15
 5521.9784 1.09083e-15
 5524.9609 1.08262e-15
 5527.9435 1.05002e-15
 5530.9261 1.06406e-15
 5533.9086 1.07102e-15
 5536.8912 1.02530e-15
 5539.8738 1.01405e-15
 5542.8563 1.02623e-15
 5545.8389 1.02832e-15
 5548.8215 9.86993e-16
 5551.8040 9.97146e-16
 5554.7866 9.89185e-16
 5557.7691 9.65909e-16
 5560.7517 9.86491e-16
 5563.7343 9.74675e-16
 5566.7168 9.68017e-16
 5569.6994 9.53792e-16
 5572.6820 9.78426e-16
 5575.6645 9.56626e-16
 5578.6471 9.39485e-16
 5581.6296 9.52779e-16
 5584.6122 9.41805e-16
 5587.5948 9.34043e-16
 5590.5773 9.32566e-16
 5593.5599 9.25884e-16
 5596.5425 9.15856e-16
 5599.5250 9.06375e-16
 5602.5076 8.92493e-16
 5605.4902 8.98175e-16
 5608.4727 8.96258e-16
 5611.4553 8.78294e-16
 5614.4378 8.83238e-16
 5617.4204 8.75888e-16
 5620.4030 8.44968e-16
 5623.3855 8.41808e-16
 5626.3681 8.35655e-16
 5629.3507 8.47188e-16
 5632.3332 8.41726e-16
 5635.3158 8.19616e-16
 5638.2984 8.11474e-16
 5641.2809 8.08524e-16
 5644.2635 8.11044e-16
 5647.2460 7.91555e-16
 5650.2286 7.98423e-16
 5653.2112 7.96808e-16
 5656.1937 7.99599e-16
 5659.1763 7.98680e-16
 5662.1589 7.75296e-16
 5665.1414 7.62937e-16
 5668.1240 7.79518e-16
 5671.1065 7.55887e-16
 5674.0891 7.58630e-16
 5677.0717 7.54267e-16
 5680.0542 7.54788e-16
 5683.0368 7.41569e-16
 5686.0194 7.33448e-16
 5689.0019 7.21251e-16
 5691.9845 7.24042e-16
 5694.9670 7.00205e-16
 5697.9496 6.81994e-16
 5700.9322 7.20943e-16
 5703.9147 7.13706e-16
 5706.8973 7.08441e-16
 5709.8799 7.05585e-16
 5712.8624 6.92089e-16
 5715.8450 6.95018e-16
 5718.8276 6.78709e-16
 5721.8101 7.01951e-16
 5724.7927 7.09085e-16
 5727.7752 7.03358e-16
 5730.7578 7.31395e-16
 5733.7404 7.31489e-16
 5736.7229 7.31030e-16
 5739.7055 7.36274e-16
 5742.6881 7.58111e-16
 5745.6706 7.68894e-16
 5748.6532 7.89802e-16
 5751.6358 7.99581e-16
 5754.6183 7.99828e-16
 5757.6009 8.04264e-16
 5760.5834 8.11804e-16
 5763.5660 8.30505e-16
 5766.5486 8.38056e-16
 5769.5311 8.45378e-16
 5772.5137 8.63591e-16
 5775.4963 8.79223e-16
 5778.4788 8.63426e-16
 5781.4614 8.53581e-16
 5784.4439 8.73836e-16
 5787.4265 8.93447e-16
 5790.4091 8.72422e-16
 5793.3916 8.65780e-16
 5796.3742 8.80987e-16
 5799.3568 8.97528e-16
 5802.3393 8.95816e-16
 5805.3219 8.98029e-16
 5808.3045 8.80646e-16
 5811.2870 9.11645e-16
 5814.2696 9.28771e-16
 5817.2521 9.13905e-16
 5820.2347 9.17490e-16
 5823.2173 8.86236e-16
 5826.1998 8.48763e-16
 5829.1824 8.52851e-16
 5832.1650 8.47207e-16
 5835.1475 8.46072e-16
 5838.1301 8.55918e-16
 5841.1126 8.40878e-16
 5844.0952 8.17298e-16
 5847.0778 8.25533e-16
 5850.0603 8.10593e-16
 5853.0429 8.07555e-16
 5856.0255 7.81751e-16
 5859.0080 7.82391e-16
 5861.9906 7.79581e-16
 5864.9731 7.70859e-16
 5867.9557 7.72084e-16
 5870.9383 7.49914e-16
 5873.9208 7.26139e-16
 5876.9034 7.15731e-16
 5879.8860 7.08745e-16
 5882.8685 7.30647e-16
 5885.8511 7.06363e-16
 5888.8337 6.87017e-16
 5891.8162 7.07746e-16
 5894.7988 7.21376e-16
 5897.7813 7.16891e-16
 5900.7639 6.89290e-16
 5903.7465 6.88279e-16
 5906.7290 6.95867e-16
 5909.7116 7.05871e-16
 5912.6942 7.02099e-16
 5915.6767 7.00857e-16
 5918.6593 7.12101e-16
 5921.6419 7.21572e-16
 5924.6244 7.06463e-16
 5927.6070 7.23835e-16
 5930.5895 7.35431e-16
 5933.5721 7.46054e-16
 5936.5547 7.17863e-16
 5939.5372 7.26228e-16
 5942.5198 7.13823e-16
 5945.5024 6.94818e-16
 5948.4849 6.91182e-16
 5951.4675 6.85673e-16
 5954.4500 6.79695e-16
 5957.4326 6.70147e-16
 5960.4152 6.61597e-16
 5963.3977 6.53851e-16
 5966.3803 6.22684e-16
 5969.3629 6.25129e-16
 5972.3454 6.27985e-16
 5975.3280 5.88105e-16
 5978.3106 5.73370e-16
 5981.2931 5.70063e-16
 5984.2757 5.75257e-16
 5987.2582 5.83237e-16
 5990.2408 5.68504e-16
 5993.2234 5.68580e-16
 5996.2059 5.61459e-16
 5999.1885 5.48263e-16
 6002.1711 5.21872e-16
 6005.1536 5.12581e-16
 6008.1362 5.03648e-16
 6011.1187 5.15947e-16
 6014.1013 5.48891e-16
 6017.0839 5.33507e-16
 6020.0664 5.38669e-16
 6023.0490 5.24013e-16
 6026.0316 5.17577e-16
 6029.0141 5.07623e-16
 6031.9967 5.15384e-16
 6034.9792 4.99656e-16
 6037.9618 5.19724e-16
 6040.9444 5.07853e-16
 6043.9269 5.05072e-16
 6046.9095 5.04768e-16
 6049.8921 5.05364e-16
 6052.8746 5.17726e-16
 6055.8572 5.07035e-16
 6058.8398 5.04583e-16
 6061.8223 5.13600e-16
 6064.8049 4.99649e-16
 6067.7874 4.92025e-16
 6070.7700 5.02576e-16
 6073.7526 4.93547e-16
 6076.7351 4.75886e-16
 6079.7177 4.72664e-16
 6082.7003 4.63942e-16
 6085.6828 4.79858e-16
 6088.6654 4.65093e-16
 6091.6480 4.43754e-16
 6094.6305 4.64335e-16
 6097.6131 4.48764e-16
 6100.5956 4.43011e-16
 6103.5782 4.47850e-16
 6106.5608 4.45597e-16
 6109.5433 4.56003e-16
 6112.5259 4.24143e-16
 6115.5085 4.15720e-16
 6118.4910 4.00610e-16
 6121.4736 3.79128e-16
 6124.4561 3.83604e-16
 6127.4387 3.69609e-16
 6130.4213 3.70058e-16
 6133.4038 3.56611e-16
 6136.3864 3.47778e-16
 6139.3690 3.54287e-16
 6142.3515 3.22639e-16
 6145.3341 3.17036e-16
 6148.3167 3.22595e-16
 6151.2992 2.97558e-16
 6154.2818 2.97958e-16
 6157.2643 2.98239e-16
 6160.2469 2.95010e-16
 6163.2295 3.01463e-16
 6166.2120 2.81153e-16
 6169.1946 2.83224e-16
 6172.1772 3.15386e-16
 6175.1597 3.33861e-16
 6178.1423 3.40533e-16
 6181.1248 3.15621e-16
 6184.1074 3.22600e-16
 6187.0900 3.44669e-16
 6190.0725 3.32866e-16
 6193.0551 3.33087e-16
 6196.0377 3.69766e-16
 6199.0202 3.72412e-16
 6202.0028 3.75434e-16
 6204.9853 4.12490e-16
 6207.9679 4.21160e-16
 6210.9505 4.57387e-16
 6213.9330 4.48502e-16
 6216.9156 4.49970e-16
 6219.8982 4.79606e-16
 6222.8807 5.05555e-16
 6225.8633 5.15889e-16
 6228.8459 5.07832e-16
 6231.8284 5.20258e-16
 6234.8110 5.20290e-16
 6237.7936 5.17344e-16
 6240.7761 5.09210e-16
 6243.7587 5.00706e-16
 6246.7412 5.19431e-16
 6249.7238 5.26513e-16
 6252.7064 5.14391e-16
 6255.6889 5.21689e-16
 6258.6715 5.43322e-16
 6261.6541 5.21437e-16
 6264.6366 4.99956e-16
 6267.6192 5.14331e-16
 6270.6017 5.10322e-16
 6273.5843 5.09567e-16
 6276.5669 4.84341e-16
 6279.5494 4.72949e-16
 6282.5320 4.89677e-16
 6285.5146 4.96769e-16
 6288.4971 4.79978e-16
 6291.4797 4.72627e-16
 6294.4622 4.68594e-16
 6297.4448 4.69998e-16
 6300.4274 4.84209e-16
 6303.4099 4.90771e-16
 6306.3925 4.65932e-16
 6309.3751 4.63155e-16
 6312.3576 4.92049e-16
 6315.3402 4.93955e-16
 6318.3228 4.74527e-16
 6321.3053 5.12554e-16
 6324.2879 5.18058e-16
 6327.2704 4.97253e-16
 6330.2530 5.02659e-16
 6333.2356 5.16008e-16
 6336.2181 5.42072e-16
 6339.2007 5.44236e-16
 6342.1833 5.42110e-16
 6345.1658 5.44140e-16
 6348.1484 5.58585e-16
 6351.1309 5.73018e-16
 6354.1135 5.70903e-16
 6357.0961 5.82227e-16
 6360.0786 6.07296e-16
 6363.0612 5.96715e-16
 6366.0438 6.13683e-16
 6369.0263 6.23765e-16
 6372.0089 6.07181e-16
 6374.9915 6.13210e-16
 6377.9740 6.14597e-16
 6380.9566 6.25584e-16
 6383.9391 6.31143e-16
 6386.9217 6.23741e-16
 6389.9043 6.34807e-16
 6392.8868 6.45489e-16
 6395.8694 6.37960e-16
 6398.8520 6.61263e-16
 6401.8345 6.72197e-16
 6404.8171 6.70600e-16
 6407.7997 6.87826e-16
 6410.7822 6.93930e-16
 6413.7648 6.93019e-16
 6416.7473 7.43006e-16
 6419.7299 7.61631e-16
 6422.7125 7.49117e-16
 6425.6950 7.55115e-16
 6428.6776 7.85124e-16
 6431.6602 7.69523e-16
 6434.6427 7.99785e-16
 6437.6253 7.90203e-16
 6440.6078 8.31572e-16
 6443.5904 8.23457e-16
 6446.5730 8.02261e-16
 6449.5555 8.23523e-16
 6452.5381 8.26062e-16
 6455.5207 8.07919e-16
 6458.5032 8.00135e-16
 6461.4858 8.09576e-16
 6464.4684 7.91093e-16
 6467.4509 7.99726e-16
 6470.4335 8.09890e-16
 6473.4160 8.09530e-16
 6476.3986 8.06383e-16
 6479.3812 7.84179e-16
 6482.3637 8.02023e-16
 6485.3463 8.28668e-16
 6488.3289 8.40721e-16
 6491.3114 8.13414e-16
 6494.2940 8.16670e-16
 6497.2765 8.24756e-16
 6500.2591 8.77764e-16
 6503.2417 8.50578e-16
 6506.2242 8.25203e-16
 6509.2068 8.45637e-16
 6512.1894 8.50213e-16
 6515.1719 8.69241e-16
 6518.1545 8.66745e-16
 6521.1370 8.69411e-16
 6524.1196 8.54910e-16
 6527.1022 8.40608e-16
 6530.0847 8.55328e-16
 6533.0673 8.45166e-16
 6536.0499 8.31240e-16
 6539.0324 8.79983e-16
 6542.0150 8.83478e-16
 6544.9976 8.44484e-16
 6547.9801 8.52608e-16
 6550.9627 8.48331e-16
 6553.9453 8.34667e-16
 6556.9278 8.40755e-16
 6559.9104 8.23132e-16
 6562.8929 8.00482e-16
 6565.8755 7.93471e-16
 6568.8581 8.07126e-16
 6571.8406 7.99916e-16
 6574.8232 7.68785e-16
 6577.8058 7.79852e-16
 6580.7883 7.67198e-16
 6583.7709 7.61750e-16
 6586.7534 7.65896e-16
 6589.7360 7.53000e-16
 6592.7186 7.20842e-16
 6595.7011 7.09377e-16
 6598.6837 7.40498e-16
 6601.6663 7.12026e-16
 6604.6488 6.70124e-16
 6607.6314 7.01291e-16
 6610.6139 6.87015e-16
 6613.5965 6.66508e-16
 6616.5791 6.62643e-16
 6619.5616 6.60333e-16
 6622.5442 6.44469e-16
 6625.5268 6.22434e-16
 6628.5093 6.25952e-16
 6631.4919 6.12533e-16
 6634.4745 5.97077e-16
 6637.4570 5.98325e-16
 6640.4396 5.84093e-16
 6643.4221 5.74206e-16
 6646.4047 5.63522e-16
 6649.3873 5.49580e-16
 6652.3698 5.37671e-16
 6655.3524 5.14584e-16
 6658.3350 5.34427e-16
 6661.3175 5.23075e-16
 6664.3001 4.90775e-16
 6667.2826 4.79179e-16
 6670.2652 4.85538e-16
 6673.2478 4.72164e-16
 6676.2303 4.89952e-16
 6679.2129 4.90089e-16
 6682.1955 4.64541e-16
 6685.1780 4.70659e-16
 6688.1606 4.81925e-16
 6691.1431 4.64471e-16
 6694.1257 4.48334e-16
 6697.1083 4.76559e-16
 6700.0908 5.04665e-16
 6703.0734 4.82106e-16
 6706.0560 4.80051e-16
 6709.0385 5.02307e-16
 6712.0211 5.20059e-16
 6715.0037 5.23637e-16
 6717.9862 5.32093e-16
 6720.9688 5.30129e-16
 6723.9514 5.46809e-16
 6726.9339 5.51243e-16
 6729.9165 5.50564e-16
 6732.8990 4.98342e-16
 6735.8816 4.15836e-16
 6738.8642 4.04340e-16
 6741.8467 4.46638e-16
 6744.8293 5.17015e-16
 6747.8119 5.40203e-16
 6750.7944 5.35067e-16
 6753.7770 5.11603e-16
 6756.7595 5.08513e-16
 6759.7421 4.97225e-16
 6762.7247 5.15919e-16
 6765.7072 5.32502e-16
 6768.6898 5.31468e-16
 6771.6724 5.35837e-16
 6774.6549 5.30992e-16
 6777.6375 5.21704e-16
 6780.6200 5.40225e-16
 6783.6026 5.55104e-16
 6786.5852 5.54299e-16
 6789.5677 5.52540e-16
 6792.5503 5.44568e-16
 6795.5329 5.33284e-16
 6798.5154 5.38222e-16
 6801.4980 5.39101e-16
 6804.4806 5.14181e-16
 6807.4631 5.17111e-16
 6810.4457 5.16576e-16
 6813.4282 4.99688e-16
 6816.4108 5.07262e-16
 6819.3934 5.16609e-16
 6822.3759 5.01825e-16
 6825.3585 4.85841e-16
 6828.3411 4.75171e-16
 6831.3236 4.70425e-16
 6834.3062 4.93192e-16
 6837.2887 4.79753e-16
 6840.2713 4.69168e-16
 6843.2539 4.43476e-16
 6846.2364 4.62890e-16
 6849.2190 4.74316e-16
 6852.2016 4.68115e-16
 6855.1841 4.65893e-16
 6858.1667 4.66453e-16
 6861.1492 4.62932e-16
 6864.1318 4.79659e-16
 6867.1144 4.63029e-16
 6870.0969 4.43968e-16
 6873.0795 4.35924e-16
 6876.0621 4.36471e-16
 6879.0446 4.36543e-16
 6882.0272 4.48508e-16
 6885.0098 4.39868e-16
 6887.9923 4.48049e-16
 6890.9749 4.30999e-16
 6893.9575 4.43759e-16
 6896.9400 4.51181e-16
 6899.9226 4.44347e-16
 6902.9051 4.58419e-16
 6905.8877 4.55339e-16
 6908.8703 4.68402e-16
 6911.8528 4.74688e-16
 6914.8354 4.82055e-16
 6917.8180 4.89241e-16
 6920.8005 4.75382e-16
 6923.7831 4.65857e-16
 6926.7656 4.79150e-16
 6929.7482 5.02563e-16
 6932.7308 5.02287e-16
 6935.7133 5.00361e-16
 6938.6959 4.90373e-16
 6941.6785 5.04515e-16
 6944.6610 5.02775e-16
 6947.6436 5.11239e-16
 6950.6261 5.19076e-16
 6953.6087 4.98979e-16
 6956.5913 5.34076e-16
 6959.5738 5.30911e-16
 6962.5564 5.19082e-16
 6965.5390 5.13808e-16
 6968.5215 5.20786e-16
 6971.5041 5.10767e-16
 6974.4867 5.06883e-16
 6977.4692 5.14525e-16
 6980.4518 5.13158e-16
 6983.4343 5.21080e-16
 6986.4169 5.08915e-16
 6989.3995 4.80298e-16
 6992.3820 4.95189e-16
 6995.3646 5.13054e-16
 6998.3472 4.86720e-16
 7001.3297 5.00678e-16
 7004.3123 4.66523e-16
 7007.2948 4.60504e-16
 7010.2774 4.57492e-16
 7013.2600 4.56266e-16
 7016.2425 4.48941e-16
 7019.2251 4.32103e-16
 7022.2077 4.31155e-16
 7025.1902 4.37888e-16
 7028.1728 4.04656e-16
 7031.1553 4.20807e-16
 7034.1379 4.25768e-16
 7037.1205 4.05753e-16
 7040.1030 4.02761e-16
 7043.0856 3.93020e-16
 7046.0682 3.76796e-16
 7049.0507 3.70257e-16
 7052.0333 3.89919e-16
 7055.0159 4.00357e-16
 7057.9984 3.72426e-16
 7060.9810 4.00898e-16
 7063.9636 3.67766e-16
 7066.9461 3.65570e-16
 7069.9287 3.81080e-16
 7072.9112 3.79998e-16
 7075.8938 3.83755e-16
 7078.8764 3.62616e-16
 7081.8589 3.65306e-16
 7084.8415 3.90981e-16
 7087.8241 3.81390e-16
 7090.8066 3.67992e-16
 7093.7892 3.72744e-16
 7096.7717 3.77332e-16
 7099.7543 3.72877e-16
 7102.7369 3.73143e-16
 7105.7194 3.70461e-16
 7108.7020 3.74677e-16
 7111.6846 3.82060e-16
 7114.6671 3.78637e-16
 7117.6497 3.84939e-16
 7120.6322 3.98916e-16
 7123.6148 3.97201e-16
 7126.5974 3.99716e-16
 7129.5799 4.00719e-16
 7132.5625 3.82129e-16
 7135.5451 3.95676e-16
 7138.5276 3.84815e-16
 7141.5102 3.90580e-16
 7144.4928 3.95121e-16
 7147.4753 3.81791e-16
 7150.4579 3.76677e-16
 7153.4404 3.90880e-16
 7156.4230 4.12584e-16
 7159.4056 4.00960e-16
 7162.3881 3.79729e-16
 7165.3707 3.77514e-16
 7168.3533 3.86259e-16
 7171.3358 4.08836e-16
 7174.3184 4.02689e-16
 7177.3009 4.02218e-16
 7180.2835 4.04265e-16
 7183.2661 4.14273e-16
 7186.2486 4.22584e-16
 7189.2312 3.93896e-16
 7192.2138 4.11830e-16
 7195.1963 4.34869e-16
 7198.1789 4.24868e-16
 7201.1615 4.34783e-16
 7204.1440 4.44357e-16
 7207.1266 4.35251e-16
 7210.1091 4.41346e-16
 7213.0917 4.66119e-16
 7216.0743 4.43044e-16
 7219.0568 4.51398e-16
 7222.0394 4.57202e-16
 7225.0220 4.58814e-16
 7228.0045 4.78412e-16
 7230.9871 4.64048e-16
 7233.9697 4.71884e-16
 7236.9522 4.62414e-16
 7239.9348 4.92359e-16
 7242.9173 4.86104e-16
 7245.8999 4.88428e-16
 7248.8825 4.90302e-16
 7251.8650 4.70632e-16
 7254.8476 4.61356e-16
 7257.8302 4.53590e-16
 7260.8127 4.76783e-16
 7263.7953 4.72849e-16
 7266.7778 4.61175e-16
 7269.7604 4.68485e-16
 7272.7430 4.61766e-16
 7275.7255 4.48216e-16
 7278.7081 4.44014e-16
 7281.6907 4.38005e-16
 7284.6732 4.36788e-16
 7287.6558 4.32897e-16
 7290.6384 4.21794e-16
 7293.6209 4.26907e-16
 7296.6035 4.27352e-16
 7299.5860 4.42292e-16
 7302.5686 4.24575e-16
 7305.5512 4.11166e-16
 7308.5337 4.04985e-16
 7311.5163 4.08274e-16
 7314.4989 4.17469e-16
 7317.4814 4.05606e-16
 7320.4640 4.00043e-16
 7323.4465 4.02680e-16
 7326.4291 3.94279e-16
 7329.4117 3.94240e-16
 7332.3942 3.91237e-16
 7335.3768 3.98045e-16
 7338.3594 3.94825e-16
 7341.3419 3.99351e-16
 7344.3245 4.14582e-16
 7347.3070 3.98283e-16
 7350.2896 3.99314e-16
 7353.2722 4.01536e-16
 7356.2547 4.09065e-16
 7359.2373 4.19685e-16
 7362.2199 4.24652e-16
 7365.2024 4.07082e-16
 7368.1850 4.34154e-16
 7371.1676 4.27211e-16
 7374.1501 4.02172e-16
 7377.1327 4.23129e-16
 7380.1152 4.25318e-16
 7383.0978 4.60130e-16
 7386.0804 4.27066e-16
 7389.0629 4.25581e-16
 7392.0455 4.33640e-16
 7395.0281 4.49736e-16
 7398.0106 4.55673e-16
 7400.9932 4.59658e-16
 7403.9758 4.58711e-16
 7406.9583 4.84662e-16
 7409.9409 4.62956e-16
 7412.9234 4.77417e-16
 7415.9060 4.92231e-16
 7418.8886 4.85474e-16
 7421.8711 4.95274e-16
 7424.8537 5.02068e-16
 7427.8363 4.99021e-16
 7430.8188 5.06403e-16
 7433.8014 5.06745e-16
 7436.7839 5.14390e-16
 7439.7665 5.22119e-16
 7442.7491 5.32551e-16
 7445.7316 4.52437e-16
 7448.7142 3.05704e-16
 7451.6968 2.05975e-16
 7454.6793 1.46655e-16
 7457.6619 1.42581e-16
 7460.6445 1.59363e-16
 7463.6270 1.99167e-16
 7466.6096 2.67293e-16
 7469.5921 3.77419e-16
 7472.5747 4.14556e-16
 7475.5573 3.24187e-16
 7478.5398 2.55130e-16
 7481.5224 2.53540e-16
 7484.5050 2.64843e-16
 7487.4875 2.66926e-16
 7490.4701 2.75515e-16
 7493.4526 2.96267e-16
 7496.4352 3.24902e-16
 7499.4178 3.24329e-16
 7502.4003 3.40789e-16
 7505.3829 3.61086e-16
 7508.3655 3.56286e-16
 7511.3480 3.56013e-16
 7514.3306 3.54494e-16
 7517.3131 3.58110e-16
 7520.2957 3.70765e-16
 7523.2783 3.65434e-16
 7526.2608 3.74041e-16
 7529.2434 3.72000e-16
 7532.2260 3.65240e-16
 7535.2085 3.71546e-16
 7538.1911 3.69253e-16
 7541.1737 3.61787e-16
 7544.1562 3.81092e-16
 7547.1388 3.82416e-16
 7550.1214 3.77384e-16
 7553.1039 3.83370e-16
 7556.0865 3.81588e-16
 7559.0690 3.71096e-16
 7562.0516 3.59690e-16
 7565.0342 3.71647e-16
 7568.0167 3.63496e-16
 7570.9993 3.66402e-16
 7573.9819 3.72515e-16
 7576.9644 3.88212e-16
 7579.9470 3.85313e-16
 7582.9295 3.93963e-16
 7585.9121 3.93081e-16
 7588.8947 4.14087e-16
 7591.8772 4.22116e-16
 7594.8598 4.19484e-16
 7597.8424 4.13573e-16
 7600.8249 4.23391e-16
 7603.8075 4.36472e-16
 7606.7900 4.38306e-16
 7609.7726 4.40036e-16
 7612.7552 4.47113e-16
 7615.7377 4.55442e-16
 7618.7203 4.90021e-16
 7621.7029 4.89048e-16
 7624.6854 4.98154e-16
 7627.6680 4.95660e-16
 7630.6506 4.78997e-16
 7633.6331 4.72790e-16
 7636.6157 5.08832e-16
 7639.5982 5.37841e-16
 7642.5808 5.39167e-16
 7645.5634 5.16714e-16
 7648.5459 5.17154e-16
 7651.5285 5.51708e-16
 7654.5111 5.47279e-16
 7657.4936 5.01082e-16
 7660.4762 5.35289e-16
 7663.4587 5.66835e-16
 7666.4413 5.60371e-16
 7669.4239 5.70103e-16
 7672.4064 5.42305e-16
 7675.3890 5.49437e-16
 7678.3716 5.39735e-16
 7681.3541 5.32825e-16
 7684.3367 5.25935e-16
 7687.3193 5.18800e-16
 7690.3018 5.32540e-16
 7693.2844 5.10230e-16
 7696.2669 5.25365e-16
 7699.2495 5.22020e-16
 7702.2321 5.29986e-16
 7705.2146 5.56301e-16
 7708.1972 5.18464e-16
 7711.1798 5.31023e-16
 7714.1623 5.26757e-16
 7717.1449 5.36318e-16
 7720.1275 5.20995e-16
 7723.1100 5.12002e-16
 7726.0926 5.16602e-16
 7729.0751 5.18320e-16
 7732.0577 5.10444e-16
 7735.0403 4.90373e-16
 7738.0228 5.12734e-16
 7741.0054 5.17041e-16
 7743.9880 5.06619e-16
 7746.9705 5.27364e-16
 7749.9531 5.25346e-16
 7752.9356 5.10366e-16
 7755.9182 5.17001e-16
 7758.9008 5.33225e-16
 7761.8833 5.48468e-16
 7764.8659 5.31943e-16
 7767.8485 5.22559e-16
 7770.8310 5.19999e-16
 7773.8136 5.01618e-16
 7776.7961 5.16709e-16
 7779.7787 5.15821e-16
 7782.7613 5.01814e-16
 7785.7438 5.04727e-16
 7788.7264 4.99890e-16
 7791.7090 5.07749e-16
 7794.6915 4.80974e-16
 7797.6741 4.82344e-16
 7800.6567 4.94331e-16
 7803.6392 4.95352e-16
 7806.6218 4.84904e-16
 7809.6043 4.96963e-16
 7812.5869 4.88605e-16
 7815.5695 4.76726e-16
 7818.5520 4.61745e-16
 7821.5346 4.71970e-16
 7824.5172 4.85105e-16
 7827.4997 4.68927e-16
 7830.4823 4.62178e-16
 7833.4648 4.72773e-16
 7836.4474 4.72011e-16
 7839.4300 4.77139e-16
 7842.4125 4.57753e-16
 7845.3951 4.46953e-16
 7848.3777 4.66409e-16
 7851.3602 4.63444e-16
 7854.3428 4.59289e-16
 7857.3254 4.06670e-16
 7860.3079 4.20340e-16
 7863.2905 4.11097e-16
 7866.2730 4.11178e-16
 7869.2556 4.15746e-16
 7872.2382 3.95390e-16
 7875.2207 3.95025e-16
 7878.2033 4.07164e-16
 7881.1859 4.15782e-16
 7884.1684 3.89925e-16
 7887.1510 3.76236e-16
 7890.1336 3.82985e-16
 7893.1161 3.87060e-16
 7896.0987 3.87092e-16
 7899.0812 4.08851e-16
 7902.0638 3.79962e-16
 7905.0464 3.79656e-16
 7908.0289 3.72004e-16
 7911.0115 3.89314e-16
 7913.9941 3.80811e-16
 7916.9766 3.69901e-16
 7919.9592 3.73742e-16
 7922.9417 3.74336e-16
 7925.9243 3.59454e-16
 7928.9069 3.67002e-16
 7931.8894 3.69328e-16
 7934.8720 3.42456e-16
 7937.8546 3.47271e-16
 7940.8371 3.88955e-16
 7943.8197 3.92632e-16
 7946.8022 3.69385e-16
 7949.7848 3.66742e-16
 7952.7674 3.46991e-16
 7955.7499 3.63036e-16
 7958.7325 3.55723e-16
 7961.7151 3.71838e-16
 7964.6976 3.56598e-16
 7967.6802 3.55753e-16
 7970.6628 3.84119e-16
 7973.6453 3.55543e-16
 7976.6279 3.61526e-16
 7979.6104 3.74069e-16
 7982.5930 3.74074e-16
 7985.5756 3.74281e-16
 7988.5581 3.73645e-16
 7991.5407 3.78533e-16
 7994.5233 3.57974e-16
 7997.5058 3.87058e-16
 8000.4884 3.69992e-16
 8003.4709 3.62131e-16
 8006.4535 3.65287e-16
 8009.4361 3.80885e-16
 8012.4186 3.59466e-16
 8015.4012 3.74183e-16
 8018.3838 3.59694e-16
 8021.3663 3.47589e-16
 8024.3489 3.70015e-16
 8027.3315 3.67908e-16
 8030.3140 3.72175e-16
 8033.2966 3.71263e-16
 8036.2791 3.52748e-16
 8039.2617 3.50328e-16
 8042.2443 3.66127e-16
 8045.2268 3.62832e-16
 8048.2094 3.87735e-16
 8051.1920 3.90996e-16
 8054.1745 3.44998e-16
 8057.1571 3.55576e-16
 8060.1397 3.67090e-16
 8063.1222 3.68107e-16
 8066.1048 3.37709e-16
 8069.0873 3.11897e-16
 8072.0699 3.30603e-16
 8075.0525 3.31888e-16
 8078.0350 3.27853e-16
 8081.0176 3.31008e-16
 8084.0002 3.26224e-16
 8086.9827 3.45972e-16
 8089.9653 3.47364e-16
 8092.9478 3.31181e-16
 8095.9304 3.33588e-16
 8098.9130 3.41481e-16
 8101.8955 3.53498e-16
 8104.8781 3.47213e-16
 8107.8607 3.56222e-16
 8110.8432 3.38138e-16
 8113.8258 3.00943e-16
 8116.8083 3.17147e-16
 8119.7909 3.16287e-16
 8122.7735 3.33148e-16
 8125.7560 3.05240e-16
 8128.7386 2.84643e-16
 8131.7212 3.13785e-16
 8134.7037 3.06321e-16
 8137.6863 2.84575e-16
 8140.6689 3.11739e-16
 8143.6514 3.08177e-16
 8146.6340 3.03277e-16
 8149.6165 2.74449e-16
 8152.5991 2.68650e-16
 8155.5817 2.71739e-16
 8158.5642 2.66340e-16
 8161.5468 2.76498e-16
 8164.5294 2.65203e-16
 8167.5119 2.66864e-16
 8170.4945 2.51923e-16
 8173.4771 2.44288e-16
 8176.4596 2.39404e-16
 8179.4422 2.66726e-16
 8182.4247 2.56888e-16
 8185.4073 2.23886e-16
 8188.3899 1.95085e-16
 8191.3724 2.04905e-16
 8194.3550 2.42576e-16
 8197.3376 2.10569e-16
 8200.3201 2.03022e-16
 8203.3027 1.96120e-16
 8206.2852 1.90124e-16
 8209.2678 2.16942e-16
 8212.2504 1.95116e-16
 8215.2329 2.02295e-16
 8218.2155 1.65423e-16
 8221.1981 1.76957e-16
 8224.1806 1.79257e-16
 8227.1632 1.44295e-16
 8230.1458 1.52191e-16
 8233.1283 1.57325e-16
 8236.1109 1.40141e-16
 8239.0934 1.60438e-16
 8242.0760 1.55756e-16
 8245.0586 1.50208e-16
 8248.0411 1.40474e-16
 8251.0237 1.36367e-16
 8254.0063 1.59600e-16
 8256.9888 1.37424e-16
 8259.9714 1.32620e-16
 8262.9539 1.34639e-16
 8265.9365 1.42818e-16
 8268.9191 1.37070e-16
 8271.9016 1.41190e-16
 8274.8842 1.27453e-16
 8277.8668 1.16061e-16
 8280.8493 1.23691e-16
 8283.8319 9.84649e-17
 8286.8145 1.18495e-16
 8289.7970 1.47543e-16
 8292.7796 1.13636e-16
 8295.7621 9.78456e-17
 8298.7447 1.16551e-16
 8301.7273 1.01960e-16
 8304.7098 1.33617e-16
 8307.6924 1.07637e-16
 8310.6750 1.27956e-16
 8313.6575 1.20173e-16
 8316.6401 1.19699e-16
 8319.6226 1.26870e-16
 8322.6052 1.01180e-16
 8325.5878 1.08000e-16
 8328.5703 1.37654e-16
 8331.5529 1.33396e-16
 8334.5355 1.30743e-16
 8337.5180 1.28315e-16
 8340.5006 1.11461e-16
 8343.4832 1.19817e-16
 8346.4657 1.53013e-16
 8349.4483 1.31885e-16
 8352.4308 1.32719e-16
 8355.4134 1.35210e-16
 8358.3960 1.39434e-16
 8361.3785 1.42004e-16
 8364.3611 1.63428e-16
 8367.3437 1.55217e-16
 8370.3262 1.28622e-16
 8373.3088 1.43285e-16
 8376.2914 1.67703e-16
 8379.2739 1.50448e-16
 8382.2565 1.51084e-16
 8385.2390 1.41567e-16
 8388.2216 1.48197e-16
 8391.2042 1.59765e-16
 8394.1867 1.56357e-16
 8397.1693 1.46411e-16
 8400.1519 1.74308e-16
 8403.1344 1.84875e-16
 8406.1170 1.73158e-16
 8409.0995 2.02268e-16
 8412.0821 1.74753e-16
 8415.0647 1.54646e-16
 8418.0472 1.68539e-16
 8421.0298 1.85940e-16
 8424.0124 1.75864e-16
 8426.9949 1.78009e-16
 8429.9775 1.83012e-16
 8432.9600 1.94483e-16
 8435.9426 2.02287e-16
 8438.9252 2.18371e-16
 8441.9077 2.39379e-16
 8444.8903 2.12054e-16
 8447.8729 2.36312e-16
 8450.8554 2.45755e-16
 8453.8380 2.06263e-16
 8456.8206 2.10175e-16
 8459.8031 2.70397e-16
 8462.7857 2.37077e-16
 8465.7682 2.29904e-16
 8468.7508 2.14909e-16
 8471.7334 2.59296e-16
 8474.7159 2.50834e-16
 8477.6985 2.76884e-16
 8480.6811 3.19380e-16
 8483.6636 3.06511e-16
 8486.6462 2.95692e-16
 8489.6287 3.44170e-16
 8492.6113 3.37502e-16
 8495.5939 3.76857e-16
 8498.5764 3.47024e-16
 8501.5590 3.66339e-16
 8504.5416 3.56086e-16
 8507.5241 3.72079e-16
 8510.5067 4.08089e-16
 8513.4893 4.26934e-16
 8516.4718 4.19782e-16
 8519.4544 4.22759e-16
 8522.4369 4.09478e-16
 8525.4195 4.40916e-16
 8528.4021 4.56120e-16
 8531.3846 4.69584e-16
 8534.3672 4.87115e-16
 8537.3498 4.54926e-16
 8540.3323 4.37527e-16
 8543.3149 4.54206e-16
 8546.2975 4.90323e-16
 8549.2800 4.59846e-16
 8552.2626 4.60864e-16
 8555.2451 4.90667e-16
 8558.2277 4.63351e-16
 8561.2103 4.72243e-16
 8564.1928 4.74918e-16
 8567.1754 4.82681e-16
 8570.1580 4.95757e-16
 8573.1405 4.97322e-16
 8576.1231 5.19141e-16
 8579.1056 5.09836e-16
 8582.0882 4.92508e-16
 8585.0708 5.19862e-16
 8588.0533 4.78863e-16
 8591.0359 4.53536e-16
 8594.0185 4.77022e-16
 8597.0010 4.80005e-16
 8599.9836 4.78569e-16
 8602.9661 4.55301e-16
 8605.9487 4.20988e-16
 8608.9313 4.31426e-16
 8611.9138 4.49734e-16
 8614.8964 4.65252e-16
 8617.8790 4.65508e-16
 8620.8615 4.43131e-16
 8623.8441 4.80609e-16
 8626.8267 4.88787e-16
 8629.8092 4.44803e-16
 8632.7918 4.47203e-16
 8635.7743 4.85121e-16
 8638.7569 4.54895e-16
 8641.7395 4.35821e-16
 8644.7220 4.95573e-16
 8647.7046 4.88665e-16
 8650.6872 4.48164e-16
 8653.6697 4.45678e-16
 8656.6523 4.42430e-16
 8659.6349 4.76016e-16
 8662.6174 4.57898e-16
 8665.6000 4.73756e-16
 8668.5825 4.69725e-16
 8671.5651 5.18712e-16
 8674.5477 4.72116e-16
 8677.5302 4.12520e-16
 8680.5128 4.64031e-16
 8683.4954 4.53879e-16
 8686.4779 4.59387e-16
 8689.4605 4.73116e-16
 8692.4430 5.01562e-16
 8695.4256 5.06232e-16
 8698.4082 4.73761e-16
 8701.3907 4.81114e-16
 8704.3733 4.90593e-16
 8707.3559 4.93230e-16
 8710.3384 4.58424e-16
 8713.3210 4.41155e-16
 8716.3036 4.48771e-16
 8719.2861 4.82577e-16
 8722.2687 4.96385e-16
 8725.2512 4.79692e-16
 8728.2338 4.79362e-16
 8731.2164 5.08016e-16
 8734.1989 5.02553e-16
 8737.1815 4.75835e-16
 8740.1641 4.97753e-16
 8743.1466 4.85525e-16
 8746.1292 4.97427e-16
 8749.1117 5.24357e-16
 8752.0943 5.32718e-16
 8755.0769 4.85045e-16
 8758.0594 4.38874e-16
 8761.0420 4.78983e-16
 8764.0246 5.05832e-16
 8767.0071 4.74866e-16
 8769.9897 4.61128e-16
 8772.9722 4.46573e-16
 8775.9548 4.26415e-16
 8778.9374 4.31675e-16
 8781.9199 4.22906e-16
 8784.9025 4.21476e-16
 8787.8851 4.59703e-16
 8790.8676 4.34882e-16
 8793.8502 4.10628e-16
 8796.8328 3.87084e-16
 8799.8153 3.71526e-16
 8802.7979 3.79850e-16
 8805.7804 3.94536e-16
 8808.7630 4.20141e-16
 8811.7456 3.49903e-16
 8814.7281 3.08206e-16
 8817.7107 3.49674e-16
 8820.6933 3.47562e-16
 8823.6758 3.69082e-16
 8826.6584 3.48996e-16
 8829.6410 3.01763e-16
 8832.6235 3.44096e-16
 8835.6061 3.47225e-16
 8838.5886 3.37170e-16
 8841.5712 3.70613e-16
 8844.5538 3.62904e-16
 8847.5363 3.56549e-16
 8850.5189 3.08353e-16
 8853.5015 3.18225e-16
 8856.4840 3.63749e-16
 8859.4666 3.53131e-16
 8862.4491 3.90171e-16
 8865.4317 3.52785e-16
 8868.4143 3.34205e-16
 8871.3968 3.56631e-16
 8874.3794 3.89851e-16
 8877.3620 3.52201e-16
 8880.3445 3.19827e-16
 8883.3271 3.66621e-16
 8886.3097 3.32749e-16
 8889.2922 3.11403e-16
 8892.2748 3.66261e-16
 8895.2573 3.48910e-16
 8898.2399 3.85106e-16
 8901.2225 4.22799e-16
 8904.2050 3.25681e-16
 8907.1876 3.40564e-16
 8910.1702 3.25064e-16
 8913.1527 3.38105e-16
 8916.1353 3.68130e-16
 8919.1178 3.58585e-16
 8922.1004 3.35101e-16
 8925.0830 3.44660e-16
 8928.0655 3.91886e-16
 8931.0481 3.39151e-16
 8934.0307 3.39067e-16
 8937.0132 3.77184e-16
 8939.9958 3.44712e-16
 8942.9783 3.40542e-16
 8945.9609 3.66861e-16
 8948.9435 4.04418e-16
 8951.9260 3.70779e-16
 8954.9086 3.01148e-16
 8957.8912 3.18664e-16
 8960.8737 3.36970e-16
 8963.8563 3.17334e-16
 8966.8389 3.63754e-16
 8969.8214 3.79358e-16
 8972.8040 3.30657e-16
 8975.7866 3.28990e-16
 8978.7691 3.12752e-16
 8981.7517 3.11865e-16
 8984.7342 3.57038e-16
 8987.7168 3.57411e-16
 8990.6994 3.57320e-16
 8993.6819 3.58171e-16
 8996.6645 3.32092e-16
 8999.6471 3.20161e-16
 9002.6296 3.20500e-16
 9005.6122 3.45828e-16
 9008.5947 3.26843e-16
 9011.5773 3.45043e-16
 9014.5599 3.36749e-16
 9017.5424 3.26789e-16
 9020.5250 3.43182e-16
 9023.5076 3.44392e-16
 9026.4901 3.60919e-16
 9029.4727 3.96992e-16
 9032.4552 3.74237e-16
 9035.4378 3.55926e-16
 9038.4204 3.31259e-16
 9041.4029 3.18137e-16
 9044.3855 3.37908e-16
 9047.3681 3.32743e-16
 9050.3506 3.45151e-16
 9053.3332 3.32577e-16
 9056.3158 3.07691e-16
