#Object:               SN2004eo
#FITS_file:            SN04eo_b01_DUP_WF_20sep04.fits
#Redshift:             0.01570
#JDate_of_max:         2453278.23
#JDate_of_observation: 2453268.51
#Epoch:                -9.57     
#
 3741.2589 4.50891e-16
 3744.2533 4.79978e-16
 3747.2477 4.85677e-16
 3750.2421 4.33430e-16
 3753.2365 4.52756e-16
 3756.2309 4.80389e-16
 3759.2253 4.75044e-16
 3762.2197 4.97638e-16
 3765.2141 5.65664e-16
 3768.2085 4.67814e-16
 3771.2029 5.59570e-16
 3774.1973 5.17413e-16
 3777.1917 5.54192e-16
 3780.1861 5.47871e-16
 3783.1805 5.71641e-16
 3786.1749 5.23278e-16
 3789.1692 5.88430e-16
 3792.1636 5.70512e-16
 3795.1580 8.38739e-16
 3798.1524 8.79021e-16
 3801.1468 6.35630e-16
 3804.1412 6.33959e-16
 3807.1356 6.92407e-16
 3810.1300 6.93774e-16
 3813.1244 7.21244e-16
 3816.1188 7.43402e-16
 3819.1132 7.66625e-16
 3822.1076 7.77768e-16
 3825.1020 8.72014e-16
 3828.0964 8.76394e-16
 3831.0908 8.48443e-16
 3834.0852 8.54641e-16
 3837.0796 8.91973e-16
 3840.0740 1.02407e-15
 3843.0684 9.59464e-16
 3846.0628 9.51520e-16
 3849.0572 1.03834e-15
 3852.0516 1.04234e-15
 3855.0460 1.06792e-15
 3858.0403 1.12521e-15
 3861.0347 1.13057e-15
 3864.0291 1.15369e-15
 3867.0235 1.14616e-15
 3870.0179 1.14615e-15
 3873.0123 1.14613e-15
 3876.0067 1.14611e-15
 3879.0011 1.21375e-15
 3881.9955 1.16436e-15
 3884.9899 1.18522e-15
 3887.9843 1.24019e-15
 3890.9787 1.24382e-15
 3893.9731 1.23125e-15
 3896.9675 1.23974e-15
 3899.9619 1.20181e-15
 3902.9563 1.20388e-15
 3905.9507 1.20982e-15
 3908.9451 1.24679e-15
 3911.9395 1.22599e-15
 3914.9339 1.31238e-15
 3917.9283 1.30284e-15
 3920.9227 1.24665e-15
 3923.9170 1.33319e-15
 3926.9114 1.25326e-15
 3929.9058 1.21028e-15
 3932.9002 1.22254e-15
 3935.8946 1.24063e-15
 3938.8890 1.30548e-15
 3941.8834 1.29353e-15
 3944.8778 1.27913e-15
 3947.8722 1.26924e-15
 3950.8666 1.19621e-15
 3953.8610 1.16933e-15
 3956.8554 1.15379e-15
 3959.8498 1.20915e-15
 3962.8442 1.14326e-15
 3965.8386 1.11079e-15
 3968.8330 1.11514e-15
 3971.8274 1.07091e-15
 3974.8218 1.05117e-15
 3977.8162 1.04748e-15
 3980.8106 1.01596e-15
 3983.8050 1.02144e-15
 3986.7994 9.82277e-16
 3989.7938 9.39856e-16
 3992.7881 9.66864e-16
 3995.7825 9.80592e-16
 3998.7769 9.61294e-16
 4001.7713 8.60379e-16
 4004.7657 9.04578e-16
 4007.7601 9.74552e-16
 4010.7545 9.27440e-16
 4013.7489 9.27588e-16
 4016.7433 9.34587e-16
 4019.7377 9.12310e-16
 4022.7321 9.39891e-16
 4025.7265 9.43527e-16
 4028.7209 1.04455e-15
 4031.7153 1.01946e-15
 4034.7097 8.41182e-16
 4037.7041 9.99607e-16
 4040.6985 1.03860e-15
 4043.6929 1.05693e-15
 4046.6873 1.07236e-15
 4049.6817 1.07833e-15
 4052.6761 1.09427e-15
 4055.6705 1.12644e-15
 4058.6648 1.12248e-15
 4061.6592 1.09851e-15
 4064.6536 1.14460e-15
 4067.6480 1.14606e-15
 4070.6424 1.16125e-15
 4073.6368 1.19639e-15
 4076.6312 1.15039e-15
 4079.6256 1.16741e-15
 4082.6200 1.17555e-15
 4085.6144 1.18344e-15
 4088.6088 1.17776e-15
 4091.6032 1.10691e-15
 4094.5976 1.08561e-15
 4097.5920 1.11498e-15
 4100.5864 1.11460e-15
 4103.5808 1.11310e-15
 4106.5752 1.07145e-15
 4109.5696 1.08702e-15
 4112.5640 1.09343e-15
 4115.5584 1.08716e-15
 4118.5528 1.08589e-15
 4121.5471 1.03197e-15
 4124.5415 1.00852e-15
 4127.5359 1.04866e-15
 4130.5303 1.03585e-15
 4133.5247 1.02034e-15
 4136.5191 1.05087e-15
 4139.5135 1.04710e-15
 4142.5079 1.03719e-15
 4145.5023 1.03643e-15
 4148.4967 1.05797e-15
 4151.4911 1.07325e-15
 4154.4855 1.05896e-15
 4157.4799 1.06097e-15
 4160.4743 1.06964e-15
 4163.4687 1.04818e-15
 4166.4631 1.02542e-15
 4169.4575 1.02975e-15
 4172.4519 1.00930e-15
 4175.4463 1.00931e-15
 4178.4407 1.00857e-15
 4181.4351 1.01074e-15
 4184.4295 9.91334e-16
 4187.4239 1.01080e-15
 4190.4183 1.00713e-15
 4193.4126 9.74472e-16
 4196.4070 9.53671e-16
 4199.4014 9.47725e-16
 4202.3958 9.65316e-16
 4205.3902 9.20878e-16
 4208.3846 9.21150e-16
 4211.3790 9.37158e-16
 4214.3734 9.19385e-16
 4217.3678 8.94819e-16
 4220.3622 9.04740e-16
 4223.3566 8.73418e-16
 4226.3510 8.93833e-16
 4229.3454 8.50900e-16
 4232.3398 8.48586e-16
 4235.3342 8.40490e-16
 4238.3286 8.22341e-16
 4241.3230 8.12549e-16
 4244.3174 7.86389e-16
 4247.3118 8.21652e-16
 4250.3062 7.89356e-16
 4253.3006 7.48006e-16
 4256.2949 7.42766e-16
 4259.2893 7.39030e-16
 4262.2837 7.22659e-16
 4265.2781 6.97654e-16
 4268.2725 7.12272e-16
 4271.2669 7.12540e-16
 4274.2613 6.83746e-16
 4277.2557 6.81702e-16
 4280.2501 6.48482e-16
 4283.2445 6.46586e-16
 4286.2389 6.55330e-16
 4289.2333 6.24116e-16
 4292.2277 6.19707e-16
 4295.2221 6.24495e-16
 4298.2165 5.87803e-16
 4301.2109 5.95595e-16
 4304.2053 6.19149e-16
 4307.1997 6.17507e-16
 4310.1941 6.11627e-16
 4313.1885 6.05276e-16
 4316.1829 6.23058e-16
 4319.1773 6.01195e-16
 4322.1717 6.27021e-16
 4325.1661 6.37749e-16
 4328.1604 6.60528e-16
 4331.1548 6.38992e-16
 4334.1492 6.72839e-16
 4337.1436 6.59257e-16
 4340.1380 6.73695e-16
 4343.1324 6.60211e-16
 4346.1268 6.69235e-16
 4349.1212 6.99371e-16
 4352.1156 6.91342e-16
 4355.1100 7.04015e-16
 4358.1044 6.94786e-16
 4361.0988 6.85760e-16
 4364.0932 7.09301e-16
 4367.0876 7.11661e-16
 4370.0820 7.27230e-16
 4373.0764 7.22520e-16
 4376.0708 7.26291e-16
 4379.0652 7.29744e-16
 4382.0596 7.40031e-16
 4385.0540 7.40534e-16
 4388.0484 7.27071e-16
 4391.0427 7.25784e-16
 4394.0371 7.20966e-16
 4397.0315 7.31636e-16
 4400.0259 7.48083e-16
 4403.0203 7.52790e-16
 4406.0147 9.01268e-16
 4409.0091 8.16405e-16
 4412.0035 7.72357e-16
 4414.9979 8.05932e-16
 4417.9923 8.09210e-16
 4420.9867 8.23096e-16
 4423.9811 7.97973e-16
 4426.9755 8.23780e-16
 4429.9699 8.32352e-16
 4432.9643 8.42479e-16
 4435.9587 8.78449e-16
 4438.9531 8.95702e-16
 4441.9475 9.15599e-16
 4444.9419 1.04143e-15
 4447.9363 1.01198e-15
 4450.9307 9.08018e-16
 4453.9251 9.32605e-16
 4456.9194 9.56011e-16
 4459.9138 9.63567e-16
 4462.9082 9.55153e-16
 4465.9026 9.53273e-16
 4468.8970 9.75991e-16
 4471.8914 9.70217e-16
 4474.8858 9.86366e-16
 4477.8802 9.75893e-16
 4480.8746 9.55158e-16
 4483.8690 9.56041e-16
 4486.8634 9.87207e-16
 4489.8578 9.47418e-16
 4492.8522 9.84644e-16
 4495.8466 1.00552e-15
 4498.8410 1.00118e-15
 4501.8354 1.02996e-15
 4504.8298 1.02555e-15
 4507.8242 1.00184e-15
 4510.8186 1.01428e-15
 4513.8130 1.03760e-15
 4516.8074 1.01146e-15
 4519.8018 9.86397e-16
 4522.7962 9.92776e-16
 4525.7905 9.93042e-16
 4528.7849 9.85983e-16
 4531.7793 9.83879e-16
 4534.7737 9.59488e-16
 4537.7681 9.52227e-16
 4540.7625 9.55029e-16
 4543.7569 9.68159e-16
 4546.7513 9.78037e-16
 4549.7457 9.69229e-16
 4552.7401 9.64220e-16
 4555.7345 9.39923e-16
 4558.7289 9.70191e-16
 4561.7233 9.70816e-16
 4564.7177 9.71871e-16
 4567.7121 9.71657e-16
 4570.7065 9.61768e-16
 4573.7009 9.78564e-16
 4576.6953 9.76497e-16
 4579.6897 9.64635e-16
 4582.6841 9.91070e-16
 4585.6785 9.78774e-16
 4588.6729 9.58076e-16
 4591.6672 9.71140e-16
 4594.6616 9.29364e-16
 4597.6560 9.50073e-16
 4600.6504 9.51954e-16
 4603.6448 9.30567e-16
 4606.6392 9.23934e-16
 4609.6336 9.08189e-16
 4612.6280 8.83873e-16
 4615.6224 8.68573e-16
 4618.6168 8.32416e-16
 4621.6112 8.21688e-16
 4624.6056 7.96148e-16
 4627.6000 7.61534e-16
 4630.5944 7.49421e-16
 4633.5888 7.32681e-16
 4636.5832 7.29326e-16
 4639.5776 7.21671e-16
 4642.5720 7.04425e-16
 4645.5664 6.99073e-16
 4648.5608 6.81924e-16
 4651.5552 6.91528e-16
 4654.5496 6.80169e-16
 4657.5440 6.69790e-16
 4660.5383 6.83761e-16
 4663.5327 6.79248e-16
 4666.5271 6.62062e-16
 4669.5215 6.63895e-16
 4672.5159 6.78091e-16
 4675.5103 6.89347e-16
 4678.5047 6.68121e-16
 4681.4991 6.56659e-16
 4684.4935 6.73950e-16
 4687.4879 6.68901e-16
 4690.4823 6.65661e-16
 4693.4767 6.58623e-16
 4696.4711 6.42499e-16
 4699.4655 6.24992e-16
 4702.4599 6.10539e-16
 4705.4543 6.05512e-16
 4708.4487 5.97959e-16
 4711.4431 5.98961e-16
 4714.4375 5.80683e-16
 4717.4319 5.78546e-16
 4720.4263 5.68543e-16
 4723.4207 5.59468e-16
 4726.4150 5.33752e-16
 4729.4094 5.26574e-16
 4732.4038 5.21370e-16
 4735.3982 5.26691e-16
 4738.3926 5.26838e-16
 4741.3870 5.22164e-16
 4744.3814 5.26127e-16
 4747.3758 5.34674e-16
 4750.3702 5.12645e-16
 4753.3646 5.42252e-16
 4756.3590 5.56656e-16
 4759.3534 5.56546e-16
 4762.3478 5.57225e-16
 4765.3422 5.65446e-16
 4768.3366 5.76052e-16
 4771.3310 5.72492e-16
 4774.3254 5.83205e-16
 4777.3198 5.96624e-16
 4780.3142 6.15449e-16
 4783.3086 6.01543e-16
 4786.3030 6.00046e-16
 4789.2973 6.09766e-16
 4792.2917 5.94185e-16
 4795.2861 5.74134e-16
 4798.2805 5.73118e-16
 4801.2749 5.85248e-16
 4804.2693 5.95167e-16
 4807.2637 5.69909e-16
 4810.2581 5.68377e-16
 4813.2525 5.67486e-16
 4816.2469 5.29171e-16
 4819.2413 4.77139e-16
 4822.2357 5.04741e-16
 4825.2301 5.24604e-16
 4828.2245 5.23788e-16
 4831.2189 5.29620e-16
 4834.2133 4.92343e-16
 4837.2077 4.81571e-16
 4840.2021 4.89335e-16
 4843.1965 4.79858e-16
 4846.1909 4.60989e-16
 4849.1853 4.60953e-16
 4852.1797 4.50588e-16
 4855.1741 4.41287e-16
 4858.1685 4.30665e-16
 4861.1628 4.28617e-16
 4864.1572 4.44249e-16
 4867.1516 4.39057e-16
 4870.1460 4.43501e-16
 4873.1404 4.31880e-16
 4876.1348 4.39687e-16
 4879.1292 4.49347e-16
 4882.1236 4.53157e-16
 4885.1180 4.53680e-16
 4888.1124 4.53982e-16
 4891.1068 4.58718e-16
 4894.1012 4.60909e-16
 4897.0956 4.58444e-16
 4900.0900 4.55885e-16
 4903.0844 4.67158e-16
 4906.0788 4.67687e-16
 4909.0732 4.81353e-16
 4912.0676 4.85378e-16
 4915.0620 5.01211e-16
 4918.0564 4.85476e-16
 4921.0508 4.63750e-16
 4924.0451 4.86685e-16
 4927.0395 4.86801e-16
 4930.0339 4.97640e-16
 4933.0283 4.85210e-16
 4936.0227 4.93298e-16
 4939.0171 5.07528e-16
 4942.0115 4.94243e-16
 4945.0059 4.92173e-16
 4948.0003 4.92376e-16
 4950.9947 5.02911e-16
 4953.9891 5.00544e-16
 4956.9835 5.05035e-16
 4959.9779 5.20240e-16
 4962.9723 5.26675e-16
 4965.9667 5.14799e-16
 4968.9611 5.16506e-16
 4971.9555 5.28911e-16
 4974.9499 5.38189e-16
 4977.9443 5.52777e-16
 4980.9387 5.55927e-16
 4983.9331 5.70577e-16
 4986.9275 5.59833e-16
 4989.9219 5.79632e-16
 4992.9163 5.66356e-16
 4995.9106 5.59275e-16
 4998.9050 5.61716e-16
 5001.8994 5.66046e-16
 5004.8938 5.74259e-16
 5007.8882 5.56288e-16
 5010.8826 5.54027e-16
 5013.8770 5.78269e-16
 5016.8714 5.69349e-16
 5019.8658 6.00902e-16
 5022.8602 6.01974e-16
 5025.8546 5.70848e-16
 5028.8490 6.04328e-16
 5031.8434 6.03127e-16
 5034.8378 6.05272e-16
 5037.8322 6.11181e-16
 5040.8266 6.25765e-16
 5043.8210 6.18791e-16
 5046.8154 6.24807e-16
 5049.8098 6.34514e-16
 5052.8042 6.54268e-16
 5055.7986 6.56940e-16
 5058.7929 6.56784e-16
 5061.7873 6.58620e-16
 5064.7817 6.53226e-16
 5067.7761 6.85292e-16
 5070.7705 6.93795e-16
 5073.7649 6.84383e-16
 5076.7593 6.92337e-16
 5079.7537 7.11507e-16
 5082.7481 7.18047e-16
 5085.7425 7.15293e-16
 5088.7369 7.04794e-16
 5091.7313 7.08543e-16
 5094.7257 7.16606e-16
 5097.7201 7.19791e-16
 5100.7145 7.14499e-16
 5103.7089 7.01753e-16
 5106.7033 6.93278e-16
 5109.6977 7.08430e-16
 5112.6921 7.08850e-16
 5115.6865 7.20243e-16
 5118.6809 7.11831e-16
 5121.6753 7.08319e-16
 5124.6697 6.90184e-16
 5127.6641 7.07563e-16
 5130.6584 7.12817e-16
 5133.6528 6.91771e-16
 5136.6472 6.71200e-16
 5139.6416 6.87789e-16
 5142.6360 7.16462e-16
 5145.6304 7.21125e-16
 5148.6248 6.94241e-16
 5151.6192 7.13358e-16
 5154.6136 7.15120e-16
 5157.6080 6.86267e-16
 5160.6024 7.20200e-16
 5163.5968 7.25043e-16
 5166.5912 7.28320e-16
 5169.5856 7.44547e-16
 5172.5800 7.47179e-16
 5175.5744 7.30620e-16
 5178.5688 7.59879e-16
 5181.5632 7.73723e-16
 5184.5576 7.78748e-16
 5187.5520 7.65532e-16
 5190.5464 7.50360e-16
 5193.5407 7.47284e-16
 5196.5351 7.53426e-16
 5199.5295 7.51998e-16
 5202.5239 7.39149e-16
 5205.5183 7.24137e-16
 5208.5127 7.12945e-16
 5211.5071 7.22116e-16
 5214.5015 7.23959e-16
 5217.4959 6.87918e-16
 5220.4903 6.76817e-16
 5223.4847 6.68269e-16
 5226.4791 6.71392e-16
 5229.4735 6.64300e-16
 5232.4679 6.55213e-16
 5235.4623 6.41039e-16
 5238.4567 6.49710e-16
 5241.4511 6.31861e-16
 5244.4455 6.07918e-16
 5247.4399 6.16105e-16
 5250.4343 6.25658e-16
 5253.4287 6.02992e-16
 5256.4231 6.00069e-16
 5259.4174 5.90691e-16
 5262.4118 5.88056e-16
 5265.4062 5.86907e-16
 5268.4006 5.97243e-16
 5271.3950 6.02609e-16
 5274.3894 5.93679e-16
 5277.3838 5.96824e-16
 5280.3782 5.84124e-16
 5283.3726 5.70632e-16
 5286.3670 5.67066e-16
 5289.3614 5.68045e-16
 5292.3558 5.60016e-16
 5295.3502 5.76331e-16
 5298.3446 5.87690e-16
 5301.3390 5.78540e-16
 5304.3334 5.77638e-16
 5307.3278 5.70346e-16
 5310.3222 5.76238e-16
 5313.3166 5.72907e-16
 5316.3110 5.82741e-16
 5319.3054 6.03684e-16
 5322.2998 6.04909e-16
 5325.2942 6.02421e-16
 5328.2885 5.81474e-16
 5331.2829 5.96125e-16
 5334.2773 6.00880e-16
 5337.2717 5.62832e-16
 5340.2661 5.64780e-16
 5343.2605 5.75451e-16
 5346.2549 5.89962e-16
 5349.2493 5.82386e-16
 5352.2437 5.79337e-16
 5355.2381 5.68104e-16
 5358.2325 5.56203e-16
 5361.2269 5.87905e-16
 5364.2213 5.88824e-16
 5367.2157 5.71223e-16
 5370.2101 5.73528e-16
 5373.2045 5.73829e-16
 5376.1989 5.71311e-16
 5379.1933 5.60491e-16
 5382.1877 5.60422e-16
 5385.1821 5.59055e-16
 5388.1765 5.52517e-16
 5391.1709 5.58366e-16
 5394.1652 5.41902e-16
 5397.1596 5.27083e-16
 5400.1540 5.29416e-16
 5403.1484 5.29457e-16
 5406.1428 5.24226e-16
 5409.1372 5.13611e-16
 5412.1316 5.04347e-16
 5415.1260 4.94125e-16
 5418.1204 4.86279e-16
 5421.1148 4.96007e-16
 5424.1092 4.96718e-16
 5427.1036 4.75396e-16
 5430.0980 4.73220e-16
 5433.0924 4.64450e-16
 5436.0868 4.68716e-16
 5439.0812 4.69995e-16
 5442.0756 4.56011e-16
 5445.0700 4.55017e-16
 5448.0644 4.55383e-16
 5451.0588 4.62465e-16
 5454.0532 4.85937e-16
 5457.0476 4.51273e-16
 5460.0420 4.68455e-16
 5463.0363 4.79200e-16
 5466.0307 5.12601e-16
 5469.0251 4.92734e-16
 5472.0195 5.04983e-16
 5475.0139 5.10610e-16
 5478.0083 5.08519e-16
 5481.0027 4.98794e-16
 5483.9971 5.22674e-16
 5486.9915 5.35117e-16
 5489.9859 5.42057e-16
 5492.9803 5.43401e-16
 5495.9747 5.44532e-16
 5498.9691 5.41629e-16
 5501.9635 5.53546e-16
 5504.9579 5.57280e-16
 5507.9523 5.49211e-16
 5510.9467 5.57121e-16
 5513.9411 5.67247e-16
 5516.9355 5.73898e-16
 5519.9299 5.58429e-16
 5522.9243 5.65485e-16
 5525.9187 5.72200e-16
 5528.9130 5.79020e-16
 5531.9074 5.81958e-16
 5534.9018 5.80770e-16
 5537.8962 5.78235e-16
 5540.8906 5.90855e-16
 5543.8850 5.88490e-16
 5546.8794 5.90943e-16
 5549.8738 5.99204e-16
 5552.8682 6.01985e-16
 5555.8626 6.03264e-16
 5558.8570 6.21897e-16
 5561.8514 6.17917e-16
 5564.8458 6.23775e-16
 5567.8402 6.13230e-16
 5570.8346 5.99463e-16
 5573.8290 6.13533e-16
 5576.8234 6.19831e-16
 5579.8178 5.97597e-16
 5582.8122 6.25230e-16
 5585.8066 6.22127e-16
 5588.8010 6.03512e-16
 5591.7953 6.15210e-16
 5594.7897 6.11795e-16
 5597.7841 5.97857e-16
 5600.7785 6.02740e-16
 5603.7729 5.93796e-16
 5606.7673 5.93689e-16
 5609.7617 6.03081e-16
 5612.7561 6.00924e-16
 5615.7505 6.23413e-16
 5618.7449 6.23496e-16
 5621.7393 6.08367e-16
 5624.7337 5.97612e-16
 5627.7281 5.94769e-16
 5630.7225 6.02875e-16
 5633.7169 5.98155e-16
 5636.7113 5.95658e-16
 5639.7057 5.90177e-16
 5642.7001 5.93791e-16
 5645.6945 5.88965e-16
 5648.6889 5.76367e-16
 5651.6833 5.84123e-16
 5654.6777 5.96041e-16
 5657.6721 5.87258e-16
 5660.6665 5.75499e-16
 5663.6608 5.67201e-16
 5666.6552 5.57020e-16
 5669.6496 5.64124e-16
 5672.6440 5.82475e-16
 5675.6384 5.74738e-16
 5678.6328 5.58653e-16
 5681.6272 5.58601e-16
 5684.6216 5.55025e-16
 5687.6160 5.57858e-16
 5690.6104 5.53468e-16
 5693.6048 5.52841e-16
 5696.5992 5.45053e-16
 5699.5936 5.43332e-16
 5702.5880 5.25471e-16
 5705.5824 5.23308e-16
 5708.5768 5.18463e-16
 5711.5712 5.09879e-16
 5714.5656 5.12523e-16
 5717.5600 4.82541e-16
 5720.5544 5.02312e-16
 5723.5488 4.88656e-16
 5726.5431 4.74037e-16
 5729.5375 4.70398e-16
 5732.5319 4.72796e-16
 5735.5263 4.77771e-16
 5738.5207 4.63958e-16
 5741.5151 4.60052e-16
 5744.5095 4.57700e-16
 5747.5039 4.48476e-16
 5750.4983 4.65761e-16
 5753.4927 4.66923e-16
 5756.4871 4.52846e-16
 5759.4815 4.45762e-16
 5762.4759 4.59029e-16
 5765.4703 4.67050e-16
 5768.4647 4.60173e-16
 5771.4591 4.47763e-16
 5774.4535 4.38732e-16
 5777.4479 4.52429e-16
 5780.4423 4.57193e-16
 5783.4367 4.57926e-16
 5786.4311 4.56098e-16
 5789.4255 4.49493e-16
 5792.4199 4.55258e-16
 5795.4143 4.41855e-16
 5798.4086 4.25981e-16
 5801.4030 4.34022e-16
 5804.3974 4.38549e-16
 5807.3918 4.63979e-16
 5810.3862 4.77588e-16
 5813.3806 4.81300e-16
 5816.3750 4.84944e-16
 5819.3694 4.95524e-16
 5822.3638 4.88954e-16
 5825.3582 4.97572e-16
 5828.3526 5.03261e-16
 5831.3470 4.90940e-16
 5834.3414 5.02487e-16
 5837.3358 5.13009e-16
 5840.3302 5.07242e-16
 5843.3246 5.21393e-16
 5846.3190 5.08092e-16
 5849.3134 5.14304e-16
 5852.3078 5.24884e-16
 5855.3022 5.14031e-16
 5858.2966 5.43262e-16
 5861.2909 5.29034e-16
 5864.2853 5.49142e-16
 5867.2797 5.40768e-16
 5870.2741 5.41253e-16
 5873.2685 5.60725e-16
 5876.2629 5.51589e-16
 5879.2573 5.43550e-16
 5882.2517 5.40210e-16
 5885.2461 5.46334e-16
 5888.2405 5.30782e-16
 5891.2349 5.29447e-16
 5894.2293 5.44116e-16
 5897.2237 5.58584e-16
 5900.2181 5.49119e-16
 5903.2125 5.51061e-16
 5906.2069 5.51048e-16
 5909.2013 5.49667e-16
 5912.1957 5.65335e-16
 5915.1901 5.57956e-16
 5918.1845 5.56162e-16
 5921.1789 5.69608e-16
 5924.1733 5.61585e-16
 5927.1676 5.80526e-16
 5930.1620 5.69150e-16
 5933.1564 5.64887e-16
 5936.1508 5.57811e-16
 5939.1452 5.66438e-16
 5942.1396 5.67217e-16
 5945.1340 5.66886e-16
 5948.1284 5.59779e-16
 5951.1228 5.54862e-16
 5954.1172 5.48723e-16
 5957.1116 5.51426e-16
 5960.1060 5.38752e-16
 5963.1004 5.36551e-16
 5966.0948 5.23485e-16
 5969.0892 5.12003e-16
 5972.0836 5.03721e-16
 5975.0780 4.96980e-16
 5978.0724 4.89667e-16
 5981.0668 4.81925e-16
 5984.0612 4.74955e-16
 5987.0556 4.68638e-16
 5990.0500 4.58624e-16
 5993.0444 4.50936e-16
 5996.0387 4.40980e-16
 5999.0331 4.28064e-16
 6002.0275 4.04180e-16
 6005.0219 4.02314e-16
 6008.0163 4.10234e-16
 6011.0107 3.95021e-16
 6014.0051 3.83476e-16
 6016.9995 3.78916e-16
 6019.9939 3.72816e-16
 6022.9883 3.63672e-16
 6025.9827 3.52864e-16
 6028.9771 3.43656e-16
 6031.9715 3.45395e-16
 6034.9659 3.37405e-16
 6037.9603 3.26733e-16
 6040.9547 3.28860e-16
 6043.9491 3.17282e-16
 6046.9435 3.08916e-16
 6049.9379 3.19956e-16
 6052.9323 3.04598e-16
 6055.9267 2.98431e-16
 6058.9211 2.90440e-16
 6061.9154 2.81517e-16
 6064.9098 2.75163e-16
 6067.9042 2.69039e-16
 6070.8986 2.70066e-16
 6073.8930 2.67878e-16
 6076.8874 2.65803e-16
 6079.8818 2.61745e-16
 6082.8762 2.56362e-16
 6085.8706 2.50657e-16
 6088.8650 2.51924e-16
 6091.8594 2.54662e-16
 6094.8538 2.45716e-16
 6097.8482 2.41735e-16
 6100.8426 2.45537e-16
 6103.8370 2.47694e-16
 6106.8314 2.43508e-16
 6109.8258 2.47837e-16
 6112.8202 2.55882e-16
 6115.8146 2.54019e-16
 6118.8090 2.63097e-16
 6121.8034 2.64743e-16
 6124.7978 2.59558e-16
 6127.7922 2.56933e-16
 6130.7865 2.67687e-16
 6133.7809 2.64359e-16
 6136.7753 2.69006e-16
 6139.7697 2.61550e-16
 6142.7641 2.64932e-16
 6145.7585 2.93722e-16
 6148.7529 2.92805e-16
 6151.7473 2.96506e-16
 6154.7417 2.99204e-16
 6157.7361 3.08665e-16
 6160.7305 3.17114e-16
 6163.7249 3.17217e-16
 6166.7193 3.30290e-16
 6169.7137 3.37573e-16
 6172.7081 3.41229e-16
 6175.7025 3.44118e-16
 6178.6969 3.33849e-16
 6181.6913 3.38541e-16
 6184.6857 3.62066e-16
 6187.6801 3.71580e-16
 6190.6745 3.72043e-16
 6193.6689 3.73205e-16
 6196.6632 3.86639e-16
 6199.6576 3.94138e-16
 6202.6520 4.06589e-16
 6205.6464 4.16869e-16
 6208.6408 4.09379e-16
 6211.6352 4.28255e-16
 6214.6296 4.26332e-16
 6217.6240 4.31677e-16
 6220.6184 4.40698e-16
 6223.6128 4.42653e-16
 6226.6072 4.47717e-16
 6229.6016 4.51558e-16
 6232.5960 4.58182e-16
 6235.5904 4.60843e-16
 6238.5848 4.70758e-16
 6241.5792 4.79772e-16
 6244.5736 4.55926e-16
 6247.5680 4.85078e-16
 6250.5624 5.00908e-16
 6253.5568 5.12859e-16
 6256.5512 5.13070e-16
 6259.5456 5.12497e-16
 6262.5400 5.14626e-16
 6265.5343 5.19059e-16
 6268.5287 5.23987e-16
 6271.5231 5.34990e-16
 6274.5175 5.26546e-16
 6277.5119 5.21996e-16
 6280.5063 5.36851e-16
 6283.5007 5.47144e-16
 6286.4951 5.45602e-16
 6289.4895 5.42693e-16
 6292.4839 5.54994e-16
 6295.4783 5.51775e-16
 6298.4727 5.50047e-16
 6301.4671 5.54226e-16
 6304.4615 5.41902e-16
 6307.4559 5.57588e-16
 6310.4503 5.60092e-16
 6313.4447 5.43237e-16
 6316.4391 5.46572e-16
 6319.4335 5.65528e-16
 6322.4279 5.56235e-16
 6325.4223 5.55677e-16
 6328.4167 5.39875e-16
 6331.4110 5.52334e-16
 6334.4054 5.50426e-16
 6337.3998 5.50919e-16
 6340.3942 5.45080e-16
 6343.3886 5.43308e-16
 6346.3830 5.47028e-16
 6349.3774 5.47926e-16
 6352.3718 5.49143e-16
 6355.3662 5.46282e-16
 6358.3606 5.49004e-16
 6361.3550 5.46179e-16
 6364.3494 5.45811e-16
 6367.3438 5.45092e-16
 6370.3382 5.39233e-16
 6373.3326 5.42980e-16
 6376.3270 5.47729e-16
 6379.3214 5.51532e-16
 6382.3158 5.63637e-16
 6385.3102 5.46918e-16
 6388.3046 5.26259e-16
 6391.2990 5.52330e-16
 6394.2933 5.43026e-16
 6397.2877 5.44328e-16
 6400.2821 5.40450e-16
 6403.2765 5.26533e-16
 6406.2709 5.36769e-16
 6409.2653 5.35964e-16
 6412.2597 5.19220e-16
 6415.2541 5.10052e-16
 6418.2485 5.33300e-16
 6421.2429 5.20489e-16
 6424.2373 5.13540e-16
 6427.2317 5.24940e-16
 6430.2261 5.22382e-16
 6433.2205 5.22335e-16
 6436.2149 5.09938e-16
 6439.2093 5.16207e-16
 6442.2037 5.13570e-16
 6445.1981 5.08003e-16
 6448.1925 5.09954e-16
 6451.1869 5.11072e-16
 6454.1813 5.09419e-16
 6457.1757 5.02296e-16
 6460.1701 5.13780e-16
 6463.1645 5.04141e-16
 6466.1588 4.99956e-16
 6469.1532 5.24519e-16
 6472.1476 5.74261e-16
 6475.1420 5.29939e-16
 6478.1364 4.93606e-16
 6481.1308 5.03220e-16
 6484.1252 5.00670e-16
 6487.1196 5.06502e-16
 6490.1140 4.99765e-16
 6493.1084 4.98065e-16
 6496.1028 5.07871e-16
 6499.0972 5.07324e-16
 6502.0916 5.02125e-16
 6505.0860 5.07226e-16
 6508.0804 4.96364e-16
 6511.0748 4.88820e-16
 6514.0692 4.97195e-16
 6517.0636 4.92469e-16
 6520.0580 5.01018e-16
 6523.0524 4.97160e-16
 6526.0468 4.90797e-16
 6529.0411 4.89277e-16
 6532.0355 4.82150e-16
 6535.0299 4.81325e-16
 6538.0243 4.78989e-16
 6541.0187 4.73689e-16
 6544.0131 4.80438e-16
 6547.0075 4.87317e-16
 6550.0019 4.75179e-16
 6552.9963 4.85895e-16
 6555.9907 4.81206e-16
 6558.9851 4.76822e-16
 6561.9795 5.30078e-16
 6564.9739 5.23549e-16
 6567.9683 4.63477e-16
 6570.9627 4.56585e-16
 6573.9571 4.59648e-16
 6576.9515 4.67153e-16
 6579.9459 4.76679e-16
 6582.9403 4.58967e-16
 6585.9347 4.65417e-16
 6588.9291 4.73591e-16
 6591.9235 4.56834e-16
 6594.9179 4.50064e-16
 6597.9123 4.55996e-16
 6600.9066 4.49038e-16
 6603.9010 4.44053e-16
 6606.8954 4.39694e-16
 6609.8898 4.57469e-16
 6612.8842 4.37688e-16
 6615.8786 4.43507e-16
 6618.8730 4.40019e-16
 6621.8674 4.43657e-16
 6624.8618 4.39273e-16
 6627.8562 4.32522e-16
 6630.8506 4.35943e-16
 6633.8450 4.30449e-16
 6636.8394 4.30438e-16
 6639.8338 4.40401e-16
 6642.8282 4.37250e-16
 6645.8226 4.40966e-16
 6648.8170 4.39357e-16
 6651.8114 4.29864e-16
 6654.8058 4.39679e-16
 6657.8002 4.38256e-16
 6660.7946 4.30973e-16
 6663.7889 4.20151e-16
 6666.7833 4.20800e-16
 6669.7777 4.32985e-16
 6672.7721 4.37804e-16
 6675.7665 4.23186e-16
 6678.7609 4.26727e-16
 6681.7553 4.24605e-16
 6684.7497 4.21004e-16
 6687.7441 4.17735e-16
 6690.7385 4.14247e-16
 6693.7329 4.13767e-16
 6696.7273 4.15107e-16
 6699.7217 4.15633e-16
 6702.7161 4.14457e-16
 6705.7105 4.13682e-16
 6708.7049 4.11041e-16
 6711.6993 4.02212e-16
 6714.6937 3.94815e-16
 6717.6881 4.01780e-16
 6720.6825 3.97988e-16
 6723.6769 3.87789e-16
 6726.6713 3.88035e-16
 6729.6656 3.66359e-16
 6732.6600 3.64945e-16
 6735.6544 3.63531e-16
 6738.6488 3.62116e-16
 6741.6432 3.60702e-16
 6744.6376 3.65680e-16
 6747.6320 3.69714e-16
 6750.6264 3.74576e-16
 6753.6208 3.70230e-16
 6756.6152 3.61269e-16
 6759.6096 3.11490e-16
 6762.6040 2.45672e-16
 6765.5984 2.43534e-16
 6768.5928 2.92169e-16
 6771.5872 3.14797e-16
 6774.5816 3.36024e-16
 6777.5760 3.14764e-16
 6780.5704 3.06217e-16
 6783.5648 3.22926e-16
 6786.5592 3.20625e-16
 6789.5536 3.31443e-16
 6792.5480 3.37652e-16
 6795.5424 3.40303e-16
 6798.5367 3.44360e-16
 6801.5311 3.49768e-16
 6804.5255 3.46926e-16
 6807.5199 3.49536e-16
 6810.5143 3.46274e-16
 6813.5087 3.52043e-16
 6816.5031 3.49651e-16
 6819.4975 3.39803e-16
 6822.4919 2.25596e-16
 6825.4863 2.22089e-16
 6828.4807 3.55853e-16
 6831.4751 3.62418e-16
 6834.4695 3.76285e-16
 6837.4639 3.78732e-16
 6840.4583 3.74809e-16
 6843.4527 3.94053e-16
 6846.4471 3.74488e-16
 6849.4415 3.68992e-16
 6852.4359 3.68204e-16
 6855.4303 3.67652e-16
 6858.4247 3.54809e-16
 6861.4191 3.75999e-16
 6864.4134 3.80398e-16
 6867.4078 3.70755e-16
 6870.4022 3.59836e-16
 6873.3966 3.65658e-16
 6876.3910 3.58692e-16
 6879.3854 3.64969e-16
 6882.3798 3.66265e-16
 6885.3742 3.63255e-16
 6888.3686 3.67650e-16
 6891.3630 3.65123e-16
 6894.3574 3.49555e-16
 6897.3518 3.51391e-16
 6900.3462 3.68568e-16
 6903.3406 3.64454e-16
 6906.3350 3.53983e-16
 6909.3294 3.55234e-16
 6912.3238 3.55029e-16
 6915.3182 3.54825e-16
 6918.3126 3.54620e-16
 6921.3070 3.54416e-16
 6924.3014 3.54212e-16
 6927.2958 3.60828e-16
 6930.2902 3.51899e-16
 6933.2846 3.52826e-16
 6936.2789 3.58689e-16
 6939.2733 3.55173e-16
 6942.2677 3.61276e-16
 6945.2621 3.64114e-16
 6948.2565 3.56571e-16
 6951.2509 3.52812e-16
 6954.2453 3.47305e-16
 6957.2397 3.46596e-16
 6960.2341 3.43726e-16
 6963.2285 3.47770e-16
 6966.2229 3.47081e-16
 6969.2173 3.39119e-16
 6972.2117 3.54821e-16
 6975.2061 3.65027e-16
 6978.2005 3.54637e-16
 6981.1949 3.53528e-16
 6984.1893 3.48957e-16
 6987.1837 3.37667e-16
 6990.1781 3.46503e-16
 6993.1725 3.52338e-16
 6996.1669 3.45516e-16
 6999.1612 3.44694e-16
 7002.1556 3.44614e-16
 7005.1500 3.45207e-16
 7008.1444 3.34261e-16
 7011.1388 3.44749e-16
 7014.1332 3.44990e-16
 7017.1276 3.44716e-16
 7020.1220 3.49042e-16
 7023.1164 3.48333e-16
 7026.1108 3.45495e-16
 7029.1052 3.39607e-16
 7032.0996 3.40789e-16
 7035.0940 3.36491e-16
 7038.0884 3.45743e-16
 7041.0828 3.47995e-16
 7044.0772 3.36727e-16
 7047.0716 3.36151e-16
 7050.0660 3.32122e-16
 7053.0604 3.35537e-16
 7056.0548 3.37227e-16
 7059.0492 3.28466e-16
 7062.0435 3.23573e-16
 7065.0379 3.28486e-16
 7068.0324 3.22326e-16
 7071.0267 3.03317e-16
 7074.0211 3.08047e-16
 7077.0155 3.24266e-16
 7080.0099 3.20322e-16
 7083.0043 3.24140e-16
 7085.9987 3.28702e-16
 7088.9931 3.18406e-16
 7091.9875 3.30918e-16
 7094.9819 3.33646e-16
 7097.9763 3.38289e-16
 7100.9707 3.42053e-16
 7103.9651 3.45959e-16
 7106.9595 3.45324e-16
 7109.9539 3.39248e-16
 7112.9483 3.44444e-16
 7115.9427 3.37476e-16
 7118.9371 3.32452e-16
 7121.9315 3.20679e-16
 7124.9259 3.13672e-16
 7127.9203 3.29846e-16
 7130.9147 3.31905e-16
 7133.9090 3.29588e-16
 7136.9034 3.43647e-16
 7139.8978 3.31839e-16
 7142.8922 3.19816e-16
 7145.8866 3.22409e-16
 7148.8810 3.23087e-16
 7151.8754 3.37767e-16
 7154.8698 3.41496e-16
 7157.8642 3.40367e-16
 7160.8586 3.25978e-16
 7163.8530 3.03662e-16
 7166.8474 3.23159e-16
 7169.8418 3.23055e-16
 7172.8362 3.27072e-16
 7175.8306 3.26132e-16
 7178.8250 3.11289e-16
 7181.8194 3.14327e-16
 7184.8138 3.22141e-16
 7187.8082 3.18690e-16
 7190.8026 3.23527e-16
 7193.7970 3.31259e-16
 7196.7913 3.18414e-16
 7199.7857 3.10233e-16
 7202.7801 3.25054e-16
 7205.7745 3.20492e-16
 7208.7689 3.11737e-16
 7211.7633 3.19916e-16
 7214.7577 3.17330e-16
 7217.7521 3.19397e-16
 7220.7465 3.21846e-16
 7223.7409 3.11120e-16
 7226.7353 3.12230e-16
 7229.7297 3.09297e-16
 7232.7241 3.14008e-16
 7235.7185 3.08219e-16
 7238.7129 3.04423e-16
 7241.7073 3.04514e-16
 7244.7017 3.02122e-16
 7247.6961 3.10532e-16
 7250.6905 3.12746e-16
 7253.6849 3.10691e-16
 7256.6793 3.14858e-16
 7259.6737 2.95954e-16
 7262.6681 3.05167e-16
 7265.6625 3.04455e-16
 7268.6568 3.04494e-16
 7271.6512 2.99001e-16
 7274.6456 2.95945e-16
 7277.6400 2.95076e-16
 7280.6344 2.96413e-16
 7283.6288 2.99833e-16
 7286.6232 2.95640e-16
 7289.6176 2.93348e-16
 7292.6120 2.90792e-16
 7295.6064 2.83977e-16
 7298.6008 2.89187e-16
 7301.5952 2.91243e-16
 7304.5896 3.09013e-16
 7307.5840 2.93158e-16
 7310.5784 2.89373e-16
 7313.5728 3.00684e-16
 7316.5672 2.76410e-16
 7319.5616 2.82197e-16
 7322.5560 2.77849e-16
 7325.5504 2.69562e-16
 7328.5448 2.83256e-16
 7331.5391 2.86330e-16
 7334.5335 2.84582e-16
 7337.5279 2.86783e-16
 7340.5223 2.73333e-16
 7343.5167 2.69657e-16
 7346.5111 2.79866e-16
 7349.5055 2.81682e-16
 7352.4999 2.63163e-16
 7355.4943 2.55345e-16
 7358.4887 2.78058e-16
 7361.4831 2.65580e-16
 7364.4775 2.65563e-16
 7367.4719 2.68035e-16
 7370.4663 2.83443e-16
 7373.4607 2.85013e-16
 7376.4551 2.84675e-16
 7379.4495 2.82840e-16
 7382.4439 2.70711e-16
 7385.4383 2.61526e-16
 7388.4327 2.62075e-16
 7391.4271 2.70227e-16
 7394.4215 2.78124e-16
 7397.4159 2.74625e-16
 7400.4103 2.72010e-16
 7403.4046 2.65690e-16
 7406.3990 2.52393e-16
 7409.3934 2.60171e-16
 7412.3878 2.76014e-16
 7415.3822 2.70000e-16
 7418.3766 2.62229e-16
 7421.3710 2.80207e-16
 7424.3654 2.57211e-16
 7427.3598 2.53891e-16
 7430.3542 2.45393e-16
 7433.3486 2.32397e-16
 7436.3430 2.37010e-16
 7439.3374 2.31558e-16
 7442.3318 2.33387e-16
 7445.3262 2.37481e-16
 7448.3206 2.42709e-16
 7451.3150 2.51987e-16
 7454.3094 2.21891e-16
 7457.3038 2.22229e-16
 7460.2982 2.22568e-16
 7463.2926 2.22906e-16
 7466.2870 2.23244e-16
 7469.2813 2.23582e-16
 7472.2757 2.17868e-16
 7475.2701 1.91593e-16
 7478.2645 1.26770e-16
 7481.2589 8.77987e-17
 7484.2533 6.32676e-17
 7487.2477 6.85000e-17
 7490.2421 7.05469e-17
 7493.2365 9.05982e-17
 7496.2309 1.46252e-16
 7499.2253 1.88142e-16
 7502.2197 1.60821e-16
 7505.2141 1.38298e-16
 7508.2085 1.18035e-16
 7511.2029 1.09713e-16
 7514.1973 1.21707e-16
 7517.1917 1.33257e-16
 7520.1861 1.41762e-16
 7523.1805 1.47297e-16
 7526.1749 1.60445e-16
 7529.1693 1.61174e-16
 7532.1636 1.78922e-16
 7535.1580 1.82372e-16
 7538.1524 1.77395e-16
 7541.1468 1.81388e-16
 7544.1412 1.79578e-16
 7547.1356 1.89900e-16
 7550.1300 1.91527e-16
 7553.1244 1.97019e-16
 7556.1188 2.10197e-16
 7559.1132 2.08460e-16
 7562.1076 2.12390e-16
 7565.1020 2.21447e-16
 7568.0964 2.27648e-16
 7571.0908 2.27204e-16
 7574.0852 2.20718e-16
 7577.0796 2.27660e-16
 7580.0740 2.36477e-16
 7583.0684 2.30574e-16
 7586.0628 2.29344e-16
 7589.0572 2.31742e-16
 7592.0516 2.35349e-16
 7595.0460 2.33329e-16
 7598.0404 2.36064e-16
 7601.0348 2.53619e-16
 7604.0291 2.54172e-16
 7607.0235 2.53032e-16
 7610.0179 2.58178e-16
 7613.0123 2.52647e-16
 7616.0067 2.55470e-16
 7619.0011 2.45335e-16
 7621.9955 2.50349e-16
 7624.9899 2.51674e-16
 7627.9843 2.50771e-16
 7630.9787 2.49864e-16
 7633.9731 2.48472e-16
 7636.9675 2.70794e-16
 7639.9619 2.71240e-16
 7642.9563 2.56162e-16
 7645.9507 2.58851e-16
 7648.9451 2.75338e-16
 7651.9395 2.71390e-16
 7654.9339 2.76115e-16
 7657.9283 2.74331e-16
 7660.9227 2.61978e-16
 7663.9171 2.58735e-16
 7666.9114 2.61320e-16
 7669.9058 2.63214e-16
 7672.9002 2.83234e-16
 7675.8946 2.75213e-16
 7678.8890 2.75939e-16
 7681.8834 2.75835e-16
 7684.8778 2.77912e-16
 7687.8722 2.65925e-16
 7690.8666 2.77915e-16
 7693.8610 2.86903e-16
 7696.8554 2.74467e-16
 7699.8498 2.74048e-16
 7702.8442 2.78940e-16
 7705.8386 2.80382e-16
 7708.8330 2.87877e-16
 7711.8274 2.86014e-16
 7714.8218 2.77144e-16
 7717.8162 2.65036e-16
 7720.8106 2.78137e-16
 7723.8050 2.81180e-16
 7726.7994 2.92336e-16
 7729.7938 2.99049e-16
 7732.7882 3.02184e-16
 7735.7826 3.14556e-16
 7738.7769 2.83204e-16
 7741.7713 2.82843e-16
 7744.7657 2.97362e-16
 7747.7601 3.06739e-16
 7750.7545 2.97560e-16
 7753.7489 2.83577e-16
 7756.7433 2.95249e-16
 7759.7377 3.04059e-16
 7762.7321 2.86696e-16
 7765.7265 2.81629e-16
 7768.7209 3.12553e-16
 7771.7153 3.03376e-16
 7774.7097 2.85541e-16
 7777.7041 2.81452e-16
 7780.6985 2.88226e-16
 7783.6929 2.82239e-16
 7786.6873 2.63995e-16
 7789.6817 2.59546e-16
 7792.6761 2.80285e-16
 7795.6705 2.65187e-16
 7798.6649 2.80849e-16
 7801.6592 2.76539e-16
 7804.6536 2.69001e-16
 7807.6480 2.59357e-16
 7810.6424 2.41785e-16
 7813.6368 2.44988e-16
 7816.6312 2.65883e-16
 7819.6256 2.73405e-16
 7822.6200 2.69261e-16
 7825.6144 2.79342e-16
 7828.6088 2.56345e-16
 7831.6032 2.39953e-16
 7834.5976 2.35996e-16
 7837.5920 2.19341e-16
 7840.5864 2.26974e-16
 7843.5808 2.24368e-16
 7846.5752 2.45792e-16
 7849.5696 2.46302e-16
 7852.5640 2.42126e-16
 7855.5584 2.28285e-16
 7858.5528 2.09617e-16
 7861.5472 2.16191e-16
 7864.5416 2.28942e-16
 7867.5359 2.23347e-16
 7870.5303 2.06831e-16
 7873.5247 1.95020e-16
 7876.5191 1.22620e-16
 7879.5135 1.26488e-16
 7882.5079 1.88224e-16
 7885.5023 1.90774e-16
 7888.4967 1.92602e-16
 7891.4911 2.12729e-16
 7894.4855 1.89073e-16
 7897.4799 1.86759e-16
 7900.4743 1.77049e-16
 7903.4687 1.93970e-16
 7906.4631 1.82432e-16
 7909.4575 1.64859e-16
 7912.4519 1.77677e-16
 7915.4463 1.70570e-16
 7918.4407 1.63136e-16
 7921.4351 1.64806e-16
 7924.4295 1.76279e-16
 7927.4239 1.72733e-16
 7930.4183 1.75549e-16
 7933.4127 1.60777e-16
 7936.4070 1.61616e-16
 7939.4014 1.59194e-16
 7942.3958 1.59518e-16
 7945.3902 1.51966e-16
 7948.3846 1.52494e-16
 7951.3790 1.54954e-16
 7954.3734 1.57514e-16
 7957.3678 1.58213e-16
 7960.3622 1.47360e-16
 7963.3566 1.34794e-16
 7966.3510 1.41509e-16
 7969.3454 1.55156e-16
 7972.3398 1.44665e-16
 7975.3342 1.30702e-16
 7978.3286 1.27466e-16
 7981.3230 1.32662e-16
 7984.3174 1.33414e-16
 7987.3118 1.29927e-16
 7990.3062 1.41444e-16
 7993.3006 1.34878e-16
 7996.2950 1.31097e-16
 7999.2894 1.32921e-16
 8002.2837 1.40970e-16
 8005.2781 1.33034e-16
 8008.2725 1.26760e-16
 8011.2669 1.25413e-16
 8014.2613 1.29575e-16
 8017.2557 1.32673e-16
 8020.2501 1.29927e-16
 8023.2445 1.32988e-16
 8026.2389 1.41109e-16
 8029.2333 1.29408e-16
 8032.2277 1.30954e-16
 8035.2221 1.35160e-16
 8038.2165 1.26292e-16
 8041.2109 1.37411e-16
 8044.2053 1.32701e-16
 8047.1997 1.31821e-16
 8050.1941 1.30650e-16
 8053.1885 1.35828e-16
 8056.1829 1.36239e-16
 8059.1773 1.28959e-16
 8062.1717 1.30585e-16
 8065.1661 1.37126e-16
 8068.1605 1.33891e-16
 8071.1548 1.21471e-16
 8074.1492 1.22836e-16
 8077.1436 1.43562e-16
 8080.1380 1.46477e-16
 8083.1324 1.43757e-16
 8086.1268 1.25253e-16
 8089.1212 1.29785e-16
 8092.1156 1.34731e-16
 8095.1100 1.43925e-16
 8098.1044 1.20139e-16
 8101.0988 1.23027e-16
 8104.0932 1.27027e-16
 8107.0876 1.38759e-16
 8110.0820 1.31164e-16
 8113.0764 1.22647e-16
 8116.0708 1.33652e-16
 8119.0652 1.37226e-16
 8122.0596 1.37752e-16
 8125.0540 1.31830e-16
 8128.0484 1.20294e-16
 8131.0428 9.49157e-17
 8134.0372 1.21590e-16
 8137.0315 1.27003e-16
 8140.0259 1.24686e-16
 8143.0203 1.22942e-16
 8146.0147 1.33437e-16
 8149.0091 1.24653e-16
 8152.0035 1.37852e-16
 8154.9979 1.26432e-16
 8157.9923 1.65077e-16
 8160.9867 1.67588e-16
 8163.9811 1.21742e-16
 8166.9755 1.38807e-16
 8169.9699 1.36809e-16
 8172.9643 1.12595e-16
 8175.9587 1.23945e-16
 8178.9531 1.37996e-16
 8181.9475 1.34229e-16
 8184.9419 1.33614e-16
 8187.9363 1.22396e-16
 8190.9307 1.26606e-16
 8193.9251 1.28024e-16
 8196.9195 1.39222e-16
 8199.9138 1.41319e-16
 8202.9083 1.38962e-16
 8205.9026 1.36887e-16
 8208.8970 1.56178e-16
 8211.8914 1.33959e-16
 8214.8858 1.44687e-16
 8217.8802 1.63699e-16
 8220.8746 1.38854e-16
 8223.8690 1.37788e-16
 8226.8634 1.39779e-16
 8229.8578 1.54761e-16
 8232.8522 1.72421e-16
 8235.8466 1.48508e-16
 8238.8410 1.49082e-16
 8241.8354 1.57510e-16
 8244.8298 1.54627e-16
 8247.8242 1.46549e-16
 8250.8186 1.47816e-16
 8253.8130 1.45760e-16
 8256.8074 1.56178e-16
 8259.8018 1.69107e-16
 8262.7962 1.79058e-16
 8265.7906 1.76668e-16
 8268.7850 1.74528e-16
 8271.7793 1.42518e-16
 8274.7737 1.60199e-16
 8277.7681 1.68805e-16
 8280.7625 1.81909e-16
 8283.7569 1.66862e-16
 8286.7513 1.64786e-16
 8289.7457 1.58249e-16
 8292.7401 1.54721e-16
 8295.7345 1.59753e-16
 8298.7289 1.76767e-16
 8301.7233 1.61045e-16
 8304.7177 1.69659e-16
 8307.7121 1.71881e-16
 8310.7065 1.63946e-16
 8313.7009 1.80178e-16
 8316.6953 1.82514e-16
 8319.6897 1.50143e-16
 8322.6841 2.25069e-16
 8325.6785 2.32128e-16
 8328.6729 1.97414e-16
 8331.6673 1.60683e-16
 8334.6616 1.70517e-16
 8337.6560 1.99020e-16
 8340.6504 1.78426e-16
 8343.6448 1.82437e-16
 8346.6392 1.76717e-16
 8349.6336 1.98432e-16
 8352.6280 1.93135e-16
 8355.6224 1.89121e-16
 8358.6168 1.96934e-16
 8361.6112 1.96698e-16
 8364.6056 1.94703e-16
 8367.6000 1.74878e-16
 8370.5944 1.75187e-16
 8373.5888 1.88486e-16
 8376.5832 1.87931e-16
 8379.5776 1.87504e-16
 8382.5720 1.80992e-16
 8385.5664 2.00159e-16
 8388.5608 2.27113e-16
 8391.5552 2.09662e-16
 8394.5496 2.07920e-16
 8397.5440 2.20334e-16
 8400.5384 2.25324e-16
 8403.5328 2.09023e-16
 8406.5271 2.07851e-16
 8409.5215 2.31069e-16
 8412.5159 2.40827e-16
 8415.5103 2.27671e-16
 8418.5047 2.10333e-16
 8421.4991 2.32867e-16
 8424.4935 2.29459e-16
 8427.4879 2.22333e-16
 8430.4823 2.49159e-16
 8433.4767 2.23286e-16
 8436.4711 2.59416e-16
 8439.4655 3.15422e-16
 8442.4599 2.58334e-16
 8445.4543 2.26369e-16
 8448.4487 2.35294e-16
 8451.4431 2.34243e-16
 8454.4375 2.25780e-16
 8457.4319 2.37032e-16
 8460.4263 2.46768e-16
 8463.4207 2.47590e-16
 8466.4151 2.59095e-16
 8469.4094 2.64559e-16
 8472.4038 2.31532e-16
 8475.3982 2.52959e-16
 8478.3926 2.62455e-16
 8481.3870 2.38608e-16
 8484.3814 2.48524e-16
 8487.3758 2.49577e-16
 8490.3702 2.46725e-16
 8493.3646 2.58790e-16
 8496.3590 2.63744e-16
 8499.3534 2.51940e-16
 8502.3478 2.68622e-16
 8505.3422 2.50602e-16
 8508.3366 2.36189e-16
 8511.3310 2.43893e-16
 8514.3254 2.46339e-16
 8517.3198 2.46067e-16
 8520.3142 2.44328e-16
 8523.3086 2.46198e-16
 8526.3030 2.60582e-16
 8529.2974 2.49255e-16
 8532.2918 2.53713e-16
 8535.2862 2.37894e-16
 8538.2806 2.56762e-16
 8541.2749 2.71402e-16
 8544.2693 2.47878e-16
 8547.2637 2.52246e-16
 8550.2581 2.51611e-16
 8553.2525 2.37229e-16
 8556.2469 2.40957e-16
 8559.2413 2.39805e-16
 8562.2357 2.51657e-16
 8565.2301 2.57032e-16
 8568.2245 2.60711e-16
 8571.2189 2.65841e-16
 8574.2133 2.64891e-16
 8577.2077 2.41044e-16
 8580.2021 2.42068e-16
 8583.1965 2.36304e-16
 8586.1909 2.28646e-16
 8589.1853 2.62082e-16
 8592.1797 2.56961e-16
 8595.1741 2.53743e-16
 8598.1685 2.36936e-16
 8601.1629 2.39093e-16
 8604.1572 2.35964e-16
 8607.1516 2.50592e-16
 8610.1460 2.37319e-16
 8613.1404 2.20478e-16
 8616.1348 2.35797e-16
 8619.1292 2.44826e-16
 8622.1236 2.27242e-16
 8625.1180 2.67153e-16
 8628.1124 2.23324e-16
 8631.1068 2.22612e-16
 8634.1012 2.16959e-16
 8637.0956 2.20771e-16
 8640.0900 2.75614e-16
 8643.0844 2.58900e-16
 8646.0788 2.29211e-16
 8649.0732 2.11294e-16
 8652.0676 2.13832e-16
 8655.0620 2.35477e-16
 8658.0564 2.55739e-16
 8661.0508 2.14335e-16
 8664.0452 2.09040e-16
 8667.0396 2.14716e-16
 8670.0339 2.98656e-16
 8673.0283 2.99959e-16
 8676.0227 2.05804e-16
 8679.0171 2.15303e-16
 8682.0115 2.31448e-16
 8685.0059 2.34225e-16
 8688.0003 2.48106e-16
 8690.9947 2.10029e-16
 8693.9891 2.52338e-16
 8696.9835 1.92813e-16
 8699.9779 2.19704e-16
 8702.9723 2.46912e-16
 8705.9667 2.30447e-16
 8708.9611 2.06612e-16
 8711.9555 2.22816e-16
 8714.9499 2.14262e-16
 8717.9443 2.04033e-16
 8720.9387 2.07905e-16
 8723.9331 2.04191e-16
 8726.9275 2.16850e-16
 8729.9219 1.87970e-16
 8732.9163 1.88885e-16
 8735.9107 2.11879e-16
 8738.9050 2.03488e-16
 8741.8994 1.93512e-16
 8744.8938 2.42015e-16
 8747.8882 1.85026e-16
 8750.8826 1.90464e-16
 8753.8770 2.00908e-16
 8756.8714 2.00715e-16
 8759.8658 2.05336e-16
 8762.8602 2.13150e-16
 8765.8546 2.04992e-16
 8768.8490 1.96378e-16
 8771.8434 2.03820e-16
 8774.8378 2.00733e-16
 8777.8322 2.04430e-16
 8780.8266 1.70274e-16
 8783.8210 1.91125e-16
 8786.8154 1.73824e-16
 8789.8098 1.71775e-16
 8792.8042 1.61421e-16
 8795.7986 1.87989e-16
 8798.7930 1.88765e-16
 8801.7874 2.39131e-16
 8804.7817 2.03717e-16
 8807.7761 1.91408e-16
 8810.7705 1.66654e-16
 8813.7649 1.64611e-16
 8816.7593 1.53167e-16
 8819.7537 1.52350e-16
 8822.7481 1.30723e-16
 8825.7425 1.32808e-16
 8828.7369 1.61271e-16
 8831.7313 1.44061e-16
 8834.7257 1.36256e-16
 8837.7201 1.58708e-16
 8840.7145 1.59234e-16
 8843.7089 1.61632e-16
 8846.7033 1.27264e-16
 8849.6977 1.51454e-16
 8852.6921 1.18973e-16
 8855.6865 1.30478e-16
 8858.6809 1.61101e-16
 8861.6753 1.43007e-16
 8864.6697 1.25139e-16
 8867.6641 1.41736e-16
 8870.6585 1.27369e-16
 8873.6528 1.13440e-16
 8876.6472 1.39096e-16
 8879.6416 1.40901e-16
 8882.6360 1.41661e-16
 8885.6304 1.48969e-16
 8888.6248 1.21884e-16
 8891.6192 1.15686e-16
 8894.6136 1.62659e-16
 8897.6080 1.45450e-16
 8900.6024 1.40518e-16
 8903.5968 1.10438e-16
 8906.5912 1.09638e-16
 8909.5856 1.50040e-16
 8912.5800 1.34475e-16
 8915.5744 1.35776e-16
 8918.5688 1.29671e-16
 8921.5632 1.41320e-16
 8924.5576 1.46083e-16
 8927.5520 1.41937e-16
 8930.5464 1.37497e-16
 8933.5408 1.64493e-16
 8936.5352 1.54146e-16
 8939.5295 1.23365e-16
 8942.5239 1.49854e-16
 8945.5183 1.44095e-16
 8948.5127 1.58408e-16
 8951.5071 1.50906e-16
 8954.5015 1.58267e-16
 8957.4959 1.40172e-16
 8960.4903 1.60145e-16
 8963.4847 1.61663e-16
 8966.4791 1.39199e-16
 8969.4735 1.46950e-16
 8972.4679 1.64025e-16
 8975.4623 1.35669e-16
 8978.4567 1.37824e-16
 8981.4511 1.55433e-16
 8984.4455 1.51642e-16
 8987.4399 1.58473e-16
 8990.4343 1.53497e-16
 8993.4287 1.61853e-16
 8996.4231 1.53516e-16
 8999.4175 1.53679e-16
 9002.4118 1.61103e-16
 9005.4062 1.46262e-16
 9008.4006 1.58397e-16
 9011.3950 1.36948e-16
 9014.3894 1.50437e-16
 9017.3838 1.61718e-16
 9020.3782 1.56580e-16
 9023.3726 1.58121e-16
 9026.3670 1.66341e-16
 9029.3614 1.60711e-16
 9032.3558 1.57066e-16
 9035.3502 1.65584e-16
 9038.3446 1.53481e-16
 9041.3390 1.24419e-16
 9044.3334 1.29968e-16
 9047.3278 1.46206e-16
 9050.3222 1.51890e-16
 9053.3166 1.32821e-16
 9056.3110 1.36671e-16
 9059.3054 1.18559e-16
 9062.2998 1.10208e-16
 9065.2942 1.36201e-16
 9068.2886 1.50963e-16
 9071.2830 1.63653e-16
 9074.2773 1.35935e-16
 9077.2717 1.45631e-16
 9080.2661 1.46335e-16
 9083.2605 1.27940e-16
 9086.2549 1.44919e-16
 9089.2493 1.63950e-16
 9092.2437 1.35688e-16
