#Object:               SN2005ke
#FITS_file:            SN05ke_b01_DUP_MS_24nov05.fits
#Redshift:             0.00488
#JDate_of_max:         2453698.33
#JDate_of_observation: 2453698.72
#Epoch:                0.39      
#
 3761.6430 6.69869e-16
 3764.0922 1.63175e-15
 3766.5414 1.28191e-15
 3768.9906 8.65503e-16
 3771.4398 7.93153e-16
 3773.8890 9.57015e-16
 3776.3382 4.29562e-16
 3778.7875 1.24660e-15
 3781.2367 4.34413e-16
 3783.6859 2.21565e-17
 3786.1351 2.06716e-16
 3788.5843 1.05559e-15
 3791.0335 5.45486e-16
 3793.4827 1.03789e-15
 3795.9319 9.18606e-16
 3798.3811 6.40426e-16
 3800.8303 4.93327e-16
 3803.2795 6.55497e-16
 3805.7288 1.09559e-15
 3808.1780 1.20752e-15
 3810.6272 9.71336e-16
 3813.0764 5.83094e-16
 3815.5256 6.98873e-16
 3817.9748 4.21488e-16
 3820.4240 7.54092e-16
 3822.8732 2.67995e-16
 3825.3224 9.31550e-16
 3827.7716 1.13709e-15
 3830.2208 6.88923e-16
 3832.6700 4.21386e-16
 3835.1193 9.57451e-16
 3837.5685 8.78598e-16
 3840.0177 5.67006e-16
 3842.4669 6.83834e-16
 3844.9161 4.37290e-16
 3847.3653 4.01572e-16
 3849.8145 9.89322e-16
 3852.2637 7.58201e-16
 3854.7129 7.77277e-16
 3857.1621 1.24940e-15
 3859.6113 1.28920e-15
 3862.0606 8.09178e-16
 3864.5098 9.09927e-16
 3866.9590 1.04828e-15
 3869.4082 1.27034e-15
 3871.8574 9.34603e-16
 3874.3066 9.71050e-16
 3876.7558 9.96147e-16
 3879.2050 1.41663e-15
 3881.6542 9.69583e-16
 3884.1034 9.07122e-16
 3886.5526 1.26031e-15
 3889.0019 1.05730e-15
 3891.4511 9.89665e-16
 3893.9003 1.42551e-15
 3896.3495 1.84175e-15
 3898.7987 1.64229e-15
 3901.2479 1.40194e-15
 3903.6971 1.53161e-15
 3906.1463 1.37481e-15
 3908.5955 1.53381e-15
 3911.0447 1.54644e-15
 3913.4939 1.40797e-15
 3915.9432 1.87866e-15
 3918.3924 1.94391e-15
 3920.8416 1.15679e-15
 3923.2908 1.71614e-15
 3925.7400 2.12404e-15
 3928.1892 2.01002e-15
 3930.6384 2.16253e-15
 3933.0876 2.31032e-15
 3935.5368 1.89457e-15
 3937.9860 1.94352e-15
 3940.4352 1.92446e-15
 3942.8844 2.08954e-15
 3945.3337 2.04025e-15
 3947.7829 2.35003e-15
 3950.2321 2.05075e-15
 3952.6813 2.34866e-15
 3955.1305 2.29449e-15
 3957.5797 2.33323e-15
 3960.0289 2.59335e-15
 3962.4781 2.23316e-15
 3964.9273 2.23184e-15
 3967.3765 2.23566e-15
 3969.8257 2.76528e-15
 3972.2749 2.35086e-15
 3974.7242 2.61573e-15
 3977.1734 2.38775e-15
 3979.6226 2.84093e-15
 3982.0718 2.73723e-15
 3984.5210 2.75734e-15
 3986.9702 2.46794e-15
 3989.4194 2.40402e-15
 3991.8686 2.60259e-15
 3994.3178 2.78726e-15
 3996.7670 2.46539e-15
 3999.2163 2.44386e-15
 4001.6655 2.61425e-15
 4004.1147 2.19980e-15
 4006.5639 1.69048e-15
 4009.0131 2.00906e-15
 4011.4623 2.33700e-15
 4013.9115 1.67490e-15
 4016.3607 2.19237e-15
 4018.8099 1.99901e-15
 4021.2591 1.86420e-15
 4023.7083 1.71081e-15
 4026.1575 1.81015e-15
 4028.6068 1.87620e-15
 4031.0560 2.34297e-15
 4033.5052 2.53873e-15
 4035.9544 1.98942e-15
 4038.4036 2.27626e-15
 4040.8528 2.56368e-15
 4043.3020 2.32506e-15
 4045.7512 2.20290e-15
 4048.2004 2.19299e-15
 4050.6496 2.02511e-15
 4053.0988 2.20473e-15
 4055.5481 2.63163e-15
 4057.9973 2.70331e-15
 4060.4465 2.92008e-15
 4062.8957 2.19281e-15
 4065.3449 2.85064e-15
 4067.7941 2.81967e-15
 4070.2433 2.68322e-15
 4072.6925 2.58638e-15
 4075.1417 2.72828e-15
 4077.5909 2.79429e-15
 4080.0401 2.98833e-15
 4082.4893 3.07071e-15
 4084.9386 3.19119e-15
 4087.3878 2.89493e-15
 4089.8370 2.20119e-15
 4092.2862 2.29395e-15
 4094.7354 2.51433e-15
 4097.1846 2.78694e-15
 4099.6338 3.11148e-15
 4102.0830 2.85334e-15
 4104.5322 3.08244e-15
 4106.9814 3.01671e-15
 4109.4306 2.50001e-15
 4111.8799 2.30535e-15
 4114.3291 2.41171e-15
 4116.7783 2.31485e-15
 4119.2275 2.72699e-15
 4121.6767 2.89936e-15
 4124.1259 2.67572e-15
 4126.5751 2.53916e-15
 4129.0243 3.57240e-15
 4131.4735 3.43298e-15
 4133.9227 2.42577e-15
 4136.3719 2.29265e-15
 4138.8212 2.44579e-15
 4141.2704 2.62486e-15
 4143.7196 2.66573e-15
 4146.1688 2.30529e-15
 4148.6180 1.89386e-15
 4151.0672 2.30897e-15
 4153.5164 2.23864e-15
 4155.9656 2.44119e-15
 4158.4148 2.32380e-15
 4160.8640 2.50480e-15
 4163.3132 2.71847e-15
 4165.7625 2.53333e-15
 4168.2117 2.64234e-15
 4170.6609 3.03293e-15
 4173.1101 2.69550e-15
 4175.5593 2.68177e-15
 4178.0085 3.04193e-15
 4180.4577 3.25279e-15
 4182.9069 3.27456e-15
 4185.3561 3.51403e-15
 4187.8053 3.36851e-15
 4190.2545 3.49975e-15
 4192.7037 3.48271e-15
 4195.1530 3.91825e-15
 4197.6022 3.52743e-15
 4200.0514 3.56647e-15
 4202.5006 3.87141e-15
 4204.9498 3.57364e-15
 4207.3990 3.55990e-15
 4209.8482 3.50135e-15
 4212.2974 3.56961e-15
 4214.7466 3.56952e-15
 4217.1958 3.49367e-15
 4219.6450 3.43297e-15
 4222.0943 3.20920e-15
 4224.5435 3.19930e-15
 4226.9927 3.50539e-15
 4229.4419 3.47203e-15
 4231.8911 3.17751e-15
 4234.3403 3.10697e-15
 4236.7895 3.14308e-15
 4239.2387 3.28857e-15
 4241.6879 3.10832e-15
 4244.1371 3.27342e-15
 4246.5863 3.34983e-15
 4249.0356 3.55104e-15
 4251.4848 3.51899e-15
 4253.9340 3.16027e-15
 4256.3832 3.57821e-15
 4258.8324 3.56943e-15
 4261.2816 3.38155e-15
 4263.7308 3.55342e-15
 4266.1800 3.29766e-15
 4268.6292 3.18154e-15
 4271.0784 3.24967e-15
 4273.5276 3.46403e-15
 4275.9768 3.57891e-15
 4278.4261 3.49299e-15
 4280.8753 3.56730e-15
 4283.3245 3.59214e-15
 4285.7737 3.39222e-15
 4288.2229 3.42064e-15
 4290.6721 3.55895e-15
 4293.1213 3.70211e-15
 4295.5705 3.63090e-15
 4298.0197 3.53047e-15
 4300.4689 3.61756e-15
 4302.9181 3.54557e-15
 4305.3674 3.43558e-15
 4307.8166 3.26983e-15
 4310.2658 3.22070e-15
 4312.7150 3.36009e-15
 4315.1642 3.23509e-15
 4317.6134 3.31329e-15
 4320.0626 3.37163e-15
 4322.5118 3.18768e-15
 4324.9610 3.25093e-15
 4327.4102 3.03248e-15
 4329.8594 3.15855e-15
 4332.3086 3.54384e-15
 4334.7579 3.41469e-15
 4337.2071 3.48897e-15
 4339.6563 3.43767e-15
 4342.1055 3.42887e-15
 4344.5547 3.15027e-15
 4347.0039 3.31906e-15
 4349.4531 3.46710e-15
 4351.9023 3.34261e-15
 4354.3515 3.22566e-15
 4356.8007 3.24726e-15
 4359.2500 3.39415e-15
 4361.6992 3.45168e-15
 4364.1484 3.24621e-15
 4366.5976 3.43306e-15
 4369.0468 3.49205e-15
 4371.4960 3.32282e-15
 4373.9452 3.24869e-15
 4376.3944 3.30391e-15
 4378.8436 3.46180e-15
 4381.2928 3.51144e-15
 4383.7420 3.57067e-15
 4386.1912 3.45955e-15
 4388.6405 3.20847e-15
 4391.0897 3.26043e-15
 4393.5389 3.45765e-15
 4395.9881 3.08660e-15
 4398.4373 2.10289e-15
 4400.8865 2.97459e-15
 4403.3357 3.61369e-15
 4405.7849 3.75824e-15
 4408.2341 3.77715e-15
 4410.6833 3.75863e-15
 4413.1325 4.00753e-15
 4415.5817 3.84985e-15
 4418.0310 4.04862e-15
 4420.4802 4.18327e-15
 4422.9294 4.18592e-15
 4425.3786 4.37062e-15
 4427.8278 4.53180e-15
 4430.2770 4.57779e-15
 4432.7262 4.62055e-15
 4435.1754 4.93348e-15
 4437.6246 5.06961e-15
 4440.0738 5.32851e-15
 4442.5230 5.38477e-15
 4444.9723 5.87270e-15
 4447.4215 5.92442e-15
 4449.8707 5.83106e-15
 4452.3199 6.13926e-15
 4454.7691 6.22434e-15
 4457.2183 6.38311e-15
 4459.6675 6.49651e-15
 4462.1167 6.53631e-15
 4464.5659 6.69495e-15
 4467.0151 6.81592e-15
 4469.4643 7.08314e-15
 4471.9136 7.39144e-15
 4474.3628 7.11836e-15
 4476.8120 7.18965e-15
 4479.2612 7.61521e-15
 4481.7104 7.87809e-15
 4484.1596 8.08515e-15
 4486.6088 7.99835e-15
 4489.0580 8.08752e-15
 4491.5072 8.29300e-15
 4493.9564 8.42350e-15
 4496.4056 8.77289e-15
 4498.8549 9.02517e-15
 4501.3041 8.81155e-15
 4503.7533 9.41897e-15
 4506.2025 9.34325e-15
 4508.6517 9.15314e-15
 4511.1009 9.23758e-15
 4513.5501 9.28813e-15
 4515.9993 9.53310e-15
 4518.4485 9.31821e-15
 4520.8977 9.83081e-15
 4523.3469 9.86441e-15
 4525.7961 9.86328e-15
 4528.2454 1.00606e-14
 4530.6946 1.08182e-14
 4533.1438 1.07118e-14
 4535.5930 1.07335e-14
 4538.0422 1.06443e-14
 4540.4914 1.07579e-14
 4542.9406 1.10745e-14
 4545.3898 1.14687e-14
 4547.8390 1.16334e-14
 4550.2882 1.19226e-14
 4552.7374 1.16885e-14
 4555.1867 1.19689e-14
 4557.6359 1.20562e-14
 4560.0851 1.19574e-14
 4562.5343 1.20466e-14
 4564.9835 1.19871e-14
 4567.4327 1.21265e-14
 4569.8819 1.21193e-14
 4572.3311 1.22616e-14
 4574.7803 1.21387e-14
 4577.2295 1.15166e-14
 4579.6787 1.14583e-14
 4582.1280 1.13605e-14
 4584.5772 1.11532e-14
 4587.0264 1.12209e-14
 4589.4756 1.09594e-14
 4591.9248 1.09447e-14
 4594.3740 1.10949e-14
 4596.8232 1.08981e-14
 4599.2724 1.07978e-14
 4601.7216 1.07885e-14
 4604.1708 1.04835e-14
 4606.6200 1.01731e-14
 4609.0693 1.03185e-14
 4611.5185 1.03357e-14
 4613.9677 1.03191e-14
 4616.4169 1.02393e-14
 4618.8661 1.00969e-14
 4621.3153 1.02257e-14
 4623.7645 9.78849e-15
 4626.2137 1.00414e-14
 4628.6629 1.01757e-14
 4631.1121 1.02713e-14
 4633.5613 9.96755e-15
 4636.0105 9.85136e-15
 4638.4598 9.80457e-15
 4640.9090 1.01759e-14
 4643.3582 9.91087e-15
 4645.8074 9.59178e-15
 4648.2566 9.57997e-15
 4650.7058 9.49606e-15
 4653.1550 9.43168e-15
 4655.6042 9.31923e-15
 4658.0534 9.48997e-15
 4660.5026 9.13363e-15
 4662.9518 9.06408e-15
 4665.4010 8.93391e-15
 4667.8503 8.68830e-15
 4670.2995 8.47140e-15
 4672.7487 8.24858e-15
 4675.1979 8.15913e-15
 4677.6471 8.12892e-15
 4680.0963 7.96239e-15
 4682.5455 7.84040e-15
 4684.9947 7.56620e-15
 4687.4439 7.90344e-15
 4689.8931 7.94354e-15
 4692.3423 7.76435e-15
 4694.7916 7.98264e-15
 4697.2408 8.04754e-15
 4699.6900 8.09834e-15
 4702.1392 8.10651e-15
 4704.5884 8.01362e-15
 4707.0376 7.92755e-15
 4709.4868 8.17095e-15
 4711.9360 8.28299e-15
 4714.3852 8.05414e-15
 4716.8344 8.00717e-15
 4719.2836 8.14708e-15
 4721.7329 8.49979e-15
 4724.1821 8.33648e-15
 4726.6313 8.37095e-15
 4729.0805 8.60138e-15
 4731.5297 8.84118e-15
 4733.9789 9.02422e-15
 4736.4281 9.13338e-15
 4738.8773 9.20768e-15
 4741.3265 8.97635e-15
 4743.7757 9.05160e-15
 4746.2249 9.07109e-15
 4748.6742 9.18446e-15
 4751.1234 9.20435e-15
 4753.5726 8.86299e-15
 4756.0218 9.24527e-15
 4758.4710 9.17916e-15
 4760.9202 8.95628e-15
 4763.3694 9.09004e-15
 4765.8186 8.80924e-15
 4768.2678 8.83824e-15
 4770.7170 9.17500e-15
 4773.1662 9.09391e-15
 4775.6154 8.68893e-15
 4778.0647 9.16745e-15
 4780.5139 9.30931e-15
 4782.9631 9.22556e-15
 4785.4123 9.13063e-15
 4787.8615 9.25799e-15
 4790.3107 9.90376e-15
 4792.7599 9.64555e-15
 4795.2091 9.62711e-15
 4797.6583 9.90966e-15
 4800.1075 9.76552e-15
 4802.5567 9.77224e-15
 4805.0059 9.71540e-15
 4807.4552 9.77197e-15
 4809.9044 9.95289e-15
 4812.3536 1.00639e-14
 4814.8028 1.00237e-14
 4817.2520 9.96732e-15
 4819.7012 1.01416e-14
 4822.1504 1.00787e-14
 4824.5996 1.00163e-14
 4827.0488 1.02203e-14
 4829.4980 1.02652e-14
 4831.9473 1.02396e-14
 4834.3965 1.01041e-14
 4836.8457 1.01119e-14
 4839.2949 9.79826e-15
 4841.7441 9.61098e-15
 4844.1933 9.60012e-15
 4846.6425 9.28520e-15
 4849.0917 8.82086e-15
 4851.5409 8.83903e-15
 4853.9901 8.92528e-15
 4856.4393 8.61130e-15
 4858.8886 8.26492e-15
 4861.3378 8.22483e-15
 4863.7870 8.14617e-15
 4866.2362 7.95846e-15
 4868.6854 7.89295e-15
 4871.1346 7.81703e-15
 4873.5838 7.57614e-15
 4876.0330 7.50938e-15
 4878.4822 7.57946e-15
 4880.9314 7.43578e-15
 4883.3806 7.42842e-15
 4885.8298 7.43347e-15
 4888.2791 7.27853e-15
 4890.7283 7.44294e-15
 4893.1775 7.69843e-15
 4895.6267 7.58213e-15
 4898.0759 7.59609e-15
 4900.5251 7.57043e-15
 4902.9743 7.78128e-15
 4905.4235 7.90430e-15
 4907.8727 7.82234e-15
 4910.3219 7.79169e-15
 4912.7711 7.84236e-15
 4915.2203 7.99972e-15
 4917.6696 8.14328e-15
 4920.1188 8.24500e-15
 4922.5680 8.29237e-15
 4925.0172 8.24346e-15
 4927.4664 8.28658e-15
 4929.9156 8.43261e-15
 4932.3648 8.50864e-15
 4934.8140 8.37283e-15
 4937.2632 8.29619e-15
 4939.7124 8.29426e-15
 4942.1617 8.04312e-15
 4944.6109 8.08464e-15
 4947.0601 7.91246e-15
 4949.5093 8.05670e-15
 4951.9585 7.95690e-15
 4954.4077 7.85212e-15
 4956.8569 7.59856e-15
 4959.3061 7.53071e-15
 4961.7553 7.41310e-15
 4964.2045 7.46218e-15
 4966.6537 7.42231e-15
 4969.1029 7.21511e-15
 4971.5522 7.15706e-15
 4974.0014 6.90970e-15
 4976.4506 6.96495e-15
 4978.8998 6.77176e-15
 4981.3490 6.78924e-15
 4983.7982 6.62276e-15
 4986.2474 6.47816e-15
 4988.6966 6.45668e-15
 4991.1458 6.24421e-15
 4993.5950 6.19359e-15
 4996.0442 6.29661e-15
 4998.4935 6.25425e-15
 5000.9427 6.15755e-15
 5003.3919 6.16583e-15
 5005.8411 6.15314e-15
 5008.2903 6.23455e-15
 5010.7395 6.35984e-15
 5013.1887 6.38994e-15
 5015.6379 6.31058e-15
 5018.0871 6.26294e-15
 5020.5363 6.20673e-15
 5022.9855 6.09980e-15
 5025.4347 6.26842e-15
 5027.8840 6.27686e-15
 5030.3332 6.31805e-15
 5032.7824 6.39377e-15
 5035.2316 6.45607e-15
 5037.6808 6.48400e-15
 5040.1300 6.68899e-15
 5042.5792 6.81885e-15
 5045.0284 6.88625e-15
 5047.4776 6.65370e-15
 5049.9268 6.71564e-15
 5052.3761 6.94687e-15
 5054.8253 6.90414e-15
 5057.2745 6.84174e-15
 5059.7237 7.06603e-15
 5062.1729 7.07151e-15
 5064.6221 7.19393e-15
 5067.0713 7.24203e-15
 5069.5205 7.23787e-15
 5071.9697 7.25926e-15
 5074.4189 7.26094e-15
 5076.8681 7.41440e-15
 5079.3173 7.25916e-15
 5081.7666 7.31461e-15
 5084.2158 7.34328e-15
 5086.6650 7.56895e-15
 5089.1142 7.59729e-15
 5091.5634 7.47736e-15
 5094.0126 7.48221e-15
 5096.4618 7.54695e-15
 5098.9110 7.60829e-15
 5101.3602 7.60660e-15
 5103.8094 7.81762e-15
 5106.2586 7.67933e-15
 5108.7078 7.69108e-15
 5111.1571 7.78602e-15
 5113.6063 7.97308e-15
 5116.0555 8.15092e-15
 5118.5047 7.95408e-15
 5120.9539 7.99114e-15
 5123.4031 8.01505e-15
 5125.8523 8.17688e-15
 5128.3015 8.15846e-15
 5130.7507 8.25329e-15
 5133.1999 8.17648e-15
 5135.6491 8.06777e-15
 5138.0984 8.29950e-15
 5140.5476 8.11423e-15
 5142.9968 8.24040e-15
 5145.4460 8.42547e-15
 5147.8952 8.51240e-15
 5150.3444 8.50111e-15
 5152.7936 8.13499e-15
 5155.2428 8.54649e-15
 5157.6920 8.46286e-15
 5160.1412 8.61465e-15
 5162.5904 8.56304e-15
 5165.0397 8.56930e-15
 5167.4889 8.74118e-15
 5169.9381 8.87455e-15
 5172.3873 8.81978e-15
 5174.8365 8.77583e-15
 5177.2857 8.81148e-15
 5179.7349 8.72614e-15
 5182.1841 8.76537e-15
 5184.6333 8.81438e-15
 5187.0825 8.89716e-15
 5189.5317 8.91775e-15
 5191.9810 9.07463e-15
 5194.4302 8.92236e-15
 5196.8794 8.99548e-15
 5199.3286 9.17888e-15
 5201.7778 9.22139e-15
 5204.2270 9.19895e-15
 5206.6762 9.26024e-15
 5209.1254 9.52880e-15
 5211.5746 9.59680e-15
 5214.0238 9.56635e-15
 5216.4730 9.44491e-15
 5218.9222 9.58413e-15
 5221.3715 9.73286e-15
 5223.8207 9.78673e-15
 5226.2699 9.92086e-15
 5228.7191 1.03312e-14
 5231.1683 1.01349e-14
 5233.6175 1.00799e-14
 5236.0667 1.01763e-14
 5238.5159 1.03627e-14
 5240.9651 1.02302e-14
 5243.4143 1.01610e-14
 5245.8635 1.01931e-14
 5248.3128 1.00512e-14
 5250.7620 1.03028e-14
 5253.2112 1.03097e-14
 5255.6604 1.04531e-14
 5258.1096 1.02295e-14
 5260.5588 1.00348e-14
 5263.0080 1.00246e-14
 5265.4572 1.00603e-14
 5267.9064 9.92480e-15
 5270.3556 9.79743e-15
 5272.8048 9.69607e-15
 5275.2540 9.47221e-15
 5277.7033 9.50649e-15
 5280.1525 9.49871e-15
 5282.6017 9.50200e-15
 5285.0509 9.55056e-15
 5287.5001 9.32565e-15
 5289.9493 9.05623e-15
 5292.3985 8.85533e-15
 5294.8477 8.95885e-15
 5297.2969 9.21142e-15
 5299.7461 9.07146e-15
 5302.1954 8.93428e-15
 5304.6446 8.87582e-15
 5307.0938 8.77371e-15
 5309.5430 8.78197e-15
 5311.9922 8.82477e-15
 5314.4414 8.86537e-15
 5316.8906 8.95004e-15
 5319.3398 8.66647e-15
 5321.7890 8.59590e-15
 5324.2382 8.58683e-15
 5326.6874 8.74884e-15
 5329.1366 9.08072e-15
 5331.5859 8.92868e-15
 5334.0351 8.89349e-15
 5336.4843 8.71905e-15
 5338.9335 8.68537e-15
 5341.3827 8.75961e-15
 5343.8319 8.94388e-15
 5346.2811 8.80643e-15
 5348.7303 8.81480e-15
 5351.1795 8.74929e-15
 5353.6287 8.78623e-15
 5356.0779 8.84115e-15
 5358.5271 8.88992e-15
 5360.9764 8.88809e-15
 5363.4256 9.03004e-15
 5365.8748 9.00727e-15
 5368.3240 8.98725e-15
 5370.7732 8.97487e-15
 5373.2224 9.11079e-15
 5375.6716 9.07334e-15
 5378.1208 9.07437e-15
 5380.5700 9.08515e-15
 5383.0192 9.22819e-15
 5385.4684 9.25257e-15
 5387.9177 9.03088e-15
 5390.3669 9.20941e-15
 5392.8161 9.33586e-15
 5395.2653 9.37084e-15
 5397.7145 9.65647e-15
 5400.1637 9.44315e-15
 5402.6129 1.02719e-14
 5405.0621 9.51356e-15
 5407.5113 9.03965e-15
 5409.9605 8.95768e-15
 5412.4097 9.09831e-15
 5414.8590 9.03539e-15
 5417.3082 8.81055e-15
 5419.7574 8.63161e-15
 5422.2066 8.98490e-15
 5424.6558 8.92189e-15
 5427.1050 8.64860e-15
 5429.5542 8.69296e-15
 5432.0034 8.88502e-15
 5434.4526 8.71957e-15
 5436.9018 8.38893e-15
 5439.3510 8.50873e-15
 5441.8003 8.51190e-15
 5444.2495 8.34830e-15
 5446.6987 8.32272e-15
 5449.1479 8.19769e-15
 5451.5971 8.16918e-15
 5454.0463 8.14065e-15
 5456.4955 8.08052e-15
 5458.9447 7.95333e-15
 5461.3939 7.88772e-15
 5463.8431 7.75768e-15
 5466.2923 7.70511e-15
 5468.7415 7.81839e-15
 5471.1908 7.56825e-15
 5473.6400 7.39681e-15
 5476.0892 7.32185e-15
 5478.5384 7.13793e-15
 5480.9876 7.35667e-15
 5483.4368 7.34569e-15
 5485.8860 7.22894e-15
 5488.3352 7.34983e-15
 5490.7844 6.98125e-15
 5493.2336 7.01329e-15
 5495.6828 7.13697e-15
 5498.1320 6.86019e-15
 5500.5813 6.93219e-15
 5503.0305 6.79763e-15
 5505.4797 6.84448e-15
 5507.9289 6.94328e-15
 5510.3781 6.95100e-15
 5512.8273 6.96095e-15
 5515.2765 6.89861e-15
 5517.7257 7.08730e-15
 5520.1749 7.35913e-15
 5522.6241 7.11799e-15
 5525.0734 7.25334e-15
 5527.5226 7.28541e-15
 5529.9718 7.37911e-15
 5532.4210 7.40864e-15
 5534.8702 7.41666e-15
 5537.3194 7.44580e-15
 5539.7686 7.61658e-15
 5542.2178 7.75293e-15
 5544.6670 7.75934e-15
 5547.1162 7.77341e-15
 5549.5654 7.71389e-15
 5552.0146 7.87884e-15
 5554.4639 8.11002e-15
 5556.9131 8.06589e-15
 5559.3623 8.06970e-15
 5561.8115 8.24291e-15
 5564.2607 8.25612e-15
 5566.7099 8.27679e-15
 5569.1591 8.36495e-15
 5571.6083 8.52228e-15
 5574.0575 8.60841e-15
 5576.5067 8.41966e-15
 5578.9559 8.53181e-15
 5581.4052 8.63193e-15
 5583.8544 8.67895e-15
 5586.3036 8.55756e-15
 5588.7528 8.54485e-15
 5591.2020 8.67413e-15
 5593.6512 8.61310e-15
 5596.1004 8.62622e-15
 5598.5496 8.42911e-15
 5600.9988 8.54013e-15
 5603.4480 8.47520e-15
 5605.8972 8.52323e-15
 5608.3464 8.53348e-15
 5610.7957 8.33813e-15
 5613.2449 8.42411e-15
 5615.6941 8.42877e-15
 5618.1433 8.39782e-15
 5620.5925 8.20715e-15
 5623.0417 8.13521e-15
 5625.4909 8.37659e-15
 5627.9401 8.19093e-15
 5630.3893 7.99614e-15
 5632.8385 8.04786e-15
 5635.2878 8.01945e-15
 5637.7370 8.07183e-15
 5640.1862 8.05383e-15
 5642.6354 7.98538e-15
 5645.0846 7.70096e-15
 5647.5338 7.59500e-15
 5649.9830 7.62600e-15
 5652.4322 7.68541e-15
 5654.8814 7.64647e-15
 5657.3306 7.43990e-15
 5659.7798 7.23959e-15
 5662.2290 7.32539e-15
 5664.6783 7.35520e-15
 5667.1275 7.30707e-15
 5669.5767 7.11519e-15
 5672.0259 6.96702e-15
 5674.4751 7.08296e-15
 5676.9243 7.06163e-15
 5679.3735 7.00550e-15
 5681.8227 7.00414e-15
 5684.2719 7.07360e-15
 5686.7211 7.24999e-15
 5689.1703 7.07553e-15
 5691.6196 7.06525e-15
 5694.0688 6.98296e-15
 5696.5180 6.93840e-15
 5698.9672 7.21547e-15
 5701.4164 7.21981e-15
 5703.8656 7.26704e-15
 5706.3148 7.23768e-15
 5708.7640 7.25099e-15
 5711.2132 7.19462e-15
 5713.6624 7.08024e-15
 5716.1116 7.14797e-15
 5718.5608 7.20083e-15
 5721.0101 7.21490e-15
 5723.4593 7.13265e-15
 5725.9085 7.18458e-15
 5728.3577 7.13890e-15
 5730.8069 6.94919e-15
 5733.2561 6.86165e-15
 5735.7053 6.76779e-15
 5738.1545 6.73148e-15
 5740.6037 6.59316e-15
 5743.0529 6.50650e-15
 5745.5021 6.37094e-15
 5747.9514 6.20869e-15
 5750.4006 6.03270e-15
 5752.8498 5.81151e-15
 5755.2990 5.58707e-15
 5757.7482 5.61182e-15
 5760.1974 5.51878e-15
 5762.6466 5.28887e-15
 5765.0958 5.16144e-15
 5767.5450 5.09243e-15
 5769.9942 5.21973e-15
 5772.4434 5.10618e-15
 5774.8927 4.91945e-15
 5777.3419 5.03096e-15
 5779.7911 4.93598e-15
 5782.2403 4.93056e-15
 5784.6895 4.84890e-15
 5787.1387 4.94542e-15
 5789.5879 4.96094e-15
 5792.0371 5.12391e-15
 5794.4863 5.03879e-15
 5796.9355 5.03311e-15
 5799.3847 5.02908e-15
 5801.8339 5.08426e-15
 5804.2832 5.10732e-15
 5806.7324 5.24157e-15
 5809.1816 5.25536e-15
 5811.6308 5.31838e-15
 5814.0800 5.29090e-15
 5816.5292 5.40416e-15
 5818.9784 5.44746e-15
 5821.4276 5.61574e-15
 5823.8768 5.72730e-15
 5826.3260 5.74794e-15
 5828.7752 5.82366e-15
 5831.2245 5.95862e-15
 5833.6737 5.98695e-15
 5836.1229 6.09903e-15
 5838.5721 6.30769e-15
 5841.0213 6.41722e-15
 5843.4705 6.36197e-15
 5845.9197 6.23264e-15
 5848.3689 6.38701e-15
 5850.8181 6.58167e-15
 5853.2673 6.74597e-15
 5855.7165 6.66054e-15
 5858.1657 6.63747e-15
 5860.6150 6.84172e-15
 5863.0642 6.97989e-15
 5865.5134 6.99501e-15
 5867.9626 7.06267e-15
 5870.4118 7.09841e-15
 5872.8610 7.20017e-15
 5875.3102 7.15735e-15
 5877.7594 7.26591e-15
 5880.2086 7.34046e-15
 5882.6578 7.69122e-15
 5885.1071 7.80772e-15
 5887.5563 7.87808e-15
 5890.0055 7.84281e-15
 5892.4547 7.77727e-15
 5894.9039 7.71115e-15
 5897.3531 8.00807e-15
 5899.8023 8.01664e-15
 5902.2515 7.94235e-15
 5904.7007 8.02774e-15
 5907.1499 8.12371e-15
 5909.5991 7.97053e-15
 5912.0483 7.99606e-15
 5914.4976 7.96198e-15
 5916.9468 7.93009e-15
 5919.3960 8.03868e-15
 5921.8452 8.10111e-15
 5924.2944 7.89175e-15
 5926.7436 7.78608e-15
 5929.1928 7.80293e-15
 5931.6420 7.79233e-15
 5934.0912 7.61612e-15
 5936.5404 7.56923e-15
 5938.9896 7.79322e-15
 5941.4389 7.78827e-15
 5943.8881 7.81706e-15
 5946.3373 7.59946e-15
 5948.7865 7.69400e-15
 5951.2357 7.73353e-15
 5953.6849 7.56342e-15
 5956.1341 7.62277e-15
 5958.5833 7.53476e-15
 5961.0325 7.56151e-15
 5963.4817 7.76120e-15
 5965.9309 7.58830e-15
 5968.3801 7.51741e-15
 5970.8294 7.59279e-15
 5973.2786 7.65918e-15
 5975.7278 7.70131e-15
 5978.1770 7.82282e-15
 5980.6262 7.70035e-15
 5983.0754 7.69680e-15
 5985.5246 7.82921e-15
 5987.9738 7.70737e-15
 5990.4230 7.83925e-15
 5992.8722 7.97968e-15
 5995.3215 7.78866e-15
 5997.7707 7.69000e-15
 6000.2199 7.80947e-15
 6002.6691 7.77469e-15
 6005.1183 7.69307e-15
 6007.5675 7.73303e-15
 6010.0167 7.82391e-15
 6012.4659 7.82197e-15
 6014.9151 7.73700e-15
 6017.3643 7.76622e-15
 6019.8135 7.74357e-15
 6022.2627 7.68692e-15
 6024.7120 7.64971e-15
 6027.1612 7.43052e-15
 6029.6104 7.24561e-15
 6032.0596 7.20299e-15
 6034.5088 7.16279e-15
 6036.9580 7.00443e-15
 6039.4072 6.83714e-15
 6041.8564 6.90895e-15
 6044.3056 7.03010e-15
 6046.7548 7.07383e-15
 6049.2040 6.93916e-15
 6051.6532 6.92487e-15
 6054.1025 7.04110e-15
 6056.5517 6.84626e-15
 6059.0009 6.68473e-15
 6061.4501 6.62421e-15
 6063.8993 6.77626e-15
 6066.3485 6.86613e-15
 6068.7977 6.90773e-15
 6071.2469 6.69845e-15
 6073.6961 6.69446e-15
 6076.1453 6.48447e-15
 6078.5945 6.36711e-15
 6081.0438 6.05895e-15
 6083.4930 6.09013e-15
 6085.9422 6.05370e-15
 6088.3914 5.79199e-15
 6090.8406 5.66658e-15
 6093.2898 5.34229e-15
 6095.7390 5.09735e-15
 6098.1882 4.82497e-15
 6100.6374 4.73667e-15
 6103.0866 4.44743e-15
 6105.5358 4.10085e-15
 6107.9851 4.07502e-15
 6110.4343 4.03027e-15
 6112.8835 3.83396e-15
 6115.3327 3.87879e-15
 6117.7819 3.82689e-15
 6120.2311 3.62676e-15
 6122.6803 3.43050e-15
 6125.1295 3.53897e-15
 6127.5787 3.43633e-15
 6130.0279 3.22890e-15
 6132.4771 3.27968e-15
 6134.9264 3.07709e-15
 6137.3756 3.03190e-15
 6139.8248 3.16333e-15
 6142.2740 3.03309e-15
 6144.7232 2.99231e-15
 6147.1724 3.03728e-15
 6149.6216 3.26069e-15
 6152.0708 3.51408e-15
 6154.5200 3.08280e-15
 6156.9692 3.19393e-15
 6159.4184 3.19555e-15
 6161.8676 3.07391e-15
 6164.3169 3.11828e-15
 6166.7661 3.20380e-15
 6169.2153 3.29072e-15
 6171.6645 3.27567e-15
 6174.1137 3.34711e-15
 6176.5629 3.45278e-15
 6179.0121 3.42290e-15
 6181.4613 3.33326e-15
 6183.9105 3.52736e-15
 6186.3597 3.68606e-15
 6188.8089 3.85874e-15
 6191.2581 3.97774e-15
 6193.7074 4.07357e-15
 6196.1566 4.02369e-15
 6198.6058 4.18531e-15
 6201.0550 4.13303e-15
 6203.5042 4.22177e-15
 6205.9534 4.42455e-15
 6208.4026 4.39189e-15
 6210.8518 4.32856e-15
 6213.3010 4.47883e-15
 6215.7502 4.55350e-15
 6218.1994 4.56398e-15
 6220.6487 4.70431e-15
 6223.0979 4.70063e-15
 6225.5471 4.64054e-15
 6227.9963 4.76196e-15
 6230.4455 4.96515e-15
 6232.8947 5.00149e-15
 6235.3439 4.96739e-15
 6237.7931 5.05171e-15
 6240.2423 5.11294e-15
 6242.6915 5.02236e-15
 6245.1407 5.12193e-15
 6247.5900 5.17695e-15
 6250.0392 5.23102e-15
 6252.4884 5.46909e-15
 6254.9376 5.64060e-15
 6257.3868 5.63708e-15
 6259.8360 5.68641e-15
 6262.2852 5.61693e-15
 6264.7344 5.78302e-15
 6267.1836 5.73603e-15
 6269.6328 5.85293e-15
 6272.0820 6.06405e-15
 6274.5313 6.05358e-15
 6276.9805 6.21151e-15
 6279.4297 6.19645e-15
 6281.8789 6.15229e-15
 6284.3281 6.29574e-15
 6286.7773 6.48552e-15
 6289.2265 6.43665e-15
 6291.6757 6.51103e-15
 6294.1249 6.42575e-15
 6296.5741 6.35802e-15
 6299.0233 6.62686e-15
 6301.4725 6.65879e-15
 6303.9218 6.74445e-15
 6306.3710 6.75983e-15
 6308.8202 6.63678e-15
 6311.2694 6.67896e-15
 6313.7186 6.75963e-15
 6316.1678 6.88329e-15
 6318.6170 6.82583e-15
 6321.0662 6.76073e-15
 6323.5154 6.94725e-15
 6325.9646 7.06270e-15
 6328.4138 6.98977e-15
 6330.8631 6.96272e-15
 6333.3123 7.16253e-15
 6335.7615 7.26083e-15
 6338.2107 7.38554e-15
 6340.6599 7.33708e-15
 6343.1091 7.17334e-15
 6345.5583 7.24966e-15
 6348.0075 7.29779e-15
 6350.4567 7.44867e-15
 6352.9059 7.15988e-15
 6355.3551 7.20395e-15
 6357.8044 7.43042e-15
 6360.2536 7.56438e-15
 6362.7028 7.44671e-15
 6365.1520 7.29637e-15
 6367.6012 7.39972e-15
 6370.0504 7.10269e-15
 6372.4996 7.33227e-15
 6374.9488 7.52019e-15
 6377.3980 7.36407e-15
 6379.8472 7.39850e-15
 6382.2964 7.33277e-15
 6384.7457 7.20627e-15
 6387.1949 7.01618e-15
 6389.6441 7.08374e-15
 6392.0933 7.15579e-15
 6394.5425 7.00204e-15
 6396.9917 6.92314e-15
 6399.4409 6.87563e-15
 6401.8901 6.95630e-15
 6404.3393 7.29320e-15
 6406.7885 7.22710e-15
 6409.2377 6.92845e-15
 6411.6869 6.93337e-15
 6414.1362 6.99036e-15
 6416.5854 6.93953e-15
 6419.0346 6.99144e-15
 6421.4838 7.00490e-15
 6423.9330 6.83134e-15
 6426.3822 6.76202e-15
 6428.8314 6.85563e-15
 6431.2806 6.70820e-15
 6433.7298 6.69441e-15
 6436.1790 6.92293e-15
 6438.6282 6.74978e-15
 6441.0774 6.76840e-15
 6443.5267 6.88267e-15
 6445.9759 6.73943e-15
 6448.4251 6.72575e-15
 6450.8743 6.52431e-15
 6453.3235 6.62443e-15
 6455.7727 6.79886e-15
 6458.2219 6.80797e-15
 6460.6711 6.49252e-15
 6463.1203 6.54639e-15
 6465.5695 6.57486e-15
 6468.0188 6.61117e-15
 6470.4680 6.50705e-15
 6472.9172 6.36875e-15
 6475.3664 6.49056e-15
 6477.8156 6.29158e-15
 6480.2648 6.27199e-15
 6482.7140 6.20385e-15
 6485.1632 6.19500e-15
 6487.6124 6.25694e-15
 6490.0616 6.34360e-15
 6492.5108 6.34404e-15
 6494.9600 6.40773e-15
 6497.4093 6.20629e-15
 6499.8585 6.33301e-15
 6502.3077 6.07141e-15
 6504.7569 6.17491e-15
 6507.2061 6.21376e-15
 6509.6553 6.36141e-15
 6512.1045 6.20461e-15
 6514.5537 6.03196e-15
 6517.0029 6.24636e-15
 6519.4521 6.32783e-15
 6521.9013 6.16775e-15
 6524.3506 6.20718e-15
 6526.7998 6.08599e-15
 6529.2490 6.09048e-15
 6531.6982 6.11783e-15
 6534.1474 6.03844e-15
 6536.5966 5.92755e-15
 6539.0458 5.86780e-15
 6541.4950 5.93308e-15
 6543.9442 5.64335e-15
 6546.3934 5.83043e-15
 6548.8426 6.05910e-15
 6551.2918 5.79815e-15
 6553.7411 5.78096e-15
 6556.1903 5.74829e-15
 6558.6395 5.64408e-15
 6561.0887 5.64512e-15
 6563.5379 5.64774e-15
 6565.9871 5.65729e-15
 6568.4363 5.69617e-15
 6570.8855 5.54175e-15
 6573.3347 5.45989e-15
 6575.7839 5.36485e-15
 6578.2332 5.31548e-15
 6580.6824 5.35104e-15
 6583.1316 5.39868e-15
 6585.5808 5.60652e-15
 6588.0300 5.45619e-15
 6590.4792 5.31758e-15
 6592.9284 5.32607e-15
 6595.3776 5.30213e-15
 6597.8268 5.40100e-15
 6600.2760 5.53214e-15
 6602.7252 5.35161e-15
 6605.1744 5.19146e-15
 6607.6237 5.18895e-15
 6610.0729 5.25058e-15
 6612.5221 5.05934e-15
 6614.9713 4.95344e-15
 6617.4205 5.21359e-15
 6619.8697 5.12295e-15
 6622.3189 5.05620e-15
 6624.7681 5.01509e-15
 6627.2173 4.97423e-15
 6629.6665 4.87852e-15
 6632.1157 5.01295e-15
 6634.5650 5.08020e-15
 6637.0142 4.99926e-15
 6639.4634 5.09844e-15
 6641.9126 4.98647e-15
 6644.3618 4.98198e-15
 6646.8110 4.97661e-15
 6649.2602 4.88296e-15
 6651.7094 5.06059e-15
 6654.1586 5.19096e-15
 6656.6078 5.21213e-15
 6659.0570 5.05693e-15
 6661.5062 5.05501e-15
 6663.9555 4.98079e-15
 6666.4047 4.87389e-15
 6668.8539 4.99594e-15
 6671.3031 5.02255e-15
 6673.7523 5.02262e-15
 6676.2015 4.89533e-15
 6678.6507 4.88580e-15
 6681.0999 4.83883e-15
 6683.5491 4.86606e-15
 6685.9983 4.67593e-15
 6688.4475 5.52177e-15
 6690.8968 4.59243e-15
 6693.3460 4.44635e-15
 6695.7952 4.46535e-15
 6698.2444 5.64817e-15
 6700.6936 4.45818e-15
 6703.1428 4.71198e-15
 6705.5920 4.75707e-15
 6708.0412 4.90802e-15
 6710.4904 5.06114e-15
 6712.9396 4.64736e-15
 6715.3888 4.66061e-15
 6717.8381 4.69514e-15
 6720.2873 4.77628e-15
 6722.7365 4.62590e-15
 6725.1857 4.56089e-15
 6727.6349 4.57125e-15
 6730.0841 4.60542e-15
 6732.5333 4.54494e-15
 6734.9825 4.49540e-15
 6737.4317 4.54559e-15
 6739.8809 4.51122e-15
 6742.3301 4.39090e-15
 6744.7793 4.40281e-15
 6747.2286 4.45913e-15
 6749.6778 4.45270e-15
 6752.1270 4.49954e-15
 6754.5762 4.53988e-15
 6757.0254 4.43938e-15
 6759.4746 4.46105e-15
 6761.9238 4.52742e-15
 6764.3730 4.41406e-15
 6766.8222 4.36055e-15
 6769.2714 4.18328e-15
 6771.7206 4.20123e-15
 6774.1699 4.26300e-15
 6776.6191 4.23475e-15
 6779.0683 4.44174e-15
 6781.5175 4.38774e-15
 6783.9667 4.20006e-15
 6786.4159 4.20966e-15
 6788.8651 4.18152e-15
 6791.3143 4.10710e-15
 6793.7635 4.10210e-15
 6796.2127 3.94246e-15
 6798.6619 3.99684e-15
 6801.1111 3.86616e-15
 6803.5604 3.74324e-15
 6806.0096 3.82031e-15
 6808.4588 3.85391e-15
 6810.9080 3.80808e-15
 6813.3572 3.77390e-15
 6815.8064 3.84906e-15
 6818.2556 3.64817e-15
 6820.7048 3.47879e-15
 6823.1540 3.71721e-15
 6825.6032 3.82833e-15
 6828.0525 3.77160e-15
 6830.5017 3.59579e-15
 6832.9509 3.63453e-15
 6835.4001 3.60120e-15
 6837.8493 3.76332e-15
 6840.2985 3.56334e-15
 6842.7477 3.74668e-15
 6845.1969 3.82228e-15
 6847.6461 3.69261e-15
 6850.0953 3.58339e-15
 6852.5445 3.67959e-15
 6854.9937 3.81876e-15
 6857.4430 3.76692e-15
 6859.8922 3.69628e-15
 6862.3414 3.75224e-15
 6864.7906 3.76937e-15
 6867.2398 3.74487e-15
 6869.6890 3.88099e-15
 6872.1382 3.84909e-15
 6874.5874 3.77406e-15
 6877.0366 3.79266e-15
 6879.4858 3.90671e-15
 6881.9350 3.91361e-15
 6884.3842 3.75582e-15
 6886.8335 3.85500e-15
 6889.2827 3.95376e-15
 6891.7319 3.91868e-15
 6894.1811 3.87403e-15
 6896.6303 3.86690e-15
 6899.0795 3.92634e-15
 6901.5287 3.89177e-15
 6903.9779 3.79273e-15
 6906.4271 3.82810e-15
 6908.8763 3.85135e-15
 6911.3255 3.81072e-15
 6913.7748 3.73387e-15
 6916.2240 3.92462e-15
 6918.6732 3.88749e-15
 6921.1224 3.75338e-15
 6923.5716 3.69235e-15
 6926.0208 3.80372e-15
 6928.4700 3.75668e-15
 6930.9192 3.75889e-15
 6933.3684 3.82330e-15
 6935.8176 3.75897e-15
 6938.2668 3.61376e-15
 6940.7161 3.61678e-15
 6943.1653 3.55351e-15
 6945.6145 3.62056e-15
 6948.0637 3.64217e-15
 6950.5129 3.73125e-15
 6952.9621 3.62357e-15
 6955.4113 3.60991e-15
 6957.8605 3.56361e-15
 6960.3097 3.56584e-15
 6962.7589 3.55514e-15
 6965.2081 3.69519e-15
 6967.6574 3.51313e-15
 6970.1066 3.54702e-15
 6972.5558 3.71900e-15
 6975.0050 3.56459e-15
 6977.4542 3.49146e-15
 6979.9034 3.59979e-15
 6982.3526 3.55725e-15
 6984.8018 3.48623e-15
 6987.2510 3.57071e-15
 6989.7002 3.49667e-15
 6992.1494 3.46340e-15
 6994.5986 3.63826e-15
 6997.0479 3.60494e-15
 6999.4971 3.69233e-15
 7001.9463 3.67252e-15
 7004.3955 3.51817e-15
 7006.8447 3.53216e-15
 7009.2939 3.47290e-15
 7011.7431 3.44996e-15
 7014.1923 3.59548e-15
 7016.6415 3.58707e-15
 7019.0907 3.49222e-15
 7021.5399 3.34490e-15
 7023.9892 3.59038e-15
 7026.4384 3.50317e-15
 7028.8876 3.61402e-15
 7031.3368 3.72433e-15
 7033.7860 3.41675e-15
 7036.2352 3.32689e-15
 7038.6844 3.36262e-15
 7041.1336 3.47326e-15
 7043.5828 3.43226e-15
 7046.0320 3.35529e-15
 7048.4812 3.51362e-15
 7050.9305 3.48657e-15
 7053.3797 3.45647e-15
 7055.8289 3.42475e-15
 7058.2781 3.51959e-15
 7060.7273 3.38620e-15
 7063.1765 3.38105e-15
 7065.6257 3.32061e-15
 7068.0749 3.29114e-15
 7070.5241 3.17028e-15
 7072.9733 3.16197e-15
 7075.4225 3.47241e-15
 7077.8718 3.29418e-15
 7080.3210 3.39280e-15
 7082.7702 3.43886e-15
 7085.2194 3.28533e-15
 7087.6686 3.12430e-15
 7090.1178 3.46846e-15
 7092.5670 3.40697e-15
 7095.0162 3.34745e-15
 7097.4654 3.09036e-15
 7099.9146 3.25627e-15
 7102.3638 3.38290e-15
 7104.8130 3.36699e-15
 7107.2623 3.17879e-15
 7109.7115 3.15813e-15
 7112.1607 3.23925e-15
 7114.6099 3.14327e-15
 7117.0591 3.21673e-15
 7119.5083 3.31837e-15
 7121.9575 3.08648e-15
 7124.4067 3.25080e-15
 7126.8559 3.21500e-15
 7129.3051 3.12237e-15
 7131.7543 3.12235e-15
 7134.2035 3.08265e-15
 7136.6528 3.04591e-15
 7139.1020 3.11008e-15
 7141.5512 3.25521e-15
 7144.0004 3.10435e-15
 7146.4496 3.07966e-15
 7148.8988 3.07177e-15
 7151.3480 3.03374e-15
 7153.7972 3.22147e-15
 7156.2464 3.03619e-15
 7158.6956 3.08412e-15
 7161.1449 3.13639e-15
 7163.5941 3.12275e-15
 7166.0433 3.08841e-15
 7168.4925 3.24755e-15
 7170.9417 3.12816e-15
 7173.3909 3.07066e-15
 7175.8401 3.23903e-15
 7178.2893 3.13774e-15
 7180.7385 3.03360e-15
 7183.1877 3.11702e-15
 7185.6369 3.02510e-15
 7188.0861 3.06088e-15
 7190.5354 2.96507e-15
 7192.9846 2.86499e-15
 7195.4338 2.88555e-15
 7197.8830 2.94425e-15
 7200.3322 2.86660e-15
 7202.7814 2.74701e-15
 7205.2306 2.79632e-15
 7207.6798 2.95534e-15
 7210.1290 2.99415e-15
 7212.5782 2.90625e-15
 7215.0274 3.03063e-15
 7217.4767 2.86247e-15
 7219.9259 2.78615e-15
 7222.3751 2.75904e-15
 7224.8243 2.89236e-15
 7227.2735 2.89160e-15
 7229.7227 2.83478e-15
 7232.1719 2.99851e-15
 7234.6211 3.09196e-15
 7237.0703 2.90630e-15
 7239.5195 2.95921e-15
 7241.9687 2.77179e-15
 7244.4179 2.88672e-15
 7246.8672 2.69403e-15
 7249.3164 2.63798e-15
 7251.7656 2.80210e-15
 7254.2148 2.81682e-15
