#Object:               SN2005bg
#FITS_file:            SN05bg_b01_DUP_WF_19apr05.fits
#Redshift:             0.02309
#JDate_of_max:         2453470.70
#JDate_of_observation: 2453479.68
#Epoch:                8.78      
#
 3714.2527 1.25220e-15
 3717.2255 1.53442e-15
 3720.1983 1.49557e-15
 3723.1711 1.33716e-15
 3726.1439 1.53872e-15
 3729.1166 1.71741e-15
 3732.0894 1.02488e-15
 3735.0622 1.22046e-15
 3738.0350 1.23943e-15
 3741.0078 1.44872e-15
 3743.9805 1.22349e-15
 3746.9533 1.35786e-15
 3749.9261 1.18573e-15
 3752.8989 1.26950e-15
 3755.8717 1.06283e-15
 3758.8444 1.18942e-15
 3761.8172 1.12631e-15
 3764.7900 1.08548e-15
 3767.7628 9.21515e-16
 3770.7356 8.36707e-16
 3773.7083 9.66636e-16
 3776.6811 8.72685e-16
 3779.6539 9.14461e-16
 3782.6267 1.05989e-15
 3785.5995 9.01075e-16
 3788.5722 9.07895e-16
 3791.5450 9.22595e-16
 3794.5178 9.84753e-16
 3797.4906 8.62173e-16
 3800.4634 7.08060e-16
 3803.4362 8.74843e-16
 3806.4089 9.38700e-16
 3809.3817 9.90408e-16
 3812.3545 9.32302e-16
 3815.3273 1.03326e-15
 3818.3001 1.11059e-15
 3821.2728 1.16180e-15
 3824.2456 9.48990e-16
 3827.2184 8.38525e-16
 3830.1912 1.08742e-15
 3833.1640 1.11440e-15
 3836.1367 1.12157e-15
 3839.1095 1.13628e-15
 3842.0823 1.12240e-15
 3845.0551 1.24284e-15
 3848.0279 1.37482e-15
 3851.0006 1.33510e-15
 3853.9734 1.53529e-15
 3856.9462 1.61931e-15
 3859.9190 1.53312e-15
 3862.8918 1.57174e-15
 3865.8645 1.70451e-15
 3868.8373 1.69016e-15
 3871.8101 1.90009e-15
 3874.7829 1.96455e-15
 3877.7557 1.81428e-15
 3880.7284 1.96715e-15
 3883.7012 2.02550e-15
 3886.6740 2.02275e-15
 3889.6468 2.07714e-15
 3892.6196 2.05443e-15
 3895.5924 2.08796e-15
 3898.5651 1.94208e-15
 3901.5379 2.09744e-15
 3904.5107 2.26116e-15
 3907.4835 2.39066e-15
 3910.4563 2.31030e-15
 3913.4290 2.04621e-15
 3916.4018 2.12563e-15
 3919.3746 2.38507e-15
 3922.3474 2.43160e-15
 3925.3202 2.40035e-15
 3928.2929 2.21803e-15
 3931.2657 1.93662e-15
 3934.2385 2.20368e-15
 3937.2113 2.20372e-15
 3940.1841 2.27664e-15
 3943.1568 2.55082e-15
 3946.1296 2.42363e-15
 3949.1024 2.42907e-15
 3952.0752 2.61807e-15
 3955.0480 2.41197e-15
 3958.0207 2.20768e-15
 3960.9935 2.32575e-15
 3963.9663 2.12107e-15
 3966.9391 2.01988e-15
 3969.9119 2.05102e-15
 3972.8846 2.00185e-15
 3975.8574 1.98822e-15
 3978.8302 2.21272e-15
 3981.8030 1.99469e-15
 3984.7758 2.05893e-15
 3987.7486 2.18833e-15
 3990.7213 1.97466e-15
 3993.6941 1.84262e-15
 3996.6669 1.86568e-15
 3999.6397 1.81280e-15
 4002.6125 1.88474e-15
 4005.5852 1.91591e-15
 4008.5580 1.86235e-15
 4011.5308 1.79507e-15
 4014.5036 1.70685e-15
 4017.4764 1.92888e-15
 4020.4491 1.97178e-15
 4023.4219 1.88048e-15
 4026.3947 1.78523e-15
 4029.3675 1.78973e-15
 4032.3403 1.80883e-15
 4035.3130 1.92138e-15
 4038.2858 1.95299e-15
 4041.2586 1.97121e-15
 4044.2314 1.80838e-15
 4047.2042 2.00370e-15
 4050.1769 2.21365e-15
 4053.1497 2.20685e-15
 4056.1225 2.05827e-15
 4059.0953 1.86905e-15
 4062.0681 2.00240e-15
 4065.0408 2.13739e-15
 4068.0136 2.11927e-15
 4070.9864 2.05882e-15
 4073.9592 1.89654e-15
 4076.9320 2.01956e-15
 4079.9047 1.98369e-15
 4082.8775 2.14772e-15
 4085.8503 2.17202e-15
 4088.8231 1.98475e-15
 4091.7959 1.89917e-15
 4094.7686 2.06008e-15
 4097.7414 1.86410e-15
 4100.7142 1.96187e-15
 4103.6870 1.89508e-15
 4106.6598 2.06064e-15
 4109.6325 1.99242e-15
 4112.6053 1.97031e-15
 4115.5781 2.03700e-15
 4118.5509 2.20470e-15
 4121.5237 1.96974e-15
 4124.4965 1.97022e-15
 4127.4692 1.98153e-15
 4130.4420 1.88539e-15
 4133.4148 2.02902e-15
 4136.3876 1.97375e-15
 4139.3604 1.99903e-15
 4142.3331 2.02909e-15
 4145.3059 1.89091e-15
 4148.2787 2.00104e-15
 4151.2515 2.01247e-15
 4154.2243 1.96510e-15
 4157.1970 1.93977e-15
 4160.1698 1.79886e-15
 4163.1426 2.06309e-15
 4166.1154 1.99481e-15
 4169.0882 2.13991e-15
 4172.0609 2.10184e-15
 4175.0337 1.99599e-15
 4178.0065 2.07584e-15
 4180.9793 2.09669e-15
 4183.9521 1.99081e-15
 4186.9248 2.06336e-15
 4189.8976 2.04513e-15
 4192.8704 2.08375e-15
 4195.8432 2.08088e-15
 4198.8160 2.00049e-15
 4201.7887 1.84460e-15
 4204.7615 1.97675e-15
 4207.7343 1.91725e-15
 4210.7071 2.06628e-15
 4213.6799 1.97784e-15
 4216.6527 2.02366e-15
 4219.6254 1.93491e-15
 4222.5982 2.08136e-15
 4225.5710 1.90506e-15
 4228.5438 1.81530e-15
 4231.5166 1.97398e-15
 4234.4893 1.93428e-15
 4237.4621 1.78630e-15
 4240.4349 1.78965e-15
 4243.4077 1.69167e-15
 4246.3805 1.71124e-15
 4249.3532 1.76126e-15
 4252.3260 1.75001e-15
 4255.2988 1.86185e-15
 4258.2716 1.77594e-15
 4261.2444 1.67303e-15
 4264.2171 1.71441e-15
 4267.1899 1.76604e-15
 4270.1627 1.79644e-15
 4273.1355 1.66223e-15
 4276.1083 1.71416e-15
 4279.0810 1.59769e-15
 4282.0538 1.73856e-15
 4285.0266 1.63055e-15
 4287.9994 1.46400e-15
 4290.9722 1.55370e-15
 4293.9449 1.65430e-15
 4296.9177 1.67833e-15
 4299.8905 1.53466e-15
 4302.8633 1.55771e-15
 4305.8361 1.52780e-15
 4308.8089 1.45296e-15
 4311.7816 1.54339e-15
 4314.7544 1.55668e-15
 4317.7272 1.42821e-15
 4320.7000 1.58910e-15
 4323.6728 1.46768e-15
 4326.6455 1.40825e-15
 4329.6183 1.46862e-15
 4332.5911 1.47974e-15
 4335.5639 1.31678e-15
 4338.5367 1.46961e-15
 4341.5094 1.48617e-15
 4344.4822 1.45640e-15
 4347.4550 1.51785e-15
 4350.4278 1.48002e-15
 4353.4006 1.50763e-15
 4356.3733 1.44877e-15
 4359.3461 1.40122e-15
 4362.3189 1.43553e-15
 4365.2917 1.40898e-15
 4368.2645 1.41677e-15
 4371.2372 1.43264e-15
 4374.2100 1.40733e-15
 4377.1828 1.32722e-15
 4380.1556 1.40545e-15
 4383.1284 1.38939e-15
 4386.1011 1.27439e-15
 4389.0739 1.26967e-15
 4392.0467 1.26684e-15
 4395.0195 1.37150e-15
 4397.9923 1.36279e-15
 4400.9650 1.27243e-15
 4403.9378 1.31027e-15
 4406.9106 1.29375e-15
 4409.8834 1.37775e-15
 4412.8562 1.41110e-15
 4415.8289 1.29622e-15
 4418.8017 1.43179e-15
 4421.7745 1.43572e-15
 4424.7473 1.46596e-15
 4427.7201 1.50697e-15
 4430.6928 1.49075e-15
 4433.6656 1.49865e-15
 4436.6384 1.59270e-15
 4439.6112 1.53810e-15
 4442.5840 1.53690e-15
 4445.5568 1.54873e-15
 4448.5295 1.53920e-15
 4451.5023 1.64015e-15
 4454.4751 1.76928e-15
 4457.4479 1.68033e-15
 4460.4207 1.58075e-15
 4463.3934 1.59485e-15
 4466.3662 1.70980e-15
 4469.3390 1.76447e-15
 4472.3118 1.74760e-15
 4475.2846 1.65852e-15
 4478.2573 1.74888e-15
 4481.2301 1.76589e-15
 4484.2029 1.87008e-15
 4487.1757 1.85752e-15
 4490.1485 1.83416e-15
 4493.1212 1.83304e-15
 4496.0940 1.79896e-15
 4499.0668 1.83397e-15
 4502.0396 1.90838e-15
 4505.0124 1.88827e-15
 4507.9851 1.85485e-15
 4510.9579 1.81041e-15
 4513.9307 1.87536e-15
 4516.9035 1.89418e-15
 4519.8763 1.98533e-15
 4522.8490 1.87927e-15
 4525.8218 1.79180e-15
 4528.7946 2.08515e-15
 4531.7674 2.00314e-15
 4534.7402 1.88716e-15
 4537.7130 2.06057e-15
 4540.6857 1.97411e-15
 4543.6585 1.95546e-15
 4546.6313 2.05006e-15
 4549.6041 2.06818e-15
 4552.5769 1.99313e-15
 4555.5496 1.93889e-15
 4558.5224 1.99154e-15
 4561.4952 2.11952e-15
 4564.4680 2.16512e-15
 4567.4408 2.11772e-15
 4570.4135 2.04837e-15
 4573.3863 2.03948e-15
 4576.3591 2.05033e-15
 4579.3319 2.11449e-15
 4582.3047 2.07607e-15
 4585.2774 2.07141e-15
 4588.2502 2.13510e-15
 4591.2230 2.09776e-15
 4594.1958 2.00215e-15
 4597.1686 2.10610e-15
 4600.1413 2.06459e-15
 4603.1141 2.04290e-15
 4606.0869 2.12253e-15
 4609.0597 1.98917e-15
 4612.0325 2.07910e-15
 4615.0052 2.14204e-15
 4617.9780 2.14873e-15
 4620.9508 2.12283e-15
 4623.9236 2.08208e-15
 4626.8964 1.99820e-15
 4629.8692 1.94207e-15
 4632.8419 2.01190e-15
 4635.8147 1.92754e-15
 4638.7875 1.99160e-15
 4641.7603 2.00299e-15
 4644.7331 1.83946e-15
 4647.7058 1.93763e-15
 4650.6786 1.78910e-15
 4653.6514 1.83178e-15
 4656.6242 1.77112e-15
 4659.5970 1.71400e-15
 4662.5697 1.63972e-15
 4665.5425 1.71955e-15
 4668.5153 1.59705e-15
 4671.4881 1.62960e-15
 4674.4609 1.70704e-15
 4677.4336 1.63035e-15
 4680.4064 1.61109e-15
 4683.3792 1.64788e-15
 4686.3520 1.69224e-15
 4689.3248 1.58047e-15
 4692.2975 1.51983e-15
 4695.2703 1.55021e-15
 4698.2431 1.53446e-15
 4701.2159 1.60375e-15
 4704.1887 1.51094e-15
 4707.1614 1.46651e-15
 4710.1342 1.40990e-15
 4713.1070 1.39134e-15
 4716.0798 1.39578e-15
 4719.0526 1.41109e-15
 4722.0253 1.37357e-15
 4724.9981 1.30520e-15
 4727.9709 1.31886e-15
 4730.9437 1.33474e-15
 4733.9165 1.28649e-15
 4736.8892 1.36679e-15
 4739.8620 1.33630e-15
 4742.8348 1.31179e-15
 4745.8076 1.36692e-15
 4748.7804 1.29114e-15
 4751.7531 1.25392e-15
 4754.7259 1.17129e-15
 4757.6987 1.28881e-15
 4760.6715 1.26624e-15
 4763.6443 1.22828e-15
 4766.6171 1.22778e-15
 4769.5898 1.28764e-15
 4772.5626 1.22223e-15
 4775.5354 1.26584e-15
 4778.5082 1.17580e-15
 4781.4810 1.26648e-15
 4784.4537 1.28604e-15
 4787.4265 1.32641e-15
 4790.3993 1.45222e-15
 4793.3721 1.38406e-15
 4796.3449 1.28790e-15
 4799.3176 1.27952e-15
 4802.2904 1.17745e-15
 4805.2632 1.26119e-15
 4808.2360 1.28875e-15
 4811.2088 1.28159e-15
 4814.1815 1.23919e-15
 4817.1543 1.23967e-15
 4820.1271 1.29626e-15
 4823.0999 1.28265e-15
 4826.0727 1.25519e-15
 4829.0454 1.23151e-15
 4832.0182 1.22144e-15
 4834.9910 1.23303e-15
 4837.9638 1.18764e-15
 4840.9366 1.15343e-15
 4843.9093 1.12437e-15
 4846.8821 1.14074e-15
 4849.8549 1.08276e-15
 4852.8277 1.03180e-15
 4855.8005 1.05491e-15
 4858.7733 1.17816e-15
 4861.7460 1.21595e-15
 4864.7188 1.23854e-15
 4867.6916 1.05665e-15
 4870.6644 1.07542e-15
 4873.6372 1.14817e-15
 4876.6099 1.16398e-15
 4879.5827 1.24482e-15
 4882.5555 1.13735e-15
 4885.5283 1.21773e-15
 4888.5011 1.22418e-15
 4891.4738 1.24929e-15
 4894.4466 1.36621e-15
 4897.4194 1.36130e-15
 4900.3922 1.36126e-15
 4903.3650 1.45614e-15
 4906.3377 1.44612e-15
 4909.3105 1.31685e-15
 4912.2833 1.34544e-15
 4915.2561 1.44104e-15
 4918.2289 1.34392e-15
 4921.2016 1.41380e-15
 4924.1744 1.39554e-15
 4927.1472 1.39895e-15
 4930.1200 1.37278e-15
 4933.0928 1.38906e-15
 4936.0655 1.36136e-15
 4939.0383 1.35243e-15
 4942.0111 1.37298e-15
 4944.9839 1.29717e-15
 4947.9567 1.26521e-15
 4950.9295 1.31522e-15
 4953.9022 1.21809e-15
 4956.8750 1.24105e-15
 4959.8478 1.32317e-15
 4962.8206 1.18884e-15
 4965.7934 1.20675e-15
 4968.7661 1.14085e-15
 4971.7389 1.14538e-15
 4974.7117 1.10922e-15
 4977.6845 1.20714e-15
 4980.6573 1.16551e-15
 4983.6300 1.11058e-15
 4986.6028 1.06326e-15
 4989.5756 1.06831e-15
 4992.5484 1.14763e-15
 4995.5212 1.18070e-15
 4998.4939 1.05539e-15
 5001.4667 1.05263e-15
 5004.4395 1.08042e-15
 5007.4123 1.09110e-15
 5010.3851 1.14711e-15
 5013.3578 9.91621e-16
 5016.3306 1.05500e-15
 5019.3034 1.20390e-15
 5022.2762 1.18518e-15
 5025.2490 1.11835e-15
 5028.2217 1.12689e-15
 5031.1945 1.19086e-15
 5034.1673 1.21916e-15
 5037.1401 1.17921e-15
 5040.1129 1.21093e-15
 5043.0856 1.19349e-15
 5046.0584 1.17276e-15
 5049.0312 1.23160e-15
 5052.0040 1.25035e-15
 5054.9768 1.21012e-15
 5057.9495 1.27088e-15
 5060.9223 1.34178e-15
 5063.8951 1.37732e-15
 5066.8679 1.35688e-15
 5069.8407 1.31825e-15
 5072.8134 1.26548e-15
 5075.7862 1.28374e-15
 5078.7590 1.35753e-15
 5081.7318 1.30281e-15
 5084.7046 1.32249e-15
 5087.6774 1.37702e-15
 5090.6501 1.31816e-15
 5093.6229 1.34350e-15
 5096.5957 1.33092e-15
 5099.5685 1.35293e-15
 5102.5413 1.34543e-15
 5105.5140 1.41329e-15
 5108.4868 1.41253e-15
 5111.4596 1.48647e-15
 5114.4324 1.47505e-15
 5117.4052 1.38444e-15
 5120.3779 1.44532e-15
 5123.3507 1.48728e-15
 5126.3235 1.53381e-15
 5129.2963 1.45361e-15
 5132.2691 1.50300e-15
 5135.2418 1.50842e-15
 5138.2146 1.52393e-15
 5141.1874 1.53279e-15
 5144.1602 1.56016e-15
 5147.1330 1.51040e-15
 5150.1057 1.53525e-15
 5153.0785 1.50243e-15
 5156.0513 1.52152e-15
 5159.0241 1.58953e-15
 5161.9969 1.54316e-15
 5164.9696 1.48286e-15
 5167.9424 1.45087e-15
 5170.9152 1.48717e-15
 5173.8880 1.52283e-15
 5176.8608 1.48775e-15
 5179.8336 1.54684e-15
 5182.8063 1.49592e-15
 5185.7791 1.46707e-15
 5188.7519 1.54981e-15
 5191.7247 1.59642e-15
 5194.6975 1.58967e-15
 5197.6702 1.67221e-15
 5200.6430 1.65934e-15
 5203.6158 1.61497e-15
 5206.5886 1.59564e-15
 5209.5614 1.54311e-15
 5212.5341 1.47517e-15
 5215.5069 1.61937e-15
 5218.4797 1.64782e-15
 5221.4525 1.64445e-15
 5224.4253 1.56992e-15
 5227.3980 1.58024e-15
 5230.3708 1.52207e-15
 5233.3436 1.54326e-15
 5236.3164 1.64780e-15
 5239.2892 1.54674e-15
 5242.2619 1.54732e-15
 5245.2347 1.54844e-15
 5248.2075 1.50700e-15
 5251.1803 1.46564e-15
 5254.1531 1.50913e-15
 5257.1258 1.52381e-15
 5260.0986 1.41698e-15
 5263.0714 1.39718e-15
 5266.0442 1.32006e-15
 5269.0170 1.33186e-15
 5271.9898 1.32390e-15
 5274.9625 1.40959e-15
 5277.9353 1.34844e-15
 5280.9081 1.23378e-15
 5283.8809 1.20677e-15
 5286.8537 1.17447e-15
 5289.8264 1.28045e-15
 5292.7992 1.31650e-15
 5295.7720 1.31402e-15
 5298.7448 1.29982e-15
 5301.7176 1.32016e-15
 5304.6903 1.31917e-15
 5307.6631 1.37788e-15
 5310.6359 1.31204e-15
 5313.6087 1.27683e-15
 5316.5815 1.26965e-15
 5319.5542 1.26834e-15
 5322.5270 1.32239e-15
 5325.4998 1.31868e-15
 5328.4726 1.29786e-15
 5331.4454 1.30151e-15
 5334.4181 1.30103e-15
 5337.3909 1.31326e-15
 5340.3637 1.20136e-15
 5343.3365 1.17430e-15
 5346.3093 1.21433e-15
 5349.2820 1.25168e-15
 5352.2548 1.25140e-15
 5355.2276 1.26530e-15
 5358.2004 1.19893e-15
 5361.1732 1.27986e-15
 5364.1459 1.22547e-15
 5367.1187 1.23659e-15
 5370.0915 1.26703e-15
 5373.0643 1.27364e-15
 5376.0371 1.27259e-15
 5379.0098 1.33246e-15
 5381.9826 1.29702e-15
 5384.9554 1.31145e-15
 5387.9282 1.29713e-15
 5390.9010 1.30077e-15
 5393.8737 1.27311e-15
 5396.8465 1.26981e-15
 5399.8193 1.31324e-15
 5402.7921 1.24028e-15
 5405.7649 1.23721e-15
 5408.7377 1.17428e-15
 5411.7104 1.21930e-15
 5414.6832 1.22892e-15
 5417.6560 1.13877e-15
 5420.6288 1.21399e-15
 5423.6016 1.27787e-15
 5426.5743 1.27659e-15
 5429.5471 1.21027e-15
 5432.5199 1.15901e-15
 5435.4927 1.09499e-15
 5438.4655 1.11276e-15
 5441.4382 1.17930e-15
 5444.4110 1.24046e-15
 5447.3838 1.27980e-15
 5450.3566 1.21608e-15
 5453.3294 1.14500e-15
 5456.3021 1.13050e-15
 5459.2749 1.12698e-15
 5462.2477 1.12917e-15
 5465.2205 1.12147e-15
 5468.1933 1.04826e-15
 5471.1660 9.99803e-16
 5474.1388 1.09460e-15
 5477.1116 1.01917e-15
 5480.0844 1.01871e-15
 5483.0572 1.02931e-15
 5486.0299 1.06509e-15
 5489.0027 1.11340e-15
 5491.9755 1.02136e-15
 5494.9483 1.13917e-15
 5497.9211 1.19347e-15
 5500.8938 1.15182e-15
 5503.8666 1.19703e-15
 5506.8394 1.16833e-15
 5509.8122 1.11630e-15
 5512.7850 1.14737e-15
 5515.7578 1.21617e-15
 5518.7305 1.15449e-15
 5521.7033 1.18360e-15
 5524.6761 1.14059e-15
 5527.6489 1.12168e-15
 5530.6217 1.27750e-15
 5533.5944 1.22437e-15
 5536.5672 1.20024e-15
 5539.5400 1.15128e-15
 5542.5128 1.16503e-15
 5545.4856 1.19843e-15
 5548.4583 1.21517e-15
 5551.4311 1.14937e-15
 5554.4039 1.09488e-15
 5557.3767 1.12141e-15
 5560.3495 1.13839e-15
 5563.3222 1.13923e-15
 5566.2950 1.11216e-15
 5569.2678 1.15185e-15
 5572.2406 1.20556e-15
 5575.2134 1.18555e-15
 5578.1861 1.12415e-15
 5581.1589 1.07778e-15
 5584.1317 1.05564e-15
 5587.1045 1.13207e-15
 5590.0773 1.09762e-15
 5593.0501 1.10219e-15
 5596.0228 1.06971e-15
 5598.9956 1.09100e-15
 5601.9684 1.06913e-15
 5604.9412 1.13225e-15
 5607.9140 1.09211e-15
 5610.8867 1.09277e-15
 5613.8595 1.11906e-15
 5616.8323 1.12144e-15
 5619.8051 1.05729e-15
 5622.7779 1.05184e-15
 5625.7506 1.06235e-15
 5628.7234 1.05738e-15
 5631.6962 1.00904e-15
 5634.6690 1.06160e-15
 5637.6418 1.04279e-15
 5640.6145 1.03139e-15
 5643.5873 1.03668e-15
 5646.5601 1.04421e-15
 5649.5329 1.09136e-15
 5652.5057 1.01456e-15
 5655.4784 1.00233e-15
 5658.4512 1.02957e-15
 5661.4240 1.08478e-15
 5664.3968 1.05203e-15
 5667.3696 9.85082e-16
 5670.3423 1.05943e-15
 5673.3151 1.01047e-15
 5676.2879 1.03735e-15
 5679.2607 1.02428e-15
 5682.2335 9.88167e-16
 5685.2062 9.92645e-16
 5688.1790 8.74930e-16
 5691.1518 9.89078e-16
 5694.1246 1.03438e-15
 5697.0974 9.60595e-16
 5700.0701 9.43056e-16
 5703.0429 9.26129e-16
 5706.0157 9.34099e-16
 5708.9885 9.20536e-16
 5711.9613 9.53274e-16
 5714.9340 9.58600e-16
 5717.9068 1.03428e-15
 5720.8796 1.00673e-15
 5723.8524 9.61504e-16
 5726.8252 9.67628e-16
 5729.7980 9.37354e-16
 5732.7707 9.89563e-16
 5735.7435 9.82502e-16
 5738.7163 1.05033e-15
 5741.6891 1.02166e-15
 5744.6619 1.06697e-15
 5747.6346 9.23349e-16
 5750.6074 9.65738e-16
 5753.5802 1.04741e-15
 5756.5530 1.00463e-15
 5759.5258 9.36930e-16
 5762.4985 1.01272e-15
 5765.4713 9.95128e-16
 5768.4441 1.07849e-15
 5771.4169 1.06194e-15
 5774.3897 1.02362e-15
 5777.3624 1.00488e-15
 5780.3352 1.06969e-15
 5783.3080 1.09615e-15
 5786.2808 1.09590e-15
 5789.2536 1.02998e-15
 5792.2263 1.11905e-15
 5795.1991 1.11712e-15
 5798.1719 1.08981e-15
 5801.1447 1.13543e-15
 5804.1175 1.12134e-15
 5807.0902 1.04475e-15
 5810.0630 1.12721e-15
 5813.0358 1.13545e-15
 5816.0086 1.12029e-15
 5818.9814 1.15659e-15
 5821.9541 1.17415e-15
 5824.9269 1.17912e-15
 5827.8997 1.16175e-15
 5830.8725 1.13114e-15
 5833.8453 1.10941e-15
 5836.8181 1.17827e-15
 5839.7908 1.16332e-15
 5842.7636 1.13996e-15
 5845.7364 1.15797e-15
 5848.7092 1.18347e-15
 5851.6820 1.18662e-15
 5854.6547 1.18901e-15
 5857.6275 1.16922e-15
 5860.6003 1.12487e-15
 5863.5731 1.17602e-15
 5866.5459 1.13159e-15
 5869.5186 1.15551e-15
 5872.4914 1.18863e-15
 5875.4642 1.17643e-15
 5878.4370 1.19071e-15
 5881.4098 1.13929e-15
 5884.3825 1.14434e-15
 5887.3553 9.81964e-16
 5890.3281 1.00788e-15
 5893.3009 1.04719e-15
 5896.2737 1.04585e-15
 5899.2464 1.07012e-15
 5902.2192 1.11340e-15
 5905.1920 1.11940e-15
 5908.1648 1.16862e-15
 5911.1376 1.14080e-15
 5914.1104 1.09376e-15
 5917.0831 1.04726e-15
 5920.0559 1.06997e-15
 5923.0287 1.06361e-15
 5926.0015 1.06470e-15
 5928.9743 1.05802e-15
 5931.9470 1.03927e-15
 5934.9198 1.03857e-15
 5937.8926 1.04479e-15
 5940.8654 1.05072e-15
 5943.8382 1.05715e-15
 5946.8109 1.06545e-15
 5949.7837 1.03858e-15
 5952.7565 1.02537e-15
 5955.7293 1.07712e-15
 5958.7021 1.03940e-15
 5961.6748 1.03477e-15
 5964.6476 1.02458e-15
 5967.6204 9.75049e-16
 5970.5932 1.00353e-15
 5973.5660 9.59663e-16
 5976.5387 9.50571e-16
 5979.5115 9.91265e-16
 5982.4843 9.85543e-16
 5985.4571 1.02255e-15
 5988.4299 1.00855e-15
 5991.4026 9.36661e-16
 5994.3754 9.56683e-16
 5997.3482 9.59539e-16
 6000.3210 9.57011e-16
 6003.2938 9.49698e-16
 6006.2665 9.33309e-16
 6009.2393 9.51200e-16
 6012.2121 9.08366e-16
 6015.1849 9.39161e-16
 6018.1577 9.53657e-16
 6021.1304 9.56012e-16
 6024.1032 9.04184e-16
 6027.0760 9.39513e-16
 6030.0488 8.99158e-16
 6033.0216 9.47716e-16
 6035.9943 9.30286e-16
 6038.9671 9.43282e-16
 6041.9399 9.31240e-16
 6044.9127 8.98250e-16
 6047.8855 8.76824e-16
 6050.8583 8.58672e-16
 6053.8310 9.09098e-16
 6056.8038 8.75917e-16
 6059.7766 8.72150e-16
 6062.7494 9.18261e-16
 6065.7222 8.76554e-16
 6068.6949 7.88467e-16
 6071.6677 7.17561e-16
 6074.6405 7.45262e-16
 6077.6133 7.74785e-16
 6080.5861 7.02763e-16
 6083.5588 6.55415e-16
 6086.5316 6.69922e-16
 6089.5044 6.47305e-16
 6092.4772 6.05164e-16
 6095.4500 5.82882e-16
 6098.4227 6.20513e-16
 6101.3955 6.12015e-16
 6104.3683 6.21233e-16
 6107.3411 5.86844e-16
 6110.3139 5.74877e-16
 6113.2866 5.28451e-16
 6116.2594 5.40272e-16
 6119.2322 5.66303e-16
 6122.2050 4.99565e-16
 6125.1778 3.89076e-16
 6128.1505 4.68794e-16
 6131.1233 4.91704e-16
 6134.0961 4.86496e-16
 6137.0689 4.76212e-16
 6140.0417 4.57203e-16
 6143.0144 4.94726e-16
 6145.9872 5.49656e-16
 6148.9600 5.47368e-16
 6151.9328 5.16532e-16
 6154.9056 5.36576e-16
 6157.8784 5.54990e-16
 6160.8511 5.38048e-16
 6163.8239 5.52338e-16
 6166.7967 5.44779e-16
 6169.7695 5.54673e-16
 6172.7423 5.57434e-16
 6175.7150 5.31808e-16
 6178.6878 6.18747e-16
 6181.6606 6.20656e-16
 6184.6334 6.64664e-16
 6187.6062 6.41840e-16
 6190.5789 7.11569e-16
 6193.5517 6.93630e-16
 6196.5245 7.04805e-16
 6199.4973 7.07848e-16
 6202.4701 6.76352e-16
 6205.4428 7.05965e-16
 6208.4156 7.27865e-16
 6211.3884 7.39256e-16
 6214.3612 7.13401e-16
 6217.3340 7.47894e-16
 6220.3067 7.53284e-16
 6223.2795 7.45885e-16
 6226.2523 7.04916e-16
 6229.2251 6.98867e-16
 6232.1979 7.61831e-16
 6235.1707 8.15063e-16
 6238.1434 7.87267e-16
 6241.1162 7.53604e-16
 6244.0890 7.42431e-16
 6247.0618 7.39720e-16
 6250.0346 7.83449e-16
 6253.0073 7.85510e-16
 6255.9801 7.83752e-16
 6258.9529 8.16142e-16
 6261.9257 7.62925e-16
 6264.8985 7.79351e-16
 6267.8712 7.78945e-16
 6270.8440 7.72626e-16
 6273.8168 7.49337e-16
 6276.7896 7.40942e-16
 6279.7624 7.77018e-16
 6282.7351 7.63612e-16
 6285.7079 7.66170e-16
 6288.6807 7.59065e-16
 6291.6535 7.39429e-16
 6294.6263 7.55719e-16
 6297.5990 7.81507e-16
 6300.5718 8.00194e-16
 6303.5446 8.26371e-16
 6306.5174 7.82621e-16
 6309.4902 7.48757e-16
 6312.4629 7.72905e-16
 6315.4357 7.54404e-16
 6318.4085 7.26962e-16
 6321.3813 7.79422e-16
 6324.3541 7.78314e-16
 6327.3268 7.65013e-16
 6330.2996 7.56075e-16
 6333.2724 7.46382e-16
 6336.2452 7.42452e-16
 6339.2180 7.80588e-16
 6342.1907 7.85747e-16
 6345.1635 8.04534e-16
 6348.1363 7.74910e-16
 6351.1091 8.16349e-16
 6354.0819 8.14514e-16
 6357.0546 8.08723e-16
 6360.0274 7.95149e-16
 6363.0002 7.10904e-16
 6365.9730 6.80747e-16
 6368.9458 6.96935e-16
 6371.9186 7.67762e-16
 6374.8913 7.52150e-16
 6377.8641 7.45560e-16
 6380.8369 7.48369e-16
 6383.8097 7.33511e-16
 6386.7825 6.98795e-16
 6389.7552 7.42119e-16
 6392.7280 7.32355e-16
 6395.7008 6.89192e-16
 6398.6736 7.07153e-16
 6401.6464 7.03589e-16
 6404.6191 7.03347e-16
 6407.5919 7.14830e-16
 6410.5647 7.49839e-16
 6413.5375 7.61753e-16
 6416.5103 6.94317e-16
 6419.4830 6.98672e-16
 6422.4558 7.23083e-16
 6425.4286 7.34447e-16
 6428.4014 7.35471e-16
 6431.3742 7.24092e-16
 6434.3469 7.42172e-16
 6437.3197 7.12449e-16
 6440.2925 7.07021e-16
 6443.2653 7.45270e-16
 6446.2381 7.53269e-16
 6449.2108 7.20480e-16
 6452.1836 7.04449e-16
 6455.1564 7.11916e-16
 6458.1292 6.96385e-16
 6461.1020 7.69455e-16
 6464.0747 7.80762e-16
 6467.0475 7.44592e-16
 6470.0203 6.97878e-16
 6472.9931 7.14368e-16
 6475.9659 7.27733e-16
 6478.9387 7.29712e-16
 6481.9114 7.32220e-16
 6484.8842 6.78599e-16
 6487.8570 6.94018e-16
 6490.8298 7.27656e-16
 6493.8026 6.95206e-16
 6496.7753 6.92289e-16
 6499.7481 7.23476e-16
 6502.7209 6.89552e-16
 6505.6937 7.00079e-16
 6508.6665 7.23980e-16
 6511.6392 6.78459e-16
 6514.6120 6.37131e-16
 6517.5848 6.55019e-16
 6520.5576 6.36608e-16
 6523.5304 6.38554e-16
 6526.5031 6.16200e-16
 6529.4759 6.70021e-16
 6532.4487 6.67898e-16
 6535.4215 6.51605e-16
 6538.3943 7.26011e-16
 6541.3670 6.80292e-16
 6544.3398 7.24544e-16
 6547.3126 7.57221e-16
 6550.2854 7.13094e-16
 6553.2582 6.98298e-16
 6556.2310 8.15666e-16
 6559.2037 1.17288e-15
 6562.1765 1.39765e-15
 6565.1493 1.31380e-15
 6568.1221 9.69114e-16
 6571.0949 7.00237e-16
 6574.0676 6.42746e-16
 6577.0404 6.79027e-16
 6580.0132 7.92907e-16
 6582.9860 8.61678e-16
 6585.9588 8.04456e-16
 6588.9315 6.87743e-16
 6591.9043 5.67731e-16
 6594.8771 6.16438e-16
 6597.8499 6.52497e-16
 6600.8227 6.51676e-16
 6603.7954 5.96633e-16
 6606.7682 6.21720e-16
 6609.7410 6.04619e-16
 6612.7138 5.64858e-16
 6615.6866 5.90040e-16
 6618.6593 5.89879e-16
 6621.6321 6.22475e-16
 6624.6049 5.82044e-16
 6627.5777 5.45443e-16
 6630.5505 6.12937e-16
 6633.5232 6.21291e-16
 6636.4960 6.00650e-16
 6639.4688 5.75337e-16
 6642.4416 6.04916e-16
 6645.4144 5.36620e-16
 6648.3871 5.46752e-16
 6651.3599 5.64342e-16
 6654.3327 6.04357e-16
 6657.3055 5.85739e-16
 6660.2783 5.31064e-16
 6663.2510 5.34593e-16
 6666.2238 5.45685e-16
 6669.1966 5.17277e-16
 6672.1694 5.50900e-16
 6675.1422 5.47078e-16
 6678.1149 5.25244e-16
 6681.0877 4.35917e-16
 6684.0605 4.93809e-16
 6687.0333 5.66582e-16
 6690.0061 5.41137e-16
 6692.9789 5.35164e-16
 6695.9516 5.71172e-16
 6698.9244 5.47851e-16
 6701.8972 5.39215e-16
 6704.8700 5.13230e-16
 6707.8428 5.26749e-16
 6710.8155 5.27273e-16
 6713.7883 5.21097e-16
 6716.7611 5.59773e-16
 6719.7339 5.69943e-16
 6722.7067 5.63099e-16
 6725.6794 5.53337e-16
 6728.6522 5.72821e-16
 6731.6250 5.77217e-16
 6734.5978 5.28848e-16
 6737.5706 5.01515e-16
 6740.5433 4.90902e-16
 6743.5161 5.08501e-16
 6746.4889 5.21702e-16
 6749.4617 5.31075e-16
 6752.4345 5.20711e-16
 6755.4072 4.88737e-16
 6758.3800 4.36736e-16
 6761.3528 4.64587e-16
 6764.3256 5.34875e-16
 6767.2984 5.10708e-16
 6770.2711 4.57464e-16
 6773.2439 4.88341e-16
 6776.2167 4.80713e-16
 6779.1895 4.60574e-16
 6782.1623 4.26612e-16
 6785.1350 4.48402e-16
 6788.1078 5.05113e-16
 6791.0806 4.81941e-16
 6794.0534 4.54311e-16
 6797.0262 4.85253e-16
 6799.9990 4.59066e-16
 6802.9717 4.24416e-16
 6805.9445 4.19719e-16
 6808.9173 4.49207e-16
 6811.8901 4.76776e-16
 6814.8629 4.63685e-16
 6817.8356 4.96282e-16
 6820.8084 4.92224e-16
 6823.7812 4.51975e-16
 6826.7540 4.78748e-16
 6829.7268 4.86369e-16
 6832.6995 4.50543e-16
 6835.6723 4.73551e-16
 6838.6451 4.35259e-16
 6841.6179 4.20233e-16
 6844.5907 4.32143e-16
 6847.5634 4.25553e-16
 6850.5362 4.37135e-16
 6853.5090 4.45397e-16
 6856.4818 4.52674e-16
 6859.4546 4.09367e-16
 6862.4273 4.34001e-16
 6865.4001 4.40174e-16
 6868.3729 4.38411e-16
 6871.3457 4.34058e-16
 6874.3185 4.35485e-16
 6877.2913 4.09801e-16
 6880.2640 4.21839e-16
 6883.2368 4.25373e-16
 6886.2096 4.78180e-16
 6889.1824 4.65994e-16
 6892.1552 4.38101e-16
 6895.1279 4.69745e-16
 6898.1007 4.57913e-16
 6901.0735 4.18657e-16
 6904.0463 4.09723e-16
 6907.0191 3.98299e-16
 6909.9918 3.90914e-16
 6912.9646 4.31219e-16
 6915.9374 4.13806e-16
 6918.9102 4.30414e-16
 6921.8830 4.27353e-16
 6924.8557 4.49189e-16
 6927.8285 4.31038e-16
 6930.8013 4.35660e-16
 6933.7741 4.12183e-16
 6936.7469 4.25636e-16
 6939.7196 3.95456e-16
 6942.6924 4.12470e-16
 6945.6652 3.77043e-16
 6948.6380 3.79796e-16
 6951.6108 4.05974e-16
 6954.5835 3.83979e-16
 6957.5563 4.02429e-16
 6960.5291 3.91335e-16
 6963.5019 3.96269e-16
 6966.4747 4.21989e-16
 6969.4474 4.06152e-16
 6972.4202 3.92491e-16
 6975.3930 3.82764e-16
 6978.3658 3.75334e-16
 6981.3386 4.30715e-16
 6984.3113 4.06249e-16
 6987.2841 4.44008e-16
 6990.2569 4.05249e-16
 6993.2297 3.93939e-16
 6996.2025 3.86936e-16
 6999.1752 3.67677e-16
 7002.1480 3.70896e-16
 7005.1208 3.55493e-16
 7008.0936 3.43889e-16
 7011.0664 3.32561e-16
 7014.0391 3.53982e-16
 7017.0119 3.44197e-16
 7019.9847 3.88630e-16
 7022.9575 3.39369e-16
 7025.9303 3.40092e-16
 7028.9031 3.83837e-16
 7031.8758 3.42150e-16
 7034.8486 3.89844e-16
 7037.8214 3.60107e-16
 7040.7942 3.27119e-16
 7043.7670 3.32638e-16
 7046.7397 3.73512e-16
 7049.7125 3.87721e-16
 7052.6853 3.78525e-16
 7055.6581 3.65212e-16
 7058.6309 3.67502e-16
 7061.6036 3.72306e-16
 7064.5764 3.89311e-16
 7067.5492 3.71390e-16
 7070.5220 3.78250e-16
 7073.4948 3.61247e-16
 7076.4675 3.30153e-16
 7079.4403 3.46266e-16
 7082.4131 3.30523e-16
 7085.3859 3.43585e-16
 7088.3587 3.48133e-16
 7091.3314 3.46058e-16
 7094.3042 3.28160e-16
 7097.2770 3.36878e-16
 7100.2498 3.60804e-16
 7103.2226 3.31081e-16
 7106.1953 3.04947e-16
 7109.1681 3.65461e-16
 7112.1409 3.70203e-16
 7115.1137 3.81560e-16
 7118.0865 4.08286e-16
 7121.0593 3.60033e-16
 7124.0320 3.49035e-16
 7127.0048 3.28970e-16
 7129.9776 3.21390e-16
 7132.9504 3.35216e-16
 7135.9232 3.09699e-16
 7138.8959 3.48784e-16
 7141.8687 3.50442e-16
 7144.8415 3.31105e-16
 7147.8143 3.36574e-16
 7150.7871 3.22095e-16
 7153.7598 3.23942e-16
 7156.7326 3.10120e-16
 7159.7054 3.30211e-16
 7162.6782 3.24020e-16
 7165.6510 2.95326e-16
 7168.6237 3.18501e-16
 7171.5965 3.31986e-16
 7174.5693 3.67423e-16
 7177.5421 3.42698e-16
 7180.5149 3.49917e-16
 7183.4876 3.31293e-16
 7186.4604 3.09020e-16
 7189.4332 3.52115e-16
 7192.4060 3.29035e-16
 7195.3788 3.23140e-16
 7198.3516 2.99710e-16
 7201.3243 3.27259e-16
 7204.2971 3.42785e-16
 7207.2699 3.17241e-16
 7210.2427 3.19925e-16
 7213.2155 3.22459e-16
 7216.1882 2.87434e-16
 7219.1610 3.02820e-16
 7222.1338 3.35658e-16
 7225.1066 3.04318e-16
 7228.0794 3.40788e-16
 7231.0521 3.53861e-16
 7234.0249 2.98563e-16
 7236.9977 3.36658e-16
 7239.9705 3.36109e-16
 7242.9433 3.39099e-16
 7245.9160 3.31789e-16
 7248.8888 3.29537e-16
 7251.8616 3.64628e-16
 7254.8344 3.38060e-16
 7257.8072 3.31339e-16
 7260.7799 3.09414e-16
 7263.7527 3.35116e-16
 7266.7255 3.58537e-16
 7269.6983 3.50213e-16
 7272.6711 3.36166e-16
 7275.6438 3.28466e-16
 7278.6166 3.25400e-16
 7281.5894 3.13086e-16
 7284.5622 2.77388e-16
 7287.5350 2.98120e-16
 7290.5077 3.38943e-16
 7293.4805 3.05834e-16
 7296.4533 3.28214e-16
 7299.4261 3.38035e-16
 7302.3989 3.31779e-16
 7305.3716 2.92336e-16
 7308.3444 3.17698e-16
 7311.3172 2.87941e-16
 7314.2900 3.19030e-16
 7317.2628 3.19588e-16
 7320.2355 3.03888e-16
 7323.2083 3.27622e-16
 7326.1811 2.99357e-16
 7329.1539 3.21304e-16
 7332.1267 3.30417e-16
 7335.0994 3.22054e-16
 7338.0722 2.96700e-16
 7341.0450 2.69165e-16
 7344.0178 2.91140e-16
 7346.9906 2.77994e-16
 7349.9634 2.89331e-16
 7352.9361 2.71625e-16
 7355.9089 2.68628e-16
 7358.8817 2.81772e-16
 7361.8545 2.41523e-16
 7364.8273 2.92008e-16
 7367.8000 2.88778e-16
 7370.7728 2.48355e-16
 7373.7456 2.63023e-16
 7376.7184 2.78997e-16
 7379.6912 2.60837e-16
 7382.6639 2.39750e-16
 7385.6367 2.42783e-16
 7388.6095 2.63387e-16
 7391.5823 2.84993e-16
 7394.5551 2.67164e-16
 7397.5278 2.66085e-16
 7400.5006 2.86880e-16
 7403.4734 2.80712e-16
 7406.4462 2.71997e-16
 7409.4190 2.78228e-16
 7412.3917 2.59367e-16
 7415.3645 2.74068e-16
 7418.3373 2.43744e-16
 7421.3101 2.16887e-16
 7424.2829 1.69175e-16
 7427.2556 1.81793e-16
 7430.2284 2.16847e-16
 7433.2012 1.93354e-16
 7436.1740 2.41714e-16
 7439.1468 2.24853e-16
 7442.1196 2.28046e-16
 7445.0923 2.49027e-16
 7448.0651 2.28648e-16
 7451.0379 2.17683e-16
 7454.0107 1.89771e-16
 7456.9835 2.20278e-16
 7459.9562 2.01061e-16
 7462.9290 2.26170e-16
 7465.9018 2.13909e-16
 7468.8746 2.30635e-16
 7471.8474 2.28132e-16
 7474.8201 2.13657e-16
 7477.7929 2.46652e-16
 7480.7657 2.10861e-16
 7483.7385 2.06040e-16
 7486.7113 2.34931e-16
 7489.6840 2.41069e-16
 7492.6568 2.29905e-16
 7495.6296 2.45919e-16
 7498.6024 2.23709e-16
 7501.5752 2.60717e-16
 7504.5479 2.64112e-16
 7507.5207 2.53636e-16
 7510.4935 2.53980e-16
 7513.4663 2.48021e-16
 7516.4391 2.64855e-16
 7519.4119 2.47452e-16
 7522.3846 2.37222e-16
 7525.3574 2.29981e-16
 7528.3302 2.32370e-16
 7531.3030 2.33844e-16
 7534.2758 2.34207e-16
 7537.2485 2.38103e-16
 7540.2213 2.57477e-16
 7543.1941 2.60295e-16
 7546.1669 2.60174e-16
 7549.1397 2.63088e-16
 7552.1124 2.54163e-16
 7555.0852 2.14156e-16
 7558.0580 2.58057e-16
 7561.0308 2.39369e-16
 7564.0036 2.23943e-16
 7566.9763 2.59240e-16
 7569.9491 2.54734e-16
 7572.9219 2.64799e-16
 7575.8947 2.13751e-16
 7578.8675 2.17037e-16
 7581.8402 2.28774e-16
 7584.8130 2.28476e-16
 7587.7858 1.97609e-16
 7590.7586 2.22221e-16
 7593.7314 2.44363e-16
 7596.7041 2.41176e-16
 7599.6769 2.15751e-16
 7602.6497 2.37579e-16
 7605.6225 2.44638e-16
 7608.5953 2.26065e-16
 7611.5680 2.25825e-16
 7614.5408 2.21302e-16
 7617.5136 2.31676e-16
 7620.4864 2.33251e-16
 7623.4592 2.47134e-16
 7626.4319 2.36048e-16
 7629.4047 2.33298e-16
 7632.3775 2.29118e-16
 7635.3503 2.31791e-16
 7638.3231 2.33661e-16
 7641.2958 2.50838e-16
 7644.2686 2.36780e-16
 7647.2414 2.00305e-16
 7650.2142 2.21128e-16
 7653.1870 1.94391e-16
 7656.1597 2.12570e-16
 7659.1325 2.18910e-16
 7662.1053 2.19294e-16
 7665.0781 2.14405e-16
 7668.0509 2.33705e-16
 7671.0237 2.37458e-16
 7673.9964 2.45461e-16
 7676.9692 2.39115e-16
 7679.9420 1.93633e-16
 7682.9148 1.98498e-16
 7685.8876 2.37483e-16
 7688.8603 2.37220e-16
 7691.8331 2.19844e-16
 7694.8059 1.99756e-16
 7697.7787 2.13813e-16
 7700.7515 2.08377e-16
 7703.7242 1.82366e-16
 7706.6970 1.98273e-16
 7709.6698 2.07964e-16
 7712.6426 2.06743e-16
 7715.6154 1.94807e-16
 7718.5881 1.99462e-16
 7721.5609 2.01225e-16
 7724.5337 2.19841e-16
 7727.5065 2.20004e-16
 7730.4793 2.09867e-16
 7733.4520 1.99724e-16
 7736.4248 2.22835e-16
 7739.3976 2.23562e-16
 7742.3704 2.01712e-16
 7745.3432 2.11226e-16
 7748.3159 2.23805e-16
 7751.2887 1.81753e-16
 7754.2615 2.08709e-16
 7757.2343 1.98809e-16
 7760.2071 1.81007e-16
 7763.1799 2.08381e-16
 7766.1526 2.16607e-16
 7769.1254 2.43878e-16
 7772.0982 2.25492e-16
 7775.0710 2.01228e-16
 7778.0438 1.92771e-16
 7781.0165 2.07162e-16
 7783.9893 2.01428e-16
 7786.9621 2.10769e-16
 7789.9349 2.29483e-16
 7792.9077 2.29913e-16
 7795.8804 1.98207e-16
 7798.8532 2.06515e-16
 7801.8260 2.17912e-16
 7804.7988 2.00842e-16
 7807.7716 2.09501e-16
 7810.7443 1.97075e-16
 7813.7171 2.18366e-16
 7816.6899 2.12989e-16
 7819.6627 2.28394e-16
 7822.6355 2.03730e-16
 7825.6082 1.62891e-16
 7828.5810 2.03740e-16
 7831.5538 2.23490e-16
 7834.5266 2.13741e-16
 7837.4994 1.97256e-16
 7840.4722 1.97481e-16
 7843.4449 2.08719e-16
 7846.4177 2.03514e-16
 7849.3905 2.22668e-16
 7852.3633 2.25089e-16
 7855.3361 2.24710e-16
 7858.3088 2.04371e-16
 7861.2816 1.98092e-16
 7864.2544 2.16986e-16
 7867.2272 2.08440e-16
 7870.2000 1.90200e-16
 7873.1727 1.92806e-16
 7876.1455 1.93958e-16
 7879.1183 2.09784e-16
 7882.0911 2.05828e-16
 7885.0639 2.14437e-16
 7888.0366 2.13882e-16
 7891.0094 2.13621e-16
 7893.9822 1.83788e-16
 7896.9550 1.80326e-16
 7899.9278 1.88520e-16
 7902.9005 1.99280e-16
 7905.8733 1.91121e-16
 7908.8461 1.86014e-16
 7911.8189 2.11789e-16
 7914.7917 1.75519e-16
 7917.7644 1.79431e-16
 7920.7372 2.00988e-16
 7923.7100 1.89192e-16
 7926.6828 1.95449e-16
 7929.6556 2.06808e-16
 7932.6283 2.06601e-16
 7935.6011 1.81837e-16
 7938.5739 1.58979e-16
 7941.5467 1.87694e-16
 7944.5195 1.77937e-16
 7947.4922 1.84778e-16
 7950.4650 1.85314e-16
 7953.4378 1.75994e-16
 7956.4106 1.80534e-16
 7959.3834 1.65789e-16
 7962.3561 1.74171e-16
 7965.3289 1.60984e-16
 7968.3017 1.65607e-16
 7971.2745 1.54548e-16
 7974.2473 1.69530e-16
 7977.2200 1.59181e-16
 7980.1928 1.91462e-16
 7983.1656 1.65231e-16
 7986.1384 1.43257e-16
 7989.1112 1.54518e-16
 7992.0840 1.48270e-16
 7995.0567 1.51901e-16
 7998.0295 1.46014e-16
 8001.0023 1.45396e-16
 8003.9751 1.68693e-16
 8006.9479 1.70491e-16
 8009.9206 1.77007e-16
 8012.8934 1.65320e-16
 8015.8662 1.73620e-16
 8018.8390 1.79085e-16
 8021.8118 1.60382e-16
 8024.7845 1.61074e-16
 8027.7573 1.59607e-16
 8030.7301 1.56533e-16
 8033.7029 1.60228e-16
 8036.6757 1.66095e-16
 8039.6484 1.65077e-16
 8042.6212 1.55003e-16
 8045.5940 1.57181e-16
 8048.5668 1.58168e-16
 8051.5396 1.45673e-16
 8054.5123 1.54353e-16
 8057.4851 1.66524e-16
 8060.4579 1.47007e-16
 8063.4307 1.64638e-16
 8066.4035 1.37908e-16
 8069.3762 1.61812e-16
 8072.3490 1.52128e-16
 8075.3218 1.63639e-16
 8078.2946 1.47394e-16
 8081.2674 1.58435e-16
 8084.2402 1.37892e-16
 8087.2129 1.27268e-16
 8090.1857 1.40907e-16
 8093.1585 1.53966e-16
 8096.1313 1.43997e-16
 8099.1041 1.65882e-16
 8102.0768 1.42693e-16
 8105.0496 1.41209e-16
 8108.0224 1.55515e-16
 8110.9952 1.56301e-16
 8113.9680 1.60121e-16
 8116.9407 1.40206e-16
 8119.9135 1.46488e-16
 8122.8863 1.45406e-16
 8125.8591 1.43033e-16
 8128.8319 1.60466e-16
 8131.8046 1.51759e-16
 8134.7774 1.16173e-16
 8137.7502 1.20188e-16
 8140.7230 1.37630e-16
 8143.6958 1.31919e-16
 8146.6685 1.22788e-16
 8149.6413 1.27770e-16
 8152.6141 1.20970e-16
 8155.5869 1.28747e-16
 8158.5597 1.20222e-16
 8161.5325 1.14170e-16
 8164.5052 1.32020e-16
 8167.4780 1.19213e-16
 8170.4508 1.25773e-16
 8173.4236 1.23947e-16
 8176.3964 1.02306e-16
 8179.3691 1.14192e-16
 8182.3419 1.30446e-16
 8185.3147 1.17942e-16
 8188.2875 1.35175e-16
 8191.2603 1.34987e-16
 8194.2330 1.14758e-16
 8197.2058 1.28664e-16
 8200.1786 1.08345e-16
 8203.1514 9.13286e-17
 8206.1242 1.23714e-16
 8209.0969 1.07145e-16
 8212.0697 9.84766e-17
 8215.0425 1.08889e-16
 8218.0153 1.17658e-16
 8220.9881 1.39305e-16
 8223.9608 1.21137e-16
 8226.9336 9.79084e-17
 8229.9064 1.07096e-16
 8232.8792 1.00507e-16
 8235.8520 9.91685e-17
 8238.8247 1.17648e-16
 8241.7975 1.00555e-16
 8244.7703 9.43557e-17
 8247.7431 1.06773e-16
 8250.7159 1.12255e-16
 8253.6886 9.48409e-17
 8256.6614 1.08172e-16
 8259.6342 1.17034e-16
 8262.6070 1.18435e-16
 8265.5798 1.03797e-16
 8268.5525 9.98359e-17
 8271.5253 9.86259e-17
 8274.4981 1.16599e-16
 8277.4709 1.12007e-16
 8280.4437 1.21157e-16
 8283.4164 1.15127e-16
 8286.3892 9.68898e-17
 8289.3620 1.10362e-16
 8292.3348 1.15326e-16
 8295.3076 1.21300e-16
 8298.2803 1.02880e-16
 8301.2531 1.02475e-16
 8304.2259 1.08248e-16
 8307.1987 1.08607e-16
 8310.1715 1.06817e-16
 8313.1443 9.48117e-17
 8316.1170 1.04411e-16
 8319.0898 1.22217e-16
 8322.0626 8.59401e-17
 8325.0354 1.04545e-16
 8328.0082 9.17825e-17
 8330.9809 8.22415e-17
 8333.9537 9.76728e-17
 8336.9265 9.56248e-17
 8339.8993 9.25349e-17
 8342.8721 1.13004e-16
 8345.8448 1.17120e-16
 8348.8176 8.70033e-17
 8351.7904 8.90353e-17
 8354.7632 1.08854e-16
 8357.7360 8.33380e-17
 8360.7087 8.97807e-17
 8363.6815 9.99567e-17
 8366.6543 1.02001e-16
 8369.6271 1.02561e-16
 8372.5999 1.08912e-16
 8375.5726 9.63834e-17
 8378.5454 8.72538e-17
 8381.5182 1.05865e-16
 8384.4910 9.10701e-17
 8387.4638 7.99146e-17
 8390.4365 9.43537e-17
 8393.4093 1.13170e-16
 8396.3821 1.16005e-16
 8399.3549 9.66963e-17
 8402.3277 9.10754e-17
 8405.3005 1.02037e-16
 8408.2732 1.02895e-16
 8411.2460 1.08120e-16
 8414.2188 9.25437e-17
 8417.1916 8.74561e-17
 8420.1644 9.54999e-17
 8423.1371 1.16838e-16
 8426.1099 8.19542e-17
 8429.0827 7.26966e-17
 8432.0555 8.69214e-17
 8435.0283 9.30746e-17
 8438.0010 1.04088e-16
 8440.9738 1.02368e-16
 8443.9466 9.78741e-17
 8446.9194 9.21149e-17
 8449.8922 1.00967e-16
 8452.8649 9.78469e-17
 8455.8377 9.79688e-17
 8458.8105 1.02534e-16
 8461.7833 7.09145e-17
 8464.7561 8.55757e-17
 8467.7288 1.14045e-16
 8470.7016 1.05631e-16
 8473.6744 9.08817e-17
 8476.6472 9.15034e-17
 8479.6200 8.81723e-17
 8482.5928 9.15824e-17
 8485.5655 9.36143e-17
 8488.5383 8.74427e-17
 8491.5111 9.53797e-17
 8494.4839 8.31971e-17
 8497.4567 9.18295e-17
 8500.4294 8.13016e-17
 8503.4022 8.26658e-17
 8506.3750 1.03856e-16
 8509.3478 9.64904e-17
 8512.3206 8.61744e-17
 8515.2933 9.50562e-17
 8518.2661 9.60368e-17
 8521.2389 7.71042e-17
 8524.2117 8.53619e-17
 8527.1845 8.75693e-17
 8530.1572 9.89894e-17
 8533.1300 8.48227e-17
 8536.1028 8.81444e-17
 8539.0756 8.44835e-17
 8542.0484 7.46745e-17
 8545.0211 7.46666e-17
 8547.9939 7.50592e-17
 8550.9667 8.40801e-17
 8553.9395 8.40331e-17
 8556.9123 7.57730e-17
 8559.8850 8.22119e-17
 8562.8578 7.93398e-17
 8565.8306 6.84773e-17
 8568.8034 8.63423e-17
 8571.7762 7.58574e-17
 8574.7489 8.47751e-17
 8577.7217 8.72360e-17
 8580.6945 9.34717e-17
 8583.6673 9.73994e-17
 8586.6401 9.00885e-17
 8589.6128 8.21120e-17
 8592.5856 8.88035e-17
 8595.5584 7.32677e-17
 8598.5312 7.64536e-17
 8601.5040 9.21702e-17
 8604.4767 8.73698e-17
 8607.4495 8.05291e-17
 8610.4223 7.89903e-17
 8613.3951 7.53912e-17
 8616.3679 8.27383e-17
 8619.3406 7.50650e-17
 8622.3134 7.62671e-17
 8625.2862 8.09806e-17
 8628.2590 9.34512e-17
 8631.2318 8.71550e-17
 8634.2046 7.51767e-17
 8637.1773 7.29611e-17
 8640.1501 6.37340e-17
 8643.1229 7.05085e-17
 8646.0957 7.83996e-17
 8649.0685 6.79396e-17
 8652.0412 7.09202e-17
 8655.0140 7.15285e-17
 8657.9868 6.48060e-17
 8660.9596 6.08155e-17
 8663.9324 6.43707e-17
 8666.9051 7.26758e-17
 8669.8779 7.45231e-17
 8672.8507 7.67666e-17
 8675.8235 6.85044e-17
 8678.7963 7.11928e-17
 8681.7690 5.54481e-17
 8684.7418 6.04659e-17
 8687.7146 6.13729e-17
 8690.6874 6.20763e-17
 8693.6602 5.67943e-17
 8696.6329 5.95880e-17
 8699.6057 5.45668e-17
 8702.5785 5.92117e-17
 8705.5513 6.77617e-17
 8708.5241 5.89747e-17
 8711.4968 5.17565e-17
 8714.4696 5.38162e-17
 8717.4424 5.78139e-17
 8720.4152 5.46268e-17
 8723.3880 5.50700e-17
 8726.3608 5.82422e-17
 8729.3335 5.98590e-17
 8732.3063 5.69728e-17
 8735.2791 4.40336e-17
 8738.2519 4.70106e-17
 8741.2247 5.12047e-17
 8744.1974 4.74476e-17
 8747.1702 4.77967e-17
 8750.1430 3.98199e-17
 8753.1158 5.15617e-17
 8756.0886 4.72065e-17
 8759.0613 3.84466e-17
 8762.0341 3.96457e-17
 8765.0069 4.20467e-17
 8767.9797 4.02504e-17
 8770.9525 4.84009e-17
 8773.9252 3.57328e-17
 8776.8980 4.19480e-17
 8779.8708 3.82377e-17
 8782.8436 3.70380e-17
 8785.8164 4.32347e-17
 8788.7891 3.73598e-17
 8791.7619 4.08922e-17
 8794.7347 4.24894e-17
 8797.7075 3.82857e-17
 8800.6803 4.29435e-17
 8803.6531 4.10771e-17
 8806.6258 3.57419e-17
 8809.5986 3.80659e-17
 8812.5714 3.97397e-17
 8815.5442 2.96621e-17
 8818.5170 2.70026e-17
 8821.4897 3.60825e-17
 8824.4625 2.92277e-17
 8827.4353 2.39815e-17
 8830.4081 2.78263e-17
 8833.3809 3.66528e-17
 8836.3536 3.05085e-17
 8839.3264 3.13511e-17
 8842.2992 3.84967e-17
 8845.2720 3.20679e-17
 8848.2448 2.58767e-17
 8851.2175 2.65319e-17
 8854.1903 2.43485e-17
 8857.1631 2.31124e-17
 8860.1359 2.91454e-17
 8863.1087 2.17206e-17
 8866.0814 2.15268e-17
 8869.0542 2.09312e-17
 8872.0270 2.12050e-17
 8874.9998 2.44289e-17
 8877.9726 2.47238e-17
 8880.9453 2.02812e-17
 8883.9181 2.01098e-17
 8886.8909 1.96624e-17
 8889.8637 1.40557e-17
 8892.8365 1.83584e-17
 8895.8092 1.95724e-17
 8898.7820 1.50489e-17
 8901.7548 1.75676e-17
 8904.7276 1.65447e-17
 8907.7004 1.54291e-17
 8910.6731 1.67490e-17
 8913.6459 1.43428e-17
 8916.6187 1.16613e-17
 8919.5915 1.31423e-17
 8922.5643 1.11445e-17
 8925.5370 1.09110e-17
 8928.5098 1.09706e-17
 8931.4826 1.08928e-17
 8934.4554 1.43664e-17
 8937.4282 1.49816e-17
 8940.4009 1.02429e-17
 8943.3737 6.20512e-18
 8946.3465 6.84855e-18
 8949.3193 8.56099e-18
 8952.2921 9.46471e-18
 8955.2649 9.38249e-18
 8958.2376 9.43487e-18
 8961.2104 5.83318e-18
 8964.1832 5.76254e-18
 8967.1560 4.89618e-18
 8970.1288 5.38412e-18
 8973.1015 7.36459e-18
 8976.0743 5.53252e-18
 8979.0471 4.22441e-18
 8982.0199 3.87112e-18
 8984.9927 4.33041e-18
 8987.9654 3.39931e-18
 8990.9382 3.26210e-18
 8993.9110 2.61453e-18
 8996.8838 2.13997e-18
 8999.8566 1.79644e-18
 9002.8293 1.15286e-18
 9005.8021 7.54659e-19
 9008.7749 4.09096e-19
 9011.7477 -9.84573e-20
 9014.7205 -5.96452e-19
 9017.6932 -9.78807e-19
 9020.6660 -1.35468e-18
 9023.6388 -1.76384e-18
 9026.6116 -2.26535e-18
