#Object:               SN2005al
#FITS_file:            SN05al_b01_DUP_WF_19mar05.fits
#Redshift:             0.01240
#JDate_of_max:         2453429.90
#JDate_of_observation: 2453448.76
#Epoch:                18.63     
#
 3753.4500 6.31096e-16
 3756.4541 6.32894e-16
 3759.4583 5.71461e-16
 3762.4624 5.88894e-16
 3765.4666 6.13462e-16
 3768.4707 6.01967e-16
 3771.4749 6.15180e-16
 3774.4790 6.20333e-16
 3777.4832 6.00278e-16
 3780.4873 5.55195e-16
 3783.4915 5.46902e-16
 3786.4956 4.84173e-16
 3789.4998 4.88240e-16
 3792.5040 5.63061e-16
 3795.5081 5.16567e-16
 3798.5123 5.14961e-16
 3801.5164 5.64150e-16
 3804.5206 5.62533e-16
 3807.5247 5.72188e-16
 3810.5289 6.92554e-16
 3813.5330 5.90265e-16
 3816.5372 6.74064e-16
 3819.5413 6.52295e-16
 3822.5455 6.18741e-16
 3825.5496 6.55152e-16
 3828.5538 7.84512e-16
 3831.5579 7.82468e-16
 3834.5621 7.95052e-16
 3837.5663 8.15597e-16
 3840.5704 8.27174e-16
 3843.5746 7.79457e-16
 3846.5787 8.56813e-16
 3849.5829 8.41694e-16
 3852.5870 9.43077e-16
 3855.5912 9.91128e-16
 3858.5953 1.08214e-15
 3861.5995 9.64237e-16
 3864.6036 1.06021e-15
 3867.6078 1.20975e-15
 3870.6119 1.20127e-15
 3873.6161 1.26186e-15
 3876.6202 1.19659e-15
 3879.6244 1.21442e-15
 3882.6285 1.22367e-15
 3885.6327 1.20467e-15
 3888.6369 1.22658e-15
 3891.6410 1.17146e-15
 3894.6452 1.25437e-15
 3897.6493 1.30793e-15
 3900.6535 1.32519e-15
 3903.6576 1.38521e-15
 3906.6618 1.31972e-15
 3909.6659 1.31137e-15
 3912.6701 1.43015e-15
 3915.6742 1.43032e-15
 3918.6784 1.32900e-15
 3921.6825 1.36787e-15
 3924.6867 1.40953e-15
 3927.6908 1.39329e-15
 3930.6950 1.47430e-15
 3933.6991 1.46649e-15
 3936.7033 1.49585e-15
 3939.7074 1.55714e-15
 3942.7116 1.54400e-15
 3945.7158 1.50911e-15
 3948.7199 1.56909e-15
 3951.7241 1.56787e-15
 3954.7282 1.56506e-15
 3957.7324 1.62306e-15
 3960.7365 1.60966e-15
 3963.7407 1.55473e-15
 3966.7448 1.61647e-15
 3969.7490 1.56581e-15
 3972.7531 1.54732e-15
 3975.7573 1.53525e-15
 3978.7614 1.53544e-15
 3981.7656 1.50917e-15
 3984.7697 1.47327e-15
 3987.7739 1.41934e-15
 3990.7780 1.43646e-15
 3993.7822 1.38737e-15
 3996.7863 1.30173e-15
 3999.7905 1.30155e-15
 4002.7947 1.22973e-15
 4005.7988 1.19352e-15
 4008.8030 1.15998e-15
 4011.8071 1.14792e-15
 4014.8113 1.11682e-15
 4017.8154 1.08459e-15
 4020.8196 1.03728e-15
 4023.8237 1.04885e-15
 4026.8279 1.03783e-15
 4029.8320 1.02755e-15
 4032.8362 1.01847e-15
 4035.8403 9.55494e-16
 4038.8445 9.53677e-16
 4041.8486 9.97783e-16
 4044.8528 1.00652e-15
 4047.8570 1.10352e-15
 4050.8611 1.03446e-15
 4053.8653 1.04686e-15
 4056.8694 1.04826e-15
 4059.8736 1.13020e-15
 4062.8777 1.10413e-15
 4065.8819 1.08585e-15
 4068.8860 1.13673e-15
 4071.8902 1.13137e-15
 4074.8943 1.12772e-15
 4077.8985 1.15451e-15
 4080.9026 1.11827e-15
 4083.9068 1.06584e-15
 4086.9109 1.07890e-15
 4089.9151 1.03325e-15
 4092.9192 9.86170e-16
 4095.9234 9.90121e-16
 4098.9275 9.88275e-16
 4101.9317 1.04474e-15
 4104.9359 9.90832e-16
 4107.9400 9.49261e-16
 4110.9442 9.65651e-16
 4113.9483 9.98599e-16
 4116.9525 1.02783e-15
 4119.9566 1.01284e-15
 4122.9608 9.95056e-16
 4125.9649 9.38107e-16
 4128.9691 9.06843e-16
 4131.9732 9.13463e-16
 4134.9774 9.81684e-16
 4137.9815 9.93777e-16
 4140.9857 9.47264e-16
 4143.9898 9.95533e-16
 4146.9940 9.43708e-16
 4149.9981 9.59112e-16
 4153.0023 9.67466e-16
 4156.0065 9.94508e-16
 4159.0106 9.74866e-16
 4162.0148 9.62360e-16
 4165.0189 9.53832e-16
 4168.0231 9.64921e-16
 4171.0272 1.07698e-15
 4174.0314 1.08123e-15
 4177.0355 1.11017e-15
 4180.0397 1.08427e-15
 4183.0438 1.16934e-15
 4186.0480 1.20042e-15
 4189.0521 1.21781e-15
 4192.0563 1.20966e-15
 4195.0604 1.21338e-15
 4198.0646 1.23071e-15
 4201.0688 1.20131e-15
 4204.0729 1.15258e-15
 4207.0771 1.11825e-15
 4210.0812 1.15391e-15
 4213.0854 1.15445e-15
 4216.0895 1.12296e-15
 4219.0937 1.10192e-15
 4222.0978 1.12572e-15
 4225.1020 1.11580e-15
 4228.1061 1.11087e-15
 4231.1103 1.12366e-15
 4234.1144 1.11079e-15
 4237.1186 1.07717e-15
 4240.1227 1.11392e-15
 4243.1269 1.07824e-15
 4246.1310 1.08953e-15
 4249.1352 1.08822e-15
 4252.1393 1.14955e-15
 4255.1435 1.09924e-15
 4258.1477 1.07271e-15
 4261.1518 1.10216e-15
 4264.1560 1.04667e-15
 4267.1601 1.10155e-15
 4270.1643 1.08389e-15
 4273.1684 1.07663e-15
 4276.1726 1.09047e-15
 4279.1767 1.07758e-15
 4282.1809 1.12952e-15
 4285.1850 1.12227e-15
 4288.1892 1.14286e-15
 4291.1933 1.15998e-15
 4294.1975 1.18231e-15
 4297.2016 1.16925e-15
 4300.2058 1.23752e-15
 4303.2099 1.20965e-15
 4306.2141 1.20861e-15
 4309.2182 1.23135e-15
 4312.2224 1.24337e-15
 4315.2266 1.17020e-15
 4318.2307 1.17987e-15
 4321.2349 1.20298e-15
 4324.2390 1.22572e-15
 4327.2432 1.16523e-15
 4330.2473 1.15674e-15
 4333.2515 1.15991e-15
 4336.2556 1.14904e-15
 4339.2598 1.09687e-15
 4342.2639 1.09496e-15
 4345.2681 1.06652e-15
 4348.2722 1.04456e-15
 4351.2764 9.58595e-16
 4354.2805 9.40537e-16
 4357.2847 9.07196e-16
 4360.2889 9.34582e-16
 4363.2930 9.15524e-16
 4366.2972 8.38578e-16
 4369.3013 8.43086e-16
 4372.3055 7.92820e-16
 4375.3096 7.74232e-16
 4378.3138 8.15424e-16
 4381.3179 8.15259e-16
 4384.3221 7.76928e-16
 4387.3262 7.66798e-16
 4390.3304 7.45441e-16
 4393.3345 7.34606e-16
 4396.3387 7.23620e-16
 4399.3428 7.27112e-16
 4402.3470 6.71442e-16
 4405.3511 6.84117e-16
 4408.3553 6.71293e-16
 4411.3595 6.68503e-16
 4414.3636 6.90063e-16
 4417.3678 6.54523e-16
 4420.3719 6.43672e-16
 4423.3761 6.52793e-16
 4426.3802 6.66613e-16
 4429.3844 6.32936e-16
 4432.3885 6.38038e-16
 4435.3927 6.82253e-16
 4438.3968 6.51086e-16
 4441.4010 6.96175e-16
 4444.4051 7.26242e-16
 4447.4093 7.53040e-16
 4450.4134 7.45069e-16
 4453.4176 7.51724e-16
 4456.4217 8.14493e-16
 4459.4259 7.89537e-16
 4462.4300 7.88657e-16
 4465.4342 8.07689e-16
 4468.4384 7.58348e-16
 4471.4425 7.75846e-16
 4474.4467 8.47115e-16
 4477.4508 8.39394e-16
 4480.4550 8.53884e-16
 4483.4591 9.09728e-16
 4486.4633 9.03202e-16
 4489.4674 9.19045e-16
 4492.4716 9.24293e-16
 4495.4757 9.32198e-16
 4498.4799 9.45526e-16
 4501.4840 1.00778e-15
 4504.4882 1.03579e-15
 4507.4923 1.02284e-15
 4510.4965 1.06006e-15
 4513.5007 1.09692e-15
 4516.5048 1.13728e-15
 4519.5090 1.18010e-15
 4522.5131 1.20351e-15
 4525.5173 1.27943e-15
 4528.5214 1.35414e-15
 4531.5256 1.45094e-15
 4534.5297 1.44703e-15
 4537.5339 1.49283e-15
 4540.5380 1.54985e-15
 4543.5422 1.65485e-15
 4546.5463 1.74885e-15
 4549.5505 1.81741e-15
 4552.5546 1.85296e-15
 4555.5588 1.88096e-15
 4558.5629 1.93668e-15
 4561.5671 1.98717e-15
 4564.5712 2.07185e-15
 4567.5754 2.04272e-15
 4570.5796 2.02193e-15
 4573.5837 2.02907e-15
 4576.5879 2.08043e-15
 4579.5920 2.06485e-15
 4582.5962 2.06806e-15
 4585.6003 2.09098e-15
 4588.6045 2.12429e-15
 4591.6086 2.11025e-15
 4594.6128 2.08593e-15
 4597.6169 2.13866e-15
 4600.6211 2.21127e-15
 4603.6252 2.23732e-15
 4606.6294 2.25558e-15
 4609.6335 2.28747e-15
 4612.6377 2.28098e-15
 4615.6418 2.30021e-15
 4618.6460 2.31715e-15
 4621.6501 2.39158e-15
 4624.6543 2.42114e-15
 4627.6585 2.42217e-15
 4630.6626 2.40005e-15
 4633.6668 2.42329e-15
 4636.6709 2.43744e-15
 4639.6751 2.39159e-15
 4642.6792 2.36881e-15
 4645.6834 2.29282e-15
 4648.6875 2.22536e-15
 4651.6917 2.15914e-15
 4654.6958 2.07671e-15
 4657.7000 2.02772e-15
 4660.7041 1.88988e-15
 4663.7083 1.79390e-15
 4666.7124 1.73349e-15
 4669.7166 1.63112e-15
 4672.7208 1.53309e-15
 4675.7249 1.44169e-15
 4678.7291 1.36105e-15
 4681.7332 1.35862e-15
 4684.7374 1.28116e-15
 4687.7415 1.20515e-15
 4690.7457 1.22100e-15
 4693.7498 1.14765e-15
 4696.7540 1.08402e-15
 4699.7581 1.03327e-15
 4702.7623 1.05538e-15
 4705.7664 1.03821e-15
 4708.7706 9.62182e-16
 4711.7747 9.48260e-16
 4714.7789 9.70079e-16
 4717.7830 9.64777e-16
 4720.7872 9.61024e-16
 4723.7914 9.53140e-16
 4726.7955 9.84953e-16
 4729.7997 9.73012e-16
 4732.8038 1.01562e-15
 4735.8080 1.03981e-15
 4738.8121 1.05977e-15
 4741.8163 1.04326e-15
 4744.8204 1.01755e-15
 4747.8246 1.02862e-15
 4750.8287 1.06753e-15
 4753.8329 1.05636e-15
 4756.8370 1.02375e-15
 4759.8412 1.02596e-15
 4762.8453 1.03158e-15
 4765.8495 1.06153e-15
 4768.8536 1.02858e-15
 4771.8578 1.04842e-15
 4774.8619 1.04312e-15
 4777.8661 1.07721e-15
 4780.8703 1.13514e-15
 4783.8744 1.12023e-15
 4786.8786 1.15658e-15
 4789.8827 1.15979e-15
 4792.8869 1.17058e-15
 4795.8910 1.20504e-15
 4798.8952 1.19382e-15
 4801.8993 1.21936e-15
 4804.9035 1.25238e-15
 4807.9076 1.26081e-15
 4810.9118 1.28864e-15
 4813.9159 1.30572e-15
 4816.9201 1.29905e-15
 4819.9242 1.34267e-15
 4822.9284 1.34131e-15
 4825.9326 1.34175e-15
 4828.9367 1.34292e-15
 4831.9409 1.33301e-15
 4834.9450 1.35912e-15
 4837.9492 1.35478e-15
 4840.9533 1.33529e-15
 4843.9575 1.23685e-15
 4846.9616 1.25289e-15
 4849.9658 1.26248e-15
 4852.9699 1.24370e-15
 4855.9741 1.26267e-15
 4858.9782 1.25976e-15
 4861.9824 1.26331e-15
 4864.9865 1.24007e-15
 4867.9907 1.24327e-15
 4870.9948 1.31129e-15
 4873.9990 1.29991e-15
 4877.0031 1.30988e-15
 4880.0073 1.32159e-15
 4883.0115 1.35715e-15
 4886.0156 1.37844e-15
 4889.0198 1.41168e-15
 4892.0239 1.41691e-15
 4895.0281 1.46024e-15
 4898.0322 1.43821e-15
 4901.0364 1.48872e-15
 4904.0405 1.53322e-15
 4907.0447 1.56663e-15
 4910.0488 1.58166e-15
 4913.0530 1.60070e-15
 4916.0571 1.62350e-15
 4919.0613 1.62308e-15
 4922.0654 1.61734e-15
 4925.0696 1.65847e-15
 4928.0737 1.68605e-15
 4931.0779 1.64351e-15
 4934.0820 1.61904e-15
 4937.0862 1.65537e-15
 4940.0904 1.65221e-15
 4943.0945 1.63463e-15
 4946.0987 1.59200e-15
 4949.1028 1.60013e-15
 4952.1070 1.56200e-15
 4955.1111 1.57181e-15
 4958.1153 1.52003e-15
 4961.1194 1.50952e-15
 4964.1236 1.50754e-15
 4967.1277 1.46860e-15
 4970.1319 1.43783e-15
 4973.1360 1.42357e-15
 4976.1402 1.32878e-15
 4979.1444 1.33845e-15
 4982.1485 1.29108e-15
 4985.1527 1.26573e-15
 4988.1568 1.27531e-15
 4991.1610 1.18996e-15
 4994.1651 1.22222e-15
 4997.1693 1.16371e-15
 5000.1734 1.13891e-15
 5003.1776 1.12633e-15
 5006.1817 1.09776e-15
 5009.1859 1.08506e-15
 5012.1900 1.06746e-15
 5015.1942 1.05777e-15
 5018.1983 1.06186e-15
 5021.2025 1.03598e-15
 5024.2066 1.02834e-15
 5027.2108 1.04449e-15
 5030.2149 1.01119e-15
 5033.2191 1.02800e-15
 5036.2233 9.86778e-16
 5039.2274 9.92852e-16
 5042.2316 9.69657e-16
 5045.2357 9.79678e-16
 5048.2399 9.70148e-16
 5051.2440 9.59150e-16
 5054.2482 9.62163e-16
 5057.2523 9.70443e-16
 5060.2565 9.43500e-16
 5063.2606 9.02542e-16
 5066.2648 9.10286e-16
 5069.2689 8.97853e-16
 5072.2731 9.00602e-16
 5075.2772 9.29770e-16
 5078.2814 9.52664e-16
 5081.2855 9.24543e-16
 5084.2897 9.49874e-16
 5087.2938 9.26522e-16
 5090.2980 8.94715e-16
 5093.3022 8.69520e-16
 5096.3063 8.98140e-16
 5099.3105 8.98696e-16
 5102.3146 8.70861e-16
 5105.3188 8.69740e-16
 5108.3229 8.94345e-16
 5111.3271 9.08811e-16
 5114.3312 9.13989e-16
 5117.3354 8.94011e-16
 5120.3395 9.30123e-16
 5123.3437 9.30008e-16
 5126.3478 9.43244e-16
 5129.3520 9.02733e-16
 5132.3561 8.89724e-16
 5135.3603 8.79827e-16
 5138.3645 9.01863e-16
 5141.3686 9.26955e-16
 5144.3728 9.08864e-16
 5147.3769 9.16751e-16
 5150.3811 9.24774e-16
 5153.3852 9.61759e-16
 5156.3894 9.53226e-16
 5159.3935 1.00407e-15
 5162.3977 9.85616e-16
 5165.4018 1.00971e-15
 5168.4060 9.94121e-16
 5171.4101 1.05188e-15
 5174.4143 1.08233e-15
 5177.4184 1.09524e-15
 5180.4226 1.09930e-15
 5183.4267 1.11777e-15
 5186.4309 1.15123e-15
 5189.4350 1.16723e-15
 5192.4392 1.19359e-15
 5195.4434 1.25365e-15
 5198.4475 1.30854e-15
 5201.4517 1.32836e-15
 5204.4558 1.40062e-15
 5207.4600 1.45230e-15
 5210.4641 1.47927e-15
 5213.4683 1.50683e-15
 5216.4724 1.55100e-15
 5219.4766 1.59130e-15
 5222.4807 1.61659e-15
 5225.4849 1.65879e-15
 5228.4890 1.69352e-15
 5231.4932 1.67576e-15
 5234.4973 1.67354e-15
 5237.5015 1.70215e-15
 5240.5056 1.71032e-15
 5243.5098 1.67143e-15
 5246.5140 1.67920e-15
 5249.5181 1.76319e-15
 5252.5223 1.76487e-15
 5255.5264 1.75187e-15
 5258.5306 1.83760e-15
 5261.5347 1.87289e-15
 5264.5389 1.83759e-15
 5267.5430 1.86154e-15
 5270.5472 1.92545e-15
 5273.5513 1.92695e-15
 5276.5555 1.92930e-15
 5279.5596 1.95083e-15
 5282.5638 1.94583e-15
 5285.5679 1.95339e-15
 5288.5721 2.00220e-15
 5291.5762 1.93969e-15
 5294.5804 1.97521e-15
 5297.5845 1.96008e-15
 5300.5887 1.93164e-15
 5303.5929 1.94937e-15
 5306.5970 1.92528e-15
 5309.6012 1.88485e-15
 5312.6053 1.93503e-15
 5315.6095 1.88704e-15
 5318.6136 1.88393e-15
 5321.6178 1.84646e-15
 5324.6219 1.85590e-15
 5327.6261 1.82189e-15
 5330.6302 1.80107e-15
 5333.6344 1.82400e-15
 5336.6385 1.77498e-15
 5339.6427 1.76710e-15
 5342.6468 1.72634e-15
 5345.6510 1.73761e-15
 5348.6552 1.72762e-15
 5351.6593 1.73378e-15
 5354.6635 1.78103e-15
 5357.6676 1.76104e-15
 5360.6718 1.72912e-15
 5363.6759 1.75639e-15
 5366.6801 1.79247e-15
 5369.6842 1.82737e-15
 5372.6884 1.85963e-15
 5375.6925 1.80567e-15
 5378.6967 1.88052e-15
 5381.7008 1.92131e-15
 5384.7050 1.92528e-15
 5387.7091 1.90837e-15
 5390.7133 1.91064e-15
 5393.7174 1.93319e-15
 5396.7216 2.00603e-15
 5399.7257 1.97717e-15
 5402.7299 1.95616e-15
 5405.7341 1.96796e-15
 5408.7382 1.98577e-15
 5411.7424 2.05024e-15
 5414.7465 1.99848e-15
 5417.7507 2.03303e-15
 5420.7548 2.02534e-15
 5423.7590 2.00392e-15
 5426.7631 1.98294e-15
 5429.7673 2.02483e-15
 5432.7714 1.93130e-15
 5435.7756 1.96115e-15
 5438.7797 1.99012e-15
 5441.7839 1.96842e-15
 5444.7880 1.95795e-15
 5447.7922 1.95073e-15
 5450.7963 1.99411e-15
 5453.8005 1.93242e-15
 5456.8046 1.93375e-15
 5459.8088 1.92117e-15
 5462.8130 1.85909e-15
 5465.8171 1.91019e-15
 5468.8213 1.89820e-15
 5471.8254 1.81438e-15
 5474.8296 1.79492e-15
 5477.8337 1.78212e-15
 5480.8379 1.77822e-15
 5483.8420 1.75364e-15
 5486.8462 1.70999e-15
 5489.8503 1.75770e-15
 5492.8545 1.73018e-15
 5495.8586 1.71114e-15
 5498.8628 1.70384e-15
 5501.8670 1.67591e-15
 5504.8711 1.64961e-15
 5507.8753 1.64188e-15
 5510.8794 1.61439e-15
 5513.8836 1.61093e-15
 5516.8877 1.63791e-15
 5519.8919 1.61465e-15
 5522.8960 1.57698e-15
 5525.9002 1.57842e-15
 5528.9043 1.56000e-15
 5531.9085 1.51883e-15
 5534.9126 1.53080e-15
 5537.9168 1.48927e-15
 5540.9209 1.44818e-15
 5543.9251 1.45670e-15
 5546.9292 1.43396e-15
 5549.9334 1.42926e-15
 5552.9375 1.43128e-15
 5555.9417 1.41739e-15
 5558.9459 1.37298e-15
 5561.9500 1.34505e-15
 5564.9542 1.34128e-15
 5567.9583 1.31974e-15
 5570.9625 1.29902e-15
 5573.9666 1.30629e-15
 5576.9708 1.27281e-15
 5579.9749 1.29469e-15
 5582.9791 1.29206e-15
 5585.9832 1.24057e-15
 5588.9874 1.22668e-15
 5591.9915 1.19290e-15
 5594.9957 1.18435e-15
 5597.9998 1.17751e-15
 5601.0040 1.13814e-15
 5604.0081 1.12177e-15
 5607.0123 1.15663e-15
 5610.0164 1.16624e-15
 5613.0206 1.10818e-15
 5616.0248 1.07634e-15
 5619.0289 1.06689e-15
 5622.0331 1.05795e-15
 5625.0372 1.06096e-15
 5628.0414 1.06013e-15
 5631.0455 1.04684e-15
 5634.0497 1.01865e-15
 5637.0538 1.00044e-15
 5640.0580 1.02139e-15
 5643.0621 1.01121e-15
 5646.0663 1.01191e-15
 5649.0704 1.00669e-15
 5652.0746 9.95818e-16
 5655.0787 9.66904e-16
 5658.0829 9.68975e-16
 5661.0871 9.19077e-16
 5664.0912 9.22396e-16
 5667.0954 9.21740e-16
 5670.0995 8.91414e-16
 5673.1037 9.04528e-16
 5676.1078 9.06374e-16
 5679.1120 8.88184e-16
 5682.1161 8.79447e-16
 5685.1203 8.60471e-16
 5688.1244 8.68276e-16
 5691.1286 8.55770e-16
 5694.1327 8.44121e-16
 5697.1369 8.64115e-16
 5700.1410 8.47777e-16
 5703.1452 8.62686e-16
 5706.1493 8.18145e-16
 5709.1535 8.22968e-16
 5712.1576 8.42570e-16
 5715.1618 8.21946e-16
 5718.1660 8.44653e-16
 5721.1701 8.59095e-16
 5724.1743 8.55365e-16
 5727.1784 8.76332e-16
 5730.1826 9.01581e-16
 5733.1867 9.33906e-16
 5736.1909 9.36017e-16
 5739.1950 9.19119e-16
 5742.1992 9.55234e-16
 5745.2033 9.60033e-16
 5748.2075 9.81060e-16
 5751.2116 9.97332e-16
 5754.2158 1.00855e-15
 5757.2199 1.03274e-15
 5760.2241 1.01338e-15
 5763.2282 1.03921e-15
 5766.2324 1.06048e-15
 5769.2366 1.08160e-15
 5772.2407 1.10958e-15
 5775.2449 1.11379e-15
 5778.2490 1.11922e-15
 5781.2532 1.12527e-15
 5784.2573 1.15522e-15
 5787.2615 1.15766e-15
 5790.2656 1.14402e-15
 5793.2698 1.14566e-15
 5796.2739 1.17725e-15
 5799.2781 1.25808e-15
 5802.2822 1.26718e-15
 5805.2864 1.28991e-15
 5808.2905 1.30993e-15
 5811.2947 1.31924e-15
 5814.2989 1.33512e-15
 5817.3030 1.35566e-15
 5820.3072 1.35524e-15
 5823.3113 1.38697e-15
 5826.3155 1.42115e-15
 5829.3196 1.43158e-15
 5832.3238 1.48910e-15
 5835.3279 1.46613e-15
 5838.3321 1.52027e-15
 5841.3362 1.48762e-15
 5844.3404 1.55561e-15
 5847.3445 1.54156e-15
 5850.3487 1.56724e-15
 5853.3528 1.56141e-15
 5856.3570 1.55588e-15
 5859.3611 1.58526e-15
 5862.3653 1.52412e-15
 5865.3694 1.56963e-15
 5868.3736 1.56860e-15
 5871.3778 1.54973e-15
 5874.3819 1.54117e-15
 5877.3861 1.53393e-15
 5880.3902 1.53255e-15
 5883.3944 1.53109e-15
 5886.3985 1.54356e-15
 5889.4027 1.52977e-15
 5892.4068 1.50703e-15
 5895.4110 1.47453e-15
 5898.4151 1.49000e-15
 5901.4193 1.48870e-15
 5904.4234 1.47778e-15
 5907.4276 1.45332e-15
 5910.4317 1.42581e-15
 5913.4359 1.41246e-15
 5916.4400 1.40081e-15
 5919.4442 1.36399e-15
 5922.4483 1.35074e-15
 5925.4525 1.34827e-15
 5928.4567 1.35788e-15
 5931.4608 1.31603e-15
 5934.4650 1.28301e-15
 5937.4691 1.29410e-15
 5940.4733 1.24274e-15
 5943.4774 1.20314e-15
 5946.4816 1.20287e-15
 5949.4857 1.18519e-15
 5952.4899 1.16560e-15
 5955.4940 1.17555e-15
 5958.4982 1.14807e-15
 5961.5023 1.14739e-15
 5964.5065 1.10039e-15
 5967.5106 1.10085e-15
 5970.5148 1.10853e-15
 5973.5190 1.11785e-15
 5976.5231 1.15356e-15
 5979.5273 1.12472e-15
 5982.5314 1.10374e-15
 5985.5356 1.12173e-15
 5988.5397 1.11309e-15
 5991.5439 1.10793e-15
 5994.5480 1.11411e-15
 5997.5522 1.11622e-15
 6000.5563 1.11864e-15
 6003.5605 1.12252e-15
 6006.5646 1.12061e-15
 6009.5688 1.12293e-15
 6012.5729 1.08849e-15
 6015.5771 1.06221e-15
 6018.5812 1.05912e-15
 6021.5854 1.05140e-15
 6024.5896 1.02514e-15
 6027.5937 1.02149e-15
 6030.5979 1.01753e-15
 6033.6020 9.95700e-16
 6036.6062 9.66368e-16
 6039.6103 9.49956e-16
 6042.6145 9.60617e-16
 6045.6186 9.38074e-16
 6048.6228 9.45969e-16
 6051.6269 9.82166e-16
 6054.6311 9.40904e-16
 6057.6352 9.41390e-16
 6060.6394 9.27318e-16
 6063.6435 9.53207e-16
 6066.6477 9.78555e-16
 6069.6518 9.68209e-16
 6072.6560 9.90527e-16
 6075.6601 9.74242e-16
 6078.6643 9.54688e-16
 6081.6685 9.41085e-16
 6084.6726 9.44067e-16
 6087.6768 9.02397e-16
 6090.6809 9.31086e-16
 6093.6851 9.46496e-16
 6096.6892 9.00814e-16
 6099.6934 8.89500e-16
 6102.6975 8.81693e-16
 6105.7017 8.68530e-16
 6108.7058 8.57150e-16
 6111.7100 8.48220e-16
 6114.7141 8.21453e-16
 6117.7183 8.17383e-16
 6120.7224 8.11579e-16
 6123.7266 7.85924e-16
 6126.7308 7.56259e-16
 6129.7349 7.18592e-16
 6132.7391 7.16221e-16
 6135.7432 7.10508e-16
 6138.7474 6.99517e-16
 6141.7515 6.65983e-16
 6144.7557 6.64794e-16
 6147.7598 6.58739e-16
 6150.7640 6.46302e-16
 6153.7681 6.35873e-16
 6156.7723 6.29082e-16
 6159.7764 6.07377e-16
 6162.7806 6.36551e-16
 6165.7847 6.32472e-16
 6168.7889 6.28029e-16
 6171.7930 6.04241e-16
 6174.7972 6.19206e-16
 6177.8013 6.40023e-16
 6180.8055 6.58335e-16
 6183.8097 6.52896e-16
 6186.8138 6.68925e-16
 6189.8180 6.93866e-16
 6192.8221 7.19762e-16
 6195.8263 7.21678e-16
 6198.8304 7.22255e-16
 6201.8346 7.56621e-16
 6204.8387 7.51470e-16
 6207.8429 7.59181e-16
 6210.8470 7.90332e-16
 6213.8512 8.34083e-16
 6216.8553 8.20771e-16
 6219.8595 8.35433e-16
 6222.8636 8.17177e-16
 6225.8678 8.28209e-16
 6228.8719 8.73528e-16
 6231.8761 8.77287e-16
 6234.8802 8.31980e-16
 6237.8844 8.19582e-16
 6240.8886 8.24770e-16
 6243.8927 8.66685e-16
 6246.8969 8.72076e-16
 6249.9010 8.83083e-16
 6252.9052 8.90273e-16
 6255.9093 8.91825e-16
 6258.9135 9.07123e-16
 6261.9176 9.39421e-16
 6264.9218 9.36594e-16
 6267.9259 9.63279e-16
 6270.9301 9.92480e-16
 6273.9342 1.00537e-15
 6276.9384 1.03120e-15
 6279.9425 1.04127e-15
 6282.9467 1.03036e-15
 6285.9509 1.03459e-15
 6288.9550 1.03265e-15
 6291.9592 1.05123e-15
 6294.9633 1.07715e-15
 6297.9675 1.09800e-15
 6300.9716 1.10701e-15
 6303.9758 1.12363e-15
 6306.9799 1.13220e-15
 6309.9841 1.14212e-15
 6312.9882 1.15823e-15
 6315.9924 1.16857e-15
 6318.9965 1.18724e-15
 6322.0007 1.16083e-15
 6325.0048 1.18452e-15
 6328.0090 1.22191e-15
 6331.0131 1.24005e-15
 6334.0173 1.25940e-15
 6337.0215 1.26275e-15
 6340.0256 1.22781e-15
 6343.0298 1.25950e-15
 6346.0339 1.26744e-15
 6349.0381 1.25416e-15
 6352.0422 1.28225e-15
 6355.0464 1.27015e-15
 6358.0505 1.26596e-15
 6361.0547 1.31028e-15
 6364.0588 1.26973e-15
 6367.0630 1.25307e-15
 6370.0671 1.31245e-15
 6373.0713 1.32897e-15
 6376.0754 1.26172e-15
 6379.0796 1.27896e-15
 6382.0837 1.30658e-15
 6385.0879 1.29375e-15
 6388.0920 1.26843e-15
 6391.0962 1.33480e-15
 6394.1004 1.30625e-15
 6397.1045 1.33336e-15
 6400.1087 1.32255e-15
 6403.1128 1.28835e-15
 6406.1170 1.31802e-15
 6409.1211 1.31713e-15
 6412.1253 1.30031e-15
 6415.1294 1.31064e-15
 6418.1336 1.32576e-15
 6421.1377 1.34124e-15
 6424.1419 1.35303e-15
 6427.1460 1.41104e-15
 6430.1502 1.39084e-15
 6433.1543 1.36758e-15
 6436.1585 1.34217e-15
 6439.1627 1.35283e-15
 6442.1668 1.37952e-15
 6445.1710 1.38890e-15
 6448.1751 1.37534e-15
 6451.1793 1.38063e-15
 6454.1834 1.38351e-15
 6457.1876 1.40387e-15
 6460.1917 1.38023e-15
 6463.1959 1.36653e-15
 6466.2000 1.37183e-15
 6469.2042 1.40072e-15
 6472.2083 1.37145e-15
 6475.2125 1.38701e-15
 6478.2166 1.39846e-15
 6481.2208 1.36847e-15
 6484.2249 1.39979e-15
 6487.2291 1.39222e-15
 6490.2332 1.36009e-15
 6493.2374 1.34938e-15
 6496.2416 1.36439e-15
 6499.2457 1.34497e-15
 6502.2499 1.36946e-15
 6505.2540 1.36206e-15
 6508.2582 1.36726e-15
 6511.2623 1.35514e-15
 6514.2665 1.34443e-15
 6517.2706 1.32932e-15
 6520.2748 1.35805e-15
 6523.2789 1.36480e-15
 6526.2831 1.35670e-15
 6529.2872 1.34745e-15
 6532.2914 1.35751e-15
 6535.2955 1.30655e-15
 6538.2997 1.33592e-15
 6541.3038 1.32746e-15
 6544.3080 1.32050e-15
 6547.3121 1.29207e-15
 6550.3163 1.27289e-15
 6553.3205 1.26727e-15
 6556.3246 1.25480e-15
 6559.3288 1.21732e-15
 6562.3329 1.24398e-15
 6565.3371 1.25495e-15
 6568.3412 1.19191e-15
 6571.3454 1.18153e-15
 6574.3495 1.14577e-15
 6577.3537 1.14005e-15
 6580.3578 1.14410e-15
 6583.3620 1.14546e-15
 6586.3661 1.12483e-15
 6589.3703 1.09581e-15
 6592.3744 1.07650e-15
 6595.3786 1.08261e-15
 6598.3827 1.08790e-15
 6601.3869 1.06899e-15
 6604.3911 1.05622e-15
 6607.3952 1.00621e-15
 6610.3994 1.03415e-15
 6613.4035 1.04859e-15
 6616.4077 1.00532e-15
 6619.4118 9.84937e-16
 6622.4160 9.89628e-16
 6625.4201 9.62819e-16
 6628.4243 9.73012e-16
 6631.4284 9.82644e-16
 6634.4326 9.69232e-16
 6637.4367 9.42639e-16
 6640.4409 9.31115e-16
 6643.4450 9.41661e-16
 6646.4492 9.28042e-16
 6649.4534 8.79903e-16
 6652.4575 8.94610e-16
 6655.4617 9.07919e-16
 6658.4658 8.68479e-16
 6661.4700 8.82618e-16
 6664.4741 8.47847e-16
 6667.4783 8.13707e-16
 6670.4824 8.61476e-16
 6673.4866 8.49487e-16
 6676.4907 8.24383e-16
 6679.4949 8.21851e-16
 6682.4990 7.99518e-16
 6685.5032 7.96451e-16
 6688.5073 7.91740e-16
 6691.5115 7.52590e-16
 6694.5156 7.69355e-16
 6697.5198 7.68687e-16
 6700.5239 7.48634e-16
 6703.5281 7.21314e-16
 6706.5323 7.15013e-16
 6709.5364 7.10193e-16
 6712.5406 6.91755e-16
 6715.5447 7.10518e-16
 6718.5489 6.82304e-16
 6721.5530 6.82642e-16
 6724.5572 6.99476e-16
 6727.5613 6.71468e-16
 6730.5655 6.63964e-16
 6733.5696 6.39876e-16
 6736.5738 6.48607e-16
 6739.5779 6.23471e-16
 6742.5821 6.18711e-16
 6745.5862 6.23945e-16
 6748.5904 5.93681e-16
 6751.5945 6.05661e-16
 6754.5987 6.08759e-16
 6757.6028 5.81643e-16
 6760.6070 5.77018e-16
 6763.6112 6.07065e-16
 6766.6153 5.92675e-16
 6769.6195 5.83256e-16
 6772.6236 5.79254e-16
 6775.6278 5.80932e-16
 6778.6319 5.86840e-16
 6781.6361 5.53667e-16
 6784.6402 5.48684e-16
 6787.6444 5.61131e-16
 6790.6485 5.51923e-16
 6793.6527 5.45467e-16
 6796.6568 5.66047e-16
 6799.6610 5.60240e-16
 6802.6651 5.70359e-16
 6805.6693 5.60296e-16
 6808.6735 5.50349e-16
 6811.6776 5.56443e-16
 6814.6818 5.51498e-16
 6817.6859 5.52020e-16
 6820.6901 5.49963e-16
 6823.6942 5.36566e-16
 6826.6984 5.63433e-16
 6829.7025 5.68443e-16
 6832.7067 5.53173e-16
 6835.7108 5.25582e-16
 6838.7150 5.33608e-16
 6841.7191 5.44143e-16
 6844.7233 5.43946e-16
 6847.7274 5.36105e-16
 6850.7316 5.48702e-16
 6853.7357 5.35214e-16
 6856.7399 5.39846e-16
 6859.7441 5.35132e-16
 6862.7482 4.96996e-16
 6865.7524 5.26964e-16
 6868.7565 5.41026e-16
 6871.7607 5.33926e-16
 6874.7648 5.40615e-16
 6877.7690 5.47036e-16
 6880.7731 5.32335e-16
 6883.7773 5.48691e-16
 6886.7814 5.32569e-16
 6889.7856 5.32584e-16
 6892.7897 5.55117e-16
 6895.7939 5.62000e-16
 6898.7980 5.49804e-16
 6901.8022 5.60957e-16
 6904.8063 5.36132e-16
 6907.8105 5.29282e-16
 6910.8146 5.40537e-16
 6913.8188 5.35980e-16
 6916.8230 5.55781e-16
 6919.8271 5.37841e-16
 6922.8313 5.36336e-16
 6925.8354 5.38177e-16
 6928.8396 5.35374e-16
 6931.8437 5.34356e-16
 6934.8479 4.98843e-16
 6937.8520 4.99286e-16
 6940.8562 5.28300e-16
 6943.8603 5.13198e-16
 6946.8645 5.22687e-16
 6949.8686 5.36092e-16
 6952.8728 5.28788e-16
 6955.8769 5.02003e-16
 6958.8811 5.20624e-16
 6961.8853 5.09072e-16
 6964.8894 5.05294e-16
 6967.8936 5.28344e-16
 6970.8977 4.90745e-16
 6973.9019 4.99814e-16
 6976.9060 5.13542e-16
 6979.9102 4.66308e-16
 6982.9143 4.83198e-16
 6985.9185 4.90882e-16
 6988.9226 5.16233e-16
 6991.9268 5.13654e-16
 6994.9309 4.97079e-16
 6997.9351 5.14837e-16
 7000.9392 5.03073e-16
 7003.9434 4.91289e-16
 7006.9475 5.17324e-16
 7009.9517 4.96815e-16
 7012.9558 5.01306e-16
 7015.9600 5.01805e-16
 7018.9642 5.09841e-16
 7021.9683 5.12932e-16
 7024.9725 5.02089e-16
 7027.9766 5.00154e-16
 7030.9808 4.99226e-16
 7033.9849 5.01261e-16
 7036.9891 4.83779e-16
 7039.9932 4.81286e-16
 7042.9974 4.67403e-16
 7046.0015 4.66928e-16
 7049.0057 4.84359e-16
 7052.0098 4.71340e-16
 7055.0140 4.98970e-16
 7058.0181 4.63463e-16
 7061.0223 4.88215e-16
 7064.0264 4.75171e-16
 7067.0306 4.87995e-16
 7070.0347 4.81238e-16
 7073.0389 4.95713e-16
 7076.0431 5.01569e-16
 7079.0472 4.86612e-16
 7082.0514 5.01567e-16
 7085.0555 4.81067e-16
 7088.0597 4.68947e-16
 7091.0638 4.65751e-16
 7094.0680 4.71010e-16
 7097.0721 5.04159e-16
 7100.0763 4.97177e-16
 7103.0804 4.83027e-16
 7106.0846 4.83734e-16
 7109.0887 5.05786e-16
 7112.0929 4.82646e-16
 7115.0971 5.22646e-16
 7118.1012 4.93112e-16
 7121.1054 5.01642e-16
 7124.1095 5.10748e-16
 7127.1137 4.91375e-16
 7130.1178 5.17487e-16
 7133.1220 5.22178e-16
 7136.1261 5.12888e-16
 7139.1303 5.05296e-16
 7142.1344 4.99958e-16
 7145.1386 5.04232e-16
 7148.1427 4.93842e-16
 7151.1469 5.16921e-16
 7154.1510 5.25440e-16
 7157.1552 4.79162e-16
 7160.1593 5.19777e-16
 7163.1635 5.04447e-16
 7166.1676 5.06727e-16
 7169.1718 4.96611e-16
 7172.1760 5.03111e-16
 7175.1801 4.92253e-16
 7178.1843 4.85364e-16
 7181.1884 4.96111e-16
 7184.1926 5.06820e-16
 7187.1967 4.85469e-16
 7190.2009 4.98893e-16
 7193.2050 4.95177e-16
 7196.2092 5.02991e-16
 7199.2133 5.03534e-16
 7202.2175 4.84609e-16
 7205.2216 4.94718e-16
 7208.2258 4.91570e-16
 7211.2299 5.09231e-16
 7214.2341 4.99139e-16
 7217.2382 5.10760e-16
 7220.2424 4.88296e-16
 7223.2465 4.94650e-16
 7226.2507 5.11386e-16
 7229.2549 4.96658e-16
 7232.2590 5.14791e-16
 7235.2632 4.97201e-16
 7238.2673 4.67678e-16
 7241.2715 4.96938e-16
 7244.2756 5.07893e-16
 7247.2798 5.06415e-16
 7250.2839 5.28953e-16
 7253.2881 5.33581e-16
 7256.2922 5.30689e-16
 7259.2964 5.24820e-16
 7262.3005 5.14157e-16
 7265.3047 5.07207e-16
 7268.3088 5.12757e-16
 7271.3130 5.10675e-16
 7274.3172 5.26918e-16
 7277.3213 5.24817e-16
 7280.3255 4.92958e-16
 7283.3296 5.16866e-16
 7286.3338 5.21393e-16
 7289.3379 5.06154e-16
 7292.3421 5.30757e-16
 7295.3462 5.62304e-16
 7298.3504 5.46367e-16
 7301.3545 5.46225e-16
 7304.3587 5.30682e-16
 7307.3628 5.44192e-16
 7310.3670 5.48054e-16
 7313.3711 5.37104e-16
 7316.3753 5.42770e-16
 7319.3794 5.25204e-16
 7322.3836 5.32010e-16
 7325.3877 5.57446e-16
 7328.3919 5.60454e-16
 7331.3961 5.34615e-16
 7334.4002 5.40212e-16
 7337.4044 5.47221e-16
 7340.4085 5.28995e-16
 7343.4127 5.22697e-16
 7346.4168 5.28292e-16
 7349.4210 5.26684e-16
 7352.4251 5.14769e-16
 7355.4293 5.05463e-16
 7358.4334 4.97670e-16
 7361.4376 4.95880e-16
 7364.4417 5.16848e-16
 7367.4459 5.03306e-16
 7370.4500 4.88305e-16
 7373.4542 4.66853e-16
 7376.4583 4.82019e-16
 7379.4625 4.95879e-16
 7382.4667 5.24531e-16
 7385.4708 4.80651e-16
 7388.4750 4.70506e-16
 7391.4791 4.58403e-16
 7394.4833 4.74560e-16
 7397.4874 4.67474e-16
 7400.4916 4.78320e-16
 7403.4957 4.74148e-16
 7406.4999 4.79883e-16
 7409.5040 4.70275e-16
 7412.5082 4.54223e-16
 7415.5123 4.60146e-16
 7418.5165 4.76830e-16
 7421.5206 4.82133e-16
 7424.5248 4.85085e-16
 7427.5290 4.78216e-16
 7430.5331 4.78838e-16
 7433.5373 4.53780e-16
 7436.5414 4.77386e-16
 7439.5456 4.71048e-16
 7442.5497 4.50739e-16
 7445.5539 4.58884e-16
 7448.5580 4.68949e-16
 7451.5622 4.53823e-16
 7454.5663 4.55638e-16
 7457.5705 4.41567e-16
 7460.5746 4.77069e-16
 7463.5788 4.50170e-16
 7466.5829 4.37380e-16
 7469.5871 4.35336e-16
 7472.5912 4.36055e-16
 7475.5954 4.38422e-16
 7478.5995 4.23982e-16
 7481.6037 4.31143e-16
 7484.6079 4.41277e-16
 7487.6120 4.07222e-16
 7490.6162 4.54378e-16
 7493.6203 4.54610e-16
 7496.6245 4.33489e-16
 7499.6286 4.26725e-16
 7502.6328 4.18525e-16
 7505.6369 4.57735e-16
 7508.6411 4.13367e-16
 7511.6452 3.99682e-16
 7514.6494 4.46436e-16
 7517.6535 4.50301e-16
 7520.6577 4.49524e-16
 7523.6618 4.48007e-16
 7526.6660 4.70248e-16
 7529.6701 4.75758e-16
 7532.6743 4.71135e-16
 7535.6784 4.71147e-16
 7538.6826 4.52151e-16
 7541.6868 4.45337e-16
 7544.6909 4.21051e-16
 7547.6951 4.41596e-16
 7550.6992 4.39474e-16
 7553.7034 4.63860e-16
 7556.7075 4.66262e-16
 7559.7117 4.39209e-16
 7562.7158 4.77392e-16
 7565.7200 5.03232e-16
 7568.7241 4.75087e-16
 7571.7283 4.58653e-16
 7574.7324 4.65933e-16
 7577.7366 4.76757e-16
 7580.7407 4.72973e-16
 7583.7449 4.74110e-16
 7586.7491 4.71848e-16
 7589.7532 4.61617e-16
 7592.7574 4.77002e-16
 7595.7615 4.47562e-16
 7598.7657 4.81555e-16
 7601.7698 4.98783e-16
 7604.7740 4.79695e-16
 7607.7781 4.62909e-16
 7610.7823 4.87541e-16
 7613.7864 4.87243e-16
 7616.7906 4.88731e-16
 7619.7947 4.65664e-16
 7622.7989 4.71876e-16
 7625.8030 4.52850e-16
 7628.8072 4.53255e-16
 7631.8113 4.90469e-16
 7634.8155 4.81586e-16
 7637.8197 4.47664e-16
 7640.8238 4.73468e-16
 7643.8280 4.88450e-16
 7646.8321 4.78432e-16
 7649.8363 4.87660e-16
 7652.8404 4.45391e-16
 7655.8446 4.65047e-16
 7658.8487 5.06961e-16
 7661.8529 5.00048e-16
 7664.8570 4.75772e-16
 7667.8612 4.73303e-16
 7670.8653 4.47810e-16
 7673.8695 4.77132e-16
 7676.8736 4.86332e-16
 7679.8778 4.86514e-16
 7682.8819 4.77459e-16
 7685.8861 5.03374e-16
 7688.8902 4.91342e-16
 7691.8944 4.63656e-16
 7694.8986 4.63007e-16
 7697.9027 4.70922e-16
 7700.9069 4.81325e-16
 7703.9110 4.80115e-16
 7706.9152 4.69534e-16
 7709.9193 4.72299e-16
 7712.9235 4.57474e-16
 7715.9276 4.62693e-16
 7718.9318 4.63782e-16
 7721.9359 4.77137e-16
 7724.9401 4.86571e-16
 7727.9442 4.90107e-16
 7730.9484 4.74968e-16
 7733.9525 4.64856e-16
 7736.9567 4.61354e-16
 7739.9609 4.30586e-16
 7742.9650 4.27893e-16
 7745.9692 4.73468e-16
 7748.9733 4.53459e-16
 7751.9775 4.67464e-16
 7754.9816 4.71859e-16
 7757.9858 4.30577e-16
 7760.9899 4.35223e-16
 7763.9941 4.41761e-16
 7766.9982 4.44594e-16
 7770.0024 4.57230e-16
 7773.0065 4.57539e-16
 7776.0107 4.79157e-16
 7779.0148 4.69058e-16
 7782.0190 4.35648e-16
 7785.0231 4.25659e-16
 7788.0273 4.33326e-16
 7791.0314 4.37278e-16
 7794.0356 4.66183e-16
 7797.0398 4.76449e-16
 7800.0439 4.54486e-16
 7803.0481 4.35889e-16
 7806.0522 4.58423e-16
 7809.0564 4.49490e-16
 7812.0605 4.65205e-16
 7815.0647 4.35408e-16
 7818.0688 4.49797e-16
 7821.0730 4.58403e-16
 7824.0771 4.35312e-16
 7827.0813 4.30848e-16
 7830.0854 4.46947e-16
 7833.0896 4.36107e-16
 7836.0937 4.39551e-16
 7839.0979 4.64529e-16
 7842.1020 4.51436e-16
 7845.1062 4.53434e-16
 7848.1103 4.47694e-16
 7851.1145 4.62845e-16
 7854.1187 4.42608e-16
 7857.1228 4.58723e-16
 7860.1270 4.77774e-16
 7863.1311 4.58942e-16
 7866.1353 4.44896e-16
 7869.1394 4.36003e-16
 7872.1436 4.54813e-16
 7875.1477 4.45212e-16
 7878.1519 4.56048e-16
 7881.1560 4.42938e-16
 7884.1602 4.49256e-16
 7887.1643 4.37424e-16
 7890.1685 4.30241e-16
 7893.1726 4.51606e-16
 7896.1768 4.42940e-16
 7899.1809 4.40933e-16
 7902.1851 4.73960e-16
 7905.1893 4.59358e-16
 7908.1934 4.61770e-16
 7911.1976 4.27487e-16
 7914.2017 4.56509e-16
 7917.2059 4.11531e-16
 7920.2100 4.18976e-16
 7923.2142 4.59315e-16
 7926.2183 4.49481e-16
 7929.2225 4.05705e-16
 7932.2266 4.42465e-16
 7935.2308 4.54751e-16
 7938.2349 4.24166e-16
 7941.2391 4.25205e-16
 7944.2432 4.20761e-16
 7947.2474 4.30585e-16
 7950.2516 4.27643e-16
 7953.2557 4.27372e-16
 7956.2599 4.38439e-16
 7959.2640 3.93724e-16
 7962.2682 4.01552e-16
 7965.2723 4.14766e-16
 7968.2765 3.94903e-16
 7971.2806 4.09366e-16
 7974.2848 4.03030e-16
 7977.2889 3.93219e-16
 7980.2931 3.82912e-16
 7983.2972 3.84969e-16
 7986.3014 3.66417e-16
 7989.3055 3.91819e-16
 7992.3097 3.73248e-16
 7995.3138 3.67329e-16
 7998.3180 3.46072e-16
 8001.3221 3.60486e-16
 8004.3263 3.78798e-16
 8007.3305 3.77926e-16
 8010.3346 3.71281e-16
 8013.3388 3.80657e-16
 8016.3429 3.37694e-16
 8019.3471 3.52591e-16
 8022.3512 3.31804e-16
 8025.3554 3.58836e-16
 8028.3595 3.59578e-16
 8031.3637 3.38080e-16
 8034.3678 3.37213e-16
 8037.3720 3.56177e-16
 8040.3761 3.53545e-16
 8043.3803 3.39802e-16
 8046.3844 3.55597e-16
 8049.3886 3.61094e-16
 8052.3927 3.38670e-16
 8055.3969 3.55375e-16
 8058.4010 3.51395e-16
 8061.4052 3.36098e-16
 8064.4094 3.29884e-16
 8067.4135 3.42736e-16
 8070.4177 3.31848e-16
 8073.4218 3.50349e-16
 8076.4260 3.24261e-16
 8079.4301 3.22323e-16
 8082.4343 3.44286e-16
 8085.4384 3.18965e-16
 8088.4426 3.19457e-16
 8091.4467 3.09544e-16
 8094.4509 3.01969e-16
 8097.4550 3.19682e-16
 8100.4592 3.16295e-16
 8103.4633 3.02093e-16
 8106.4675 3.04598e-16
 8109.4717 3.08151e-16
 8112.4758 3.29889e-16
 8115.4800 3.16460e-16
 8118.4841 2.94621e-16
 8121.4883 2.78703e-16
 8124.4924 2.90477e-16
 8127.4966 2.92928e-16
 8130.5007 2.81755e-16
 8133.5049 2.95805e-16
 8136.5090 2.76793e-16
 8139.5132 2.64609e-16
 8142.5173 2.74397e-16
 8145.5215 2.56939e-16
 8148.5256 2.80546e-16
 8151.5298 2.66166e-16
 8154.5339 2.57409e-16
 8157.5381 2.74081e-16
 8160.5422 2.71457e-16
 8163.5464 2.69157e-16
 8166.5506 2.71928e-16
 8169.5547 2.69446e-16
 8172.5589 2.59091e-16
 8175.5630 2.34468e-16
 8178.5672 2.46221e-16
 8181.5713 2.23909e-16
 8184.5755 2.52823e-16
 8187.5796 2.46932e-16
 8190.5838 2.21212e-16
 8193.5879 2.20621e-16
 8196.5921 2.08767e-16
 8199.5962 2.35406e-16
 8202.6004 2.61710e-16
 8205.6045 2.26225e-16
 8208.6087 2.18620e-16
 8211.6128 2.19315e-16
 8214.6170 2.12756e-16
 8217.6212 2.19209e-16
 8220.6253 2.16697e-16
 8223.6295 2.24023e-16
 8226.6336 2.17804e-16
 8229.6378 1.91174e-16
 8232.6419 1.98554e-16
 8235.6461 2.24447e-16
 8238.6502 1.82305e-16
 8241.6544 1.77518e-16
 8244.6585 1.98107e-16
 8247.6627 2.36565e-16
 8250.6668 2.06293e-16
 8253.6710 1.88576e-16
 8256.6751 2.01174e-16
 8259.6793 1.76198e-16
 8262.6835 1.62760e-16
 8265.6876 1.90377e-16
 8268.6918 2.05730e-16
 8271.6959 2.16912e-16
 8274.7001 2.22565e-16
 8277.7042 2.34855e-16
 8280.7084 2.13915e-16
 8283.7125 2.20031e-16
 8286.7167 2.11571e-16
 8289.7208 2.19698e-16
 8292.7250 2.33770e-16
 8295.7291 2.26764e-16
 8298.7333 2.00827e-16
 8301.7374 2.05268e-16
 8304.7416 2.55760e-16
 8307.7457 2.52260e-16
 8310.7499 2.33426e-16
 8313.7540 2.28810e-16
 8316.7582 2.33761e-16
 8319.7624 2.56167e-16
 8322.7665 2.88965e-16
 8325.7707 2.97072e-16
 8328.7748 2.92452e-16
 8331.7790 2.90907e-16
 8334.7831 2.63235e-16
 8337.7873 2.47394e-16
 8340.7914 2.97484e-16
 8343.7956 3.10473e-16
 8346.7997 2.96104e-16
 8349.8039 2.99847e-16
 8352.8080 2.93458e-16
 8355.8122 2.80079e-16
 8358.8163 2.65885e-16
 8361.8205 2.73683e-16
 8364.8246 2.92786e-16
 8367.8288 2.89303e-16
 8370.8329 3.13248e-16
 8373.8371 3.17776e-16
 8376.8413 2.99087e-16
 8379.8454 2.92922e-16
 8382.8496 2.88352e-16
 8385.8537 3.18051e-16
 8388.8579 3.23493e-16
 8391.8620 3.05175e-16
 8394.8662 3.14553e-16
 8397.8703 3.25612e-16
 8400.8745 2.67730e-16
 8403.8786 2.75106e-16
 8406.8828 2.99121e-16
 8409.8869 3.45539e-16
 8412.8911 3.64358e-16
 8415.8952 3.20579e-16
 8418.8994 3.15243e-16
 8421.9036 2.89534e-16
 8424.9077 3.01597e-16
 8427.9119 3.28414e-16
 8430.9160 3.62827e-16
 8433.9202 3.96231e-16
 8436.9243 3.49431e-16
 8439.9285 3.68862e-16
 8442.9326 4.11706e-16
 8445.9368 3.62320e-16
 8448.9409 3.93333e-16
 8451.9451 3.96421e-16
 8454.9492 4.37429e-16
 8457.9534 4.26931e-16
 8460.9575 4.78023e-16
 8463.9617 4.56492e-16
 8466.9658 4.52207e-16
 8469.9700 4.53553e-16
 8472.9742 4.69586e-16
 8475.9783 4.44362e-16
 8478.9825 4.74928e-16
 8481.9866 4.91697e-16
 8484.9908 5.15528e-16
 8487.9949 4.97544e-16
 8490.9991 4.99169e-16
 8494.0032 5.17765e-16
 8497.0074 5.43563e-16
 8500.0115 5.30054e-16
 8503.0157 5.39928e-16
 8506.0198 5.21347e-16
 8509.0240 4.89853e-16
 8512.0281 5.26984e-16
 8515.0323 5.00123e-16
 8518.0364 5.40706e-16
 8521.0406 6.11756e-16
 8524.0447 6.12440e-16
 8527.0489 5.72627e-16
 8530.0531 5.93960e-16
 8533.0572 5.56856e-16
 8536.0614 5.78656e-16
 8539.0655 5.79497e-16
 8542.0697 5.55417e-16
 8545.0738 6.27515e-16
 8548.0780 6.45818e-16
 8551.0821 6.04249e-16
 8554.0863 6.15168e-16
 8557.0904 5.99914e-16
 8560.0946 6.00379e-16
 8563.0987 6.04771e-16
 8566.1029 6.07328e-16
 8569.1070 5.77483e-16
 8572.1112 5.94345e-16
 8575.1154 5.63134e-16
 8578.1195 6.44424e-16
 8581.1237 6.64730e-16
 8584.1278 6.50086e-16
 8587.1320 6.24519e-16
 8590.1361 6.07262e-16
 8593.1403 6.37838e-16
 8596.1444 6.18510e-16
 8599.1486 6.80105e-16
 8602.1527 6.35911e-16
 8605.1569 6.32398e-16
 8608.1610 6.70151e-16
 8611.1652 6.74772e-16
 8614.1693 6.53395e-16
 8617.1735 6.04249e-16
 8620.1776 6.27656e-16
 8623.1818 6.43201e-16
 8626.1859 6.48249e-16
 8629.1901 6.61930e-16
 8632.1943 6.75963e-16
 8635.1984 6.75104e-16
 8638.2026 6.21392e-16
 8641.2067 6.31518e-16
 8644.2109 6.56626e-16
 8647.2150 6.72285e-16
 8650.2192 6.72313e-16
 8653.2233 6.76127e-16
 8656.2275 7.12206e-16
 8659.2316 5.96689e-16
 8662.2358 6.45336e-16
 8665.2399 6.46949e-16
 8668.2441 6.53290e-16
 8671.2482 6.71915e-16
 8674.2524 6.79705e-16
 8677.2565 6.54022e-16
 8680.2607 7.10442e-16
 8683.2648 7.09287e-16
 8686.2690 6.82311e-16
 8689.2732 6.74571e-16
 8692.2773 7.08859e-16
 8695.2815 6.77120e-16
 8698.2856 6.95944e-16
 8701.2898 7.39634e-16
 8704.2939 7.59730e-16
 8707.2981 7.00209e-16
 8710.3022 7.06951e-16
 8713.3064 7.20034e-16
 8716.3105 7.04384e-16
 8719.3147 6.78846e-16
 8722.3188 7.15263e-16
 8725.3230 6.98232e-16
 8728.3272 6.57469e-16
 8731.3313 6.83226e-16
 8734.3355 6.75182e-16
 8737.3396 7.01031e-16
 8740.3438 7.28691e-16
 8743.3479 7.36106e-16
 8746.3521 6.84528e-16
 8749.3562 7.16384e-16
 8752.3604 6.99966e-16
 8755.3645 7.01020e-16
 8758.3687 7.51418e-16
 8761.3728 7.07674e-16
 8764.3770 7.11992e-16
 8767.3811 6.35411e-16
 8770.3853 6.73204e-16
 8773.3894 6.97556e-16
 8776.3936 6.75198e-16
 8779.3977 6.91897e-16
 8782.4019 7.54422e-16
 8785.4061 6.80843e-16
 8788.4102 7.09249e-16
 8791.4144 7.22200e-16
 8794.4185 7.04776e-16
 8797.4227 7.04539e-16
 8800.4268 7.47185e-16
 8803.4310 7.28244e-16
 8806.4351 6.59137e-16
 8809.4393 7.21681e-16
 8812.4434 7.10445e-16
 8815.4476 6.72018e-16
 8818.4517 6.71680e-16
 8821.4559 6.94880e-16
 8824.4600 6.51372e-16
 8827.4642 6.73821e-16
 8830.4683 6.39480e-16
 8833.4725 6.60786e-16
 8836.4766 6.28783e-16
 8839.4808 7.02981e-16
 8842.4850 6.72961e-16
 8845.4891 6.56611e-16
 8848.4933 6.44652e-16
 8851.4974 5.99826e-16
 8854.5016 5.86374e-16
 8857.5057 5.61757e-16
 8860.5099 6.25564e-16
 8863.5140 5.94751e-16
 8866.5182 5.47021e-16
 8869.5223 5.76174e-16
 8872.5265 5.62339e-16
 8875.5306 5.31440e-16
 8878.5348 5.17903e-16
 8881.5389 5.04470e-16
 8884.5431 5.75298e-16
 8887.5473 6.23841e-16
 8890.5514 5.75491e-16
 8893.5556 5.24698e-16
 8896.5597 5.38457e-16
 8899.5639 5.39496e-16
 8902.5680 5.51760e-16
 8905.5722 5.00801e-16
 8908.5763 5.20075e-16
 8911.5805 4.94742e-16
 8914.5846 4.68669e-16
 8917.5888 4.97953e-16
 8920.5929 5.36384e-16
 8923.5971 5.09027e-16
 8926.6012 5.21985e-16
 8929.6054 5.02619e-16
 8932.6095 4.70998e-16
 8935.6137 4.79700e-16
 8938.6178 4.70278e-16
 8941.6220 4.62491e-16
 8944.6262 5.02362e-16
 8947.6303 4.61585e-16
 8950.6345 4.92645e-16
 8953.6386 4.89589e-16
 8956.6428 4.02560e-16
 8959.6469 4.77730e-16
 8962.6511 4.91755e-16
 8965.6552 5.11297e-16
 8968.6594 4.87069e-16
 8971.6635 4.22486e-16
 8974.6677 4.65526e-16
 8977.6718 5.11383e-16
 8980.6760 4.64342e-16
 8983.6801 4.46784e-16
 8986.6843 4.78941e-16
 8989.6884 4.84396e-16
 8992.6926 4.52759e-16
 8995.6968 4.23623e-16
 8998.7009 4.63121e-16
 9001.7051 4.71340e-16
 9004.7092 4.81095e-16
 9007.7134 4.78939e-16
 9010.7175 4.47904e-16
 9013.7217 4.35662e-16
 9016.7258 4.41909e-16
 9019.7300 4.72340e-16
 9022.7341 4.51845e-16
 9025.7383 4.17310e-16
 9028.7424 4.44473e-16
 9031.7466 4.73877e-16
 9034.7507 4.43996e-16
 9037.7549 4.20107e-16
 9040.7591 4.35220e-16
 9043.7632 4.09249e-16
 9046.7674 4.27153e-16
 9049.7715 4.72918e-16
 9052.7757 4.28357e-16
 9055.7798 4.14938e-16
 9058.7840 4.37279e-16
 9061.7881 4.32905e-16
 9064.7923 3.98103e-16
 9067.7964 3.75147e-16
 9070.8006 4.69380e-16
 9073.8047 4.14609e-16
 9076.8089 4.53827e-16
 9079.8130 4.67398e-16
 9082.8172 3.87240e-16
 9085.8213 3.89079e-16
 9088.8255 4.44394e-16
 9091.8296 4.23610e-16
 9094.8338 4.72103e-16
 9097.8380 4.50099e-16
 9100.8421 4.52706e-16
 9103.8463 4.29300e-16
 9106.8504 4.28397e-16
 9109.8546 4.17918e-16
 9112.8587 4.22715e-16
 9115.8629 4.45014e-16
 9118.8670 4.56584e-16
 9121.8712 4.99091e-16
