#Object:               SN2005A
#FITS_file:            SN05A_b01_DUP_WF_12feb05.fits
#Redshift:             0.01914
#JDate_of_max:         2453380.41
#JDate_of_observation: 2453413.59
#Epoch:                32.56     
#
 3728.6342 1.04928e-16
 3731.6185 5.02148e-17
 3734.6028 -1.18770e-17
 3737.5870 2.07105e-18
 3740.5713 -4.48477e-17
 3743.5556 1.96107e-18
 3746.5399 2.36538e-17
 3749.5242 4.71556e-17
 3752.5085 8.45545e-18
 3755.4928 -2.47217e-17
 3758.4771 4.63187e-17
 3761.4614 3.74453e-17
 3764.4457 3.97774e-17
 3767.4300 -3.62842e-17
 3770.4142 2.73160e-17
 3773.3985 -6.63810e-18
 3776.3828 4.16699e-17
 3779.3671 3.48516e-17
 3782.3514 -4.52662e-18
 3785.3357 2.06550e-18
 3788.3200 5.22872e-17
 3791.3043 5.88630e-17
 3794.2886 4.32511e-17
 3797.2729 -2.33854e-17
 3800.2572 2.91287e-17
 3803.2414 -9.89292e-18
 3806.2257 5.27652e-17
 3809.2100 9.69692e-18
 3812.1943 -2.20484e-17
 3815.1786 3.03666e-17
 3818.1629 4.84144e-17
 3821.1472 -1.46233e-17
 3824.1315 1.79660e-17
 3827.1158 1.16528e-17
 3830.1001 -8.80566e-19
 3833.0844 -1.45353e-17
 3836.0687 -1.14248e-17
 3839.0529 7.34003e-18
 3842.0372 1.65624e-17
 3845.0215 7.47367e-18
 3848.0058 2.90711e-17
 3850.9901 2.10476e-17
 3853.9744 -1.38873e-17
 3856.9587 3.28975e-17
 3859.9430 1.73142e-17
 3862.9273 -2.80160e-17
 3865.9116 -2.73936e-16
 3868.8959 2.01972e-17
 3871.8801 2.76531e-17
 3874.8644 1.37724e-17
 3877.8487 5.63991e-17
 3880.8330 1.99076e-17
 3883.8173 2.33163e-17
 3886.8016 3.14543e-17
 3889.7859 -2.90251e-18
 3892.7702 2.97023e-17
 3895.7545 2.73646e-17
 3898.7388 1.51236e-17
 3901.7231 1.06727e-17
 3904.7073 2.47926e-17
 3907.6916 4.98012e-17
 3910.6759 5.76988e-17
 3913.6602 5.01571e-17
 3916.6445 1.72105e-17
 3919.6288 5.27822e-18
 3922.6131 3.54151e-18
 3925.5974 2.75166e-17
 3928.5817 2.56579e-17
 3931.5660 7.38003e-18
 3934.5503 4.12109e-17
 3937.5345 3.08558e-17
 3940.5188 2.54839e-17
 3943.5031 -1.64919e-17
 3946.4874 3.89409e-17
 3949.4717 5.15928e-17
 3952.4560 -1.58708e-17
 3955.4403 2.83780e-17
 3958.4246 3.99253e-17
 3961.4089 7.16811e-19
 3964.3932 1.38004e-17
 3967.3775 3.57588e-17
 3970.3617 1.24135e-17
 3973.3460 2.95846e-17
 3976.3303 3.65900e-17
 3979.3146 -1.77524e-16
 3982.2989 -1.36085e-16
 3985.2832 4.40653e-17
 3988.2675 3.99174e-17
 3991.2518 5.89031e-17
 3994.2361 1.02125e-18
 3997.2204 -9.06623e-18
 4000.2047 1.92649e-17
 4003.1890 6.11799e-17
 4006.1732 3.95224e-17
 4009.1575 -2.11233e-18
 4012.1418 8.12463e-18
 4015.1261 1.07464e-17
 4018.1104 5.20181e-18
 4021.0947 2.73831e-17
 4024.0790 1.95807e-17
 4027.0633 1.85356e-17
 4030.0476 2.81843e-17
 4033.0319 1.55981e-17
 4036.0162 9.70804e-18
 4039.0004 6.83966e-19
 4041.9847 1.18898e-17
 4044.9690 4.04702e-17
 4047.9533 2.77150e-17
 4050.9376 1.58100e-17
 4053.9219 5.47021e-17
 4056.9062 4.79964e-17
 4059.8905 4.88901e-17
 4062.8748 5.70149e-18
 4065.8591 -6.64736e-18
 4068.8434 5.40047e-18
 4071.8276 3.64738e-17
 4074.8119 3.52517e-17
 4077.7962 2.45443e-17
 4080.7805 6.65809e-18
 4083.7648 4.20857e-17
 4086.7491 5.35034e-17
 4089.7334 -1.66425e-17
 4092.7177 -4.28730e-17
 4095.7020 -1.37901e-18
 4098.6863 2.48745e-17
 4101.6706 2.72401e-17
 4104.6548 1.84343e-17
 4107.6391 1.98987e-18
 4110.6234 1.80757e-17
 4113.6077 1.96412e-17
 4116.5920 1.18536e-17
 4119.5763 1.22331e-17
 4122.5606 4.04021e-17
 4125.5449 3.71090e-17
 4128.5292 -7.57216e-18
 4131.5135 2.77818e-18
 4134.4978 3.19562e-17
 4137.4821 1.42750e-17
 4140.4663 -1.43570e-18
 4143.4506 5.40541e-19
 4146.4349 2.09793e-17
 4149.4192 1.11340e-17
 4152.4035 1.09185e-17
 4155.3878 9.84548e-18
 4158.3721 2.41980e-17
 4161.3564 2.76692e-17
 4164.3407 3.13137e-17
 4167.3250 4.50352e-17
 4170.3093 3.47172e-17
 4173.2935 4.00043e-17
 4176.2778 2.65468e-17
 4179.2621 2.81448e-17
 4182.2464 1.67483e-17
 4185.2307 4.13826e-17
 4188.2150 2.18242e-17
 4191.1993 5.46459e-17
 4194.1836 3.82973e-17
 4197.1679 2.48435e-17
 4200.1522 3.07652e-17
 4203.1365 3.49044e-17
 4206.1207 3.43019e-17
 4209.1050 3.18950e-17
 4212.0893 -9.48024e-19
 4215.0736 2.46690e-17
 4218.0579 2.20858e-17
 4221.0422 1.52001e-17
 4224.0265 6.33553e-18
 4227.0108 1.66603e-17
 4229.9951 2.47173e-17
 4232.9794 2.83867e-17
 4235.9637 3.25684e-17
 4238.9479 2.72403e-17
 4241.9322 1.40525e-17
 4244.9165 1.61789e-17
 4247.9008 7.21549e-18
 4250.8851 1.63628e-17
 4253.8694 2.13207e-17
 4256.8537 1.04843e-17
 4259.8380 -4.40019e-18
 4262.8223 3.87925e-17
 4265.8066 2.37001e-17
 4268.7909 1.54364e-17
 4271.7751 2.57918e-17
 4274.7594 2.52169e-17
 4277.7437 2.34707e-17
 4280.7280 3.85403e-17
 4283.7123 2.88542e-17
 4286.6966 1.41835e-17
 4289.6809 2.53079e-18
 4292.6652 1.34117e-17
 4295.6495 1.54554e-17
 4298.6338 -9.36848e-19
 4301.6181 7.19619e-18
 4304.6024 1.69355e-17
 4307.5866 1.95448e-17
 4310.5709 1.90292e-17
 4313.5552 -1.04944e-17
 4316.5395 -2.09946e-18
 4319.5238 2.27748e-17
 4322.5081 1.62407e-17
 4325.4924 1.54282e-17
 4328.4767 2.16065e-17
 4331.4610 2.83593e-17
 4334.4453 7.00262e-18
 4337.4296 -3.15832e-18
 4340.4138 3.34962e-17
 4343.3981 2.39692e-17
 4346.3824 2.65450e-17
 4349.3667 1.23549e-17
 4352.3510 1.08432e-17
 4355.3353 2.58606e-17
 4358.3196 2.18333e-17
 4361.3039 1.03624e-17
 4364.2882 -4.31677e-18
 4367.2725 3.87603e-18
 4370.2568 8.71454e-18
 4373.2410 3.71418e-17
 4376.2253 2.88125e-17
 4379.2096 1.87503e-18
 4382.1939 1.31629e-17
 4385.1782 1.72626e-17
 4388.1625 8.48601e-18
 4391.1468 1.31291e-17
 4394.1311 2.61102e-17
 4397.1154 3.71912e-17
 4400.0997 3.18433e-18
 4403.0840 -2.47900e-18
 4406.0682 1.92895e-17
 4409.0525 1.32914e-17
 4412.0368 2.57757e-17
 4415.0211 3.63116e-17
 4418.0054 1.81328e-17
 4420.9897 4.26520e-18
 4423.9740 2.40458e-17
 4426.9583 3.57910e-17
 4429.9426 2.23406e-17
 4432.9269 5.14030e-18
 4435.9111 1.89441e-17
 4438.8954 1.26388e-17
 4441.8797 3.28595e-17
 4444.8640 2.31104e-17
 4447.8483 4.26193e-17
 4450.8326 3.62122e-17
 4453.8169 4.37770e-17
 4456.8012 6.67532e-18
 4459.7855 1.67362e-17
 4462.7698 2.11679e-17
 4465.7541 5.10266e-17
 4468.7384 2.81529e-17
 4471.7227 2.45719e-17
 4474.7069 1.23931e-17
 4477.6912 2.47936e-17
 4480.6755 2.06236e-17
 4483.6598 1.81288e-17
 4486.6441 2.24407e-17
 4489.6284 2.47768e-17
 4492.6127 -4.21430e-18
 4495.5970 8.07300e-18
 4498.5813 2.00371e-17
 4501.5656 1.90395e-17
 4504.5498 3.33096e-17
 4507.5341 1.79364e-18
 4510.5184 2.00902e-17
 4513.5027 2.39641e-17
 4516.4870 2.08548e-17
 4519.4713 3.96615e-17
 4522.4556 3.01195e-17
 4525.4399 1.84401e-17
 4528.4242 2.26483e-17
 4531.4085 3.11528e-17
 4534.3928 3.21570e-17
 4537.3770 4.17125e-17
 4540.3613 3.36959e-17
 4543.3456 1.55112e-17
 4546.3299 2.66517e-17
 4549.3142 3.36748e-17
 4552.2985 4.94933e-17
 4555.2828 4.37664e-17
 4558.2671 2.69107e-17
 4561.2514 3.24171e-17
 4564.2357 4.36797e-17
 4567.2200 2.68886e-17
 4570.2042 5.12527e-17
 4573.1885 4.15491e-17
 4576.1728 4.52467e-17
 4579.1571 2.18122e-17
 4582.1414 2.61915e-17
 4585.1257 2.27780e-17
 4588.1100 4.01685e-17
 4591.0943 4.90370e-17
 4594.0786 4.04489e-17
 4597.0629 2.96717e-17
 4600.0472 4.02441e-17
 4603.0314 3.65670e-17
 4606.0157 4.23130e-17
 4609.0000 5.05770e-17
 4611.9843 3.21953e-17
 4614.9686 1.40713e-17
 4617.9529 4.10738e-17
 4620.9372 5.05182e-17
 4623.9215 5.56418e-17
 4626.9058 6.08433e-17
 4629.8901 5.15894e-17
 4632.8744 5.13212e-17
 4635.8587 4.97235e-17
 4638.8429 4.02690e-17
 4641.8272 5.06275e-17
 4644.8115 6.18324e-17
 4647.7958 4.62352e-17
 4650.7801 1.72441e-17
 4653.7644 3.26923e-17
 4656.7487 3.19150e-17
 4659.7330 4.43462e-17
 4662.7173 4.82146e-17
 4665.7016 2.20493e-17
 4668.6859 3.91825e-17
 4671.6701 2.48960e-17
 4674.6544 2.34305e-17
 4677.6387 2.62665e-17
 4680.6230 2.09870e-17
 4683.6073 2.75513e-17
 4686.5916 -3.04846e-17
 4689.5759 -2.68098e-17
 4692.5602 3.40284e-17
 4695.5445 1.28914e-17
 4698.5288 1.93884e-17
 4701.5131 2.88104e-17
 4704.4973 2.71219e-17
 4707.4816 1.40919e-17
 4710.4659 2.21094e-17
 4713.4502 3.00775e-17
 4716.4345 1.41307e-17
 4719.4188 2.23781e-17
 4722.4031 1.02414e-17
 4725.3874 1.14529e-17
 4728.3717 2.17613e-17
 4731.3560 1.30668e-17
 4734.3403 7.34809e-19
 4737.3245 2.31415e-17
 4740.3088 1.27508e-17
 4743.2931 2.83589e-17
 4746.2774 1.31930e-17
 4749.2617 -2.06852e-18
 4752.2460 2.51084e-17
 4755.2303 1.97761e-17
 4758.2146 1.12177e-17
 4761.1989 1.28587e-17
 4764.1832 1.20852e-17
 4767.1675 1.95472e-17
 4770.1517 1.31816e-17
 4773.1360 2.47246e-17
 4776.1203 1.77231e-17
 4779.1046 2.40979e-17
 4782.0889 2.60465e-17
 4785.0732 1.66713e-17
 4788.0575 1.78032e-17
 4791.0418 4.80445e-18
 4794.0261 -2.50460e-18
 4797.0104 1.67614e-17
 4799.9947 9.35994e-18
 4802.9790 5.50515e-18
 4805.9632 2.04580e-17
 4808.9475 1.17588e-17
 4811.9318 9.72316e-18
 4814.9161 3.97486e-19
 4817.9004 2.67436e-17
 4820.8847 1.76601e-17
 4823.8690 1.40485e-17
 4826.8533 2.40613e-17
 4829.8376 1.66439e-17
 4832.8219 2.23164e-17
 4835.8062 1.73837e-17
 4838.7904 -1.49327e-17
 4841.7747 1.15769e-17
 4844.7590 2.64829e-17
 4847.7433 2.17172e-17
 4850.7276 1.72413e-17
 4853.7119 2.79010e-17
 4856.6962 1.92068e-17
 4859.6805 6.26802e-17
 4862.6648 8.31729e-17
 4865.6491 6.94493e-17
 4868.6334 3.44478e-17
 4871.6176 2.45862e-17
 4874.6019 3.35518e-17
 4877.5862 2.97774e-17
 4880.5705 2.32414e-17
 4883.5548 1.51792e-17
 4886.5391 3.43270e-17
 4889.5234 4.21407e-17
 4892.5077 1.91817e-17
 4895.4920 2.54488e-17
 4898.4763 2.84260e-17
 4901.4606 2.32107e-17
 4904.4448 2.14461e-17
 4907.4291 1.28692e-17
 4910.4134 2.67897e-17
 4913.3977 3.09397e-17
 4916.3820 3.03836e-17
 4919.3663 3.13925e-17
 4922.3506 3.63024e-17
 4925.3349 4.06495e-17
 4928.3192 4.30634e-17
 4931.3035 4.21674e-17
 4934.2878 3.35663e-17
 4937.2720 3.21778e-17
 4940.2563 4.38648e-17
 4943.2406 4.08811e-17
 4946.2249 3.26534e-17
 4949.2092 3.15996e-17
 4952.1935 1.96063e-17
 4955.1778 1.78929e-17
 4958.1621 3.80221e-17
 4961.1464 4.29928e-17
 4964.1307 3.56779e-17
 4967.1150 2.43271e-17
 4970.0993 2.14144e-17
 4973.0835 1.49607e-17
 4976.0678 1.29814e-17
 4979.0521 2.39640e-17
 4982.0364 5.58354e-18
 4985.0207 5.04492e-18
 4988.0050 1.25325e-17
 4990.9893 1.60785e-17
 4993.9736 2.80732e-17
 4996.9579 2.36929e-18
 4999.9422 1.94429e-17
 5002.9265 2.26361e-17
 5005.9107 7.46184e-17
 5008.8950 1.05760e-16
 5011.8793 6.84517e-17
 5014.8636 2.95200e-17
 5017.8479 6.62927e-18
 5020.8322 6.35306e-18
 5023.8165 8.97893e-18
 5026.8008 1.61563e-17
 5029.7851 2.07824e-17
 5032.7694 1.16883e-17
 5035.7537 1.33550e-17
 5038.7379 2.16523e-17
 5041.7222 2.66834e-17
 5044.7065 2.80260e-17
 5047.6908 3.38157e-19
 5050.6751 9.02400e-18
 5053.6594 1.38922e-17
 5056.6437 4.61474e-18
 5059.6280 1.98013e-17
 5062.6123 2.00746e-17
 5065.5966 1.00318e-17
 5068.5809 2.94533e-17
 5071.5651 2.20636e-17
 5074.5494 2.35768e-17
 5077.5337 3.38456e-17
 5080.5180 2.76627e-17
 5083.5023 3.08613e-17
 5086.4866 1.73835e-17
 5089.4709 1.52531e-17
 5092.4552 1.86858e-17
 5095.4395 1.70221e-17
 5098.4238 2.99750e-17
 5101.4081 2.31768e-17
 5104.3924 1.41907e-17
 5107.3766 2.72782e-17
 5110.3609 3.79239e-17
 5113.3452 2.68736e-17
 5116.3295 4.14572e-17
 5119.3138 3.85042e-17
 5122.2981 2.38149e-17
 5125.2824 1.69225e-17
 5128.2667 2.07595e-17
 5131.2510 1.50758e-17
 5134.2353 2.56268e-17
 5137.2196 3.59450e-17
 5140.2038 3.88907e-17
 5143.1881 2.08358e-17
 5146.1724 2.77122e-17
 5149.1567 3.36312e-17
 5152.1410 3.27991e-17
 5155.1253 3.23701e-17
 5158.1096 3.16610e-17
 5161.0939 2.47694e-17
 5164.0782 2.80358e-17
 5167.0625 4.33929e-17
 5170.0468 2.30019e-17
 5173.0310 3.60348e-17
 5176.0153 3.03840e-17
 5178.9996 2.87092e-17
 5181.9839 4.46101e-17
 5184.9682 3.98354e-17
 5187.9525 4.54665e-17
 5190.9368 5.73169e-17
 5193.9211 4.67659e-17
 5196.9054 4.33607e-17
 5199.8897 4.80232e-17
 5202.8740 3.78324e-17
 5205.8582 2.88435e-17
 5208.8425 2.82824e-17
 5211.8268 3.68254e-17
 5214.8111 5.33340e-17
 5217.7954 5.23775e-17
 5220.7797 4.15598e-17
 5223.7640 4.49041e-17
 5226.7483 3.58337e-17
 5229.7326 4.49952e-17
 5232.7169 6.55657e-17
 5235.7011 6.07065e-17
 5238.6854 5.26306e-17
 5241.6697 5.00901e-17
 5244.6540 6.63572e-17
 5247.6383 6.06382e-17
 5250.6226 5.73463e-17
 5253.6069 3.72984e-17
 5256.5912 3.13476e-17
 5259.5755 5.01097e-17
 5262.5598 4.49505e-17
 5265.5441 5.97169e-17
 5268.5284 6.77481e-17
 5271.5126 6.65000e-17
 5274.4969 5.51020e-17
 5277.4812 6.57868e-17
 5280.4655 5.66481e-17
 5283.4498 5.89601e-17
 5286.4341 4.45070e-17
 5289.4184 5.64030e-17
 5292.4027 7.01186e-17
 5295.3870 7.27595e-17
 5298.3713 6.11533e-17
 5301.3556 6.12738e-17
 5304.3398 6.75834e-17
 5307.3241 6.87756e-17
 5310.3084 7.71303e-17
 5313.2927 5.78739e-17
 5316.2770 5.87517e-17
 5319.2613 6.72743e-17
 5322.2456 5.98859e-17
 5325.2299 6.74381e-17
 5328.2142 6.37319e-17
 5331.1985 8.24688e-17
 5334.1828 6.45005e-17
 5337.1670 5.43669e-17
 5340.1513 7.94458e-17
 5343.1356 7.17611e-17
 5346.1199 6.95666e-17
 5349.1042 7.09012e-17
 5352.0885 7.50543e-17
 5355.0728 6.61328e-17
 5358.0571 6.51144e-17
 5361.0414 7.03997e-17
 5364.0257 7.70871e-17
 5367.0100 6.96175e-17
 5369.9942 5.53890e-17
 5372.9785 5.97883e-17
 5375.9628 8.34263e-17
 5378.9471 8.50885e-17
 5381.9314 9.53358e-17
 5384.9157 6.95285e-17
 5387.9000 9.14501e-17
 5390.8843 1.03689e-16
 5393.8686 7.68917e-17
 5396.8529 9.47820e-17
 5399.8372 9.35449e-17
 5402.8214 7.68073e-17
 5405.8057 7.98521e-17
 5408.7900 6.34280e-17
 5411.7743 6.96540e-17
 5414.7586 8.76107e-17
 5417.7429 7.86201e-17
 5420.7272 6.31304e-17
 5423.7115 7.45361e-17
 5426.6958 7.39668e-17
 5429.6801 7.10102e-17
 5432.6644 8.07933e-17
 5435.6487 6.76255e-17
 5438.6329 7.35684e-17
 5441.6172 8.10872e-17
 5444.6015 8.37737e-17
 5447.5858 8.67160e-17
 5450.5701 9.89139e-17
 5453.5544 1.03580e-16
 5456.5387 8.78919e-17
 5459.5230 7.67469e-17
 5462.5073 7.15565e-17
 5465.4916 1.00037e-16
 5468.4759 1.57152e-16
 5471.4601 8.91303e-17
 5474.4444 6.97803e-17
 5477.4287 1.22628e-16
 5480.4130 1.30496e-16
 5483.3973 1.07341e-16
 5486.3816 1.01369e-16
 5489.3659 9.81403e-17
 5492.3502 1.13772e-16
 5495.3345 1.29709e-16
 5498.3188 1.24101e-16
 5501.3031 1.23416e-16
 5504.2873 1.31681e-16
 5507.2716 1.27269e-16
 5510.2559 1.28451e-16
 5513.2402 1.20207e-16
 5516.2245 1.07945e-16
 5519.2088 1.19315e-16
 5522.1931 1.25470e-16
 5525.1774 1.18477e-16
 5528.1617 1.14480e-16
 5531.1460 1.35729e-16
 5534.1303 1.36411e-16
 5537.1145 1.19338e-16
 5540.0988 1.33973e-16
 5543.0831 1.32477e-16
 5546.0674 1.28103e-16
 5549.0517 1.32802e-16
 5552.0360 1.29508e-16
 5555.0203 1.32254e-16
 5558.0046 1.44708e-16
 5560.9889 1.30072e-16
 5563.9732 1.17903e-16
 5566.9575 1.44652e-16
 5569.9417 1.50432e-16
 5572.9260 1.42421e-16
 5575.9103 1.06068e-16
 5578.8946 1.21658e-16
 5581.8789 1.41169e-16
 5584.8632 1.47709e-16
 5587.8475 1.29207e-16
 5590.8318 1.09959e-16
 5593.8161 1.32681e-16
 5596.8004 1.31394e-16
 5599.7847 1.26393e-16
 5602.7690 1.30270e-16
 5605.7532 1.23742e-16
 5608.7375 1.14105e-16
 5611.7218 1.25699e-16
 5614.7061 1.29892e-16
 5617.6904 1.26567e-16
 5620.6747 1.21643e-16
 5623.6590 1.23992e-16
 5626.6433 1.02609e-16
 5629.6276 1.12112e-16
 5632.6119 1.14041e-16
 5635.5962 1.08606e-16
 5638.5804 1.13431e-16
 5641.5647 1.07750e-16
 5644.5490 1.03971e-16
 5647.5333 1.00968e-16
 5650.5176 1.04329e-16
 5653.5019 9.07090e-17
 5656.4862 1.04315e-16
 5659.4705 1.06511e-16
 5662.4548 8.77921e-17
 5665.4391 1.03006e-16
 5668.4234 9.51268e-17
 5671.4076 1.09094e-16
 5674.3919 1.00784e-16
 5677.3762 9.70608e-17
 5680.3605 1.08788e-16
 5683.3448 7.87028e-17
 5686.3291 8.23356e-17
 5689.3134 1.07724e-16
 5692.2977 1.02414e-16
 5695.2820 1.01703e-16
 5698.2663 9.50867e-17
 5701.2506 1.00924e-16
 5704.2348 9.92559e-17
 5707.2191 8.69219e-17
 5710.2034 1.02002e-16
 5713.1877 9.67527e-17
 5716.1720 7.36826e-17
 5719.1563 8.17794e-17
 5722.1406 8.67284e-17
 5725.1249 7.70325e-17
 5728.1092 8.09510e-17
 5731.0935 8.68941e-17
 5734.0778 9.67238e-17
 5737.0620 8.76789e-17
 5740.0463 8.30050e-17
 5743.0306 9.63406e-17
 5746.0149 9.38578e-17
 5748.9992 9.87480e-17
 5751.9835 1.02268e-16
 5754.9678 1.02748e-16
 5757.9521 7.96642e-17
 5760.9364 8.60666e-17
 5763.9207 8.50122e-17
 5766.9050 1.01273e-16
 5769.8893 9.00871e-17
 5772.8735 1.07535e-16
 5775.8578 1.11307e-16
 5778.8421 8.55692e-17
 5781.8264 8.96088e-17
 5784.8107 8.49447e-17
 5787.7950 1.06526e-16
 5790.7793 9.52352e-17
 5793.7636 9.35755e-17
 5796.7479 1.00314e-16
 5799.7322 1.08119e-16
 5802.7165 1.21138e-16
 5805.7007 1.19161e-16
 5808.6850 1.07637e-16
 5811.6693 1.04798e-16
 5814.6536 1.05002e-16
 5817.6379 1.14633e-16
 5820.6222 1.03507e-16
 5823.6065 9.94107e-17
 5826.5908 1.12297e-16
 5829.5751 1.00567e-16
 5832.5594 1.04281e-16
 5835.5437 1.13926e-16
 5838.5279 1.09636e-16
 5841.5122 1.24454e-16
 5844.4965 1.18360e-16
 5847.4808 1.10695e-16
 5850.4651 1.19814e-16
 5853.4494 1.11710e-16
 5856.4337 1.14599e-16
 5859.4180 1.10155e-16
 5862.4023 1.20293e-16
 5865.3866 1.18074e-16
 5868.3709 1.11349e-16
 5871.3551 1.14721e-16
 5874.3394 1.09766e-16
 5877.3237 9.80322e-17
 5880.3080 8.87728e-17
 5883.2923 1.15923e-16
 5886.2766 1.11089e-16
 5889.2609 8.95256e-17
 5892.2452 7.08833e-17
 5895.2295 7.45177e-17
 5898.2138 9.19072e-17
 5901.1981 1.02403e-16
 5904.1823 8.93846e-17
 5907.1666 8.94816e-17
 5910.1509 9.71883e-17
 5913.1352 1.08496e-16
 5916.1195 1.04766e-16
 5919.1038 9.45956e-17
 5922.0881 1.06325e-16
 5925.0724 1.02757e-16
 5928.0567 8.87843e-17
 5931.0410 7.75461e-17
 5934.0253 9.85104e-17
 5937.0096 1.00944e-16
 5939.9938 9.05295e-17
 5942.9781 9.25014e-17
 5945.9624 7.73797e-17
 5948.9467 6.70659e-17
 5951.9310 6.99438e-17
 5954.9153 7.15974e-17
 5957.8996 7.39660e-17
 5960.8839 7.57897e-17
 5963.8682 7.78206e-17
 5966.8525 7.79580e-17
 5969.8368 7.14905e-17
 5972.8210 7.28984e-17
 5975.8053 8.63352e-17
 5978.7896 7.39518e-17
 5981.7739 7.19698e-17
 5984.7582 6.63180e-17
 5987.7425 6.72740e-17
 5990.7268 8.00540e-17
 5993.7111 6.60169e-17
 5996.6954 8.07333e-17
 5999.6797 8.47576e-17
 6002.6640 7.60269e-17
 6005.6482 4.90742e-17
 6008.6325 5.93554e-17
 6011.6168 5.17262e-17
 6014.6011 5.20569e-17
 6017.5854 6.44300e-17
 6020.5697 6.71259e-17
 6023.5540 5.60003e-17
 6026.5383 6.26869e-17
 6029.5226 5.70694e-17
 6032.5069 4.17811e-17
 6035.4911 4.68209e-17
 6038.4754 5.77715e-17
 6041.4597 5.69392e-17
 6044.4440 5.82653e-17
 6047.4283 5.48802e-17
 6050.4126 5.15414e-17
 6053.3969 6.67855e-17
 6056.3812 6.34530e-17
 6059.3655 5.51356e-17
 6062.3498 6.03352e-17
 6065.3341 5.57934e-17
 6068.3183 6.92232e-17
 6071.3026 6.49458e-17
 6074.2869 6.02804e-17
 6077.2712 4.47069e-17
 6080.2555 5.98285e-17
 6083.2398 6.92859e-17
 6086.2241 5.65135e-17
 6089.2084 3.73969e-17
 6092.1927 5.14542e-17
 6095.1770 5.55343e-17
 6098.1613 5.34525e-17
 6101.1456 6.38374e-17
 6104.1298 5.69141e-17
 6107.1141 6.03447e-17
 6110.0984 4.88703e-17
 6113.0827 4.99638e-17
 6116.0670 7.28718e-17
 6119.0513 6.21784e-17
 6122.0356 4.30875e-17
 6125.0199 5.83405e-17
 6128.0042 7.64160e-17
 6130.9885 6.35542e-17
 6133.9728 6.10619e-17
 6136.9570 7.37664e-17
 6139.9413 7.61099e-17
 6142.9256 7.71706e-17
 6145.9099 7.07675e-17
 6148.8942 6.16603e-17
 6151.8785 5.49551e-17
 6154.8628 5.72488e-17
 6157.8471 7.37774e-17
 6160.8314 5.57823e-17
 6163.8157 5.14437e-17
 6166.8000 5.82974e-17
 6169.7842 8.50484e-17
 6172.7685 7.28665e-17
 6175.7528 6.52532e-17
 6178.7371 4.05364e-17
 6181.7214 7.92599e-17
 6184.7057 8.96515e-17
 6187.6900 8.22091e-17
 6190.6743 6.09148e-17
 6193.6586 4.55911e-17
 6196.6429 6.80214e-17
 6199.6272 8.08253e-17
 6202.6114 8.26392e-17
 6205.5957 7.00298e-17
 6208.5800 7.89598e-17
 6211.5643 9.90517e-17
 6214.5486 7.81351e-17
 6217.5329 6.20059e-17
 6220.5172 6.94802e-17
 6223.5015 7.00611e-17
 6226.4858 7.79509e-17
 6229.4701 8.46575e-17
 6232.4544 7.74361e-17
 6235.4387 7.84198e-17
 6238.4229 7.95265e-17
 6241.4072 6.79748e-17
 6244.3915 7.92889e-17
 6247.3758 6.84923e-17
 6250.3601 6.65147e-17
 6253.3444 6.71196e-17
 6256.3287 6.51108e-17
 6259.3130 7.18799e-17
 6262.2973 7.36206e-17
 6265.2816 7.64749e-17
 6268.2659 7.61224e-17
 6271.2501 6.28126e-17
 6274.2344 6.37342e-17
 6277.2187 6.58987e-17
 6280.2030 5.91469e-17
 6283.1873 4.94172e-17
 6286.1716 5.74167e-17
 6289.1559 6.64468e-17
 6292.1402 6.47396e-17
 6295.1245 5.75746e-17
 6298.1088 5.82850e-17
 6301.0931 6.24861e-17
 6304.0773 5.51944e-17
 6307.0616 5.31155e-17
 6310.0459 5.64275e-17
 6313.0302 5.98448e-17
 6316.0145 6.94821e-17
 6318.9988 6.27914e-17
 6321.9831 5.51539e-17
 6324.9674 7.29148e-17
 6327.9517 6.32816e-17
 6330.9360 4.89948e-17
 6333.9203 6.63368e-17
 6336.9045 6.79226e-17
 6339.8888 6.95215e-17
 6342.8731 5.42260e-17
 6345.8574 6.69713e-17
 6348.8417 6.92466e-17
 6351.8260 6.53251e-17
 6354.8103 5.81210e-17
 6357.7946 6.62545e-17
 6360.7789 7.90866e-17
 6363.7632 8.16452e-17
 6366.7475 8.35077e-17
 6369.7317 8.69854e-17
 6372.7160 8.09270e-17
 6375.7003 7.57935e-17
 6378.6846 6.37449e-17
 6381.6689 7.18365e-17
 6384.6532 8.72403e-17
 6387.6375 7.82696e-17
 6390.6218 8.60779e-17
 6393.6061 9.79733e-17
 6396.5904 8.09625e-17
 6399.5747 1.21458e-16
 6402.5590 2.57841e-16
 6405.5432 2.38052e-16
 6408.5275 9.52909e-17
 6411.5118 9.36267e-17
 6414.4961 1.03376e-16
 6417.4804 9.32468e-17
 6420.4647 1.10744e-16
 6423.4490 9.39244e-17
 6426.4333 1.11740e-16
 6429.4176 9.17318e-17
 6432.4019 1.08731e-16
 6435.3862 1.34238e-16
 6438.3704 1.19751e-16
 6441.3547 1.13816e-16
 6444.3390 1.24923e-16
 6447.3233 1.11447e-16
 6450.3076 1.17532e-16
 6453.2919 1.36296e-16
 6456.2762 1.38825e-16
 6459.2605 1.36920e-16
 6462.2448 1.31787e-16
 6465.2291 1.33476e-16
 6468.2134 1.35436e-16
 6471.1976 1.45314e-16
 6474.1819 1.33507e-16
 6477.1662 1.30757e-16
 6480.1505 1.31614e-16
 6483.1348 1.19510e-16
 6486.1191 1.36946e-16
 6489.1034 1.27660e-16
 6492.0877 1.39939e-16
 6495.0720 1.42113e-16
 6498.0563 1.36620e-16
 6501.0406 1.42196e-16
 6504.0248 1.45631e-16
 6507.0091 1.49357e-16
 6509.9934 1.27937e-16
 6512.9777 1.34449e-16
 6515.9620 1.47053e-16
 6518.9463 1.26963e-16
 6521.9306 1.48160e-16
 6524.9149 1.70487e-16
 6527.8992 1.49877e-16
 6530.8835 1.40846e-16
 6533.8678 1.43840e-16
 6536.8520 1.46300e-16
 6539.8363 1.38252e-16
 6542.8206 1.28708e-16
 6545.8049 1.51398e-16
 6548.7892 1.77881e-16
 6551.7735 1.73382e-16
 6554.7578 1.59930e-16
 6557.7421 1.56894e-16
 6560.7264 2.41595e-16
 6563.7107 3.83188e-16
 6566.6950 3.57425e-16
 6569.6793 2.08371e-16
 6572.6635 1.42255e-16
 6575.6478 1.35143e-16
 6578.6321 1.35254e-16
 6581.6164 1.78444e-16
 6584.6007 2.20486e-16
 6587.5850 1.87791e-16
 6590.5693 1.44509e-16
 6593.5536 1.37358e-16
 6596.5379 1.45623e-16
 6599.5222 1.48673e-16
 6602.5065 1.26989e-16
 6605.4907 1.19354e-16
 6608.4750 1.31023e-16
 6611.4593 1.43393e-16
 6614.4436 1.34872e-16
 6617.4279 1.17127e-16
 6620.4122 1.18751e-16
 6623.3965 1.43596e-16
 6626.3808 1.33598e-16
 6629.3651 1.27277e-16
 6632.3494 1.41749e-16
 6635.3337 1.29473e-16
 6638.3179 1.34250e-16
 6641.3022 1.24221e-16
 6644.2865 1.26557e-16
 6647.2708 1.21106e-16
 6650.2551 1.16212e-16
 6653.2394 1.16977e-16
 6656.2237 1.10782e-16
 6659.2080 1.00404e-16
 6662.1923 9.32643e-17
 6665.1766 9.72488e-17
 6668.1609 1.06012e-16
 6671.1451 1.19532e-16
 6674.1294 1.17661e-16
 6677.1137 1.09918e-16
 6680.0980 1.05484e-16
 6683.0823 9.51261e-17
 6686.0666 1.00644e-16
 6689.0509 9.96007e-17
 6692.0352 1.05988e-16
 6695.0195 9.67962e-17
 6698.0038 9.86064e-17
 6700.9881 8.71622e-17
 6703.9723 8.71163e-17
 6706.9566 1.09042e-16
 6709.9409 9.99412e-17
 6712.9252 9.28405e-17
 6715.9095 1.09541e-16
 6718.8938 1.15583e-16
 6721.8781 1.07783e-16
 6724.8624 1.00138e-16
 6727.8467 1.01000e-16
 6730.8310 1.09698e-16
 6733.8153 1.07173e-16
 6736.7996 8.67222e-17
 6739.7838 5.78008e-17
 6742.7681 4.53550e-17
 6745.7524 5.32745e-17
 6748.7367 7.34752e-17
 6751.7210 6.37916e-17
 6754.7053 5.94457e-17
 6757.6896 5.05110e-17
 6760.6739 4.76530e-17
 6763.6582 4.46356e-17
 6766.6425 5.71247e-17
 6769.6268 6.47215e-17
 6772.6110 6.67236e-17
 6775.5953 7.11238e-17
 6778.5796 6.69846e-17
 6781.5639 6.05463e-17
 6784.5482 8.04302e-17
 6787.5325 7.25941e-17
 6790.5168 4.05055e-17
 6793.5011 5.12482e-17
 6796.4854 6.98160e-17
 6799.4697 6.95687e-17
 6802.4539 5.45061e-17
 6805.4382 5.39204e-17
 6808.4225 6.48303e-17
 6811.4068 7.16986e-17
 6814.3911 6.85396e-17
 6817.3754 7.59026e-17
 6820.3597 5.53738e-17
 6823.3440 5.56185e-17
 6826.3283 6.12582e-17
 6829.3126 5.64543e-17
 6832.2969 6.21785e-17
 6835.2811 6.73798e-17
 6838.2654 5.60754e-17
 6841.2497 6.48733e-17
 6844.2340 6.89143e-17
 6847.2183 7.26007e-17
 6850.2026 7.20797e-17
 6853.1869 6.02483e-17
 6856.1712 6.71621e-17
 6859.1555 7.03557e-17
 6862.1398 6.87420e-17
 6865.1241 6.74931e-17
 6868.1083 7.05347e-17
 6871.0926 5.28094e-17
 6874.0769 6.87809e-17
 6877.0612 7.02291e-17
 6880.0455 8.41604e-17
 6883.0298 7.15722e-17
 6886.0141 6.23365e-17
 6888.9984 6.58380e-17
 6891.9827 6.84374e-17
 6894.9670 6.20410e-17
 6897.9513 5.24748e-17
 6900.9356 5.45601e-17
 6903.9198 6.57120e-17
 6906.9041 7.00669e-17
 6909.8884 6.74762e-17
 6912.8727 6.19261e-17
 6915.8570 6.41526e-17
 6918.8413 7.54038e-17
 6921.8256 7.99274e-17
 6924.8099 8.31494e-17
 6927.7942 7.52185e-17
 6930.7785 6.52224e-17
 6933.7628 6.31736e-17
 6936.7470 6.52271e-17
 6939.7313 6.62465e-17
 6942.7156 5.63026e-17
 6945.6999 6.48738e-17
 6948.6842 7.09811e-17
 6951.6685 6.03329e-17
 6954.6528 5.42572e-17
 6957.6371 6.08663e-17
 6960.6214 5.87545e-17
 6963.6057 5.86784e-17
 6966.5900 5.37155e-17
 6969.5742 4.79924e-17
 6972.5585 5.68069e-17
 6975.5428 5.55519e-17
 6978.5271 5.02122e-17
 6981.5114 6.26410e-17
 6984.4957 6.34608e-17
 6987.4800 6.02826e-17
 6990.4643 5.26352e-17
 6993.4486 5.28357e-17
 6996.4329 5.06180e-17
 6999.4172 4.23660e-17
 7002.4014 5.05973e-17
 7005.3857 5.24698e-17
 7008.3700 6.54086e-17
 7011.3543 5.88053e-17
 7014.3386 5.71646e-17
 7017.3229 5.64834e-17
 7020.3072 5.79086e-17
 7023.2915 5.52975e-17
 7026.2758 6.17272e-17
 7029.2601 5.11614e-17
 7032.2444 4.18732e-17
 7035.2286 5.12799e-17
 7038.2129 2.28726e-17
 7041.1972 4.60079e-17
 7044.1815 5.64439e-17
 7047.1658 4.89643e-17
 7050.1501 4.15522e-17
 7053.1344 5.68863e-17
 7056.1187 6.13559e-17
 7059.1030 4.62314e-17
 7062.0873 5.02978e-17
 7065.0716 6.31019e-17
 7068.0559 5.02947e-17
 7071.0401 3.89393e-17
 7074.0244 4.11551e-17
 7077.0087 5.04986e-17
 7079.9930 6.35409e-17
 7082.9773 6.73470e-17
 7085.9616 5.66686e-17
 7088.9459 5.35558e-17
 7091.9302 5.68995e-17
 7094.9145 4.99981e-17
 7097.8988 4.46989e-17
 7100.8831 3.04480e-17
 7103.8673 3.47380e-17
 7106.8516 2.79899e-17
 7109.8359 3.71403e-17
 7112.8202 5.58049e-17
 7115.8045 3.57969e-17
 7118.7888 4.63917e-17
 7121.7731 5.64036e-17
 7124.7574 5.04451e-17
 7127.7417 5.62896e-17
 7130.7260 5.30757e-17
 7133.7103 6.29029e-17
 7136.6945 5.32218e-17
 7139.6788 4.12513e-17
 7142.6631 5.38180e-17
 7145.6474 5.23902e-17
 7148.6317 4.24122e-17
 7151.6160 3.85382e-17
 7154.6003 4.17273e-17
 7157.5846 5.40397e-17
 7160.5689 8.49501e-17
 7163.5532 8.12360e-17
 7166.5375 7.03173e-17
 7169.5217 5.68382e-17
 7172.5060 5.56395e-17
 7175.4903 6.69197e-17
 7178.4746 5.80812e-17
 7181.4589 6.07597e-17
 7184.4432 5.78161e-17
 7187.4275 4.22093e-17
 7190.4118 5.58264e-17
 7193.3961 5.19068e-17
 7196.3804 4.53685e-17
 7199.3647 7.57727e-17
 7202.3489 7.84080e-17
 7205.3332 5.76733e-17
 7208.3175 6.09666e-17
 7211.3018 7.08878e-17
 7214.2861 7.18837e-17
 7217.2704 6.83558e-17
 7220.2547 6.82710e-17
 7223.2390 9.05162e-17
 7226.2233 6.93027e-17
 7229.2076 7.60949e-17
 7232.1919 6.84503e-17
 7235.1762 9.70495e-17
 7238.1604 8.23527e-17
 7241.1447 6.95096e-17
 7244.1290 8.26089e-17
 7247.1133 8.09761e-17
 7250.0976 7.58135e-17
 7253.0819 7.20517e-17
 7256.0662 8.15127e-17
 7259.0505 9.82776e-17
 7262.0348 8.64651e-17
 7265.0191 8.36991e-17
 7268.0034 7.77312e-17
 7270.9876 5.93948e-17
 7273.9719 7.24529e-17
 7276.9562 8.20699e-17
 7279.9405 9.42604e-17
 7282.9248 6.84695e-17
 7285.9091 6.89221e-17
 7288.8934 8.48474e-17
 7291.8777 8.06441e-17
 7294.8620 7.78046e-17
 7297.8463 8.80796e-17
 7300.8306 8.20552e-17
 7303.8148 7.35567e-17
 7306.7991 7.50789e-17
 7309.7834 7.25592e-17
 7312.7677 7.20304e-17
 7315.7520 8.12378e-17
 7318.7363 8.28196e-17
 7321.7206 7.88873e-17
 7324.7049 8.77354e-17
 7327.6892 7.13513e-17
 7330.6735 7.38946e-17
 7333.6578 8.36409e-17
 7336.6420 7.98750e-17
 7339.6263 7.79107e-17
 7342.6106 6.47057e-17
 7345.5949 8.03954e-17
 7348.5792 9.90378e-17
 7351.5635 6.91031e-17
 7354.5478 7.06973e-17
 7357.5321 8.45320e-17
 7360.5164 7.34948e-17
 7363.5007 7.66704e-17
 7366.4850 8.45941e-17
 7369.4693 8.02704e-17
 7372.4535 7.28522e-17
 7375.4378 4.51529e-17
 7378.4221 -5.80921e-18
 7381.4064 6.56853e-17
 7384.3907 7.68681e-17
 7387.3750 8.16345e-17
 7390.3593 9.08392e-17
 7393.3436 8.34865e-17
 7396.3279 7.56792e-17
 7399.3122 7.85013e-17
 7402.2965 8.11093e-17
 7405.2807 8.07144e-17
 7408.2650 8.48433e-17
 7411.2493 9.44164e-17
 7414.2336 9.20403e-17
 7417.2179 8.29549e-17
 7420.2022 8.70257e-17
 7423.1865 8.59467e-17
 7426.1708 8.05068e-17
 7429.1551 8.74006e-17
 7432.1394 8.50418e-17
 7435.1237 1.02559e-16
 7438.1079 9.72940e-17
 7441.0922 9.00609e-17
 7444.0765 8.26250e-17
 7447.0608 6.56154e-17
 7450.0451 5.22091e-17
 7453.0294 4.07368e-17
 7456.0137 3.52063e-17
 7458.9980 2.04606e-17
 7461.9823 1.19534e-17
 7464.9666 1.03370e-17
 7467.9509 4.80865e-17
 7470.9351 1.04478e-16
 7473.9194 1.12535e-16
 7476.9037 7.36134e-17
 7479.8880 4.49172e-17
 7482.8723 7.13103e-17
 7485.8566 6.76217e-17
 7488.8409 6.08408e-17
 7491.8252 6.60752e-17
 7494.8095 6.55178e-17
 7497.7938 8.50400e-17
 7500.7781 9.65671e-17
 7503.7623 9.99755e-17
 7506.7466 9.31864e-17
 7509.7309 8.27564e-17
 7512.7152 6.74599e-17
 7515.6995 7.08583e-17
 7518.6838 6.98685e-17
 7521.6681 7.39812e-17
 7524.6524 8.64919e-17
 7527.6367 8.44672e-17
 7530.6210 9.19063e-17
 7533.6053 8.15799e-17
 7536.5896 8.54166e-17
 7539.5738 7.62563e-17
 7542.5581 7.76341e-17
 7545.5424 7.59551e-17
 7548.5267 7.66038e-17
 7551.5110 9.16002e-17
 7554.4953 8.35720e-17
 7557.4796 6.11313e-17
 7560.4639 6.88304e-17
 7563.4482 8.16501e-17
 7566.4325 7.42234e-17
 7569.4168 6.58712e-17
 7572.4010 7.63240e-17
 7575.3853 8.08396e-17
 7578.3696 8.06799e-17
 7581.3539 8.63460e-17
 7584.3382 7.77389e-17
 7587.3225 8.66239e-17
 7590.3068 7.44830e-17
 7593.2911 8.79132e-17
 7596.2754 7.32601e-17
 7599.2597 6.03195e-17
 7602.2439 5.09436e-17
 7605.2282 7.59084e-17
 7608.2125 7.93913e-17
 7611.1968 7.59836e-17
 7614.1811 7.37285e-17
 7617.1654 9.64848e-17
 7620.1497 1.03158e-16
 7623.1340 7.52133e-17
 7626.1183 7.06089e-17
 7629.1026 9.55911e-17
 7632.0869 1.06422e-16
 7635.0711 8.51879e-17
 7638.0554 8.84876e-17
 7641.0397 9.31047e-17
 7644.0240 9.63008e-17
 7647.0083 1.04027e-16
 7649.9926 1.22061e-16
 7652.9769 1.04346e-16
 7655.9612 8.16466e-17
 7658.9455 9.04906e-17
 7661.9298 9.34125e-17
 7664.9141 1.03906e-16
 7667.8983 1.01877e-16
 7670.8826 1.07852e-16
 7673.8669 1.11401e-16
 7676.8512 8.91469e-17
 7679.8355 9.67109e-17
 7682.8198 1.19963e-16
 7685.8041 1.08674e-16
 7688.7884 1.16864e-16
 7691.7727 1.29977e-16
 7694.7570 1.21575e-16
 7697.7413 8.76607e-17
 7700.7256 8.74943e-17
 7703.7098 1.17152e-16
 7706.6941 1.30323e-16
 7709.6784 1.40445e-16
 7712.6627 1.26141e-16
 7715.6470 1.18382e-16
 7718.6313 1.17067e-16
 7721.6156 1.23934e-16
 7724.5999 1.31109e-16
 7727.5842 1.19643e-16
 7730.5685 1.26172e-16
 7733.5528 1.47968e-16
 7736.5370 1.28485e-16
 7739.5213 1.20850e-16
 7742.5056 1.33601e-16
 7745.4899 1.02836e-16
 7748.4742 1.02742e-16
 7751.4585 1.43018e-16
 7754.4428 1.40867e-16
 7757.4271 1.24917e-16
 7760.4114 1.11231e-16
 7763.3957 1.35776e-16
 7766.3800 1.13242e-16
 7769.3642 9.23216e-17
 7772.3485 1.45927e-16
 7775.3328 1.60136e-16
 7778.3171 1.19743e-16
 7781.3014 1.16760e-16
 7784.2857 1.28411e-16
 7787.2700 1.22153e-16
 7790.2543 1.20264e-16
 7793.2386 1.23505e-16
 7796.2229 1.02550e-16
 7799.2072 1.09962e-16
 7802.1914 1.41053e-16
 7805.1757 1.18135e-16
 7808.1600 1.05925e-16
 7811.1443 1.18559e-16
 7814.1286 1.28026e-16
 7817.1129 1.42003e-16
 7820.0972 1.24389e-16
 7823.0815 1.09361e-16
 7826.0658 1.10474e-16
 7829.0501 1.16828e-16
 7832.0344 1.11546e-16
 7835.0186 9.92106e-17
 7838.0029 1.19079e-16
 7840.9872 1.25020e-16
 7843.9715 1.00944e-16
 7846.9558 8.94140e-17
 7849.9401 1.20030e-16
 7852.9244 1.28040e-16
 7855.9087 9.94209e-17
 7858.8930 9.63262e-17
 7861.8773 1.05541e-16
 7864.8616 1.18115e-16
 7867.8459 9.03011e-17
 7870.8301 9.77900e-17
 7873.8144 1.09403e-16
 7876.7987 1.17569e-16
 7879.7830 2.16109e-16
 7882.7673 2.09427e-16
 7885.7516 8.61559e-17
 7888.7359 9.64170e-17
 7891.7202 9.52217e-17
 7894.7045 9.13730e-17
 7897.6888 9.12296e-17
 7900.6731 9.40178e-17
 7903.6573 1.12453e-16
 7906.6416 8.92728e-17
 7909.6259 9.17944e-17
 7912.6102 6.36416e-17
 7915.5945 5.93960e-17
 7918.5788 9.42869e-17
 7921.5631 9.42683e-17
 7924.5474 7.35197e-17
 7927.5317 8.36850e-17
 7930.5160 8.40406e-17
 7933.5003 6.49086e-17
 7936.4845 6.57403e-17
 7939.4688 6.81108e-17
 7942.4531 8.39036e-17
 7945.4374 8.27406e-17
 7948.4217 6.31912e-17
 7951.4060 8.71481e-17
 7954.3903 7.56155e-17
 7957.3746 4.34256e-17
 7960.3589 5.96906e-17
 7963.3432 6.58555e-17
 7966.3275 7.02550e-17
 7969.3117 7.66096e-17
 7972.2960 6.85080e-17
 7975.2803 6.39206e-17
 7978.2646 5.16510e-17
 7981.2489 4.83891e-17
 7984.2332 6.32891e-17
 7987.2175 5.88838e-17
 7990.2018 5.29722e-17
 7993.1861 5.95977e-17
 7996.1704 5.22415e-17
 7999.1547 2.29898e-17
 8002.1389 5.13679e-17
 8005.1232 4.38653e-17
 8008.1075 4.55244e-17
 8011.0918 5.01360e-17
 8014.0761 5.06165e-17
 8017.0604 3.98774e-17
 8020.0447 3.10725e-17
 8023.0290 3.98022e-17
 8026.0133 3.37636e-17
 8028.9976 2.34893e-17
 8031.9819 3.85554e-17
 8034.9662 5.08873e-17
 8037.9504 4.02969e-17
 8040.9347 2.07564e-17
 8043.9190 1.31326e-17
 8046.9033 2.93641e-17
 8049.8876 6.17309e-17
 8052.8719 1.73931e-17
 8055.8562 2.40990e-17
 8058.8405 2.94874e-17
 8061.8248 3.44517e-17
 8064.8091 3.12329e-17
 8067.7934 1.52950e-17
 8070.7776 2.59705e-17
 8073.7619 1.83278e-17
 8076.7462 1.38381e-17
 8079.7305 3.51029e-17
 8082.7148 3.56972e-17
 8085.6991 3.34042e-17
 8088.6834 3.76520e-17
 8091.6677 2.91155e-17
 8094.6520 2.18096e-17
 8097.6363 1.79120e-17
 8100.6206 1.61847e-17
 8103.6048 9.75830e-19
 8106.5891 2.36841e-17
 8109.5734 3.06521e-17
 8112.5577 7.69972e-18
 8115.5420 8.31243e-18
 8118.5263 2.92800e-17
 8121.5106 3.15763e-17
 8124.4949 1.15354e-17
 8127.4792 -9.42180e-18
 8130.4635 6.27354e-18
 8133.4478 1.26438e-17
 8136.4320 6.50792e-18
 8139.4163 3.99130e-17
 8142.4006 4.17405e-17
 8145.3849 2.11572e-17
 8148.3692 -3.12142e-18
 8151.3535 1.15954e-17
 8154.3378 9.26517e-18
 8157.3221 2.60736e-18
 8160.3064 1.64936e-17
 8163.2907 3.36541e-18
 8166.2750 1.40031e-17
 8169.2592 4.92574e-18
 8172.2435 3.68875e-18
 8175.2278 2.36550e-17
 8178.2121 2.79860e-17
 8181.1964 3.49912e-17
 8184.1807 5.05656e-17
 8187.1650 3.81143e-17
 8190.1493 -1.34611e-17
 8193.1336 -3.57236e-17
 8196.1179 1.00777e-17
 8199.1022 -2.07256e-17
 8202.0865 1.31479e-17
 8205.0707 2.48236e-17
 8208.0550 6.17334e-18
 8211.0393 7.28339e-18
 8214.0236 8.15153e-18
 8217.0079 5.19698e-18
 8219.9922 1.12582e-17
 8222.9765 1.48704e-17
 8225.9608 3.29562e-17
 8228.9451 4.42317e-17
 8231.9294 2.96071e-17
 8234.9137 -1.45248e-17
 8237.8979 -2.04130e-17
 8240.8822 4.69257e-17
 8243.8665 5.81080e-17
 8246.8508 2.54789e-17
 8249.8351 1.18160e-17
 8252.8194 4.03980e-17
 8255.8037 2.69121e-17
 8258.7880 4.15334e-17
 8261.7723 3.33802e-17
 8264.7566 -4.55208e-18
 8267.7409 -2.58593e-17
 8270.7251 1.07913e-17
 8273.7094 1.27481e-17
 8276.6937 1.97249e-17
 8279.6780 3.75903e-17
 8282.6623 3.05949e-17
 8285.6466 3.06003e-17
 8288.6309 3.62424e-17
 8291.6152 4.48348e-17
 8294.5995 3.62132e-17
 8297.5838 9.73287e-18
 8300.5681 -1.36448e-17
 8303.5523 2.36069e-17
 8306.5366 -3.09421e-17
 8309.5209 1.68391e-18
 8312.5052 2.18461e-17
 8315.4895 9.07169e-18
 8318.4738 3.48818e-17
 8321.4581 4.12008e-17
 8324.4424 2.17112e-17
 8327.4267 3.27920e-17
 8330.4110 4.77410e-17
 8333.3952 2.07364e-17
 8336.3796 4.98817e-18
 8339.3638 4.20756e-17
 8342.3481 8.18590e-17
 8345.3324 9.60510e-17
 8348.3167 6.31974e-17
 8351.3010 1.52653e-17
 8354.2853 3.98377e-17
 8357.2696 3.87788e-17
 8360.2539 4.52446e-17
 8363.2382 4.51433e-17
 8366.2225 5.60840e-17
 8369.2067 5.19156e-17
 8372.1910 4.31466e-17
 8375.1753 4.21069e-17
 8378.1596 4.29334e-17
 8381.1439 4.84013e-17
 8384.1282 4.16660e-17
 8387.1125 3.86983e-17
 8390.0968 5.69724e-17
 8393.0811 5.40897e-17
 8396.0654 5.24647e-17
 8399.0497 4.79440e-17
 8402.0339 6.20572e-17
 8405.0182 5.94453e-17
 8408.0025 7.89297e-17
 8410.9868 4.99321e-17
 8413.9711 6.38695e-17
 8416.9554 5.46602e-17
 8419.9397 5.45139e-17
 8422.9240 5.66984e-17
 8425.9083 4.87727e-17
 8428.8926 6.65052e-17
 8431.8769 7.25717e-17
 8434.8611 7.61168e-17
 8437.8454 8.99232e-17
 8440.8297 7.56054e-17
 8443.8140 7.61316e-17
 8446.7983 9.24947e-17
 8449.7826 9.79569e-17
 8452.7669 9.54727e-17
 8455.7512 8.42529e-17
 8458.7355 8.02894e-17
 8461.7198 9.23684e-17
 8464.7041 1.16237e-16
 8467.6883 1.06046e-16
 8470.6726 9.04912e-17
 8473.6569 9.20857e-17
 8476.6412 8.01084e-17
 8479.6255 6.74258e-17
 8482.6098 1.00085e-16
 8485.5941 1.27652e-16
 8488.5784 1.16718e-16
 8491.5627 1.17466e-16
 8494.5470 1.04426e-16
 8497.5313 1.19147e-16
 8500.5156 1.24117e-16
 8503.4998 7.40611e-17
 8506.4841 8.84005e-17
 8509.4684 1.12649e-16
 8512.4527 1.20254e-16
 8515.4370 1.22792e-16
 8518.4213 1.03217e-16
 8521.4056 9.90358e-17
 8524.3899 1.33049e-16
 8527.3742 1.19020e-16
 8530.3585 1.08721e-16
 8533.3428 1.13759e-16
 8536.3270 1.20492e-16
 8539.3113 1.42483e-16
 8542.2956 1.07782e-16
 8545.2799 1.24994e-16
 8548.2642 1.09710e-16
 8551.2485 1.15325e-16
 8554.2328 1.15517e-16
 8557.2171 1.17788e-16
 8560.2014 1.23883e-16
 8563.1857 1.23729e-16
 8566.1700 1.30437e-16
 8569.1542 1.20689e-16
 8572.1385 1.10349e-16
 8575.1228 1.16401e-16
 8578.1071 1.33648e-16
 8581.0914 1.34626e-16
 8584.0757 1.20382e-16
 8587.0600 1.13136e-16
 8590.0443 8.98099e-17
 8593.0286 1.01583e-16
 8596.0129 1.47909e-16
 8598.9972 1.42517e-16
 8601.9814 1.26628e-16
 8604.9657 1.02079e-16
 8607.9500 9.17338e-17
 8610.9343 1.01849e-16
 8613.9186 9.27585e-17
 8616.9029 9.45505e-17
 8619.8872 9.22125e-17
 8622.8715 9.12275e-17
 8625.8558 1.35231e-16
 8628.8401 1.40308e-16
 8631.8244 1.14122e-16
 8634.8086 1.00900e-16
 8637.7929 8.54738e-17
 8640.7772 8.34623e-17
 8643.7615 9.74640e-17
 8646.7458 1.13881e-16
 8649.7301 1.22916e-16
 8652.7144 1.43267e-16
 8655.6987 9.16760e-17
 8658.6830 1.28763e-16
 8661.6673 1.18390e-16
 8664.6516 1.07478e-16
 8667.6359 8.48861e-17
 8670.6201 1.14412e-16
 8673.6044 1.20409e-16
 8676.5887 9.92655e-17
 8679.5730 1.13531e-16
 8682.5573 1.50153e-16
 8685.5416 1.43145e-16
 8688.5259 1.10155e-16
 8691.5102 1.07263e-16
 8694.4945 1.23901e-16
 8697.4788 1.34052e-16
 8700.4631 7.86639e-17
 8703.4473 1.26416e-16
 8706.4316 1.31318e-16
 8709.4159 8.08357e-17
 8712.4002 1.07069e-16
 8715.3845 7.19338e-17
 8718.3688 6.58542e-17
 8721.3531 1.41776e-16
 8724.3374 1.49369e-16
 8727.3217 1.24497e-16
 8730.3060 1.26957e-16
 8733.2903 1.13455e-16
 8736.2745 9.20490e-17
 8739.2588 1.03489e-16
 8742.2431 1.15146e-16
 8745.2274 9.12414e-17
 8748.2117 7.31966e-17
 8751.1960 1.78937e-16
 8754.1803 1.18681e-16
 8757.1646 7.73993e-17
 8760.1489 9.54176e-17
 8763.1332 1.23630e-16
 8766.1175 7.59807e-17
 8769.1017 1.03895e-16
 8772.0860 1.17838e-16
 8775.0703 8.50322e-17
 8778.0546 1.12126e-16
 8781.0389 1.24820e-16
 8784.0232 9.22755e-17
 8787.0075 8.95559e-17
 8789.9918 9.58251e-17
 8792.9761 9.27098e-17
 8795.9604 7.91776e-17
 8798.9447 1.17311e-16
 8801.9289 1.16253e-16
 8804.9132 1.09476e-16
 8807.8975 7.82255e-17
 8810.8818 7.38130e-17
 8813.8661 1.21491e-16
 8816.8504 1.20600e-16
 8819.8347 1.02930e-16
 8822.8190 1.30342e-16
 8825.8033 8.67968e-17
 8828.7876 7.40062e-17
 8831.7719 8.59163e-17
 8834.7562 6.96429e-17
 8837.7404 9.79149e-17
 8840.7247 1.34945e-16
 8843.7090 9.98747e-17
 8846.6933 5.98723e-17
 8849.6776 8.42559e-17
 8852.6619 1.18798e-16
 8855.6462 9.37570e-17
 8858.6305 7.96306e-17
 8861.6148 9.95101e-17
 8864.5991 6.96488e-17
 8867.5834 6.31840e-17
 8870.5676 7.08173e-17
 8873.5519 1.23701e-16
 8876.5362 1.06237e-16
 8879.5205 6.94227e-17
 8882.5048 9.80688e-17
 8885.4891 1.11124e-16
 8888.4734 8.45181e-17
 8891.4577 6.43990e-17
 8894.4420 9.03615e-17
 8897.4263 1.02618e-16
 8900.4106 9.30770e-17
 8903.3948 7.82492e-17
 8906.3791 7.19340e-17
 8909.3634 4.40123e-17
 8912.3477 8.77161e-17
 8915.3320 1.00372e-16
 8918.3163 8.85683e-17
 8921.3006 5.48629e-17
 8924.2849 2.85725e-17
 8927.2692 4.77316e-17
 8930.2535 7.35336e-17
 8933.2378 8.90852e-17
 8936.2220 8.24626e-17
 8939.2063 5.82423e-17
 8942.1906 5.50843e-17
 8945.1749 6.62094e-17
 8948.1592 7.65453e-17
 8951.1435 1.10674e-16
 8954.1278 1.04156e-16
 8957.1121 5.87374e-17
 8960.0964 4.28034e-17
 8963.0807 5.68513e-17
 8966.0650 5.16138e-17
 8969.0492 8.93380e-17
 8972.0335 8.40070e-17
 8975.0178 7.88863e-17
 8978.0021 5.73538e-17
 8980.9864 6.37496e-17
 8983.9707 7.31939e-17
 8986.9550 7.19879e-17
 8989.9393 7.92236e-17
 8992.9236 4.44865e-17
 8995.9079 4.33955e-17
 8998.8922 7.04684e-17
 9001.8765 2.54538e-17
 9004.8607 7.01167e-17
 9007.8450 8.89434e-17
 9010.8293 6.96164e-17
 9013.8136 4.50429e-17
 9016.7979 3.88348e-17
 9019.7822 4.78311e-17
 9022.7665 4.49261e-17
 9025.7508 7.48186e-17
 9028.7351 7.62575e-17
 9031.7194 5.64272e-17
 9034.7037 4.22495e-17
 9037.6879 4.07703e-17
 9040.6722 7.71172e-17
 9043.6565 9.98752e-17
 9046.6408 5.36890e-17
 9049.6251 2.72993e-17
 9052.6094 1.01477e-16
 9055.5937 7.07295e-17
 9058.5780 5.48716e-17
 9061.5623 4.26770e-17
