#Object:               SN2005ke
#FITS_file:            SN05ke_b01_DUP_WF_24dec05.fits
#Redshift:             0.00488
#JDate_of_max:         2453698.33
#JDate_of_observation: 2453728.75
#Epoch:                30.27     
#
 3781.5459 8.87554e-17
 3784.5725 2.03288e-16
 3787.5991 1.41348e-16
 3790.6258 1.76296e-16
 3793.6524 2.22666e-16
 3796.6791 1.38191e-16
 3799.7057 2.49645e-16
 3802.7323 1.27418e-16
 3805.7590 1.54603e-16
 3808.7856 1.33861e-16
 3811.8123 1.32501e-16
 3814.8389 1.74417e-16
 3817.8655 1.49261e-16
 3820.8922 9.42072e-17
 3823.9188 1.42253e-16
 3826.9455 1.99618e-16
 3829.9721 1.44535e-16
 3832.9987 1.63908e-16
 3836.0254 1.45548e-16
 3839.0520 2.13218e-16
 3842.0787 2.06685e-16
 3845.1053 2.65138e-16
 3848.1319 2.13729e-16
 3851.1586 1.97587e-16
 3854.1852 3.53361e-16
 3857.2119 4.47669e-16
 3860.2385 4.45080e-16
 3863.2651 3.15757e-16
 3866.2918 2.92235e-16
 3869.3184 3.88105e-16
 3872.3451 3.81884e-16
 3875.3717 3.79057e-16
 3878.3984 3.53591e-16
 3881.4250 3.99999e-16
 3884.4516 4.33569e-16
 3887.4783 4.28410e-16
 3890.5049 5.13502e-16
 3893.5316 4.03758e-16
 3896.5582 3.83268e-16
 3899.5848 4.36484e-16
 3902.6115 4.82721e-16
 3905.6381 4.77488e-16
 3908.6647 4.98354e-16
 3911.6914 4.72555e-16
 3914.7180 4.91826e-16
 3917.7447 4.17390e-16
 3920.7713 5.34090e-16
 3923.7979 5.01676e-16
 3926.8246 5.61820e-16
 3929.8512 5.42026e-16
 3932.8779 6.32376e-16
 3935.9045 5.27488e-16
 3938.9311 5.89540e-16
 3941.9578 5.69759e-16
 3944.9844 6.38570e-16
 3948.0111 5.41352e-16
 3951.0377 6.46878e-16
 3954.0643 7.93966e-16
 3957.0910 7.79760e-16
 3960.1176 7.14918e-16
 3963.1443 6.99207e-16
 3966.1709 8.62846e-16
 3969.1975 9.09612e-16
 3972.2242 8.55716e-16
 3975.2508 9.17533e-16
 3978.2775 9.09618e-16
 3981.3041 9.21867e-16
 3984.3307 8.62006e-16
 3987.3574 8.67834e-16
 3990.3840 8.50688e-16
 3993.4107 9.43321e-16
 3996.4373 7.85020e-16
 3999.4639 9.09009e-16
 4002.4906 9.60459e-16
 4005.5172 7.38175e-16
 4008.5439 8.12587e-16
 4011.5705 8.91433e-16
 4014.5971 7.99122e-16
 4017.6238 7.31894e-16
 4020.6504 7.23884e-16
 4023.6771 7.07172e-16
 4026.7037 7.19725e-16
 4029.7304 7.84720e-16
 4032.7570 7.37937e-16
 4035.7836 5.85003e-16
 4038.8103 6.75726e-16
 4041.8369 5.86846e-16
 4044.8636 6.62070e-16
 4047.8902 5.99746e-16
 4050.9168 5.64189e-16
 4053.9435 5.41516e-16
 4056.9701 4.51233e-16
 4059.9968 5.98711e-16
 4063.0234 5.99282e-16
 4066.0500 5.51780e-16
 4069.0767 5.35807e-16
 4072.1033 5.81288e-16
 4075.1300 5.39150e-16
 4078.1566 4.45060e-16
 4081.1832 4.78184e-16
 4084.2099 5.01639e-16
 4087.2365 4.29856e-16
 4090.2632 5.22644e-16
 4093.2898 4.89820e-16
 4096.3164 4.58241e-16
 4099.3431 4.81379e-16
 4102.3697 4.58758e-16
 4105.3963 3.81665e-16
 4108.4230 4.88421e-16
 4111.4496 4.07369e-16
 4114.4763 4.39922e-16
 4117.5029 4.75222e-16
 4120.5295 4.35193e-16
 4123.5562 4.03846e-16
 4126.5828 3.54406e-16
 4129.6095 3.97066e-16
 4132.6361 4.34176e-16
 4135.6627 3.50238e-16
 4138.6894 3.14756e-16
 4141.7160 4.04248e-16
 4144.7427 4.13452e-16
 4147.7693 3.22218e-16
 4150.7959 3.65038e-16
 4153.8226 4.08132e-16
 4156.8492 3.48357e-16
 4159.8759 3.25405e-16
 4162.9025 3.11469e-16
 4165.9291 3.26141e-16
 4168.9558 3.84273e-16
 4171.9824 3.03929e-16
 4175.0091 3.29438e-16
 4178.0357 4.01055e-16
 4181.0623 3.31232e-16
 4184.0890 3.27327e-16
 4187.1156 3.78698e-16
 4190.1423 3.14645e-16
 4193.1689 3.73241e-16
 4196.1956 3.90508e-16
 4199.2222 3.42436e-16
 4202.2488 4.19405e-16
 4205.2755 4.30447e-16
 4208.3021 4.01167e-16
 4211.3288 4.43080e-16
 4214.3554 3.65583e-16
 4217.3820 4.27332e-16
 4220.4087 4.12181e-16
 4223.4353 4.10903e-16
 4226.4620 3.70750e-16
 4229.4886 4.04544e-16
 4232.5152 4.28521e-16
 4235.5419 3.55228e-16
 4238.5685 3.88356e-16
 4241.5952 4.28389e-16
 4244.6218 3.63682e-16
 4247.6484 3.54590e-16
 4250.6751 3.85280e-16
 4253.7017 3.56912e-16
 4256.7284 3.23276e-16
 4259.7550 3.39208e-16
 4262.7816 3.45425e-16
 4265.8083 3.84905e-16
 4268.8349 3.68615e-16
 4271.8616 3.90522e-16
 4274.8882 4.16912e-16
 4277.9148 3.78852e-16
 4280.9415 3.71184e-16
 4283.9681 3.80327e-16
 4286.9948 4.27542e-16
 4290.0214 4.21970e-16
 4293.0480 4.56600e-16
 4296.0747 4.07433e-16
 4299.1013 4.02524e-16
 4302.1279 4.30487e-16
 4305.1546 4.15215e-16
 4308.1812 3.96186e-16
 4311.2079 3.78921e-16
 4314.2345 3.77851e-16
 4317.2611 4.29703e-16
 4320.2878 3.57850e-16
 4323.3144 3.86358e-16
 4326.3411 4.22686e-16
 4329.3677 4.01117e-16
 4332.3943 3.83814e-16
 4335.4210 3.99557e-16
 4338.4476 4.57472e-16
 4341.4743 4.64366e-16
 4344.5009 3.95897e-16
 4347.5275 4.00131e-16
 4350.5542 3.87233e-16
 4353.5808 4.60174e-16
 4356.6075 4.05462e-16
 4359.6341 3.57006e-16
 4362.6608 4.00984e-16
 4365.6874 3.42132e-16
 4368.7140 3.74404e-16
 4371.7407 4.34244e-16
 4374.7673 3.80726e-16
 4377.7940 3.62197e-16
 4380.8206 3.80876e-16
 4383.8472 3.23638e-16
 4386.8739 3.23901e-16
 4389.9005 4.02648e-16
 4392.9272 3.19915e-16
 4395.9538 3.65318e-16
 4398.9804 3.42301e-16
 4402.0071 3.39653e-16
 4405.0337 3.52103e-16
 4408.0604 3.61393e-16
 4411.0870 3.29205e-16
 4414.1136 2.90491e-16
 4417.1403 3.31214e-16
 4420.1669 3.11654e-16
 4423.1936 2.88464e-16
 4426.2202 2.92337e-16
 4429.2468 3.17715e-16
 4432.2735 2.98230e-16
 4435.3001 3.19082e-16
 4438.3268 3.72752e-16
 4441.3534 3.90730e-16
 4444.3800 3.74119e-16
 4447.4067 4.07023e-16
 4450.4333 3.96213e-16
 4453.4600 4.01333e-16
 4456.4866 3.80307e-16
 4459.5132 3.78619e-16
 4462.5399 4.50525e-16
 4465.5665 4.77667e-16
 4468.5932 4.26989e-16
 4471.6198 4.19325e-16
 4474.6464 4.05864e-16
 4477.6731 4.82883e-16
 4480.6997 4.74120e-16
 4483.7264 5.07777e-16
 4486.7530 5.03806e-16
 4489.7796 4.90371e-16
 4492.8063 4.85353e-16
 4495.8329 5.37029e-16
 4498.8595 5.30559e-16
 4501.8862 5.33364e-16
 4504.9128 5.55672e-16
 4507.9395 5.55469e-16
 4510.9661 5.62066e-16
 4513.9927 5.66911e-16
 4517.0194 6.10929e-16
 4520.0460 6.23682e-16
 4523.0727 5.78394e-16
 4526.0993 6.33348e-16
 4529.1260 6.78657e-16
 4532.1526 6.52975e-16
 4535.1792 6.67017e-16
 4538.2059 7.24842e-16
 4541.2325 7.31613e-16
 4544.2592 7.40860e-16
 4547.2858 7.39701e-16
 4550.3124 7.35769e-16
 4553.3391 8.22645e-16
 4556.3657 8.08647e-16
 4559.3924 8.41737e-16
 4562.4190 9.27201e-16
 4565.4456 9.67592e-16
 4568.4723 9.67624e-16
 4571.4989 1.03748e-15
 4574.5256 1.01715e-15
 4577.5522 1.03921e-15
 4580.5788 9.73588e-16
 4583.6055 8.78533e-16
 4586.6321 1.13731e-15
 4589.6588 1.09961e-15
 4592.6854 1.11421e-15
 4595.7120 1.13465e-15
 4598.7387 1.12454e-15
 4601.7653 1.18569e-15
 4604.7920 1.20004e-15
 4607.8186 1.20237e-15
 4610.8452 1.21411e-15
 4613.8719 1.18637e-15
 4616.8985 1.15594e-15
 4619.9252 1.14553e-15
 4622.9518 1.17051e-15
 4625.9784 1.11298e-15
 4629.0051 1.03789e-15
 4632.0317 8.98139e-16
 4635.0584 1.08415e-15
 4638.0850 1.11181e-15
 4641.1116 1.07782e-15
 4644.1383 1.05813e-15
 4647.1649 1.02942e-15
 4650.1916 9.65907e-16
 4653.2182 1.02815e-15
 4656.2448 9.94581e-16
 4659.2715 9.20894e-16
 4662.2981 9.05036e-16
 4665.3248 8.84887e-16
 4668.3514 8.35447e-16
 4671.3780 8.18807e-16
 4674.4047 7.96086e-16
 4677.4313 7.76361e-16
 4680.4580 7.04750e-16
 4683.4846 6.56430e-16
 4686.5112 6.57509e-16
 4689.5379 6.26865e-16
 4692.5645 6.19181e-16
 4695.5912 5.64409e-16
 4698.6178 5.35698e-16
 4701.6444 5.90851e-16
 4704.6711 5.29687e-16
 4707.6977 5.24424e-16
 4710.7244 5.36549e-16
 4713.7510 4.90301e-16
 4716.7776 5.13690e-16
 4719.8043 5.39201e-16
 4722.8309 4.78663e-16
 4725.8576 5.09530e-16
 4728.8842 4.94896e-16
 4731.9108 5.07409e-16
 4734.9375 5.00138e-16
 4737.9641 4.98344e-16
 4740.9908 5.19333e-16
 4744.0174 5.68246e-16
 4747.0440 5.19107e-16
 4750.0707 5.62525e-16
 4753.0973 5.15473e-16
 4756.1240 5.04583e-16
 4759.1506 5.34185e-16
 4762.1772 5.72015e-16
 4765.2039 5.75464e-16
 4768.2305 5.65330e-16
 4771.2572 5.06489e-16
 4774.2838 5.26411e-16
 4777.3104 5.48722e-16
 4780.3371 5.40453e-16
 4783.3637 5.75303e-16
 4786.3904 5.85490e-16
 4789.4170 5.93088e-16
 4792.4436 5.81408e-16
 4795.4703 6.22637e-16
 4798.4969 6.16052e-16
 4801.5236 6.54800e-16
 4804.5502 6.77684e-16
 4807.5768 6.66632e-16
 4810.6035 6.94807e-16
 4813.6301 7.89807e-16
 4816.6568 7.35661e-16
 4819.6834 7.84791e-16
 4822.7100 8.68862e-16
 4825.7367 8.90765e-16
 4828.7633 8.93168e-16
 4831.7900 8.91639e-16
 4834.8166 9.52798e-16
 4837.8432 9.56453e-16
 4840.8699 9.62016e-16
 4843.8965 9.42424e-16
 4846.9232 9.20419e-16
 4849.9498 9.10316e-16
 4852.9764 9.06877e-16
 4856.0031 8.53138e-16
 4859.0297 8.44701e-16
 4862.0564 8.68297e-16
 4865.0830 7.84876e-16
 4868.1096 7.71395e-16
 4871.1363 7.60409e-16
 4874.1629 7.41281e-16
 4877.1896 7.35553e-16
 4880.2162 7.24452e-16
 4883.2428 7.16822e-16
 4886.2695 7.23556e-16
 4889.2961 7.36340e-16
 4892.3228 7.31502e-16
 4895.3494 7.71744e-16
 4898.3760 7.67786e-16
 4901.4027 7.50965e-16
 4904.4293 8.13178e-16
 4907.4560 8.03759e-16
 4910.4826 8.69608e-16
 4913.5092 8.62861e-16
 4916.5359 8.76021e-16
 4919.5625 9.27597e-16
 4922.5892 9.08664e-16
 4925.6158 9.28427e-16
 4928.6424 9.72317e-16
 4931.6691 9.74470e-16
 4934.6957 9.73028e-16
 4937.7224 9.89834e-16
 4940.7490 1.09634e-15
 4943.7756 1.07271e-15
 4946.8023 1.13542e-15
 4949.8289 1.11364e-15
 4952.8556 1.10654e-15
 4955.8822 1.10888e-15
 4958.9088 1.18022e-15
 4961.9355 1.19365e-15
 4964.9621 1.18490e-15
 4967.9888 1.15961e-15
 4971.0154 1.15328e-15
 4974.0420 1.13646e-15
 4977.0687 1.06957e-15
 4980.0953 1.03670e-15
 4983.1220 1.03347e-15
 4986.1486 1.01552e-15
 4989.1752 9.28731e-16
 4992.2019 8.97081e-16
 4995.2285 8.73314e-16
 4998.2552 7.74449e-16
 5001.2818 7.51337e-16
 5004.3084 7.10605e-16
 5007.3351 6.83954e-16
 5010.3617 6.64438e-16
 5013.3884 6.55734e-16
 5016.4150 6.22971e-16
 5019.4416 5.83379e-16
 5022.4683 5.68561e-16
 5025.4949 5.72719e-16
 5028.5216 5.61242e-16
 5031.5482 5.39432e-16
 5034.5748 5.30975e-16
 5037.6015 5.43798e-16
 5040.6281 5.21497e-16
 5043.6548 5.17139e-16
 5046.6814 5.35420e-16
 5049.7080 5.20934e-16
 5052.7347 5.24441e-16
 5055.7613 5.17260e-16
 5058.7880 5.33798e-16
 5061.8146 5.64630e-16
 5064.8412 5.32802e-16
 5067.8679 5.21924e-16
 5070.8945 5.33513e-16
 5073.9212 5.38974e-16
 5076.9478 5.25206e-16
 5079.9744 5.37441e-16
 5083.0011 5.35144e-16
 5086.0277 5.37436e-16
 5089.0544 5.45416e-16
 5092.0810 5.56857e-16
 5095.1076 5.30914e-16
 5098.1343 5.53638e-16
 5101.1609 5.66249e-16
 5104.1876 5.49323e-16
 5107.2142 5.74462e-16
 5110.2408 5.63910e-16
 5113.2675 5.70516e-16
 5116.2941 6.16577e-16
 5119.3208 6.01464e-16
 5122.3474 5.96656e-16
 5125.3740 5.87806e-16
 5128.4007 6.00195e-16
 5131.4273 6.25954e-16
 5134.4540 5.74459e-16
 5137.4806 5.89004e-16
 5140.5072 6.01091e-16
 5143.5339 5.96410e-16
 5146.5605 5.87997e-16
 5149.5872 5.79687e-16
 5152.6138 5.87060e-16
 5155.6404 5.85414e-16
 5158.6671 6.40472e-16
 5161.6937 6.41165e-16
 5164.7204 6.08596e-16
 5167.7470 5.84424e-16
 5170.7736 6.03188e-16
 5173.8003 6.11084e-16
 5176.8269 6.24197e-16
 5179.8536 6.03093e-16
 5182.8802 5.96539e-16
 5185.9068 5.90971e-16
 5188.9335 6.27669e-16
 5191.9601 6.59827e-16
 5194.9868 6.46095e-16
 5198.0134 6.55380e-16
 5201.0400 6.80167e-16
 5204.0667 6.84665e-16
 5207.0933 6.69857e-16
 5210.1200 7.28840e-16
 5213.1466 7.21819e-16
 5216.1732 7.09662e-16
 5219.1999 7.12552e-16
 5222.2265 7.35114e-16
 5225.2532 7.75091e-16
 5228.2798 7.81905e-16
 5231.3064 7.78100e-16
 5234.3331 8.14949e-16
 5237.3597 7.95006e-16
 5240.3864 7.56024e-16
 5243.4130 8.23603e-16
 5246.4396 8.72043e-16
 5249.4663 8.99313e-16
 5252.4929 8.77935e-16
 5255.5196 8.74425e-16
 5258.5462 9.02309e-16
 5261.5728 8.74760e-16
 5264.5995 9.08073e-16
 5267.6261 9.57502e-16
 5270.6528 9.58792e-16
 5273.6794 9.49015e-16
 5276.7060 9.45326e-16
 5279.7327 9.46857e-16
 5282.7593 9.58114e-16
 5285.7860 9.13121e-16
 5288.8126 9.33695e-16
 5291.8392 1.00298e-15
 5294.8659 1.01489e-15
 5297.8925 1.03197e-15
 5300.9192 1.02509e-15
 5303.9458 9.99698e-16
 5306.9724 1.00819e-15
 5309.9991 1.04190e-15
 5313.0257 1.06027e-15
 5316.0524 1.04210e-15
 5319.0790 1.08169e-15
 5322.1056 1.10856e-15
 5325.1323 1.09410e-15
 5328.1589 1.05548e-15
 5331.1856 1.06402e-15
 5334.2122 1.06384e-15
 5337.2388 1.06037e-15
 5340.2655 1.00409e-15
 5343.2921 1.02474e-15
 5346.3188 1.00585e-15
 5349.3454 9.94482e-16
 5352.3720 9.93887e-16
 5355.3987 9.84567e-16
 5358.4253 1.01208e-15
 5361.4520 9.73243e-16
 5364.4786 9.24808e-16
 5367.5052 9.50671e-16
 5370.5319 9.35269e-16
 5373.5585 9.49365e-16
 5376.5852 9.44217e-16
 5379.6118 9.12170e-16
 5382.6384 9.21104e-16
 5385.6651 9.51038e-16
 5388.6917 9.38921e-16
 5391.7184 9.30931e-16
 5394.7450 9.68715e-16
 5397.7716 9.89076e-16
 5400.7983 9.53242e-16
 5403.8249 9.66555e-16
 5406.8516 9.59266e-16
 5409.8782 1.00747e-15
 5412.9048 1.01725e-15
 5415.9315 1.04985e-15
 5418.9581 1.05428e-15
 5421.9848 1.08624e-15
 5425.0114 1.12298e-15
 5428.0380 1.07167e-15
 5431.0647 1.16141e-15
 5434.0913 1.17648e-15
 5437.1180 1.22617e-15
 5440.1446 1.27264e-15
 5443.1712 1.28217e-15
 5446.1979 1.28762e-15
 5449.2245 1.33013e-15
 5452.2512 1.36750e-15
 5455.2778 1.41942e-15
 5458.3044 1.46886e-15
 5461.3311 1.53061e-15
 5464.3577 1.48104e-15
 5467.3844 1.56628e-15
 5470.4110 1.61177e-15
 5473.4376 1.61340e-15
 5476.4643 1.63673e-15
 5479.4909 1.67494e-15
 5482.5176 1.67700e-15
 5485.5442 1.69085e-15
 5488.5708 1.73978e-15
 5491.5975 1.76528e-15
 5494.6241 1.76285e-15
 5497.6508 1.77261e-15
 5500.6774 1.80218e-15
 5503.7040 1.79453e-15
 5506.7307 1.77468e-15
 5509.7573 1.82503e-15
 5512.7840 1.84393e-15
 5515.8106 1.85212e-15
 5518.8372 1.82361e-15
 5521.8639 1.82799e-15
 5524.8905 1.85404e-15
 5527.9172 1.83247e-15
 5530.9438 1.81211e-15
 5533.9704 1.86260e-15
 5536.9971 1.83200e-15
 5540.0237 1.78101e-15
 5543.0504 1.81634e-15
 5546.0770 1.85544e-15
 5549.1036 1.83490e-15
 5552.1303 1.78910e-15
 5555.1569 1.78367e-15
 5558.1836 1.77833e-15
 5561.2102 1.77193e-15
 5564.2368 1.74941e-15
 5567.2635 1.75652e-15
 5570.2901 1.70660e-15
 5573.3168 1.74118e-15
 5576.3434 1.70402e-15
 5579.3700 1.69865e-15
 5582.3967 1.69256e-15
 5585.4233 1.67203e-15
 5588.4500 1.63629e-15
 5591.4766 1.58145e-15
 5594.5032 1.59934e-15
 5597.5299 1.63334e-15
 5600.5565 1.57878e-15
 5603.5832 1.51118e-15
 5606.6098 1.47538e-15
 5609.6364 1.49671e-15
 5612.6631 1.52475e-15
 5615.6897 1.51168e-15
 5618.7164 1.47342e-15
 5621.7430 1.44884e-15
 5624.7696 1.47034e-15
 5627.7963 1.46681e-15
 5630.8229 1.46577e-15
 5633.8496 1.41372e-15
 5636.8762 1.40584e-15
 5639.9028 1.36016e-15
 5642.9295 1.36190e-15
 5645.9561 1.36750e-15
 5648.9828 1.25913e-15
 5652.0094 1.12850e-15
 5655.0360 1.09934e-15
 5658.0627 1.02654e-15
 5661.0893 9.39696e-16
 5664.1160 8.30303e-16
 5667.1426 8.07910e-16
 5670.1692 7.54962e-16
 5673.1959 7.33762e-16
 5676.2225 6.83896e-16
 5679.2492 6.92790e-16
 5682.2758 6.82293e-16
 5685.3024 6.83769e-16
 5688.3291 6.78267e-16
 5691.3557 6.86809e-16
 5694.3824 7.42833e-16
 5697.4090 8.07418e-16
 5700.4356 7.88291e-16
 5703.4623 7.99088e-16
 5706.4889 8.29982e-16
 5709.5156 8.43311e-16
 5712.5422 8.39371e-16
 5715.5688 8.42194e-16
 5718.5955 8.94553e-16
 5721.6221 8.31768e-16
 5724.6488 8.90820e-16
 5727.6754 9.12898e-16
 5730.7020 9.48229e-16
 5733.7287 9.31755e-16
 5736.7553 9.38823e-16
 5739.7820 9.00885e-16
 5742.8086 9.08096e-16
 5745.8352 9.21811e-16
 5748.8619 9.34103e-16
 5751.8885 8.81625e-16
 5754.9152 9.30324e-16
 5757.9418 9.48311e-16
 5760.9684 9.20739e-16
 5763.9951 9.43345e-16
 5767.0217 9.78762e-16
 5770.0484 9.67828e-16
 5773.0750 9.48175e-16
 5776.1016 9.56054e-16
 5779.1283 9.40628e-16
 5782.1549 9.80279e-16
 5785.1816 1.00743e-15
 5788.2082 1.00177e-15
 5791.2348 1.00164e-15
 5794.2615 1.00370e-15
 5797.2881 1.01839e-15
 5800.3148 1.03602e-15
 5803.3414 1.04165e-15
 5806.3680 1.03921e-15
 5809.3947 1.05471e-15
 5812.4213 1.06448e-15
 5815.4480 1.06324e-15
 5818.4746 1.10003e-15
 5821.5012 1.09180e-15
 5824.5279 1.09975e-15
 5827.5545 1.11423e-15
 5830.5812 1.11447e-15
 5833.6078 1.08114e-15
 5836.6345 1.15592e-15
 5839.6611 1.10521e-15
 5842.6877 1.11171e-15
 5845.7144 1.11420e-15
 5848.7410 1.13040e-15
 5851.7677 1.14615e-15
 5854.7943 1.08252e-15
 5857.8209 1.07397e-15
 5860.8476 1.11526e-15
 5863.8742 1.09991e-15
 5866.9008 1.12586e-15
 5869.9275 1.10903e-15
 5872.9541 1.10159e-15
 5875.9808 1.15738e-15
 5879.0074 1.10398e-15
 5882.0340 1.11424e-15
 5885.0607 1.12744e-15
 5888.0873 1.13597e-15
 5891.1140 1.09361e-15
 5894.1406 1.06214e-15
 5897.1672 1.11851e-15
 5900.1939 1.13126e-15
 5903.2205 1.10437e-15
 5906.2472 1.08052e-15
 5909.2738 1.09368e-15
 5912.3004 1.07027e-15
 5915.3271 1.06940e-15
 5918.3537 1.07712e-15
 5921.3804 1.09645e-15
 5924.4070 1.06694e-15
 5927.4336 1.04767e-15
 5930.4603 1.06280e-15
 5933.4869 1.03390e-15
 5936.5136 1.02797e-15
 5939.5402 1.03960e-15
 5942.5668 1.00300e-15
 5945.5935 9.87731e-16
 5948.6201 1.02539e-15
 5951.6468 1.05045e-15
 5954.6734 9.91257e-16
 5957.7000 9.60491e-16
 5960.7267 9.62792e-16
 5963.7533 9.42318e-16
 5966.7800 9.60159e-16
 5969.8066 9.58401e-16
 5972.8332 9.48161e-16
 5975.8599 9.76391e-16
 5978.8865 9.18627e-16
 5981.9132 8.98451e-16
 5984.9398 9.38904e-16
 5987.9664 8.98589e-16
 5990.9931 8.89433e-16
 5994.0197 9.23414e-16
 5997.0464 9.07953e-16
 6000.0730 8.76913e-16
 6003.0997 8.74774e-16
 6006.1263 8.80000e-16
 6009.1529 8.98546e-16
 6012.1796 8.66596e-16
 6015.2062 8.74449e-16
 6018.2329 8.56514e-16
 6021.2595 8.55823e-16
 6024.2861 8.54311e-16
 6027.3128 8.56037e-16
 6030.3394 8.58532e-16
 6033.3661 8.59400e-16
 6036.3927 8.59544e-16
 6039.4193 8.58841e-16
 6042.4460 8.58287e-16
 6045.4726 8.72504e-16
 6048.4993 8.38352e-16
 6051.5259 8.42186e-16
 6054.5525 8.75280e-16
 6057.5792 8.60893e-16
 6060.6058 8.52384e-16
 6063.6324 8.44531e-16
 6066.6591 8.45012e-16
 6069.6857 8.62498e-16
 6072.7124 8.71971e-16
 6075.7390 8.73457e-16
 6078.7656 8.54091e-16
 6081.7923 8.63399e-16
 6084.8189 8.44931e-16
 6087.8456 8.09637e-16
 6090.8722 8.44158e-16
 6093.8988 8.29744e-16
 6096.9255 8.27417e-16
 6099.9521 8.17058e-16
 6102.9788 8.09753e-16
 6106.0054 8.17402e-16
 6109.0320 8.13198e-16
 6112.0587 7.90575e-16
 6115.0853 8.10084e-16
 6118.1120 7.99022e-16
 6121.1386 8.22002e-16
 6124.1652 8.26980e-16
 6127.1919 8.36148e-16
 6130.2185 7.82245e-16
 6133.2452 7.81974e-16
 6136.2718 7.98861e-16
 6139.2984 7.50832e-16
 6142.3251 7.41764e-16
 6145.3517 7.33448e-16
 6148.3784 7.08200e-16
 6151.4050 7.23420e-16
 6154.4316 7.09111e-16
 6157.4583 6.98534e-16
 6160.4849 6.43663e-16
 6163.5116 6.51226e-16
 6166.5382 6.95553e-16
 6169.5649 6.91342e-16
 6172.5915 6.46834e-16
 6175.6181 6.31092e-16
 6178.6448 6.21687e-16
 6181.6714 6.27801e-16
 6184.6981 6.16642e-16
 6187.7247 5.76629e-16
 6190.7513 5.71885e-16
 6193.7780 6.16345e-16
 6196.8046 6.13951e-16
 6199.8313 5.73688e-16
 6202.8579 5.73146e-16
 6205.8845 5.47377e-16
 6208.9112 5.77336e-16
 6211.9378 5.75550e-16
 6214.9645 5.42098e-16
 6217.9911 5.69654e-16
 6221.0177 6.03906e-16
 6224.0444 6.02510e-16
 6227.0710 6.00078e-16
 6230.0977 6.01750e-16
 6233.1243 6.14986e-16
 6236.1509 5.83853e-16
 6239.1776 6.14994e-16
 6242.2042 6.19080e-16
 6245.2309 6.17700e-16
 6248.2575 6.40249e-16
 6251.2841 6.31440e-16
 6254.3108 6.37803e-16
 6257.3374 6.80132e-16
 6260.3640 6.71452e-16
 6263.3907 6.39550e-16
 6266.4173 6.72325e-16
 6269.4440 7.29880e-16
 6272.4706 7.27525e-16
 6275.4972 6.98644e-16
 6278.5239 7.15268e-16
 6281.5505 6.79702e-16
 6284.5772 6.68917e-16
 6287.6038 7.05429e-16
 6290.6304 7.43470e-16
 6293.6571 7.43505e-16
 6296.6837 7.26280e-16
 6299.7104 7.37590e-16
 6302.7370 7.30546e-16
 6305.7636 7.23716e-16
 6308.7903 7.51010e-16
 6311.8169 7.74802e-16
 6314.8436 7.34400e-16
 6317.8702 7.58674e-16
 6320.8968 7.76986e-16
 6323.9235 7.47321e-16
 6326.9501 7.71853e-16
 6329.9768 8.13648e-16
 6333.0034 8.10758e-16
 6336.0301 8.40673e-16
 6339.0567 8.21214e-16
 6342.0833 7.98965e-16
 6345.1100 8.35850e-16
 6348.1366 8.55538e-16
 6351.1633 8.48686e-16
 6354.1899 8.57716e-16
 6357.2165 8.86605e-16
 6360.2432 8.95252e-16
 6363.2698 9.06024e-16
 6366.2965 9.15188e-16
 6369.3231 9.32404e-16
 6372.3497 9.20627e-16
 6375.3764 9.29423e-16
 6378.4030 9.51137e-16
 6381.4297 9.85455e-16
 6384.4563 1.00478e-15
 6387.4829 1.02430e-15
 6390.5096 1.01654e-15
 6393.5362 1.02444e-15
 6396.5629 1.02518e-15
 6399.5895 1.05682e-15
 6402.6161 1.08485e-15
 6405.6428 1.05784e-15
 6408.6694 1.09615e-15
 6411.6961 1.09475e-15
 6414.7227 1.13011e-15
 6417.7493 1.14563e-15
 6420.7760 1.15684e-15
 6423.8026 1.17105e-15
 6426.8293 1.20985e-15
 6429.8559 1.21637e-15
 6432.8825 1.27792e-15
 6435.9092 1.26393e-15
 6438.9358 1.28405e-15
 6441.9625 1.29721e-15
 6444.9891 1.25943e-15
 6448.0157 1.30231e-15
 6451.0424 1.34995e-15
 6454.0690 1.36725e-15
 6457.0956 1.33832e-15
 6460.1223 1.37301e-15
 6463.1489 1.40431e-15
 6466.1756 1.41369e-15
 6469.2022 1.42960e-15
 6472.2288 1.43473e-15
 6475.2555 1.42241e-15
 6478.2821 1.44508e-15
 6481.3088 1.43280e-15
 6484.3354 1.44334e-15
 6487.3621 1.47287e-15
 6490.3887 1.44357e-15
 6493.4153 1.45196e-15
 6496.4420 1.47464e-15
 6499.4686 1.49037e-15
 6502.4953 1.45703e-15
 6505.5219 1.44314e-15
 6508.5485 1.48481e-15
 6511.5752 1.44443e-15
 6514.6018 1.48291e-15
 6517.6285 1.47365e-15
 6520.6551 1.46635e-15
 6523.6817 1.46026e-15
 6526.7084 1.45179e-15
 6529.7350 1.48260e-15
 6532.7617 1.47225e-15
 6535.7883 1.41369e-15
 6538.8149 1.41218e-15
 6541.8416 1.41896e-15
 6544.8682 1.39749e-15
 6547.8949 1.40209e-15
 6550.9215 1.39557e-15
 6553.9481 1.38906e-15
 6556.9748 1.37152e-15
 6560.0014 1.34826e-15
 6563.0281 1.33803e-15
 6566.0547 1.27428e-15
 6569.0813 1.26190e-15
 6572.1080 1.27712e-15
 6575.1346 1.24208e-15
 6578.1613 1.26715e-15
 6581.1879 1.23370e-15
 6584.2145 1.21480e-15
 6587.2412 1.24212e-15
 6590.2678 1.22424e-15
 6593.2945 1.17945e-15
 6596.3211 1.16707e-15
 6599.3477 1.13928e-15
 6602.3744 1.11193e-15
 6605.4010 1.11862e-15
 6608.4277 1.12360e-15
 6611.4543 1.09482e-15
 6614.4809 1.07306e-15
 6617.5076 1.03471e-15
 6620.5342 1.01958e-15
 6623.5609 1.00625e-15
 6626.5875 9.85078e-16
 6629.6141 9.37970e-16
 6632.6408 9.62296e-16
 6635.6674 9.47713e-16
 6638.6940 9.25124e-16
 6641.7207 8.69709e-16
 6644.7473 8.72689e-16
 6647.7740 8.37586e-16
 6650.8006 8.38883e-16
 6653.8273 8.34008e-16
 6656.8539 7.90395e-16
 6659.8805 8.10518e-16
 6662.9072 7.96439e-16
 6665.9338 7.91631e-16
 6668.9605 7.59368e-16
 6671.9871 7.23074e-16
 6675.0137 7.35117e-16
 6678.0404 7.22931e-16
 6681.0670 6.86875e-16
 6684.0937 6.73043e-16
 6687.1203 6.66479e-16
 6690.1469 6.84511e-16
 6693.1736 6.86751e-16
 6696.2002 6.55802e-16
 6699.2269 6.65871e-16
 6702.2535 6.49635e-16
 6705.2801 6.07799e-16
 6708.3068 5.99976e-16
 6711.3334 5.94421e-16
 6714.3601 6.13951e-16
 6717.3867 5.81167e-16
 6720.4133 5.93446e-16
 6723.4400 5.70844e-16
 6726.4666 5.64861e-16
 6729.4933 5.83595e-16
 6732.5199 5.99986e-16
 6735.5465 5.80065e-16
 6738.5732 5.63346e-16
 6741.5998 5.75654e-16
 6744.6265 6.06272e-16
 6747.6531 6.07172e-16
 6750.6797 5.98321e-16
 6753.7064 5.98711e-16
 6756.7330 5.68911e-16
 6759.7597 5.98124e-16
 6762.7863 6.14405e-16
 6765.8129 5.93306e-16
 6768.8396 5.79699e-16
 6771.8662 6.02114e-16
 6774.8929 6.21255e-16
 6777.9195 6.44548e-16
 6780.9461 6.43757e-16
 6783.9728 6.11970e-16
 6786.9994 6.03811e-16
 6790.0261 5.99889e-16
 6793.0527 5.97101e-16
 6796.0793 5.72646e-16
 6799.1060 6.05694e-16
 6802.1326 6.13866e-16
 6805.1593 6.19689e-16
 6808.1859 6.24485e-16
 6811.2125 6.04830e-16
 6814.2392 5.81301e-16
 6817.2658 5.95100e-16
 6820.2925 5.87007e-16
 6823.3191 5.81710e-16
 6826.3457 6.22010e-16
 6829.3724 6.32145e-16
 6832.3990 5.67640e-16
 6835.4257 5.04051e-16
 6838.4523 5.03228e-16
 6841.4789 5.34720e-16
 6844.5056 5.57158e-16
 6847.5322 5.46422e-16
 6850.5589 5.56898e-16
 6853.5855 5.59993e-16
 6856.6121 5.25352e-16
 6859.6388 5.78888e-16
 6862.6654 5.37608e-16
 6865.6921 5.44493e-16
 6868.7187 5.61551e-16
 6871.7453 5.36965e-16
 6874.7720 5.37609e-16
 6877.7986 5.25033e-16
 6880.8253 5.34362e-16
 6883.8519 5.64381e-16
 6886.8785 5.42990e-16
 6889.9052 5.65092e-16
 6892.9318 5.91501e-16
 6895.9585 5.46205e-16
 6898.9851 5.42821e-16
 6902.0117 5.49828e-16
 6905.0384 5.70206e-16
 6908.0650 5.61143e-16
 6911.0917 5.57024e-16
 6914.1183 5.71870e-16
 6917.1449 5.77318e-16
 6920.1716 6.11770e-16
 6923.1982 6.03893e-16
 6926.2249 6.06140e-16
 6929.2515 6.02261e-16
 6932.2781 6.01951e-16
 6935.3048 6.19005e-16
 6938.3314 6.27051e-16
 6941.3581 5.95291e-16
 6944.3847 6.11958e-16
 6947.4113 6.61231e-16
 6950.4380 6.35276e-16
 6953.4646 6.22803e-16
 6956.4913 6.58903e-16
 6959.5179 6.20807e-16
 6962.5445 6.41452e-16
 6965.5712 6.52287e-16
 6968.5978 6.42515e-16
 6971.6245 6.56588e-16
 6974.6511 6.38408e-16
 6977.6777 6.40226e-16
 6980.7044 6.53465e-16
 6983.7310 6.76094e-16
 6986.7577 6.82839e-16
 6989.7843 6.66411e-16
 6992.8109 6.30802e-16
 6995.8376 6.32446e-16
 6998.8642 6.52539e-16
 7001.8909 6.71558e-16
 7004.9175 6.50551e-16
 7007.9441 6.73882e-16
 7010.9708 6.67868e-16
 7013.9974 6.34933e-16
 7017.0241 6.47373e-16
 7020.0507 6.43563e-16
 7023.0773 6.35439e-16
 7026.1040 6.44464e-16
 7029.1306 6.53403e-16
 7032.1573 6.26938e-16
 7035.1839 6.37409e-16
 7038.2105 6.28058e-16
 7041.2372 6.19860e-16
 7044.2638 6.27133e-16
 7047.2905 6.25013e-16
 7050.3171 6.39085e-16
 7053.3437 6.43631e-16
 7056.3704 6.34615e-16
 7059.3970 6.34738e-16
 7062.4237 6.26247e-16
 7065.4503 6.25696e-16
 7068.4769 6.56131e-16
 7071.5036 6.59724e-16
 7074.5302 6.62335e-16
 7077.5569 6.40598e-16
 7080.5835 6.46950e-16
 7083.6101 6.09020e-16
 7086.6368 6.57226e-16
 7089.6634 6.63536e-16
 7092.6901 6.60901e-16
 7095.7167 6.45090e-16
 7098.7433 6.54960e-16
 7101.7700 6.67147e-16
 7104.7966 6.57095e-16
 7107.8233 6.62050e-16
 7110.8499 6.72549e-16
 7113.8765 6.80469e-16
 7116.9032 6.89253e-16
 7119.9298 6.73806e-16
 7122.9565 6.47942e-16
 7125.9831 6.47927e-16
 7129.0097 6.69998e-16
 7132.0364 6.72188e-16
 7135.0630 6.63645e-16
 7138.0897 6.81237e-16
 7141.1163 6.61722e-16
 7144.1429 6.54446e-16
 7147.1696 6.87423e-16
 7150.1962 6.62887e-16
 7153.2229 6.64181e-16
 7156.2495 6.51315e-16
 7159.2761 6.46762e-16
 7162.3028 6.66755e-16
 7165.3294 6.82113e-16
 7168.3561 6.85995e-16
 7171.3827 7.03774e-16
 7174.4093 6.98013e-16
 7177.4360 7.17785e-16
 7180.4626 7.15648e-16
 7183.4893 7.31639e-16
 7186.5159 7.38043e-16
 7189.5425 7.21923e-16
 7192.5692 6.88207e-16
 7195.5958 7.05291e-16
 7198.6225 7.18698e-16
 7201.6491 7.40336e-16
 7204.6757 7.12116e-16
 7207.7024 7.07445e-16
 7210.7290 7.37700e-16
 7213.7557 7.07998e-16
 7216.7823 7.63893e-16
 7219.8089 7.46114e-16
 7222.8356 7.73769e-16
 7225.8622 7.89322e-16
 7228.8889 7.87043e-16
 7231.9155 8.03184e-16
 7234.9421 8.08500e-16
 7237.9688 7.66778e-16
 7240.9954 7.54337e-16
 7244.0221 7.70492e-16
 7247.0487 7.56995e-16
 7250.0753 7.91970e-16
 7253.1020 7.59638e-16
 7256.1286 7.86781e-16
 7259.1553 7.46750e-16
 7262.1819 7.69285e-16
 7265.2085 7.49469e-16
 7268.2352 7.63602e-16
 7271.2618 7.60083e-16
 7274.2885 7.72441e-16
 7277.3151 7.77168e-16
 7280.3417 7.59297e-16
 7283.3684 7.24985e-16
 7286.3950 7.25208e-16
 7289.4217 7.69828e-16
 7292.4483 7.57441e-16
 7295.4749 7.05960e-16
 7298.5016 7.23084e-16
 7301.5282 7.72776e-16
 7304.5549 7.73081e-16
 7307.5815 7.38543e-16
 7310.6081 7.11234e-16
 7313.6348 7.11985e-16
 7316.6614 7.26830e-16
 7319.6881 7.36863e-16
 7322.7147 7.34132e-16
 7325.7413 7.07424e-16
 7328.7680 7.44666e-16
 7331.7946 7.73003e-16
 7334.8213 7.47953e-16
 7337.8479 7.16552e-16
 7340.8745 7.29718e-16
 7343.9012 7.38994e-16
 7346.9278 7.53674e-16
 7349.9545 7.45763e-16
 7352.9811 7.15239e-16
 7356.0077 7.25839e-16
 7359.0344 7.29077e-16
 7362.0610 7.46613e-16
 7365.0877 7.17830e-16
 7368.1143 7.32024e-16
 7371.1409 7.56185e-16
 7374.1676 7.71746e-16
 7377.1942 7.62523e-16
 7380.2209 7.27475e-16
 7383.2475 6.81481e-16
 7386.2741 7.23457e-16
 7389.3008 7.16952e-16
 7392.3274 6.89744e-16
 7395.3541 7.03327e-16
 7398.3807 7.01561e-16
 7401.4073 6.73370e-16
 7404.4340 6.61140e-16
 7407.4606 6.24069e-16
 7410.4873 6.30099e-16
 7413.5139 6.64882e-16
 7416.5405 6.48400e-16
 7419.5672 6.67237e-16
 7422.5938 6.91127e-16
 7425.6205 7.19160e-16
 7428.6471 6.97156e-16
 7431.6737 6.66587e-16
 7434.7004 6.52443e-16
 7437.7270 6.70774e-16
 7440.7537 6.61513e-16
 7443.7803 6.82433e-16
 7446.8069 7.01176e-16
 7449.8336 6.96828e-16
 7452.8602 6.88513e-16
 7455.8869 6.61386e-16
 7458.9135 6.85085e-16
 7461.9401 7.04179e-16
 7464.9668 6.85346e-16
 7467.9934 6.45926e-16
 7471.0201 6.94301e-16
 7474.0467 6.80159e-16
 7477.0733 6.81426e-16
 7480.1000 6.32215e-16
 7483.1266 6.12493e-16
 7486.1533 6.29246e-16
 7489.1799 6.30038e-16
 7492.2065 6.06778e-16
 7495.2332 5.82324e-16
 7498.2598 5.67805e-16
 7501.2865 5.58877e-16
 7504.3131 5.66586e-16
 7507.3397 5.63664e-16
 7510.3664 5.35744e-16
 7513.3930 5.44312e-16
 7516.4197 5.29343e-16
 7519.4463 5.21207e-16
 7522.4729 4.95482e-16
 7525.4996 4.37400e-16
 7528.5262 3.98389e-16
 7531.5529 4.25065e-16
 7534.5795 4.45921e-16
 7537.6061 4.33575e-16
 7540.6328 4.18671e-16
 7543.6594 4.49870e-16
 7546.6861 4.35154e-16
 7549.7127 4.41539e-16
 7552.7393 4.71274e-16
 7555.7660 4.17232e-16
 7558.7926 3.24416e-16
 7561.8193 2.86099e-16
 7564.8459 2.36457e-16
 7567.8725 2.60252e-16
 7570.8992 3.22726e-16
 7573.9258 3.37625e-16
 7576.9525 3.93440e-16
 7579.9791 4.42425e-16
 7583.0057 4.56826e-16
 7586.0324 4.12301e-16
 7589.0590 3.99234e-16
 7592.0857 4.28682e-16
 7595.1123 4.68269e-16
 7598.1389 4.93620e-16
 7601.1656 4.76203e-16
 7604.1922 5.24871e-16
 7607.2189 5.77741e-16
 7610.2455 4.46651e-16
 7613.2721 5.45689e-16
 7616.2988 6.29397e-16
 7619.3254 6.46311e-16
 7622.3521 6.87746e-16
 7625.3787 7.23000e-16
 7628.4053 7.17809e-16
 7631.4320 7.32137e-16
 7634.4586 7.65358e-16
 7637.4853 7.63396e-16
 7640.5119 7.88301e-16
 7643.5385 8.18636e-16
 7646.5652 8.21591e-16
 7649.5918 8.35888e-16
 7652.6185 8.47918e-16
 7655.6451 8.40476e-16
 7658.6717 8.62367e-16
 7661.6984 8.82896e-16
 7664.7250 9.00910e-16
 7667.7517 9.28093e-16
 7670.7783 9.42527e-16
 7673.8049 9.41037e-16
 7676.8316 9.39467e-16
 7679.8582 9.44527e-16
 7682.8849 9.50957e-16
 7685.9115 9.16804e-16
 7688.9381 9.25489e-16
 7691.9648 9.42211e-16
 7694.9914 9.95808e-16
 7698.0181 9.86563e-16
 7701.0447 9.93089e-16
 7704.0713 1.00944e-15
 7707.0980 1.00038e-15
 7710.1246 9.04984e-16
 7713.1513 9.64576e-16
 7716.1779 9.69060e-16
 7719.2045 9.64213e-16
 7722.2312 9.71868e-16
 7725.2578 9.26377e-16
 7728.2845 9.74961e-16
 7731.3111 1.05578e-15
 7734.3377 1.00153e-15
 7737.3644 1.02493e-15
 7740.3910 1.01374e-15
 7743.4177 9.82219e-16
 7746.4443 9.94585e-16
 7749.4709 9.73961e-16
 7752.4976 9.88394e-16
 7755.5242 9.56243e-16
 7758.5509 9.59461e-16
 7761.5775 9.56396e-16
 7764.6041 9.15582e-16
 7767.6308 9.23566e-16
 7770.6574 8.99546e-16
 7773.6841 9.29506e-16
 7776.7107 9.19860e-16
 7779.7373 9.12647e-16
 7782.7640 9.14082e-16
 7785.7906 8.83875e-16
 7788.8173 8.52707e-16
 7791.8439 8.47070e-16
 7794.8705 8.10089e-16
 7797.8972 8.49951e-16
 7800.9238 8.72352e-16
 7803.9505 8.29011e-16
 7806.9771 8.21639e-16
 7810.0037 8.19715e-16
 7813.0304 7.83104e-16
 7816.0570 8.19771e-16
 7819.0837 8.32142e-16
 7822.1103 8.24497e-16
 7825.1369 7.94213e-16
 7828.1636 7.25842e-16
 7831.1902 7.26395e-16
 7834.2169 7.61516e-16
 7837.2435 7.56971e-16
 7840.2701 7.46635e-16
 7843.2968 7.10983e-16
 7846.3234 7.19331e-16
 7849.3501 6.94549e-16
 7852.3767 7.08667e-16
 7855.4033 7.04610e-16
 7858.4300 6.90209e-16
 7861.4566 6.72427e-16
 7864.4833 6.83903e-16
 7867.5099 6.76246e-16
 7870.5365 6.20754e-16
 7873.5632 6.51298e-16
 7876.5898 6.40916e-16
 7879.6165 5.72302e-16
 7882.6431 6.24069e-16
 7885.6697 6.38327e-16
 7888.6964 5.89135e-16
 7891.7230 5.80009e-16
 7894.7497 6.05098e-16
 7897.7763 5.84493e-16
 7900.8029 5.67728e-16
 7903.8296 5.87344e-16
 7906.8562 5.55089e-16
 7909.8829 5.16907e-16
 7912.9095 5.75105e-16
 7915.9361 5.56951e-16
 7918.9628 5.54791e-16
 7921.9894 5.89287e-16
 7925.0161 5.61452e-16
 7928.0427 5.43143e-16
 7931.0693 5.49266e-16
 7934.0960 5.75282e-16
 7937.1226 5.92038e-16
 7940.1493 5.41956e-16
 7943.1759 5.44705e-16
 7946.2025 5.77501e-16
 7949.2292 5.68956e-16
 7952.2558 5.48909e-16
 7955.2825 5.91505e-16
 7958.3091 5.54230e-16
 7961.3358 5.36274e-16
 7964.3624 5.38701e-16
 7967.3890 5.28263e-16
 7970.4157 5.73023e-16
 7973.4423 5.76727e-16
 7976.4690 5.38477e-16
 7979.4956 5.35958e-16
 7982.5222 5.44914e-16
 7985.5489 5.56276e-16
 7988.5755 5.20098e-16
 7991.6022 5.01160e-16
 7994.6288 5.65007e-16
 7997.6554 5.86954e-16
 8000.6821 5.55212e-16
 8003.7087 5.50503e-16
 8006.7353 5.56585e-16
 8009.7620 5.56991e-16
 8012.7886 5.35972e-16
 8015.8153 5.05820e-16
 8018.8419 5.16004e-16
 8021.8685 5.92543e-16
 8024.8952 5.82984e-16
 8027.9218 5.65790e-16
 8030.9485 5.31884e-16
 8033.9751 5.52671e-16
 8037.0017 5.75716e-16
 8040.0284 5.55167e-16
 8043.0550 5.57397e-16
 8046.0817 5.56508e-16
 8049.1083 5.51639e-16
 8052.1349 5.59836e-16
 8055.1616 6.08283e-16
 8058.1882 5.46424e-16
 8061.2149 5.71502e-16
 8064.2415 5.70262e-16
 8067.2681 5.71679e-16
 8070.2948 5.46744e-16
 8073.3214 5.29239e-16
 8076.3481 5.71951e-16
 8079.3747 5.32629e-16
 8082.4013 5.07905e-16
 8085.4280 4.96713e-16
 8088.4546 5.48619e-16
 8091.4813 5.47816e-16
 8094.5079 5.10475e-16
 8097.5345 5.16299e-16
 8100.5612 5.23604e-16
 8103.5878 4.94340e-16
 8106.6145 4.63232e-16
 8109.6411 4.67738e-16
 8112.6677 4.77126e-16
 8115.6944 5.03285e-16
 8118.7210 4.61274e-16
 8121.7477 4.52417e-16
 8124.7743 4.19192e-16
 8127.8010 4.11477e-16
 8130.8276 4.14649e-16
 8133.8542 4.01899e-16
 8136.8809 3.67487e-16
 8139.9075 3.47890e-16
 8142.9342 3.51981e-16
 8145.9608 3.60050e-16
 8148.9874 3.14889e-16
 8152.0141 3.22454e-16
 8155.0407 3.03495e-16
 8158.0674 2.71037e-16
 8161.0940 2.80537e-16
 8164.1206 3.05084e-16
 8167.1473 2.79728e-16
 8170.1739 2.55758e-16
 8173.2006 1.98108e-16
 8176.2272 2.25075e-16
 8179.2538 1.72352e-16
 8182.2805 1.64932e-16
 8185.3071 1.66905e-16
 8188.3338 1.43927e-16
 8191.3604 1.54902e-16
 8194.3870 1.46583e-16
 8197.4137 1.51238e-16
 8200.4403 9.99775e-17
 8203.4669 7.25962e-17
 8206.4936 1.20328e-16
 8209.5202 8.21629e-17
 8212.5469 1.05633e-16
 8215.5735 1.06637e-16
 8218.6001 9.57706e-17
 8221.6268 6.82497e-17
 8224.6534 6.23955e-17
 8227.6801 7.34209e-17
 8230.7067 6.21251e-17
 8233.7333 9.28103e-17
 8236.7600 8.17032e-17
 8239.7866 1.01444e-16
 8242.8133 9.18963e-17
 8245.8399 7.26348e-17
 8248.8665 6.70633e-17
 8251.8932 8.82662e-17
 8254.9198 1.27307e-16
 8257.9465 7.98396e-17
 8260.9731 8.23799e-17
 8263.9997 9.11884e-17
 8267.0264 1.31990e-16
 8270.0530 1.44303e-16
 8273.0797 1.54186e-16
 8276.1063 1.64566e-16
 8279.1329 1.93096e-16
 8282.1596 1.63228e-16
 8285.1862 1.71923e-16
 8288.2129 1.78060e-16
 8291.2395 1.63839e-16
 8294.2662 1.47752e-16
 8297.2928 1.60099e-16
 8300.3194 1.69739e-16
 8303.3461 1.88918e-16
 8306.3727 1.95856e-16
 8309.3994 1.96665e-16
 8312.4260 1.77579e-16
 8315.4526 2.15028e-16
 8318.4793 2.21765e-16
 8321.5059 1.66217e-16
 8324.5326 1.99792e-16
 8327.5592 2.01205e-16
 8330.5858 2.27078e-16
 8333.6125 2.29561e-16
 8336.6391 2.18933e-16
 8339.6658 2.37439e-16
 8342.6924 2.24476e-16
 8345.7190 1.81983e-16
 8348.7457 2.03035e-16
 8351.7723 2.64550e-16
 8354.7990 2.58118e-16
 8357.8256 2.58657e-16
 8360.8522 1.81600e-16
 8363.8789 2.27464e-16
 8366.9055 2.08182e-16
 8369.9322 2.42747e-16
 8372.9588 2.21776e-16
 8375.9854 2.91633e-16
 8379.0121 2.46994e-16
 8382.0387 2.30847e-16
 8385.0654 2.42636e-16
 8388.0920 2.69076e-16
 8391.1186 2.87730e-16
 8394.1453 2.60026e-16
 8397.1719 2.99603e-16
 8400.1985 2.88050e-16
 8403.2252 2.80495e-16
 8406.2518 3.17284e-16
 8409.2785 3.35833e-16
 8412.3051 3.24299e-16
 8415.3317 3.57115e-16
 8418.3584 4.47177e-16
 8421.3850 3.82001e-16
 8424.4117 3.78401e-16
 8427.4383 3.65826e-16
 8430.4649 4.34586e-16
 8433.4916 3.91631e-16
 8436.5182 4.27999e-16
 8439.5449 4.50965e-16
 8442.5715 4.50470e-16
 8445.5981 4.71395e-16
 8448.6248 5.33126e-16
 8451.6514 4.77182e-16
 8454.6781 4.91357e-16
 8457.7047 5.62853e-16
 8460.7314 5.91266e-16
 8463.7580 6.05646e-16
 8466.7846 5.76290e-16
 8469.8113 5.62119e-16
 8472.8379 5.85014e-16
 8475.8646 6.17981e-16
 8478.8912 6.54733e-16
 8481.9178 7.00334e-16
 8484.9445 7.11444e-16
 8487.9711 6.82609e-16
 8490.9978 7.02477e-16
 8494.0244 7.57271e-16
 8497.0510 7.56483e-16
 8500.0777 7.80955e-16
 8503.1043 8.11258e-16
 8506.1310 7.65106e-16
 8509.1576 7.53188e-16
 8512.1842 8.44165e-16
 8515.2109 8.69121e-16
 8518.2375 8.65202e-16
 8521.2642 8.91925e-16
 8524.2908 8.64763e-16
 8527.3174 8.41416e-16
 8530.3441 9.01709e-16
 8533.3707 9.10758e-16
 8536.3974 9.09008e-16
 8539.4240 9.53075e-16
 8542.4506 9.44697e-16
 8545.4773 9.33975e-16
 8548.5039 9.99930e-16
 8551.5306 1.01485e-15
 8554.5572 9.93165e-16
 8557.5838 9.75072e-16
 8560.6105 1.01570e-15
 8563.6371 1.08724e-15
 8566.6638 1.09382e-15
 8569.6904 1.09313e-15
 8572.7170 1.09742e-15
 8575.7437 1.12083e-15
 8578.7703 1.15060e-15
 8581.7970 1.13279e-15
 8584.8236 1.15362e-15
 8587.8502 1.08525e-15
 8590.8769 1.14351e-15
 8593.9035 1.14302e-15
 8596.9301 1.13085e-15
 8599.9568 1.17779e-15
 8602.9834 1.16411e-15
 8606.0101 1.23021e-15
 8609.0367 1.20772e-15
 8612.0633 1.19662e-15
 8615.0900 1.18962e-15
 8618.1166 1.19131e-15
 8621.1433 1.22705e-15
 8624.1699 1.13294e-15
 8627.1966 1.17792e-15
 8630.2232 1.28837e-15
 8633.2498 1.20960e-15
 8636.2765 1.24437e-15
 8639.3031 1.20801e-15
 8642.3298 1.26842e-15
 8645.3564 1.29233e-15
 8648.3830 1.26651e-15
 8651.4097 1.25443e-15
 8654.4363 1.21994e-15
 8657.4630 1.13655e-15
 8660.4896 1.20836e-15
 8663.5162 1.27343e-15
 8666.5429 1.22699e-15
 8669.5695 1.22450e-15
 8672.5962 1.15943e-15
 8675.6228 1.22714e-15
 8678.6494 1.21923e-15
 8681.6761 1.18047e-15
 8684.7027 1.19905e-15
 8687.7294 1.18940e-15
 8690.7560 1.17187e-15
 8693.7826 1.10750e-15
 8696.8093 1.18587e-15
 8699.8359 1.10632e-15
 8702.8626 1.19549e-15
 8705.8892 1.16061e-15
 8708.9158 1.13413e-15
 8711.9425 1.19739e-15
 8714.9691 1.16661e-15
 8717.9958 1.11122e-15
 8721.0224 1.09854e-15
 8724.0490 1.06713e-15
 8727.0757 1.05211e-15
 8730.1023 1.07660e-15
 8733.1290 1.06247e-15
 8736.1556 1.04346e-15
 8739.1822 9.69452e-16
 8742.2089 9.68574e-16
 8745.2355 1.05046e-15
 8748.2622 1.04777e-15
 8751.2888 1.02183e-15
 8754.3154 1.02724e-15
 8757.3421 1.04522e-15
 8760.3687 1.01851e-15
 8763.3954 9.47305e-16
 8766.4220 9.73975e-16
 8769.4486 8.87887e-16
 8772.4753 8.76481e-16
 8775.5019 9.64368e-16
 8778.5286 8.66273e-16
 8781.5552 8.76667e-16
 8784.5818 8.63657e-16
 8787.6085 9.45933e-16
 8790.6351 9.13615e-16
 8793.6618 9.23393e-16
 8796.6884 8.65249e-16
 8799.7150 8.57683e-16
 8802.7417 8.95841e-16
 8805.7683 8.69869e-16
 8808.7950 8.14994e-16
 8811.8216 8.59384e-16
 8814.8482 8.34410e-16
 8817.8749 8.76897e-16
 8820.9015 8.67618e-16
 8823.9282 7.68456e-16
 8826.9548 7.63170e-16
 8829.9814 7.55721e-16
 8833.0081 7.97214e-16
 8836.0347 7.56013e-16
 8839.0614 7.85573e-16
 8842.0880 8.03502e-16
 8845.1146 7.84372e-16
 8848.1413 7.48886e-16
 8851.1679 7.53737e-16
 8854.1946 7.37544e-16
 8857.2212 7.17579e-16
 8860.2478 7.25803e-16
 8863.2745 8.11311e-16
 8866.3011 7.47572e-16
 8869.3278 6.82930e-16
 8872.3544 6.72382e-16
 8875.3810 6.28394e-16
 8878.4077 7.11375e-16
 8881.4343 6.75907e-16
 8884.4610 6.67446e-16
 8887.4876 7.02790e-16
 8890.5142 6.94064e-16
 8893.5409 6.20726e-16
 8896.5675 6.38903e-16
 8899.5942 6.34261e-16
 8902.6208 6.17220e-16
 8905.6474 6.01995e-16
 8908.6741 6.65784e-16
 8911.7007 6.45139e-16
 8914.7274 5.98695e-16
 8917.7540 5.46260e-16
 8920.7806 5.59495e-16
 8923.8073 5.37869e-16
 8926.8339 5.77128e-16
 8929.8606 5.18946e-16
 8932.8872 4.88161e-16
 8935.9138 4.79395e-16
 8938.9405 5.64793e-16
 8941.9671 5.90979e-16
 8944.9938 5.06608e-16
 8948.0204 5.50933e-16
 8951.0470 4.55531e-16
 8954.0737 4.47550e-16
 8957.1003 5.07839e-16
 8960.1270 4.54728e-16
 8963.1536 4.80522e-16
 8966.1802 4.95170e-16
 8969.2069 5.04777e-16
 8972.2335 4.83682e-16
 8975.2602 4.68614e-16
 8978.2868 4.22705e-16
 8981.3134 4.75350e-16
 8984.3401 4.50149e-16
 8987.3667 4.62969e-16
 8990.3934 4.87447e-16
 8993.4200 4.08048e-16
 8996.4466 3.81509e-16
 8999.4733 4.29319e-16
 9002.4999 3.36108e-16
 9005.5266 3.84359e-16
 9008.5532 3.68003e-16
 9011.5798 3.31024e-16
 9014.6065 4.24563e-16
 9017.6331 4.26680e-16
 9020.6598 4.22914e-16
 9023.6864 3.92166e-16
 9026.7130 3.21785e-16
 9029.7397 3.64633e-16
 9032.7663 3.58656e-16
 9035.7930 4.09001e-16
 9038.8196 3.57152e-16
 9041.8462 3.47024e-16
 9044.8729 3.40771e-16
 9047.8995 4.31261e-16
 9050.9262 3.93621e-16
 9053.9528 3.47186e-16
 9056.9794 3.82934e-16
 9060.0061 3.67629e-16
 9063.0327 4.35266e-16
 9066.0594 3.73881e-16
 9069.0860 3.10642e-16
 9072.1126 3.50083e-16
 9075.1393 3.46305e-16
 9078.1659 3.38720e-16
 9081.1926 3.28421e-16
 9084.2192 3.36529e-16
 9087.2458 3.43007e-16
 9090.2725 3.48024e-16
 9093.2991 3.82408e-16
 9096.3258 4.26918e-16
 9099.3524 3.48508e-16
 9102.3790 3.61997e-16
 9105.4057 3.84027e-16
 9108.4323 3.69714e-16
 9111.4590 3.33936e-16
 9114.4856 4.24261e-16
 9117.5122 3.87462e-16
 9120.5389 3.65784e-16
 9123.5655 3.58197e-16
 9126.5922 3.68485e-16
 9129.6188 2.84985e-16
 9132.6454 3.99632e-16
 9135.6721 3.65503e-16
 9138.6987 3.10159e-16
 9141.7254 4.39666e-16
 9144.7520 4.13788e-16
 9147.7786 3.92950e-16
 9150.8053 3.87244e-16
 9153.8319 4.76480e-16
 9156.8586 4.33645e-16
 9159.8852 4.02322e-16
 9162.9118 3.91485e-16
 9165.9385 4.43213e-16
 9168.9651 4.53262e-16
 9171.9918 4.46286e-16
 9175.0184 5.34099e-16
 9178.0450 4.17758e-16
 9181.0717 2.93157e-16
 9184.0983 4.15518e-16
 9187.1250 4.05166e-16
 9190.1516 4.22671e-16
