#Object:               SN2006lu
#FITS_file:            SN06lu_061108_mdm_z.fits
#Redshift:             0.05340
#JDate_of_max:         2454034.08
#JDate_of_observation: 2454049.02
#Epoch:                14.18     
#
3666.7178641163  8.673011E-17
3669.62944334054  2.303294E-16
3672.54102256477  9.316678E-17
3675.452601789  8.412613E-17
3678.36418101324  6.617295E-17
3681.27576023747  1.593668E-16
3684.18733946171  2.093989E-16
3687.09891868594  1.088464E-16
3690.01049791018  1.287002E-16
3692.92207713441  1.598429E-16
3695.83365635865  1.659851E-16
3698.74523558288  1.527418E-16
3701.65681480712  1.913482E-16
3704.56839403135  1.157002E-16
3707.47997325559  9.197749E-17
3710.39155247982  1.093666E-16
3713.30313170406  1.267260E-16
3716.21471092829  1.975879E-16
3719.12629015252  1.401221E-16
3722.03786937676  1.010990E-16
3724.94944860099  1.464003E-16
3727.86102782523  1.808363E-16
3730.77260704946  1.199897E-16
3733.6841862737  1.081072E-16
3736.59576549793  1.490425E-16
3739.50734472217  7.845116E-17
3742.4189239464  8.596130E-17
3745.33050317064  9.966603E-17
3748.24208239487  1.069021E-16
3751.15366161911  9.064257E-17
3754.06524084334  1.249416E-16
3756.97682006758  5.272066E-17
3759.88839929181  6.646979E-18
3762.79997851604  5.337676E-17
3765.71155774028  9.009081E-17
3768.62313696451  7.507227E-17
3771.53471618875  1.546861E-16
3774.44629541298  1.551698E-16
3777.35787463722  -2.300377E-17
3780.26945386145  -4.283932E-17
3783.18103308569  3.806743E-17
3786.09261230992  1.734336E-17
3789.00419153416  3.617077E-17
3791.91577075839  5.457694E-17
3794.82734998263  5.919747E-17
3797.73892920686  1.007389E-16
3800.6505084311  1.316134E-16
3803.56208765533  1.293299E-16
3806.47366687957  1.415874E-16
3809.3852461038  1.138671E-16
3812.29682532803  1.261723E-16
3815.20840455227  1.215056E-16
3818.1199837765  1.114891E-16
3821.03156300074  5.897994E-17
3823.94314222497  4.526494E-17
3826.85472144921  9.589029E-17
3829.76630067344  1.099195E-16
3832.67787989768  1.510634E-16
3835.58945912191  1.137444E-16
3838.50103834615  8.822417E-17
3841.41261757038  8.002472E-17
3844.32419679462  8.885093E-17
3847.23577601885  1.311669E-16
3850.14735524309  1.824554E-16
3853.05893446732  1.886524E-16
3855.97051369156  1.770068E-16
3858.88209291579  1.168352E-16
3861.79367214003  1.559158E-16
3864.70525136426  1.776340E-16
3867.61683058849  1.649546E-16
3870.52840981273  1.584597E-16
3873.43998903696  1.287169E-16
3876.3515682612  1.504194E-16
3879.26314748543  2.041926E-16
3882.17472670967  2.068143E-16
3885.0863059339  1.932668E-16
3887.99788515814  1.685086E-16
3890.90946438237  1.552639E-16
3893.82104360661  1.571383E-16
3896.73262283084  2.114162E-16
3899.64420205508  2.052569E-16
3902.55578127931  1.976528E-16
3905.46736050355  2.459903E-16
3908.37893972778  2.500128E-16
3911.29051895201  2.490641E-16
3914.20209817625  2.178049E-16
3917.11367740048  1.532631E-16
3920.02525662472  1.713929E-16
3922.93683584895  2.367775E-16
3925.84841507319  8.463991E-17
3928.75999429742  5.255829E-17
3931.67157352166  2.077072E-16
3934.58315274589  2.386280E-16
3937.49473197013  2.177471E-16
3940.40631119436  1.914911E-16
3943.3178904186  2.155081E-16
3946.22946964283  2.261788E-16
3949.14104886707  1.458481E-16
3952.0526280913  1.295546E-16
3954.96420731554  2.273720E-16
3957.87578653977  2.118087E-16
3960.787365764  1.822160E-16
3963.69894498824  1.652213E-16
3966.61052421247  1.831904E-16
3969.52210343671  1.780979E-16
3972.43368266094  1.268686E-16
3975.34526188518  1.697277E-16
3978.25684110941  1.943807E-16
3981.16842033365  1.779195E-16
3984.07999955788  1.844885E-16
3986.99157878212  1.985204E-16
3989.90315800635  1.440891E-16
3992.81473723059  1.663487E-16
3995.72631645482  1.437897E-16
3998.63789567906  1.454809E-16
4001.54947490329  1.742900E-16
4004.46105412752  1.769470E-16
4007.37263335176  1.212954E-16
4010.28421257599  1.416123E-16
4013.19579180023  1.427099E-16
4016.10737102446  1.945561E-16
4019.0189502487  1.655615E-16
4021.93052947293  1.634810E-16
4024.84210869717  1.472030E-16
4027.7536879214  1.288418E-16
4030.66526714564  1.844692E-16
4033.57684636987  1.772465E-16
4036.48842559411  1.494381E-16
4039.40000481834  1.082939E-16
4042.31158404258  1.352875E-16
4045.22316326681  1.519921E-16
4048.13474249105  1.543898E-16
4051.04632171528  1.709961E-16
4053.95790093952  2.151953E-16
4056.86948016375  1.923634E-16
4059.78105938798  1.444134E-16
4062.69263861222  1.417858E-16
4065.60421783645  1.818866E-16
4068.51579706069  2.063097E-16
4071.42737628492  1.761022E-16
4074.33895550916  1.352692E-16
4077.25053473339  2.047113E-16
4080.16211395763  1.634233E-16
4083.07369318186  1.439405E-16
4085.9852724061  2.137992E-16
4088.89685163033  1.917455E-16
4091.80843085457  2.260840E-16
4094.7200100788  1.966206E-16
4097.63158930304  1.661379E-16
4100.54316852727  1.649514E-16
4103.45474775151  1.346350E-16
4106.36632697574  1.484961E-16
4109.27790619997  1.963671E-16
4112.18948542421  1.485549E-16
4115.10106464844  2.008934E-16
4118.01264387268  1.979297E-16
4120.92422309691  1.447485E-16
4123.83580232115  1.873338E-16
4126.74738154538  1.885229E-16
4129.65896076962  2.022114E-16
4132.57053999385  1.433321E-16
4135.48211921809  1.895602E-16
4138.39369844232  2.052590E-16
4141.30527766656  1.821678E-16
4144.21685689079  1.692891E-16
4147.12843611503  1.832295E-16
4150.04001533926  1.590120E-16
4152.9515945635  1.491876E-16
4155.86317378773  2.101704E-16
4158.77475301196  2.040270E-16
4161.6863322362  1.802185E-16
4164.59791146043  2.102783E-16
4167.50949068467  2.219931E-16
4170.4210699089  2.374830E-16
4173.33264913314  2.127175E-16
4176.24422835737  2.038275E-16
4179.15580758161  2.217869E-16
4182.06738680584  2.059793E-16
4184.97896603008  2.081957E-16
4187.89054525431  2.142701E-16
4190.80212447855  1.827861E-16
4193.71370370278  1.631066E-16
4196.62528292701  1.496756E-16
4199.53686215125  1.616379E-16
4202.44844137548  1.851143E-16
4205.36002059972  2.172458E-16
4208.27159982396  2.214849E-16
4211.18317904819  1.835554E-16
4214.09475827242  1.726399E-16
4217.00633749666  1.856152E-16
4219.91791672089  1.976707E-16
4222.82949594513  1.594536E-16
4225.74107516936  1.784008E-16
4228.6526543936  1.493057E-16
4231.56423361783  1.799628E-16
4234.47581284207  1.778652E-16
4237.3873920663  1.850652E-16
4240.29897129054  1.794047E-16
4243.21055051477  1.837714E-16
4246.12212973901  1.870213E-16
4249.03370896324  2.312696E-16
4251.94528818747  2.083836E-16
4254.85686741171  1.988421E-16
4257.76844663594  1.607522E-16
4260.68002586018  1.700399E-16
4263.59160508441  1.829337E-16
4266.50318430865  1.862465E-16
4269.41476353288  1.484893E-16
4272.32634275712  1.707135E-16
4275.23792198135  1.553331E-16
4278.14950120559  1.805326E-16
4281.06108042982  2.087049E-16
4283.97265965406  1.987225E-16
4286.88423887829  1.665648E-16
4289.79581810253  1.839892E-16
4292.70739732676  1.820304E-16
4295.618976551  1.674333E-16
4298.53055577523  1.581647E-16
4301.44213499946  1.425221E-16
4304.3537142237  1.790516E-16
4307.26529344793  1.548211E-16
4310.17687267217  1.604615E-16
4313.0884518964  1.357657E-16
4316.00003112064  1.644166E-16
4318.91161034487  1.856682E-16
4321.82318956911  1.530881E-16
4324.73476879334  1.459177E-16
4327.64634801758  1.394760E-16
4330.55792724181  1.287631E-16
4333.46950646605  1.270616E-16
4336.38108569028  1.253054E-16
4339.29266491452  1.517035E-16
4342.20424413875  1.518249E-16
4345.11582336298  9.195821E-17
4348.02740258722  1.083478E-16
4350.93898181145  1.412688E-16
4353.85056103569  1.145196E-16
4356.76214025992  1.061252E-16
4359.67371948416  9.410403E-17
4362.58529870839  1.100396E-16
4365.49687793263  1.172058E-16
4368.40845715686  1.362698E-16
4371.3200363811  1.332463E-16
4374.23161560533  1.590298E-16
4377.14319482957  1.425568E-16
4380.0547740538  8.510202E-17
4382.96635327804  9.892685E-17
4385.87793250227  1.268895E-16
4388.78951172651  1.423219E-16
4391.70109095074  9.728900E-17
4394.61267017498  9.458507E-17
4397.52424939921  1.143520E-16
4400.43582862345  9.569574E-17
4403.34740784768  1.081465E-16
4406.25898707191  1.198269E-16
4409.17056629615  1.303332E-16
4412.08214552038  1.104960E-16
4414.99372474462  9.351205E-17
4417.90530396885  1.278734E-16
4420.81688319309  1.660424E-16
4423.72846241732  1.520766E-16
4426.64004164156  1.126426E-16
4429.55162086579  1.352492E-16
4432.46320009003  1.321858E-16
4435.37477931426  9.166388E-17
4438.2863585385  9.625598E-17
4441.19793776273  1.058770E-16
4444.10951698697  9.898710E-17
4447.0210962112  1.077005E-16
4449.93267543543  1.274386E-16
4452.84425465967  1.176725E-16
4455.7558338839  1.329332E-16
4458.66741310814  1.531089E-16
4461.57899233237  1.694754E-16
4464.49057155661  1.354296E-16
4467.40215078084  1.176822E-16
4470.31373000508  1.465374E-16
4473.22530922931  1.475412E-16
4476.13688845355  1.772182E-16
4479.04846767778  1.960618E-16
4481.96004690202  1.401794E-16
4484.87162612625  1.512203E-16
4487.78320535049  1.616725E-16
4490.69478457472  1.391662E-16
4493.60636379896  1.700086E-16
4496.51794302319  1.898657E-16
4499.42952224742  1.460884E-16
4502.34110147166  1.717911E-16
4505.25268069589  1.756425E-16
4508.16425992013  1.632778E-16
4511.07583914436  2.213504E-16
4513.9874183686  2.075317E-16
4516.89899759283  1.745151E-16
4519.81057681707  1.878964E-16
4522.7221560413  2.053966E-16
4525.63373526554  2.071827E-16
4528.54531448977  2.030560E-16
4531.45689371401  1.926935E-16
4534.36847293824  1.722690E-16
4537.28005216247  2.053005E-16
4540.19163138671  2.222921E-16
4543.10321061094  2.138532E-16
4546.01478983518  2.438851E-16
4548.92636905941  2.615407E-16
4551.83794828365  2.169159E-16
4554.74952750788  2.167585E-16
4557.66110673212  2.381418E-16
4560.57268595635  2.211189E-16
4563.48426518059  2.366128E-16
4566.39584440482  2.383866E-16
4569.30742362906  2.337647E-16
4572.21900285329  2.263176E-16
4575.13058207753  2.240429E-16
4578.04216130176  2.466186E-16
4580.953740526  2.603480E-16
4583.86531975023  2.738090E-16
4586.77689897447  2.639645E-16
4589.6884781987  2.533734E-16
4592.60005742293  2.566276E-16
4595.51163664717  2.316906E-16
4598.4232158714  2.139710E-16
4601.33479509564  2.352729E-16
4604.24637431987  2.347476E-16
4607.15795354411  2.445121E-16
4610.06953276834  2.633943E-16
4612.98111199258  2.569249E-16
4615.89269121681  2.441965E-16
4618.80427044105  2.165234E-16
4621.71584966528  2.143717E-16
4624.62742888952  2.290470E-16
4627.53900811375  2.453238E-16
4630.45058733799  2.644628E-16
4633.36216656222  2.333223E-16
4636.27374578646  2.333649E-16
4639.18532501069  2.474909E-16
4642.09690423492  2.022535E-16
4645.00848345916  2.201653E-16
4647.92006268339  2.389026E-16
4650.83164190763  2.229630E-16
4653.74322113186  2.283302E-16
4656.6548003561  2.338029E-16
4659.56637958033  1.957684E-16
4662.47795880457  1.796696E-16
4665.3895380288  1.631239E-16
4668.30111725304  1.623248E-16
4671.21269647727  1.868074E-16
4674.12427570151  1.742458E-16
4677.03585492574  2.068103E-16
4679.94743414997  1.908180E-16
4682.85901337421  1.819864E-16
4685.77059259844  1.400307E-16
4688.68217182268  1.484991E-16
4691.59375104691  1.751955E-16
4694.50533027115  1.449381E-16
4697.41690949538  1.734565E-16
4700.32848871962  1.914280E-16
4703.24006794385  1.913034E-16
4706.15164716809  1.587881E-16
4709.06322639232  1.475384E-16
4711.97480561656  1.664292E-16
4714.88638484079  1.687002E-16
4717.79796406503  1.450174E-16
4720.70954328926  1.565887E-16
4723.6211225135  1.270748E-16
4726.53270173773  1.269589E-16
4729.44428096197  1.334704E-16
4732.3558601862  1.347841E-16
4735.26743941043  1.542524E-16
4738.17901863467  1.230866E-16
4741.0905978589  1.124496E-16
4744.00217708314  9.797268E-17
4746.91375630737  1.519132E-16
4749.82533553161  1.602653E-16
4752.73691475584  1.403338E-16
4755.64849398008  1.368971E-16
4758.56007320431  1.224568E-16
4761.47165242855  1.344899E-16
4764.38323165278  1.131735E-16
4767.29481087702  1.121737E-16
4770.20639010125  1.155944E-16
4773.11796932549  1.159728E-16
4776.02954854972  1.157613E-16
4778.94112777396  1.032692E-16
4781.85270699819  1.193601E-16
4784.76428622242  1.421862E-16
4787.67586544666  1.356623E-16
4790.58744467089  1.303942E-16
4793.49902389513  1.182636E-16
4796.41060311936  1.292210E-16
4799.3221823436  1.694395E-16
4802.23376156783  1.187683E-16
4805.14534079207  1.200618E-16
4808.0569200163  1.308421E-16
4810.96849924054  1.227195E-16
4813.88007846477  1.533641E-16
4816.79165768901  1.623069E-16
4819.70323691324  1.133139E-16
4822.61481613748  1.119382E-16
4825.52639536171  1.338826E-16
4828.43797458595  1.287237E-16
4831.34955381018  1.419934E-16
4834.26113303441  1.196128E-16
4837.17271225865  1.156134E-16
4840.08429148288  1.299897E-16
4842.99587070712  1.131303E-16
4845.90744993135  9.797530E-17
4848.81902915559  1.073652E-16
4851.73060837982  1.388673E-16
4854.64218760406  1.219723E-16
4857.55376682829  1.067930E-16
4860.46534605253  1.157955E-16
4863.37692527676  1.201885E-16
4866.288504501  1.147789E-16
4869.20008372523  1.150800E-16
4872.11166294947  1.186713E-16
4875.0232421737  1.084728E-16
4877.93482139794  1.306363E-16
4880.84640062217  1.024531E-16
4883.7579798464  1.422090E-16
4886.66955907064  1.352624E-16
4889.58113829487  1.224664E-16
4892.49271751911  1.499389E-16
4895.40429674334  1.538939E-16
4898.31587596758  1.631744E-16
4901.22745519181  1.669191E-16
4904.13903441605  1.771967E-16
4907.05061364028  1.656434E-16
4909.96219286452  1.633909E-16
4912.87377208875  1.779865E-16
4915.78535131299  1.829743E-16
4918.69693053722  1.907287E-16
4921.60850976146  1.632384E-16
4924.52008898569  1.731438E-16
4927.43166820993  1.680106E-16
4930.34324743416  1.758427E-16
4933.25482665839  1.628068E-16
4936.16640588263  1.338760E-16
4939.07798510686  1.524224E-16
4941.9895643311  1.470767E-16
4944.90114355533  1.732377E-16
4947.81272277957  1.693041E-16
4950.7243020038  1.481004E-16
4953.63588122804  1.611927E-16
4956.54746045227  1.499387E-16
4959.45903967651  1.288028E-16
4962.37061890074  1.038627E-16
4965.28219812498  9.656782E-17
4968.19377734921  1.237777E-16
4971.10535657345  1.179013E-16
4974.01693579768  1.012382E-16
4976.92851502192  1.006993E-16
4979.84009424615  1.366488E-16
4982.75167347038  1.232304E-16
4985.66325269462  9.638676E-17
4988.57483191885  1.268040E-16
4991.48641114309  1.229124E-16
4994.39799036732  1.195436E-16
4997.30956959156  1.298647E-16
5000.22114881579  1.238232E-16
5003.13272804003  1.289499E-16
5006.04430726426  1.483496E-16
5008.9558864885  1.299473E-16
5011.86746571273  1.472045E-16
5014.77904493697  1.272269E-16
5017.6906241612  1.201021E-16
5020.60220338544  1.287234E-16
5023.51378260967  1.386723E-16
5026.42536183391  1.354896E-16
5029.33694105814  1.434429E-16
5032.24852028237  1.230080E-16
5035.16009950661  1.284857E-16
5038.07167873084  1.371824E-16
5040.98325795508  1.517935E-16
5043.89483717931  1.447030E-16
5046.80641640355  1.333047E-16
5049.71799562778  1.277347E-16
5052.62957485202  1.502831E-16
5055.54115407625  1.306690E-16
5058.45273330049  1.541105E-16
5061.36431252472  1.240932E-16
5064.27589174896  1.276871E-16
5067.18747097319  1.628288E-16
5070.09905019743  1.624341E-16
5073.01062942166  1.268028E-16
5075.92220864589  1.318558E-16
5078.83378787013  1.487081E-16
5081.74536709437  1.414722E-16
5084.6569463186  1.472215E-16
5087.56852554283  1.245914E-16
5090.48010476707  1.344930E-16
5093.3916839913  1.458724E-16
5096.30326321554  1.563230E-16
5099.21484243977  1.483448E-16
5102.12642166401  1.552972E-16
5105.03800088824  1.404091E-16
5107.94958011248  1.342220E-16
5110.86115933671  1.258612E-16
5113.77273856095  1.413732E-16
5116.68431778518  1.548038E-16
5119.59589700942  1.653234E-16
5122.50747623365  1.790584E-16
5125.41905545789  1.586072E-16
5128.33063468212  1.435798E-16
5131.24221390635  1.641215E-16
5134.15379313059  1.654230E-16
5137.06537235482  1.674869E-16
5139.97695157906  1.620600E-16
5142.88853080329  1.682290E-16
5145.80011002753  1.437567E-16
5148.71168925176  1.565744E-16
5151.623268476  1.643171E-16
5154.53484770023  1.783375E-16
5157.44642692447  1.864430E-16
5160.3580061487  1.668695E-16
5163.26958537294  1.503207E-16
5166.18116459717  1.881540E-16
5169.0927438214  1.620333E-16
5172.00432304564  1.886473E-16
5174.91590226988  1.963068E-16
5177.82748149411  1.836805E-16
5180.73906071835  1.978076E-16
5183.65063994258  1.933704E-16
5186.56221916681  1.878647E-16
5189.47379839105  2.031882E-16
5192.38537761528  2.119644E-16
5195.29695683952  2.099649E-16
5198.20853606375  2.009466E-16
5201.12011528799  1.876637E-16
5204.03169451222  1.955912E-16
5206.94327373646  2.216647E-16
5209.85485296069  2.040014E-16
5212.76643218493  1.884358E-16
5215.67801140916  1.915195E-16
5218.5895906334  1.992100E-16
5221.50116985763  1.930021E-16
5224.41274908186  1.995639E-16
5227.3243283061  2.318163E-16
5230.23590753033  2.137628E-16
5233.14748675457  1.868117E-16
5236.0590659788  1.787271E-16
5238.97064520304  2.177366E-16
5241.88222442727  1.985435E-16
5244.79380365151  2.060281E-16
5247.70538287574  1.994363E-16
5250.61696209998  1.916663E-16
5253.52854132421  2.226616E-16
5256.44012054845  2.275549E-16
5259.35169977268  2.066778E-16
5262.26327899692  2.160808E-16
5265.17485822115  1.964702E-16
5268.08643744539  1.908702E-16
5270.99801666962  2.032638E-16
5273.90959589385  2.145486E-16
5276.82117511809  2.250554E-16
5279.73275434232  2.083694E-16
5282.64433356656  1.902205E-16
5285.55591279079  2.066316E-16
5288.46749201503  2.158075E-16
5291.37907123926  2.015667E-16
5294.2906504635  1.938117E-16
5297.20222968773  1.693870E-16
5300.11380891197  1.753089E-16
5303.0253881362  2.064023E-16
5305.93696736044  1.923892E-16
5308.84854658467  2.021054E-16
5311.76012580891  2.014286E-16
5314.67170503314  1.767387E-16
5317.58328425738  1.929579E-16
5320.49486348161  1.771269E-16
5323.40644270584  1.711612E-16
5326.31802193008  1.880763E-16
5329.22960115431  1.985015E-16
5332.14118037855  1.953575E-16
5335.05275960278  1.811934E-16
5337.96433882702  1.617872E-16
5340.87591805125  1.702836E-16
5343.78749727549  1.547896E-16
5346.69907649972  1.433028E-16
5349.61065572396  1.695917E-16
5352.52223494819  1.989007E-16
5355.43381417243  1.825165E-16
5358.34539339666  1.809407E-16
5361.2569726209  1.859685E-16
5364.16855184513  1.854951E-16
5367.08013106937  1.817641E-16
5369.9917102936  1.927208E-16
5372.90328951783  1.811272E-16
5375.81486874207  1.767100E-16
5378.7264479663  2.112587E-16
5381.63802719054  1.825815E-16
5384.54960641477  1.778062E-16
5387.46118563901  1.822010E-16
5390.37276486324  1.949959E-16
5393.28434408748  1.906138E-16
5396.19592331171  1.657694E-16
5399.10750253595  1.697133E-16
5402.01908176018  1.718573E-16
5404.93066098442  1.616050E-16
5407.84224020865  1.782053E-16
5410.75381943289  1.735168E-16
5413.66539865712  1.668053E-16
5416.57697788135  1.797642E-16
5419.48855710559  1.762306E-16
5422.40013632982  1.647243E-16
5425.31171555406  1.575255E-16
5428.22329477829  1.742571E-16
5431.13487400253  1.493221E-16
5434.04645322676  1.317826E-16
5436.958032451  1.413807E-16
5439.86961167523  1.538872E-16
5442.78119089947  1.474276E-16
5445.6927701237  1.302216E-16
5448.60434934794  2.030072E-16
5451.51592857217  1.655455E-16
5454.42750779641  1.533358E-16
5457.33908702064  1.724262E-16
5460.25066624488  1.779186E-16
5463.16224546911  1.515453E-16
5466.07382469335  1.457966E-16
5468.98540391758  1.483099E-16
5471.89698314181  1.484364E-16
5474.80856236605  1.389260E-16
5477.72014159028  1.549066E-16
5480.63172081452  1.517814E-16
5483.54330003875  1.479996E-16
5486.45487926299  1.426377E-16
5489.36645848722  1.463024E-16
5492.27803771146  1.515767E-16
5495.18961693569  1.207791E-16
5498.10119615993  1.458274E-16
5501.01277538416  1.500180E-16
5503.9243546084  1.357059E-16
5506.83593383263  1.650406E-16
5509.74751305687  1.396690E-16
5512.6590922811  1.324717E-16
5515.57067150534  1.574480E-16
5518.48225072957  1.409658E-16
5521.39382995381  1.313248E-16
5524.30540917804  1.176877E-16
5527.21698840227  1.332442E-16
5530.12856762651  1.382721E-16
5533.04014685074  1.376424E-16
5535.95172607498  1.618929E-16
5538.86330529921  1.322281E-16
5541.77488452345  1.279846E-16
5544.68646374768  1.362508E-16
5547.59804297192  1.395420E-16
5550.50962219615  1.412091E-16
5553.42120142039  1.421565E-16
5556.33278064462  1.500552E-16
5559.24435986886  1.289387E-16
5562.15593909309  1.208561E-16
5565.06751831733  1.327466E-16
5567.97909754156  1.235929E-16
5570.89067676579  1.396160E-16
5573.80225599003  1.321606E-16
5576.71383521426  1.231111E-16
5579.6254144385  1.212338E-16
5582.53699366273  1.307563E-16
5585.44857288697  1.198563E-16
5588.3601521112  1.171962E-16
5591.27173133544  1.287589E-16
5594.18331055967  1.263981E-16
5597.09488978391  1.023257E-16
5600.00646900814  1.006834E-16
5602.91804823238  1.105872E-16
5605.82962745661  1.040754E-16
5608.74120668085  1.109879E-16
5611.65278590508  1.108889E-16
5614.56436512931  1.254918E-16
5617.47594435355  1.248737E-16
5620.38752357778  1.211419E-16
5623.29910280202  1.192728E-16
5626.21068202625  1.059209E-16
5629.12226125049  1.007872E-16
5632.03384047472  1.150874E-16
5634.94541969896  1.019975E-16
5637.85699892319  1.313597E-16
5640.76857814743  1.328081E-16
5643.68015737166  1.225944E-16
5646.5917365959  1.118792E-16
5649.50331582013  1.187214E-16
5652.41489504436  1.082559E-16
5655.3264742686  1.010344E-16
5658.23805349284  1.164986E-16
5661.14963271707  1.351368E-16
5664.06121194131  1.090844E-16
5666.97279116554  1.279608E-16
5669.88437038977  1.059495E-16
5672.79594961401  1.225906E-16
5675.70752883824  1.291783E-16
5678.61910806248  9.752696E-17
5681.53068728671  9.147413E-17
5684.44226651095  9.282748E-17
5687.35384573518  9.315007E-17
5690.26542495942  1.002519E-16
5693.17700418365  1.115671E-16
5696.08858340789  1.039887E-16
5699.00016263212  9.806995E-17
5701.91174185636  9.207507E-17
5704.82332108059  8.533970E-17
5707.73490030482  8.942450E-17
5710.64647952906  9.447534E-17
5713.55805875329  9.160184E-17
5716.46963797753  7.967878E-17
5719.38121720176  8.905018E-17
5722.292796426  1.070509E-16
5725.20437565023  1.033872E-16
5728.11595487447  1.003812E-16
5731.0275340987  1.074488E-16
5733.93911332294  1.073396E-16
5736.85069254717  1.139969E-16
5739.76227177141  1.115702E-16
5742.67385099564  9.190194E-17
5745.58543021988  1.050603E-16
5748.49700944411  1.005414E-16
5751.40858866835  1.134480E-16
5754.32016789258  1.204270E-16
5757.23174711681  1.332811E-16
5760.14332634105  1.129205E-16
5763.05490556529  1.053223E-16
5765.96648478952  1.138552E-16
5768.87806401375  1.250635E-16
5771.78964323799  1.360532E-16
5774.70122246222  1.204503E-16
5777.61280168646  1.155512E-16
5780.52438091069  1.269652E-16
5783.43596013493  1.337488E-16
5786.34753935916  1.449681E-16
5789.2591185834  1.293282E-16
5792.17069780763  1.201120E-16
5795.08227703186  1.441009E-16
5797.9938562561  1.407159E-16
5800.90543548034  1.473280E-16
5803.81701470457  1.246493E-16
5806.72859392881  1.254162E-16
5809.64017315304  1.527972E-16
5812.55175237727  1.561741E-16
5815.46333160151  1.499437E-16
5818.37491082574  1.586624E-16
5821.28649004998  1.494026E-16
5824.19806927421  1.617738E-16
5827.10964849845  1.608818E-16
5830.02122772268  1.335105E-16
5832.93280694692  1.637678E-16
5835.84438617115  1.454737E-16
5838.75596539539  1.691214E-16
5841.66754461962  1.615148E-16
5844.57912384386  1.588453E-16
5847.49070306809  1.581887E-16
5850.40228229233  1.648906E-16
5853.31386151656  1.525609E-16
5856.22544074079  1.663782E-16
5859.13701996503  1.608150E-16
5862.04859918926  1.493731E-16
5864.9601784135  1.606678E-16
5867.87175763773  1.838987E-16
5870.78333686197  1.687767E-16
5873.6949160862  1.639401E-16
5876.60649531044  1.704591E-16
5879.51807453467  1.724322E-16
5882.42965375891  1.575941E-16
5885.34123298314  1.488229E-16
5888.25281220738  1.591483E-16
5891.16439143161  1.617627E-16
5894.07597065585  1.443155E-16
5896.98754988008  1.481671E-16
5899.89912910432  1.388371E-16
5902.81070832855  1.816518E-16
5905.72228755278  1.606288E-16
5908.63386677702  1.514835E-16
5911.54544600125  1.449978E-16
5914.45702522549  1.412654E-16
5917.36860444972  1.764540E-16
5920.28018367396  1.380878E-16
5923.19176289819  1.441281E-16
5926.10334212243  1.582686E-16
5929.01492134666  1.430418E-16
5931.9265005709  1.260579E-16
5934.83807979513  1.337017E-16
5937.74965901937  1.475647E-16
5940.6612382436  1.620778E-16
5943.57281746784  1.346765E-16
5946.48439669207  1.123283E-16
5949.39597591631  1.104662E-16
5952.30755514054  1.358572E-16
5955.21913436477  1.569825E-16
5958.13071358901  1.179917E-16
5961.04229281324  1.152187E-16
5963.95387203748  1.199897E-16
5966.86545126171  1.120856E-16
5969.77703048595  1.018140E-16
5972.68860971018  1.293955E-16
5975.60018893442  1.214390E-16
5978.51176815865  1.068971E-16
5981.42334738289  1.360977E-16
5984.33492660712  1.109925E-16
5987.24650583136  1.206389E-16
5990.15808505559  1.175853E-16
5993.06966427983  1.104949E-16
5995.98124350406  1.198375E-16
5998.8928227283  1.074578E-16
6001.80440195253  1.232879E-16
6004.71598117676  1.170441E-16
6007.627560401  1.055213E-16
6010.53913962523  1.099786E-16
6013.45071884947  1.015798E-16
6016.3622980737  1.034506E-16
6019.27387729794  1.050507E-16
6022.18545652217  9.441114E-17
6025.09703574641  9.749182E-17
6028.00861497064  1.247080E-16
6030.92019419488  1.346252E-16
6033.83177341911  1.219450E-16
6036.74335264335  9.018975E-17
6039.65493186758  1.288002E-16
6042.56651109182  1.180054E-16
6045.47809031605  1.310970E-16
6048.38966954029  1.213470E-16
6051.30124876452  1.073028E-16
6054.21282798875  1.217435E-16
6057.12440721299  1.113270E-16
6060.03598643722  1.124403E-16
6062.94756566146  1.222049E-16
6065.85914488569  1.344383E-16
6068.77072410993  1.112673E-16
6071.68230333416  9.206422E-17
6074.5938825584  9.298713E-17
6077.50546178263  1.076111E-16
6080.41704100687  8.752922E-17
6083.3286202311  9.495769E-17
6086.24019945534  1.064375E-16
6089.15177867957  8.509605E-17
6092.06335790381  8.582961E-17
6094.97493712804  9.012044E-17
6097.88651635227  9.920406E-17
6100.79809557651  7.133183E-17
6103.70967480074  7.732355E-17
6106.62125402498  7.256766E-17
6109.53283324921  7.683225E-17
6112.44441247345  8.626621E-17
6115.35599169768  8.293258E-17
6118.26757092192  7.524030E-17
6121.17915014615  6.627007E-17
6124.09072937039  6.756224E-17
6127.00230859462  6.133362E-17
6129.91388781886  5.210797E-17
6132.82546704309  7.164862E-17
6135.73704626732  8.795857E-17
6138.64862549156  7.766978E-17
6141.5602047158  6.335965E-17
6144.47178394003  6.911124E-17
6147.38336316427  6.687761E-17
6150.2949423885  4.745205E-17
6153.20652161273  7.629875E-17
6156.11810083697  7.231090E-17
6159.0296800612  6.722359E-17
6161.94125928544  6.309760E-17
6164.85283850967  6.780043E-17
6167.76441773391  7.723501E-17
6170.67599695814  7.029532E-17
6173.58757618238  1.011956E-16
6176.49915540661  7.886826E-17
6179.41073463085  7.324417E-17
6182.32231385508  8.148548E-17
6185.23389307932  8.360848E-17
6188.14547230355  9.939895E-17
6191.05705152778  8.222176E-17
6193.96863075202  8.317129E-17
6196.88020997626  9.157307E-17
6199.79178920049  9.500442E-17
6202.70336842472  8.798498E-17
6205.61494764896  8.984019E-17
6208.52652687319  8.532291E-17
6211.43810609743  8.172705E-17
6214.34968532166  1.066871E-16
6217.2612645459  1.056924E-16
6220.17284377013  9.590117E-17
6223.08442299437  1.047291E-16
6225.9960022186  1.064872E-16
6228.90758144284  8.374027E-17
6231.81916066707  7.716905E-17
6234.73073989131  9.193706E-17
6237.64231911554  8.379480E-17
6240.55389833978  9.808127E-17
6243.46547756401  1.085984E-16
6246.37705678824  1.086623E-16
6249.28863601248  1.062881E-16
6252.20021523671  9.087752E-17
6255.11179446095  8.160685E-17
6258.02337368518  1.121089E-16
6260.93495290942  1.071456E-16
6263.84653213365  1.036434E-16
6266.75811135789  1.076421E-16
6269.66969058212  9.231459E-17
6272.58126980636  1.115378E-16
6275.49284903059  1.251492E-16
6278.40442825483  1.132075E-16
6281.31600747906  1.086216E-16
6284.2275867033  9.802842E-17
6287.13916592753  1.145996E-16
6290.05074515176  1.229587E-16
6292.962324376  1.128168E-16
6295.87390360023  1.133580E-16
6298.78548282447  9.899241E-17
6301.69706204871  9.173250E-17
6304.60864127294  1.161489E-16
6307.52022049717  1.099320E-16
6310.43179972141  1.083933E-16
6313.34337894564  1.154523E-16
6316.25495816988  1.003928E-16
6319.16653739411  1.051887E-16
6322.07811661835  1.059575E-16
6324.98969584258  1.205402E-16
6327.90127506682  1.243647E-16
6330.81285429105  1.067014E-16
6333.72443351529  1.023130E-16
6336.63601273952  9.949039E-17
6339.54759196376  1.092651E-16
6342.45917118799  1.139433E-16
6345.37075041222  1.173864E-16
6348.28232963646  1.233001E-16
6351.19390886069  1.048843E-16
6354.10548808493  1.015697E-16
6357.01706730916  1.162425E-16
6359.9286465334  1.255139E-16
6362.84022575763  1.077462E-16
6365.75180498187  9.104608E-17
6368.6633842061  1.152554E-16
6371.57496343034  1.205373E-16
6374.48654265457  1.102318E-16
6377.39812187881  1.178670E-16
6380.30970110304  1.079457E-16
6383.22128032728  1.042678E-16
6386.13285955151  1.099638E-16
6389.04443877574  9.705135E-17
6391.95601799998  1.055911E-16
6394.86759722421  1.005380E-16
6397.77917644845  1.080267E-16
6400.69075567268  1.119879E-16
6403.60233489692  9.709530E-17
6406.51391412115  1.117339E-16
6409.42549334539  1.040191E-16
6412.33707256962  9.199539E-17
6415.24865179386  1.175760E-16
6418.16023101809  1.055667E-16
6421.07181024233  9.301897E-17
6423.98338946656  9.756132E-17
6426.8949686908  9.936839E-17
6429.80654791503  1.130018E-16
6432.71812713927  1.137164E-16
6435.6297063635  1.095425E-16
6438.54128558773  1.065388E-16
6441.45286481197  1.307110E-16
6444.3644440362  1.129261E-16
6447.27602326044  9.385383E-17
6450.18760248467  1.017641E-16
6453.09918170891  1.184295E-16
6456.01076093314  1.288189E-16
6458.92234015738  1.175331E-16
6461.83391938161  1.069266E-16
6464.74549860585  1.128178E-16
6467.65707783008  9.432539E-17
6470.56865705432  1.001217E-16
6473.48023627855  1.046932E-16
6476.39181550278  1.147204E-16
6479.30339472702  1.108343E-16
6482.21497395126  1.164736E-16
6485.12655317549  1.284993E-16
6488.03813239973  1.301769E-16
6490.94971162396  1.476489E-16
6493.86129084819  1.522935E-16
6496.77287007243  1.641307E-16
6499.68444929666  1.531538E-16
6502.5960285209  1.226758E-16
6505.50760774513  1.358430E-16
6508.41918696937  1.181230E-16
6511.3307661936  1.071506E-16
6514.24234541784  9.466855E-17
6517.15392464207  1.065531E-16
6520.06550386631  8.449843E-17
6522.97708309054  9.778621E-17
6525.88866231478  9.625645E-17
6528.80024153901  8.785340E-17
6531.71182076324  1.146552E-16
6534.62339998748  9.659621E-17
6537.53497921171  9.726674E-17
6540.44655843595  8.049768E-17
6543.35813766018  9.319421E-17
6546.26971688442  1.015365E-16
6549.18129610865  9.580552E-17
6552.09287533289  9.906907E-17
6555.00445455712  1.340372E-16
6557.91603378136  1.216725E-16
6560.82761300559  1.256145E-16
6563.73919222983  1.119814E-16
6566.65077145406  1.142537E-16
6569.5623506783  1.024461E-16
6572.47392990253  7.427206E-17
6575.38550912677  8.366254E-17
6578.297088351  1.142731E-16
6581.20866757524  1.153487E-16
6584.12024679947  1.074406E-16
6587.0318260237  8.908870E-17
6589.94340524794  7.185663E-17
6592.85498447217  7.343468E-17
6595.76656369641  8.120921E-17
6598.67814292064  9.541786E-17
6601.58972214488  6.647542E-17
6604.50130136911  7.304208E-17
6607.41288059335  8.148387E-17
6610.32445981758  9.107715E-17
6613.23603904182  8.686385E-17
6616.14761826605  8.110139E-17
6619.05919749029  6.402658E-17
6621.97077671452  7.391472E-17
6624.88235593876  9.282227E-17
6627.79393516299  9.143083E-17
6630.70551438723  7.166443E-17
6633.61709361146  9.134180E-17
6636.5286728357  9.339101E-17
6639.44025205993  8.667314E-17
6642.35183128416  6.960579E-17
6645.2634105084  6.806177E-17
6648.17498973263  5.465676E-17
6651.08656895687  6.151732E-17
6653.9981481811  7.972127E-17
6656.90972740534  8.056989E-17
6659.82130662957  7.378282E-17
6662.73288585381  5.369786E-17
6665.64446507804  5.559088E-17
6668.55604430228  6.994834E-17
6671.46762352651  7.022008E-17
6674.37920275075  7.524091E-17
6677.29078197498  8.131013E-17
6680.20236119922  7.001215E-17
6683.11394042345  6.996530E-17
6686.02551964768  7.599203E-17
6688.93709887192  6.274078E-17
6691.84867809615  6.152431E-17
6694.76025732039  6.190098E-17
6697.67183654462  5.018495E-17
6700.58341576886  6.785966E-17
6703.49499499309  6.149553E-17
6706.40657421733  7.173179E-17
6709.31815344156  9.099459E-17
6712.2297326658  8.548442E-17
6715.14131189003  8.521944E-17
6718.05289111427  7.413175E-17
6720.9644703385  6.171473E-17
6723.87604956274  6.987618E-17
6726.78762878697  7.623167E-17
6729.69920801121  9.695473E-17
6732.61078723544  9.212580E-17
6735.52236645967  8.496198E-17
6738.43394568391  9.068262E-17
6741.34552490814  6.616579E-17
6744.25710413238  5.240737E-17
6747.16868335661  7.260451E-17
6750.08026258085  5.931929E-17
6752.99184180508  7.499067E-17
6755.90342102932  7.861698E-17
6758.81500025355  4.870667E-17
6761.72657947779  5.153350E-17
6764.63815870202  6.291317E-17
6767.54973792626  6.459556E-17
6770.46131715049  8.232387E-17
6773.37289637472  7.120886E-17
6776.28447559896  5.238374E-17
6779.19605482319  7.253466E-17
6782.10763404743  7.641673E-17
6785.01921327167  5.906230E-17
6787.9307924959  5.278389E-17
6790.84237172013  5.806543E-17
6793.75395094437  4.904100E-17
6796.6655301686  6.764592E-17
6799.57710939284  6.646614E-17
6802.48868861707  5.049143E-17
6805.40026784131  5.960685E-17
6808.31184706554  4.731462E-17
6811.22342628978  3.970050E-17
6814.13500551401  5.004243E-17
6817.04658473825  5.358280E-17
6819.95816396248  6.003745E-17
6822.86974318672  6.865596E-17
6825.78132241095  5.711255E-17
6828.69290163518  6.714733E-17
6831.60448085942  5.522335E-17
6834.51606008365  4.090616E-17
6837.42763930789  5.755932E-17
6840.33921853212  6.376037E-17
6843.25079775636  5.679761E-17
6846.16237698059  5.918749E-17
6849.07395620483  6.224153E-17
6851.98553542906  5.540275E-17
6854.8971146533  6.470920E-17
6857.80869387753  8.091550E-17
6860.72027310177  8.289238E-17
6863.631852326  7.449832E-17
6866.54343155024  5.907269E-17
6869.45501077447  7.122820E-17
6872.3665899987  6.274414E-17
6875.27816922294  3.490280E-17
6878.18974844717  3.988477E-17
6881.10132767141  5.447317E-17
6884.01290689564  6.467251E-17
6886.92448611988  5.179395E-17
6889.83606534411  3.920156E-17
6892.74764456835  4.974026E-17
6895.65922379258  5.092765E-17
6898.57080301682  4.186263E-17
6901.48238224105  6.894934E-17
6904.39396146529  7.499332E-17
6907.30554068952  5.722242E-17
6910.21711991376  6.023951E-17
6913.12869913799  6.504925E-17
6916.04027836222  7.742265E-17
6918.95185758646  8.508629E-17
6921.86343681069  6.797539E-17
6924.77501603493  7.767327E-17
6927.68659525916  7.301983E-17
6930.5981744834  4.152213E-17
6933.50975370763  4.845364E-17
6936.42133293187  6.395489E-17
6939.3329121561  4.571822E-17
6942.24449138034  1.517450E-17
6945.15607060457  2.211159E-17
