#Object:               SN2006ot
#FITS_file:            SN06ot_b01_DUP_WF_18dec06.fits
#Redshift:             0.05294
#JDate_of_max:         2454061.88
#JDate_of_observation: 2454087.66
#Epoch:                24.48     
#
 3608.9424 -4.46628e-18
 3611.8309 2.35026e-17
 3614.7194 6.23764e-17
 3617.6079 1.92516e-17
 3620.4964 2.77484e-17
 3623.3849 1.44279e-17
 3626.2734 2.38834e-17
 3629.1619 2.13689e-17
 3632.0504 3.81566e-17
 3634.9389 5.79980e-17
 3637.8274 6.83127e-17
 3640.7159 4.17042e-17
 3643.6044 3.97931e-17
 3646.4929 5.12526e-17
 3649.3814 2.94432e-17
 3652.2698 5.25981e-17
 3655.1583 4.14831e-17
 3658.0468 3.11167e-17
 3660.9353 3.97673e-17
 3663.8238 1.12227e-17
 3666.7123 3.04181e-17
 3669.6008 3.26347e-17
 3672.4893 3.11331e-17
 3675.3778 3.93944e-17
 3678.2663 3.37265e-17
 3681.1548 7.29689e-18
 3684.0433 3.42913e-17
 3686.9318 2.41470e-17
 3689.8203 2.54441e-17
 3692.7088 3.65131e-17
 3695.5972 4.70154e-17
 3698.4857 1.09412e-17
 3701.3742 2.40774e-17
 3704.2627 1.64454e-17
 3707.1512 1.85105e-17
 3710.0397 3.35900e-17
 3712.9282 2.22730e-17
 3715.8167 2.24634e-17
 3718.7052 1.26789e-17
 3721.5937 1.68771e-17
 3724.4822 1.27208e-17
 3727.3707 2.69129e-17
 3730.2592 1.69621e-17
 3733.1477 1.65793e-17
 3736.0362 8.06310e-18
 3738.9246 2.03741e-17
 3741.8131 3.57370e-17
 3744.7016 1.81998e-17
 3747.5901 1.61657e-17
 3750.4786 1.31559e-17
 3753.3671 3.68787e-17
 3756.2556 1.41790e-17
 3759.1441 1.02661e-17
 3762.0326 2.07709e-17
 3764.9211 3.62345e-17
 3767.8096 2.50978e-17
 3770.6981 2.66133e-17
 3773.5866 1.76405e-17
 3776.4751 3.12915e-17
 3779.3635 3.18714e-17
 3782.2520 1.97230e-17
 3785.1405 2.37140e-17
 3788.0290 2.63249e-17
 3790.9175 2.03984e-17
 3793.8060 2.76852e-17
 3796.6945 4.41459e-17
 3799.5830 2.51237e-17
 3802.4715 3.22320e-17
 3805.3600 2.44431e-17
 3808.2485 3.49183e-17
 3811.1370 2.10598e-17
 3814.0255 1.84619e-17
 3816.9140 2.29478e-17
 3819.8025 3.63476e-17
 3822.6909 4.48221e-17
 3825.5794 3.67022e-17
 3828.4679 2.78166e-17
 3831.3564 2.70441e-17
 3834.2449 3.92816e-17
 3837.1334 5.22076e-17
 3840.0219 3.26663e-17
 3842.9104 3.30298e-17
 3845.7989 3.64277e-17
 3848.6874 6.01976e-17
 3851.5759 5.34830e-17
 3854.4644 3.42370e-17
 3857.3529 5.22196e-17
 3860.2414 5.43711e-17
 3863.1299 5.01787e-17
 3866.0183 4.52544e-17
 3868.9068 6.42077e-17
 3871.7953 7.44174e-17
 3874.6838 7.31509e-17
 3877.5723 5.83036e-17
 3880.4608 3.59673e-17
 3883.3493 5.05245e-17
 3886.2378 6.05304e-17
 3889.1263 7.33272e-17
 3892.0148 5.65783e-17
 3894.9033 6.66010e-17
 3897.7918 6.18363e-17
 3900.6803 4.69282e-17
 3903.5688 7.82543e-17
 3906.4573 6.32203e-17
 3909.3457 5.07577e-17
 3912.2342 4.75175e-17
 3915.1227 5.34284e-17
 3918.0112 6.33736e-17
 3920.8997 5.36778e-17
 3923.7882 5.18636e-17
 3926.6767 5.17841e-17
 3929.5652 4.65859e-17
 3932.4537 6.18787e-17
 3935.3422 5.89029e-17
 3938.2307 5.06212e-17
 3941.1192 5.06433e-17
 3944.0077 5.28641e-17
 3946.8962 6.20364e-17
 3949.7846 6.29522e-17
 3952.6731 4.12372e-17
 3955.5616 5.79430e-17
 3958.4501 6.49065e-17
 3961.3386 4.89148e-17
 3964.2271 4.91693e-17
 3967.1156 4.50599e-17
 3970.0041 3.91078e-17
 3972.8926 6.06435e-17
 3975.7811 5.09622e-17
 3978.6696 6.56364e-17
 3981.5581 6.74352e-17
 3984.4466 6.26106e-17
 3987.3351 4.03930e-17
 3990.2236 4.51272e-17
 3993.1120 5.22307e-17
 3996.0005 5.51337e-17
 3998.8890 5.93699e-17
 4001.7775 7.19639e-17
 4004.6660 4.37152e-17
 4007.5545 4.18538e-17
 4010.4430 6.00913e-17
 4013.3315 5.25544e-17
 4016.2200 5.39199e-17
 4019.1085 6.15501e-17
 4021.9970 6.37866e-17
 4024.8855 5.67532e-17
 4027.7740 4.51868e-17
 4030.6625 5.52727e-17
 4033.5510 5.89382e-17
 4036.4395 5.81223e-17
 4039.3279 5.19479e-17
 4042.2164 4.75498e-17
 4045.1049 4.03564e-17
 4047.9934 4.15163e-17
 4050.8819 4.75904e-17
 4053.7704 5.98169e-17
 4056.6589 4.13623e-17
 4059.5474 5.12247e-17
 4062.4359 5.97418e-17
 4065.3244 5.53395e-17
 4068.2129 3.68700e-17
 4071.1014 4.65458e-17
 4073.9899 5.18567e-17
 4076.8784 5.93760e-17
 4079.7668 4.91046e-17
 4082.6553 4.95979e-17
 4085.5438 5.81789e-17
 4088.4323 5.09560e-17
 4091.3208 5.76295e-17
 4094.2093 4.18154e-17
 4097.0978 3.77536e-17
 4099.9863 4.73460e-17
 4102.8748 4.66252e-17
 4105.7633 4.96475e-17
 4108.6518 5.19395e-17
 4111.5403 3.50870e-17
 4114.4288 4.37595e-17
 4117.3173 2.86808e-17
 4120.2057 4.98576e-17
 4123.0942 4.78369e-17
 4125.9827 5.48672e-17
 4128.8712 5.32275e-17
 4131.7597 4.03675e-17
 4134.6482 4.93123e-17
 4137.5367 4.01761e-17
 4140.4252 4.42196e-17
 4143.3137 4.28015e-17
 4146.2022 4.68544e-17
 4149.0907 4.26666e-17
 4151.9792 5.18133e-17
 4154.8677 4.54496e-17
 4157.7562 4.11081e-17
 4160.6447 4.79894e-17
 4163.5332 4.72764e-17
 4166.4216 4.58078e-17
 4169.3101 4.99366e-17
 4172.1986 5.57733e-17
 4175.0871 5.30727e-17
 4177.9756 4.76870e-17
 4180.8641 4.68217e-17
 4183.7526 5.03170e-17
 4186.6411 5.21012e-17
 4189.5296 4.80873e-17
 4192.4181 5.76995e-17
 4195.3066 5.55605e-17
 4198.1951 5.56627e-17
 4201.0836 5.88323e-17
 4203.9721 5.24325e-17
 4206.8606 4.06482e-17
 4209.7490 5.37637e-17
 4212.6375 6.06992e-17
 4215.5260 5.91014e-17
 4218.4145 5.49039e-17
 4221.3030 5.11624e-17
 4224.1915 4.80899e-17
 4227.0800 4.86665e-17
 4229.9685 5.55009e-17
 4232.8570 5.17504e-17
 4235.7455 5.23662e-17
 4238.6340 5.93945e-17
 4241.5225 5.38232e-17
 4244.4110 4.50001e-17
 4247.2995 4.58254e-17
 4250.1879 5.02186e-17
 4253.0764 5.34747e-17
 4255.9649 6.03265e-17
 4258.8534 4.61816e-17
 4261.7419 5.49733e-17
 4264.6304 5.50087e-17
 4267.5189 5.88428e-17
 4270.4074 5.16846e-17
 4273.2959 4.74001e-17
 4276.1844 5.87391e-17
 4279.0729 6.72507e-17
 4281.9614 6.36353e-17
 4284.8499 5.26830e-17
 4287.7384 5.95178e-17
 4290.6268 5.87610e-17
 4293.5153 5.93477e-17
 4296.4038 5.68592e-17
 4299.2923 6.08656e-17
 4302.1808 5.46157e-17
 4305.0693 5.84044e-17
 4307.9578 4.98859e-17
 4310.8463 5.30039e-17
 4313.7348 5.59162e-17
 4316.6233 5.65882e-17
 4319.5118 5.91295e-17
 4322.4003 5.38737e-17
 4325.2888 5.03828e-17
 4328.1773 4.99527e-17
 4331.0658 6.34631e-17
 4333.9543 4.91978e-17
 4336.8427 4.79219e-17
 4339.7312 4.40485e-17
 4342.6197 5.66637e-17
 4345.5082 4.62364e-17
 4348.3967 4.51119e-17
 4351.2852 4.39895e-17
 4354.1737 5.69353e-17
 4357.0622 4.65518e-17
 4359.9507 4.44138e-17
 4362.8392 4.39100e-17
 4365.7277 3.75703e-17
 4368.6162 4.20397e-17
 4371.5047 3.98634e-17
 4374.3932 4.13216e-17
 4377.2817 4.21366e-17
 4380.1701 4.81928e-17
 4383.0586 3.94102e-17
 4385.9471 4.07579e-17
 4388.8356 4.60380e-17
 4391.7241 4.78270e-17
 4394.6126 5.61127e-17
 4397.5011 4.10795e-17
 4400.3896 3.80231e-17
 4403.2781 4.17607e-17
 4406.1666 4.56216e-17
 4409.0551 3.98002e-17
 4411.9436 4.03880e-17
 4414.8321 3.60965e-17
 4417.7206 3.55641e-17
 4420.6090 3.61625e-17
 4423.4975 3.36901e-17
 4426.3860 4.46226e-17
 4429.2745 5.19849e-17
 4432.1630 4.92098e-17
 4435.0515 4.45871e-17
 4437.9400 5.21943e-17
 4440.8285 5.51961e-17
 4443.7170 4.80363e-17
 4446.6055 4.59788e-17
 4449.4940 3.94036e-17
 4452.3825 3.91495e-17
 4455.2710 4.03734e-17
 4458.1595 4.64110e-17
 4461.0480 4.57331e-17
 4463.9364 4.17346e-17
 4466.8249 4.05057e-17
 4469.7134 3.49952e-17
 4472.6019 4.26503e-17
 4475.4904 4.51860e-17
 4478.3789 5.34090e-17
 4481.2674 4.87036e-17
 4484.1559 4.54573e-17
 4487.0444 5.59933e-17
 4489.9329 5.43290e-17
 4492.8214 5.54373e-17
 4495.7099 5.11639e-17
 4498.5984 4.66060e-17
 4501.4869 5.49466e-17
 4504.3754 5.32847e-17
 4507.2638 5.47157e-17
 4510.1523 5.20184e-17
 4513.0408 5.27723e-17
 4515.9293 6.16973e-17
 4518.8178 5.61456e-17
 4521.7063 5.94943e-17
 4524.5948 5.62905e-17
 4527.4833 5.65723e-17
 4530.3718 5.71959e-17
 4533.2603 5.46400e-17
 4536.1488 5.02557e-17
 4539.0373 6.18430e-17
 4541.9258 6.77016e-17
 4544.8143 7.00987e-17
 4547.7028 6.96845e-17
 4550.5912 7.17891e-17
 4553.4797 7.90230e-17
 4556.3682 7.56209e-17
 4559.2567 7.67063e-17
 4562.1452 9.15818e-17
 4565.0337 8.66282e-17
 4567.9222 8.91036e-17
 4570.8107 6.94042e-17
 4573.6992 8.08070e-17
 4576.5877 8.34126e-17
 4579.4762 8.17157e-17
 4582.3647 8.22330e-17
 4585.2532 8.95479e-17
 4588.1417 9.40588e-17
 4591.0301 8.31044e-17
 4593.9186 8.36479e-17
 4596.8071 8.62260e-17
 4599.6956 8.08741e-17
 4602.5841 7.91711e-17
 4605.4726 8.11951e-17
 4608.3611 8.22152e-17
 4611.2496 8.23778e-17
 4614.1381 9.33136e-17
 4617.0266 7.87669e-17
 4619.9151 8.16513e-17
 4622.8036 7.03136e-17
 4625.6921 7.80755e-17
 4628.5806 7.67231e-17
 4631.4691 7.46492e-17
 4634.3576 7.72079e-17
 4637.2460 7.32069e-17
 4640.1345 7.63556e-17
 4643.0230 7.10716e-17
 4645.9115 6.88201e-17
 4648.8000 7.38867e-17
 4651.6885 7.59988e-17
 4654.5770 7.79207e-17
 4657.4655 7.86533e-17
 4660.3540 7.55655e-17
 4663.2425 6.89086e-17
 4666.1310 6.36409e-17
 4669.0195 6.13922e-17
 4671.9080 7.50910e-17
 4674.7965 5.86658e-17
 4677.6849 5.81863e-17
 4680.5734 7.54625e-17
 4683.4619 6.14804e-17
 4686.3504 6.61146e-17
 4689.2389 6.39804e-17
 4692.1274 5.97582e-17
 4695.0159 6.45754e-17
 4697.9044 5.63067e-17
 4700.7929 6.88451e-17
 4703.6814 6.40931e-17
 4706.5699 6.18333e-17
 4709.4584 6.59638e-17
 4712.3469 6.13873e-17
 4715.2354 5.82324e-17
 4718.1239 7.11494e-17
 4721.0123 6.62872e-17
 4723.9008 6.73252e-17
 4726.7893 6.52191e-17
 4729.6778 5.67377e-17
 4732.5663 5.67834e-17
 4735.4548 6.26319e-17
 4738.3433 5.93751e-17
 4741.2318 6.41033e-17
 4744.1203 5.39976e-17
 4747.0088 5.28477e-17
 4749.8973 5.91559e-17
 4752.7858 5.29975e-17
 4755.6743 6.30878e-17
 4758.5628 6.60840e-17
 4761.4512 6.03501e-17
 4764.3397 5.12325e-17
 4767.2282 5.15371e-17
 4770.1167 5.75883e-17
 4773.0052 6.12818e-17
 4775.8937 5.99135e-17
 4778.7822 4.79830e-17
 4781.6707 5.77589e-17
 4784.5592 5.54847e-17
 4787.4477 5.33409e-17
 4790.3362 5.81615e-17
 4793.2247 5.69105e-17
 4796.1132 5.94565e-17
 4799.0017 6.41958e-17
 4801.8902 5.12060e-17
 4804.7787 5.24142e-17
 4807.6671 5.16503e-17
 4810.5556 4.75667e-17
 4813.4441 4.72208e-17
 4816.3326 5.48898e-17
 4819.2211 5.59260e-17
 4822.1096 5.59774e-17
 4824.9981 5.03805e-17
 4827.8866 4.59310e-17
 4830.7751 5.00023e-17
 4833.6636 5.68661e-17
 4836.5521 5.43551e-17
 4839.4406 4.68427e-17
 4842.3291 6.13037e-17
 4845.2176 6.13921e-17
 4848.1060 5.69743e-17
 4850.9945 6.42566e-17
 4853.8830 5.92177e-17
 4856.7715 5.64706e-17
 4859.6600 6.22383e-17
 4862.5485 7.07273e-17
 4865.4370 5.80258e-17
 4868.3255 7.00575e-17
 4871.2140 6.39215e-17
 4874.1025 5.89361e-17
 4876.9910 6.32543e-17
 4879.8795 6.73789e-17
 4882.7680 7.26561e-17
 4885.6565 8.49286e-17
 4888.5450 6.48554e-17
 4891.4334 7.19179e-17
 4894.3219 7.91771e-17
 4897.2104 7.82342e-17
 4900.0989 7.03010e-17
 4902.9874 6.44854e-17
 4905.8759 7.34102e-17
 4908.7644 7.78857e-17
 4911.6529 7.66575e-17
 4914.5414 7.37647e-17
 4917.4299 7.23783e-17
 4920.3184 6.42135e-17
 4923.2069 6.44672e-17
 4926.0954 7.39612e-17
 4928.9839 7.10432e-17
 4931.8723 7.01498e-17
 4934.7608 6.62100e-17
 4937.6493 6.84427e-17
 4940.5378 7.46526e-17
 4943.4263 7.86070e-17
 4946.3148 7.97091e-17
 4949.2033 6.41044e-17
 4952.0918 7.68407e-17
 4954.9803 7.60138e-17
 4957.8688 6.31474e-17
 4960.7573 6.09729e-17
 4963.6458 5.91155e-17
 4966.5343 6.84472e-17
 4969.4228 7.45736e-17
 4972.3113 6.70254e-17
 4975.1998 6.71651e-17
 4978.0882 6.33318e-17
 4980.9767 7.26064e-17
 4983.8652 6.22361e-17
 4986.7537 6.23641e-17
 4989.6422 5.84019e-17
 4992.5307 6.45432e-17
 4995.4192 6.41876e-17
 4998.3077 6.45805e-17
 5001.1962 5.73660e-17
 5004.0847 7.19843e-17
 5006.9732 6.18920e-17
 5009.8617 5.29642e-17
 5012.7502 5.69942e-17
 5015.6387 5.63370e-17
 5018.5271 5.58572e-17
 5021.4156 5.77749e-17
 5024.3041 5.59925e-17
 5027.1926 5.39410e-17
 5030.0811 5.41850e-17
 5032.9696 5.82509e-17
 5035.8581 6.14318e-17
 5038.7466 5.85379e-17
 5041.6351 6.74790e-17
 5044.5236 5.77640e-17
 5047.4121 5.72385e-17
 5050.3006 5.67716e-17
 5053.1891 5.58481e-17
 5056.0776 5.90361e-17
 5058.9661 5.95827e-17
 5061.8545 6.02483e-17
 5064.7430 5.82433e-17
 5067.6315 6.11231e-17
 5070.5200 6.72007e-17
 5073.4085 5.42128e-17
 5076.2970 5.84559e-17
 5079.1855 5.89457e-17
 5082.0740 5.98441e-17
 5084.9625 6.81133e-17
 5087.8510 5.96108e-17
 5090.7395 6.05967e-17
 5093.6280 5.77099e-17
 5096.5165 5.86219e-17
 5099.4050 6.13525e-17
 5102.2935 5.66865e-17
 5105.1820 5.71194e-17
 5108.0704 5.43839e-17
 5110.9589 5.29668e-17
 5113.8474 4.98038e-17
 5116.7359 4.94578e-17
 5119.6244 5.43000e-17
 5122.5129 5.23244e-17
 5125.4014 5.47064e-17
 5128.2899 5.76530e-17
 5131.1784 5.44057e-17
 5134.0669 5.41876e-17
 5136.9554 5.77733e-17
 5139.8439 5.13993e-17
 5142.7324 5.97233e-17
 5145.6209 4.93834e-17
 5148.5093 6.49638e-17
 5151.3978 4.99607e-17
 5154.2863 5.78974e-17
 5157.1748 5.36122e-17
 5160.0633 5.31550e-17
 5162.9518 5.87217e-17
 5165.8403 4.97045e-17
 5168.7288 5.39073e-17
 5171.6173 5.28424e-17
 5174.5058 5.37957e-17
 5177.3943 5.80928e-17
 5180.2828 5.85483e-17
 5183.1713 5.72693e-17
 5186.0598 6.24367e-17
 5188.9483 6.10958e-17
 5191.8367 6.48149e-17
 5194.7252 6.20913e-17
 5197.6137 7.47832e-17
 5200.5022 6.59205e-17
 5203.3907 6.80002e-17
 5206.2792 7.56635e-17
 5209.1677 7.60942e-17
 5212.0562 6.23157e-17
 5214.9447 7.12931e-17
 5217.8332 7.85724e-17
 5220.7217 6.89303e-17
 5223.6102 7.85087e-17
 5226.4987 7.39943e-17
 5229.3872 7.24064e-17
 5232.2756 8.13276e-17
 5235.1641 7.93966e-17
 5238.0526 8.12278e-17
 5240.9411 8.51503e-17
 5243.8296 6.88120e-17
 5246.7181 8.12673e-17
 5249.6066 8.76181e-17
 5252.4951 9.12591e-17
 5255.3836 8.19100e-17
 5258.2721 8.37402e-17
 5261.1606 7.76875e-17
 5264.0491 8.14616e-17
 5266.9376 7.80897e-17
 5269.8261 8.13625e-17
 5272.7146 7.85174e-17
 5275.6031 7.20718e-17
 5278.4915 8.33584e-17
 5281.3800 9.03502e-17
 5284.2685 8.80330e-17
 5287.1570 8.54116e-17
 5290.0455 8.88957e-17
 5292.9340 8.91883e-17
 5295.8225 9.14307e-17
 5298.7110 9.88844e-17
 5301.5995 8.35139e-17
 5304.4880 8.31607e-17
 5307.3765 9.38517e-17
 5310.2650 9.78812e-17
 5313.1535 9.28662e-17
 5316.0420 8.56431e-17
 5318.9304 7.94721e-17
 5321.8189 8.87147e-17
 5324.7074 9.82443e-17
 5327.5959 1.10543e-16
 5330.4844 1.00280e-16
 5333.3729 9.02707e-17
 5336.2614 9.78570e-17
 5339.1499 8.79844e-17
 5342.0384 8.67233e-17
 5344.9269 9.17935e-17
 5347.8154 1.00105e-16
 5350.7039 1.01535e-16
 5353.5924 9.86960e-17
 5356.4809 9.84806e-17
 5359.3694 1.10933e-16
 5362.2578 1.03317e-16
 5365.1463 1.11368e-16
 5368.0348 1.06357e-16
 5370.9233 1.05747e-16
 5373.8118 1.11332e-16
 5376.7003 1.15304e-16
 5379.5888 1.12598e-16
 5382.4773 1.13474e-16
 5385.3658 1.16000e-16
 5388.2543 1.19122e-16
 5391.1428 1.17003e-16
 5394.0313 1.25911e-16
 5396.9198 1.26528e-16
 5399.8083 1.17015e-16
 5402.6967 1.26828e-16
 5405.5852 1.16764e-16
 5408.4737 1.10865e-16
 5411.3622 1.17430e-16
 5414.2507 1.17645e-16
 5417.1392 1.29564e-16
 5420.0277 1.27472e-16
 5422.9162 1.24809e-16
 5425.8047 1.35002e-16
 5428.6932 1.34534e-16
 5431.5817 1.30515e-16
 5434.4702 1.30733e-16
 5437.3587 1.22952e-16
 5440.2472 1.32969e-16
 5443.1357 1.34193e-16
 5446.0242 1.37338e-16
 5448.9126 1.35012e-16
 5451.8011 1.32772e-16
 5454.6896 1.38458e-16
 5457.5781 1.44385e-16
 5460.4666 1.42242e-16
 5463.3551 1.29836e-16
 5466.2436 1.39230e-16
 5469.1321 1.36927e-16
 5472.0206 1.44321e-16
 5474.9091 1.45574e-16
 5477.7976 1.40617e-16
 5480.6861 1.45600e-16
 5483.5746 1.41360e-16
 5486.4631 1.37309e-16
 5489.3515 1.36821e-16
 5492.2400 1.41067e-16
 5495.1285 1.42349e-16
 5498.0170 1.36504e-16
 5500.9055 1.38986e-16
 5503.7940 1.35809e-16
 5506.6825 1.37557e-16
 5509.5710 1.43930e-16
 5512.4595 1.45653e-16
 5515.3480 1.37369e-16
 5518.2365 1.38066e-16
 5521.1250 1.40067e-16
 5524.0135 1.42990e-16
 5526.9020 1.36987e-16
 5529.7905 1.32234e-16
 5532.6789 1.32033e-16
 5535.5674 1.39674e-16
 5538.4559 1.39836e-16
 5541.3444 1.37127e-16
 5544.2329 1.23839e-16
 5547.1214 1.28163e-16
 5550.0099 1.27244e-16
 5552.8984 1.31590e-16
 5555.7869 1.32348e-16
 5558.6754 1.28735e-16
 5561.5639 1.35632e-16
 5564.4524 1.36894e-16
 5567.3409 1.36281e-16
 5570.2294 1.35875e-16
 5573.1179 1.32089e-16
 5576.0063 1.32881e-16
 5578.8948 1.31121e-16
 5581.7833 1.27627e-16
 5584.6718 1.21396e-16
 5587.5603 1.24948e-16
 5590.4488 1.27657e-16
 5593.3373 1.34468e-16
 5596.2258 1.22508e-16
 5599.1143 1.26280e-16
 5602.0028 1.24673e-16
 5604.8913 1.22283e-16
 5607.7798 1.23323e-16
 5610.6683 1.29568e-16
 5613.5568 1.22320e-16
 5616.4453 1.17973e-16
 5619.3337 1.19185e-16
 5622.2222 1.20592e-16
 5625.1107 1.13842e-16
 5627.9992 1.17823e-16
 5630.8877 1.16453e-16
 5633.7762 1.08461e-16
 5636.6647 1.04584e-16
 5639.5532 1.14583e-16
 5642.4417 1.15563e-16
 5645.3302 1.17238e-16
 5648.2187 1.12358e-16
 5651.1072 1.09432e-16
 5653.9957 1.15355e-16
 5656.8842 1.09647e-16
 5659.7726 1.00973e-16
 5662.6611 1.05680e-16
 5665.5496 1.05405e-16
 5668.4381 1.02450e-16
 5671.3266 1.01662e-16
 5674.2151 1.00214e-16
 5677.1036 1.06787e-16
 5679.9921 1.02215e-16
 5682.8806 9.49847e-17
 5685.7691 8.80839e-17
 5688.6576 8.97841e-17
 5691.5461 1.02781e-16
 5694.4346 9.58339e-17
 5697.3231 9.69141e-17
 5700.2116 9.83406e-17
 5703.1000 9.42958e-17
 5705.9885 9.76433e-17
 5708.8770 9.18016e-17
 5711.7655 8.25553e-17
 5714.6540 8.48405e-17
 5717.5425 8.64385e-17
 5720.4310 8.79114e-17
 5723.3195 8.94889e-17
 5726.2080 9.07944e-17
 5729.0965 8.61864e-17
 5731.9850 8.80708e-17
 5734.8735 7.88902e-17
 5737.7620 8.63891e-17
 5740.6505 9.36840e-17
 5743.5390 9.84903e-17
 5746.4274 8.30103e-17
 5749.3159 7.75312e-17
 5752.2044 9.04680e-17
 5755.0929 8.65668e-17
 5757.9814 9.29384e-17
 5760.8699 9.34034e-17
 5763.7584 9.05581e-17
 5766.6469 9.55162e-17
 5769.5354 9.28905e-17
 5772.4239 9.92739e-17
 5775.3124 9.58419e-17
 5778.2009 8.91729e-17
 5781.0894 9.19666e-17
 5783.9779 1.02272e-16
 5786.8664 1.00588e-16
 5789.7548 1.01222e-16
 5792.6433 9.71058e-17
 5795.5318 9.54698e-17
 5798.4203 9.77660e-17
 5801.3088 9.82924e-17
 5804.1973 1.02806e-16
 5807.0858 1.04454e-16
 5809.9743 9.33562e-17
 5812.8628 9.43840e-17
 5815.7513 9.97997e-17
 5818.6398 1.12526e-16
 5821.5283 1.07631e-16
 5824.4168 9.86457e-17
 5827.3053 9.79874e-17
 5830.1937 1.06891e-16
 5833.0822 1.13428e-16
 5835.9707 1.15033e-16
 5838.8592 1.09509e-16
 5841.7477 1.04734e-16
 5844.6362 1.08492e-16
 5847.5247 1.15199e-16
 5850.4132 1.15059e-16
 5853.3017 1.09649e-16
 5856.1902 1.09569e-16
 5859.0787 1.13861e-16
 5861.9672 1.12788e-16
 5864.8557 1.18504e-16
 5867.7442 1.16446e-16
 5870.6327 1.08459e-16
 5873.5211 1.05020e-16
 5876.4096 1.02597e-16
 5879.2981 1.05020e-16
 5882.1866 1.12232e-16
 5885.0751 1.11843e-16
 5887.9636 1.18170e-16
 5890.8521 1.10772e-16
 5893.7406 1.08512e-16
 5896.6291 1.13581e-16
 5899.5176 1.11818e-16
 5902.4061 1.08765e-16
 5905.2946 1.14253e-16
 5908.1831 1.02375e-16
 5911.0716 9.87849e-17
 5913.9601 1.02897e-16
 5916.8486 1.05718e-16
 5919.7370 1.02165e-16
 5922.6255 1.04825e-16
 5925.5140 1.06918e-16
 5928.4025 1.08728e-16
 5931.2910 1.08504e-16
 5934.1795 1.07489e-16
 5937.0680 1.03670e-16
 5939.9565 1.06821e-16
 5942.8450 1.06161e-16
 5945.7335 9.70998e-17
 5948.6220 9.91143e-17
 5951.5105 9.63018e-17
 5954.3990 9.28796e-17
 5957.2875 1.02727e-16
 5960.1759 8.87932e-17
 5963.0644 8.76338e-17
 5965.9529 8.75773e-17
 5968.8414 8.78818e-17
 5971.7299 8.60353e-17
 5974.6184 9.21035e-17
 5977.5069 8.38688e-17
 5980.3954 8.29514e-17
 5983.2839 7.38168e-17
 5986.1724 8.43984e-17
 5989.0609 7.89762e-17
 5991.9494 8.56753e-17
 5994.8379 8.34758e-17
 5997.7264 8.18616e-17
 6000.6148 7.78088e-17
 6003.5033 7.92668e-17
 6006.3918 8.23770e-17
 6009.2803 7.79918e-17
 6012.1688 7.43343e-17
 6015.0573 7.26028e-17
 6017.9458 8.04397e-17
 6020.8343 7.49151e-17
 6023.7228 7.39140e-17
 6026.6113 6.69292e-17
 6029.4998 7.43683e-17
 6032.3883 7.48937e-17
 6035.2768 6.92764e-17
 6038.1653 7.13955e-17
 6041.0538 6.86011e-17
 6043.9423 7.21268e-17
 6046.8307 6.22604e-17
 6049.7192 6.16957e-17
 6052.6077 6.23993e-17
 6055.4962 6.18211e-17
 6058.3847 5.64849e-17
 6061.2732 6.17690e-17
 6064.1617 6.43501e-17
 6067.0502 6.40227e-17
 6069.9387 6.95382e-17
 6072.8272 6.02698e-17
 6075.7157 5.67497e-17
 6078.6042 6.27245e-17
 6081.4927 5.88660e-17
 6084.3812 5.01638e-17
 6087.2697 4.85349e-17
 6090.1581 5.39411e-17
 6093.0466 4.91163e-17
 6095.9351 4.93395e-17
 6098.8236 4.54316e-17
 6101.7121 4.05920e-17
 6104.6006 4.16116e-17
 6107.4891 4.29167e-17
 6110.3776 4.43296e-17
 6113.2661 5.13062e-17
 6116.1546 4.92884e-17
 6119.0431 3.82033e-17
 6121.9316 4.44737e-17
 6124.8201 4.48866e-17
 6127.7086 3.78657e-17
 6130.5970 3.43508e-17
 6133.4855 3.75047e-17
 6136.3740 3.94790e-17
 6139.2625 3.80778e-17
 6142.1510 3.57210e-17
 6145.0395 2.90032e-17
 6147.9280 3.67764e-17
 6150.8165 3.31965e-17
 6153.7050 2.77796e-17
 6156.5935 3.48815e-17
 6159.4820 3.46958e-17
 6162.3705 3.15571e-17
 6165.2590 3.68470e-17
 6168.1475 3.39386e-17
 6171.0359 3.62751e-17
 6173.9244 3.75303e-17
 6176.8129 4.15967e-17
 6179.7014 4.07610e-17
 6182.5899 4.25914e-17
 6185.4784 3.67950e-17
 6188.3669 3.28937e-17
 6191.2554 3.41806e-17
 6194.1439 3.92338e-17
 6197.0324 3.88266e-17
 6199.9209 3.99770e-17
 6202.8094 5.21521e-17
 6205.6979 4.36194e-17
 6208.5864 3.72775e-17
 6211.4749 4.46825e-17
 6214.3634 4.72474e-17
 6217.2518 4.21027e-17
 6220.1403 4.59122e-17
 6223.0288 5.07460e-17
 6225.9173 4.88145e-17
 6228.8058 5.25732e-17
 6231.6943 4.78096e-17
 6234.5828 4.38179e-17
 6237.4713 4.79021e-17
 6240.3598 5.68485e-17
 6243.2483 5.28126e-17
 6246.1368 4.81246e-17
 6249.0253 5.53534e-17
 6251.9138 6.09529e-17
 6254.8023 5.78837e-17
 6257.6908 5.77307e-17
 6260.5792 6.72424e-17
 6263.4677 5.57944e-17
 6266.3562 5.45348e-17
 6269.2447 4.96888e-17
 6272.1332 5.83247e-17
 6275.0217 5.93480e-17
 6277.9102 6.66843e-17
 6280.7987 6.15554e-17
 6283.6872 6.16800e-17
 6286.5757 6.55019e-17
 6289.4642 6.84684e-17
 6292.3527 6.86409e-17
 6295.2412 7.47934e-17
 6298.1297 7.35684e-17
 6301.0181 6.67329e-17
 6303.9066 7.47476e-17
 6306.7951 7.99280e-17
 6309.6836 7.79245e-17
 6312.5721 8.43384e-17
 6315.4606 8.24072e-17
 6318.3491 7.73878e-17
 6321.2376 8.19068e-17
 6324.1261 7.96631e-17
 6327.0146 8.48031e-17
 6329.9031 8.81353e-17
 6332.7916 8.01573e-17
 6335.6801 9.13866e-17
 6338.5686 9.13153e-17
 6341.4571 8.37181e-17
 6344.3455 8.87842e-17
 6347.2340 9.34716e-17
 6350.1225 1.00556e-16
 6353.0110 9.22741e-17
 6355.8995 1.00098e-16
 6358.7880 1.02365e-16
 6361.6765 9.98412e-17
 6364.5650 1.01525e-16
 6367.4535 1.00787e-16
 6370.3420 9.95727e-17
 6373.2305 1.04171e-16
 6376.1190 1.08681e-16
 6379.0075 1.01841e-16
 6381.8960 1.08526e-16
 6384.7845 1.02832e-16
 6387.6729 1.03706e-16
 6390.5614 1.13348e-16
 6393.4499 1.11997e-16
 6396.3384 1.09539e-16
 6399.2269 1.10643e-16
 6402.1154 1.13217e-16
 6405.0039 1.11905e-16
 6407.8924 1.17018e-16
 6410.7809 1.14619e-16
 6413.6694 1.11670e-16
 6416.5579 1.08122e-16
 6419.4464 1.07339e-16
 6422.3349 1.09024e-16
 6425.2234 1.12431e-16
 6428.1119 1.17728e-16
 6431.0003 1.17134e-16
 6433.8888 1.18832e-16
 6436.7773 1.14124e-16
 6439.6658 1.16815e-16
 6442.5543 1.21029e-16
 6445.4428 1.10719e-16
 6448.3313 1.11527e-16
 6451.2198 1.24549e-16
 6454.1083 1.07756e-16
 6456.9968 1.17914e-16
 6459.8853 1.16644e-16
 6462.7738 1.15160e-16
 6465.6623 1.14857e-16
 6468.5508 1.15018e-16
 6471.4392 1.09431e-16
 6474.3277 1.11543e-16
 6477.2162 1.13590e-16
 6480.1047 1.12517e-16
 6482.9932 1.16501e-16
 6485.8817 1.15434e-16
 6488.7702 1.14566e-16
 6491.6587 1.18057e-16
 6494.5472 1.11872e-16
 6497.4357 1.17458e-16
 6500.3242 1.13387e-16
 6503.2127 1.14588e-16
 6506.1012 1.22250e-16
 6508.9897 1.16648e-16
 6511.8782 1.07028e-16
 6514.7667 1.08061e-16
 6517.6551 1.08197e-16
 6520.5436 1.08332e-16
 6523.4321 1.08467e-16
 6526.3206 1.00790e-16
 6529.2091 1.02057e-16
 6532.0976 1.04435e-16
 6534.9861 1.20592e-16
 6537.8746 1.13321e-16
 6540.7631 1.12510e-16
 6543.6516 1.13618e-16
 6546.5401 1.10525e-16
 6549.4286 1.13001e-16
 6552.3171 1.13573e-16
 6555.2056 1.08021e-16
 6558.0940 1.12419e-16
 6560.9825 1.06461e-16
 6563.8710 1.03801e-16
 6566.7595 1.09213e-16
 6569.6480 1.07194e-16
 6572.5365 1.12593e-16
 6575.4250 1.01433e-16
 6578.3135 1.07588e-16
 6581.2020 1.05597e-16
 6584.0905 1.09001e-16
 6586.9790 9.56012e-17
 6589.8675 1.05708e-16
 6592.7560 1.11488e-16
 6595.6445 1.10932e-16
 6598.5330 1.04368e-16
 6601.4214 9.92357e-17
 6604.3099 9.87222e-17
 6607.1984 9.49326e-17
 6610.0869 9.33953e-17
 6612.9754 9.49144e-17
 6615.8639 1.02240e-16
 6618.7524 9.92825e-17
 6621.6409 9.16531e-17
 6624.5294 9.98809e-17
 6627.4179 9.11335e-17
 6630.3064 8.99521e-17
 6633.1949 9.31869e-17
 6636.0834 9.59116e-17
 6638.9719 9.49544e-17
 6641.8603 9.31029e-17
 6644.7488 8.88006e-17
 6647.6373 9.08995e-17
 6650.5258 8.45849e-17
 6653.4143 8.23934e-17
 6656.3028 8.26814e-17
 6659.1913 7.93942e-17
 6662.0798 7.78549e-17
 6664.9683 7.66327e-17
 6667.8568 8.67247e-17
 6670.7453 7.97141e-17
 6673.6338 8.02713e-17
 6676.5223 8.25721e-17
 6679.4108 7.66873e-17
 6682.2993 7.58366e-17
 6685.1878 8.80601e-17
 6688.0762 8.05179e-17
 6690.9647 8.22384e-17
 6693.8532 7.70100e-17
 6696.7417 7.77031e-17
 6699.6302 7.47406e-17
 6702.5187 8.26833e-17
 6705.4072 7.95535e-17
 6708.2957 7.79524e-17
 6711.1842 8.33712e-17
 6714.0727 8.82084e-17
 6716.9612 7.80867e-17
 6719.8497 7.38087e-17
 6722.7382 7.99505e-17
 6725.6267 7.41062e-17
 6728.5151 7.26340e-17
 6731.4036 7.77025e-17
 6734.2921 7.68862e-17
 6737.1806 6.62791e-17
 6740.0691 6.73931e-17
 6742.9576 7.71135e-17
 6745.8461 7.95706e-17
 6748.7346 8.00755e-17
 6751.6231 6.70007e-17
 6754.5116 8.21634e-17
 6757.4001 7.92051e-17
 6760.2886 7.70407e-17
 6763.1771 6.92478e-17
 6766.0656 7.20613e-17
 6768.9541 7.55825e-17
 6771.8425 7.06539e-17
 6774.7310 7.17053e-17
 6777.6195 6.86646e-17
 6780.5080 6.95298e-17
 6783.3965 7.07452e-17
 6786.2850 6.74804e-17
 6789.1735 6.44247e-17
 6792.0620 7.28497e-17
 6794.9505 7.25529e-17
 6797.8390 6.62520e-17
 6800.7275 7.33609e-17
 6803.6160 7.13244e-17
 6806.5045 6.15853e-17
 6809.3930 7.63750e-17
 6812.2814 6.84929e-17
 6815.1699 6.35825e-17
 6818.0584 6.35709e-17
 6820.9469 6.15968e-17
 6823.8354 6.34845e-17
 6826.7239 6.50965e-17
 6829.6124 6.87938e-17
 6832.5009 6.63561e-17
 6835.3894 6.98195e-17
 6838.2779 6.83620e-17
 6841.1664 6.40670e-17
 6844.0549 6.34629e-17
 6846.9434 6.72651e-17
 6849.8319 6.45984e-17
 6852.7204 6.47611e-17
 6855.6089 6.58855e-17
 6858.4973 5.72157e-17
 6861.3858 5.63631e-17
 6864.2743 6.13671e-17
 6867.1628 5.86185e-17
 6870.0513 5.90901e-17
 6872.9398 6.42244e-17
 6875.8283 7.52097e-17
 6878.7168 7.76043e-17
 6881.6053 6.63180e-17
 6884.4938 6.00251e-17
 6887.3823 5.98999e-17
 6890.2708 5.97253e-17
 6893.1593 6.30151e-17
 6896.0478 6.48636e-17
 6898.9362 6.63627e-17
 6901.8247 7.31928e-17
 6904.7132 6.35797e-17
 6907.6017 6.69363e-17
 6910.4902 6.65630e-17
 6913.3787 6.77280e-17
 6916.2672 7.50011e-17
 6919.1557 7.04772e-17
 6922.0442 7.12439e-17
 6924.9327 5.79805e-17
 6927.8212 6.96848e-17
 6930.7097 6.76969e-17
 6933.5982 6.77487e-17
 6936.4867 6.35987e-17
 6939.3752 5.88362e-17
 6942.2636 5.90724e-17
 6945.1521 7.15022e-17
 6948.0406 6.49750e-17
 6950.9291 6.03671e-17
 6953.8176 6.09913e-17
 6956.7061 7.03447e-17
 6959.5946 6.61155e-17
 6962.4831 6.36461e-17
 6965.3716 5.85941e-17
 6968.2601 6.12716e-17
 6971.1486 6.43193e-17
 6974.0371 6.43080e-17
 6976.9256 5.51505e-17
 6979.8141 5.30626e-17
 6982.7026 6.40160e-17
 6985.5911 5.57246e-17
 6988.4795 5.83657e-17
 6991.3680 5.48764e-17
 6994.2565 5.88230e-17
 6997.1450 8.01486e-17
 7000.0335 6.84872e-17
 7002.9220 5.51179e-17
 7005.8105 6.89766e-17
 7008.6990 6.01858e-17
 7011.5875 5.38282e-17
 7014.4760 5.17677e-17
 7017.3645 5.56410e-17
 7020.2530 5.52755e-17
 7023.1415 5.14636e-17
 7026.0300 4.99493e-17
 7028.9184 5.32037e-17
 7031.8069 5.78014e-17
 7034.6954 5.12254e-17
 7037.5839 5.33219e-17
 7040.4724 5.19748e-17
 7043.3609 5.54444e-17
 7046.2494 6.02423e-17
 7049.1379 5.95056e-17
 7052.0264 5.33493e-17
 7054.9149 4.68787e-17
 7057.8034 5.64712e-17
 7060.6919 5.69637e-17
 7063.5804 5.64484e-17
 7066.4689 4.86721e-17
 7069.3574 4.70552e-17
 7072.2458 4.55682e-17
 7075.1343 5.49637e-17
 7078.0228 5.20747e-17
 7080.9113 5.50712e-17
 7083.7998 5.99377e-17
 7086.6883 5.14489e-17
 7089.5768 5.69582e-17
 7092.4653 5.14648e-17
 7095.3538 5.61175e-17
 7098.2423 6.09636e-17
 7101.1308 5.57219e-17
 7104.0193 5.58017e-17
 7106.9078 4.90284e-17
 7109.7963 5.23638e-17
 7112.6847 5.57795e-17
 7115.5732 5.33352e-17
 7118.4617 5.44952e-17
 7121.3502 5.89157e-17
 7124.2387 5.27600e-17
 7127.1272 5.04311e-17
 7130.0157 5.41662e-17
 7132.9042 6.39252e-17
 7135.7927 5.71657e-17
 7138.6812 5.07974e-17
 7141.5697 5.39752e-17
 7144.4582 5.27803e-17
 7147.3467 5.39039e-17
 7150.2352 5.46308e-17
 7153.1237 5.16601e-17
 7156.0122 5.66144e-17
 7158.9006 5.87259e-17
 7161.7891 5.46553e-17
 7164.6776 4.84224e-17
 7167.5661 5.91550e-17
 7170.4546 5.51970e-17
 7173.3431 5.54361e-17
 7176.2316 5.81284e-17
 7179.1201 5.37358e-17
 7182.0086 5.35138e-17
 7184.8971 5.60233e-17
 7187.7856 4.49956e-17
 7190.6741 5.46996e-17
 7193.5626 5.05035e-17
 7196.4511 5.30207e-17
 7199.3395 6.09266e-17
 7202.2280 5.64016e-17
 7205.1165 5.12306e-17
 7208.0050 5.10248e-17
 7210.8935 5.08189e-17
 7213.7820 5.06131e-17
 7216.6705 5.04073e-17
 7219.5590 5.02015e-17
 7222.4475 4.99957e-17
 7225.3360 4.97899e-17
 7228.2245 4.95841e-17
 7231.1130 4.93783e-17
 7234.0015 4.91724e-17
 7236.8900 4.89666e-17
 7239.7785 4.93469e-17
 7242.6669 5.17051e-17
 7245.5554 3.76675e-17
 7248.4439 4.33475e-17
 7251.3324 5.14415e-17
 7254.2209 4.59918e-17
 7257.1094 4.73188e-17
 7259.9979 5.89426e-17
 7262.8864 4.91089e-17
 7265.7749 4.32422e-17
 7268.6634 5.95760e-17
 7271.5519 5.99005e-17
 7274.4404 5.62815e-17
 7277.3289 6.39344e-17
 7280.2174 5.73773e-17
 7283.1058 5.32096e-17
 7285.9943 5.59223e-17
 7288.8828 5.65501e-17
 7291.7713 6.04793e-17
 7294.6598 5.73310e-17
 7297.5483 5.70807e-17
 7300.4368 6.78226e-17
 7303.3253 5.86707e-17
 7306.2138 5.11051e-17
 7309.1023 5.77980e-17
 7311.9908 5.75780e-17
 7314.8793 4.85982e-17
 7317.7678 4.78390e-17
 7320.6563 4.68044e-17
 7323.5448 4.86972e-17
 7326.4333 5.80021e-17
 7329.3217 4.83925e-17
 7332.2102 5.32002e-17
 7335.0987 5.27554e-17
 7337.9872 5.55939e-17
 7340.8757 6.24205e-17
 7343.7642 5.59212e-17
 7346.6527 5.56779e-17
 7349.5412 6.88163e-17
 7352.4297 5.76413e-17
 7355.3182 6.08310e-17
 7358.2067 6.31394e-17
 7361.0952 6.11593e-17
 7363.9837 5.26168e-17
 7366.8722 4.83969e-17
 7369.7606 6.10358e-17
 7372.6491 5.02849e-17
 7375.5376 6.55243e-17
 7378.4261 6.16940e-17
 7381.3146 5.74927e-17
 7384.2031 6.37784e-17
 7387.0916 5.97358e-17
 7389.9801 5.95656e-17
 7392.8686 6.77988e-17
 7395.7571 6.42729e-17
 7398.6456 5.50455e-17
 7401.5341 4.80086e-17
 7404.4226 5.99099e-17
 7407.3111 5.97140e-17
 7410.1996 6.12800e-17
 7413.0880 6.17632e-17
 7415.9765 5.48403e-17
 7418.8650 6.52311e-17
 7421.7535 5.88892e-17
 7424.6420 5.42560e-17
 7427.5305 6.40871e-17
 7430.4190 7.07430e-17
 7433.3075 6.57794e-17
 7436.1960 5.57587e-17
 7439.0845 5.99560e-17
 7441.9730 5.45655e-17
 7444.8615 4.81174e-17
 7447.7500 5.98262e-17
 7450.6385 6.20788e-17
 7453.5270 5.68993e-17
 7456.4154 5.98651e-17
 7459.3039 6.16748e-17
 7462.1924 6.02556e-17
 7465.0809 6.08216e-17
 7467.9694 5.31504e-17
 7470.8579 6.41348e-17
 7473.7464 6.17093e-17
 7476.6349 6.62073e-17
 7479.5234 5.10313e-17
 7482.4119 4.34823e-17
 7485.3004 5.48074e-17
 7488.1889 5.52946e-17
 7491.0774 5.21253e-17
 7493.9659 5.09801e-17
 7496.8544 6.00135e-17
 7499.7428 6.20987e-17
 7502.6313 5.70293e-17
 7505.5198 5.19178e-17
 7508.4083 4.83262e-17
 7511.2968 6.48756e-17
 7514.1853 7.09594e-17
 7517.0738 6.12604e-17
 7519.9623 5.85617e-17
 7522.8508 6.25093e-17
 7525.7393 5.64827e-17
 7528.6278 5.20114e-17
 7531.5163 5.28366e-17
 7534.4048 6.25815e-17
 7537.2933 5.63227e-17
 7540.1817 5.15694e-17
 7543.0702 5.47081e-17
 7545.9587 4.74931e-17
 7548.8472 5.51478e-17
 7551.7357 5.08104e-17
 7554.6242 6.08645e-17
 7557.5127 5.12164e-17
 7560.4012 5.25090e-17
 7563.2897 4.89311e-17
 7566.1782 4.72766e-17
 7569.0667 4.62392e-17
 7571.9552 6.45824e-17
 7574.8437 6.17764e-17
 7577.7322 5.55992e-17
 7580.6207 4.51855e-17
 7583.5091 4.74315e-17
 7586.3976 3.79636e-17
 7589.2861 4.00433e-17
 7592.1746 4.36455e-17
 7595.0631 5.74879e-17
 7597.9516 5.70162e-17
 7600.8401 5.37757e-17
 7603.7286 6.33994e-17
 7606.6171 6.31695e-17
 7609.5056 5.60804e-17
 7612.3941 5.95819e-17
 7615.2826 6.27250e-17
 7618.1711 5.59582e-17
 7621.0596 5.99618e-17
 7623.9481 5.45637e-17
 7626.8365 5.61723e-17
 7629.7250 5.47209e-17
 7632.6135 6.20754e-17
 7635.5020 6.36238e-17
 7638.3905 6.27429e-17
 7641.2790 6.83494e-17
 7644.1675 5.69391e-17
 7647.0560 5.58907e-17
 7649.9445 6.12952e-17
 7652.8330 5.82516e-17
 7655.7215 4.81369e-17
 7658.6100 6.15875e-17
 7661.4985 6.13965e-17
 7664.3870 5.30140e-17
 7667.2755 6.00425e-17
 7670.1639 5.88440e-17
 7673.0524 4.54630e-17
 7675.9409 5.90591e-17
 7678.8294 6.04865e-17
 7681.7179 5.86625e-17
 7684.6064 5.13698e-17
 7687.4949 5.20685e-17
 7690.3834 5.50992e-17
 7693.2719 6.62979e-17
 7696.1604 6.70117e-17
 7699.0489 5.85395e-17
 7701.9374 6.01437e-17
 7704.8259 5.99176e-17
 7707.7144 5.72183e-17
 7710.6028 5.60552e-17
 7713.4913 5.80964e-17
 7716.3798 5.81438e-17
 7719.2683 5.39841e-17
 7722.1568 5.71715e-17
 7725.0453 5.79989e-17
 7727.9338 5.87108e-17
 7730.8223 6.28763e-17
 7733.7108 6.33968e-17
 7736.5993 7.01354e-17
 7739.4878 4.87130e-17
 7742.3763 6.20285e-17
 7745.2648 5.66799e-17
 7748.1533 6.23497e-17
 7751.0418 3.95898e-17
 7753.9302 6.67524e-17
 7756.8187 7.10958e-17
 7759.7072 6.49492e-17
 7762.5957 6.30876e-17
 7765.4842 5.08408e-17
 7768.3727 4.33830e-17
 7771.2612 4.90999e-17
 7774.1497 4.92204e-17
 7777.0382 5.35202e-17
 7779.9267 5.89097e-17
 7782.8152 6.64933e-17
 7785.7037 5.95137e-17
 7788.5922 5.57505e-17
 7791.4807 6.81803e-17
 7794.3692 6.22349e-17
 7797.2577 6.11542e-17
 7800.1461 6.66103e-17
 7803.0346 6.15055e-17
 7805.9231 5.69456e-17
 7808.8116 8.11678e-17
 7811.7001 6.83166e-17
 7814.5886 4.20486e-17
 7817.4771 5.63350e-17
 7820.3656 5.43334e-17
 7823.2541 5.66823e-17
 7826.1426 7.06887e-17
 7829.0311 6.65410e-17
 7831.9196 6.74022e-17
 7834.8081 4.55738e-17
 7837.6966 5.73314e-17
 7840.5850 6.67581e-17
 7843.4735 6.80615e-17
 7846.3620 6.06375e-17
 7849.2505 5.62119e-17
 7852.1390 5.86623e-17
 7855.0275 6.95372e-17
 7857.9160 5.30727e-17
 7860.8045 4.80290e-17
 7863.6930 5.47942e-17
 7866.5815 5.45114e-17
 7869.4700 7.47774e-17
 7872.3585 6.55048e-17
 7875.2470 4.88264e-17
 7878.1355 3.96389e-17
 7881.0239 6.24249e-17
 7883.9124 6.72388e-17
 7886.8009 7.60658e-17
 7889.6894 6.39843e-17
 7892.5779 4.76779e-17
 7895.4664 5.38849e-17
 7898.3549 6.21664e-17
 7901.2434 5.37528e-17
 7904.1319 5.23085e-17
 7907.0204 5.10967e-17
 7909.9089 5.85487e-17
 7912.7974 4.69920e-17
 7915.6859 6.10207e-17
 7918.5744 4.57772e-17
 7921.4629 5.27303e-17
 7924.3514 2.51034e-17
 7927.2398 6.11028e-17
 7930.1283 4.62052e-17
 7933.0168 5.00935e-17
 7935.9053 6.12688e-17
 7938.7938 4.41647e-17
 7941.6823 5.29262e-17
 7944.5708 5.39155e-17
 7947.4593 4.37976e-17
 7950.3478 5.00531e-17
 7953.2363 4.59073e-17
 7956.1248 4.18312e-17
 7959.0133 5.09791e-17
 7961.9018 4.30735e-17
 7964.7903 5.18328e-17
 7967.6788 5.20549e-17
 7970.5672 5.21336e-17
 7973.4557 5.52950e-17
 7976.3442 5.41698e-17
 7979.2327 3.43382e-17
 7982.1212 5.56965e-17
 7985.0097 4.53862e-17
 7987.8982 3.21434e-17
 7990.7867 4.38092e-17
 7993.6752 4.69464e-17
 7996.5637 4.11678e-17
 7999.4522 3.98931e-17
 8002.3407 3.66788e-17
 8005.2292 3.47383e-17
 8008.1177 1.73916e-17
 8011.0061 3.49295e-17
 8013.8946 3.11330e-17
 8016.7831 4.30992e-17
 8019.6716 5.97729e-17
 8022.5601 5.22033e-17
 8025.4486 5.24605e-17
 8028.3371 3.93552e-17
 8031.2256 3.26686e-17
 8034.1141 3.55535e-17
 8037.0026 3.79621e-17
 8039.8911 2.81760e-17
 8042.7796 4.78093e-17
 8045.6681 4.40107e-17
 8048.5566 4.01302e-17
 8051.4450 3.84889e-17
 8054.3335 3.82866e-17
 8057.2220 2.25301e-17
 8060.1105 3.34872e-17
 8062.9990 3.04497e-17
 8065.8875 2.91416e-17
 8068.7760 3.60106e-17
 8071.6645 3.38834e-17
 8074.5530 1.93502e-17
 8077.4415 3.69078e-17
 8080.3300 2.18444e-17
 8083.2185 1.43511e-17
 8086.1070 9.24213e-18
 8088.9955 3.05081e-17
 8091.8840 2.34005e-17
 8094.7725 1.92117e-17
 8097.6609 2.37913e-17
 8100.5494 1.88199e-17
 8103.4379 2.66672e-17
 8106.3264 2.50144e-17
 8109.2149 2.61498e-17
 8112.1034 2.23389e-17
 8114.9919 1.82998e-17
 8117.8804 2.16444e-17
 8120.7689 2.11773e-17
 8123.6574 3.06236e-17
 8126.5459 1.90191e-17
 8129.4344 2.09858e-17
 8132.3229 2.72840e-17
 8135.2114 1.61226e-17
 8138.0999 2.15917e-17
 8140.9883 1.30757e-17
 8143.8768 1.44845e-17
 8146.7653 3.30395e-17
 8149.6538 1.94242e-17
 8152.5423 1.71452e-17
 8155.4308 2.30791e-17
 8158.3193 2.01557e-17
 8161.2078 2.87913e-17
 8164.0963 2.75304e-17
 8166.9848 1.39091e-17
 8169.8733 2.78978e-17
 8172.7618 3.11543e-17
 8175.6503 2.43950e-17
 8178.5388 1.42057e-17
 8181.4272 2.02464e-17
 8184.3157 1.28072e-17
 8187.2042 2.58306e-17
 8190.0927 2.55399e-17
 8192.9812 2.04183e-17
 8195.8697 1.81197e-17
 8198.7582 1.58219e-17
 8201.6467 1.35241e-17
 8204.5352 1.12256e-17
 8207.4237 8.92775e-18
 8210.3122 5.73950e-18
 8213.2007 4.10684e-18
 8216.0892 8.57739e-18
 8218.9777 1.64610e-17
 8221.8662 1.20573e-17
 8224.7547 2.10675e-17
 8227.6431 6.94392e-18
 8230.5316 1.82537e-17
 8233.4201 2.47101e-17
 8236.3086 1.74856e-17
 8239.1971 1.74651e-17
 8242.0856 5.20264e-18
 8244.9741 1.34651e-17
 8247.8626 2.04541e-17
 8250.7511 1.42214e-17
 8253.6396 1.55719e-17
 8256.5281 2.26941e-17
 8259.4166 9.92225e-18
 8262.3051 7.81501e-18
 8265.1936 5.74474e-18
 8268.0820 6.34054e-18
 8270.9705 3.32466e-17
 8273.8590 1.98740e-17
 8276.7475 1.90455e-17
 8279.6360 1.67038e-17
 8282.5245 2.30279e-17
 8285.4130 8.96581e-18
 8288.3015 8.24855e-18
 8291.1900 2.74624e-18
 8294.0785 1.82058e-18
 8296.9670 1.50347e-17
 8299.8555 2.12261e-17
 8302.7440 2.07888e-17
 8305.6325 1.64951e-17
 8308.5210 2.41567e-17
 8311.4094 1.43983e-17
 8314.2979 1.86699e-17
 8317.1864 1.81176e-17
 8320.0749 2.59774e-18
 8322.9634 3.79036e-17
 8325.8519 3.84168e-17
 8328.7404 1.50914e-17
 8331.6289 6.46741e-18
 8334.5174 2.69868e-17
 8337.4059 2.88823e-17
 8340.2944 2.47055e-17
 8343.1829 1.78473e-17
 8346.0714 1.55156e-17
 8348.9599 6.66869e-18
 8351.8483 1.29089e-17
 8354.7368 1.30945e-17
 8357.6253 1.29415e-17
 8360.5138 2.15670e-17
 8363.4023 5.67257e-18
 8366.2908 7.50395e-18
 8369.1793 1.20019e-17
 8372.0678 2.43457e-17
 8374.9563 5.10678e-18
 8377.8448 6.86340e-18
 8380.7333 8.62001e-18
 8383.6218 1.03772e-17
 8386.5103 1.21338e-17
 8389.3988 1.38910e-17
 8392.2873 1.51542e-17
 8395.1758 1.00403e-18
 8398.0642 5.97581e-18
 8400.9527 3.86045e-17
 8403.8412 2.82600e-17
 8406.7297 1.99937e-17
 8409.6182 2.07529e-17
 8412.5067 1.72530e-17
 8415.3952 1.38237e-17
 8418.2837 2.00482e-17
 8421.1722 2.55914e-17
 8424.0607 2.56660e-17
 8426.9492 4.06107e-17
 8429.8377 1.03437e-17
 8432.7262 1.71055e-17
 8435.6147 3.01882e-17
 8438.5031 4.61695e-17
 8441.3916 3.19309e-17
 8444.2801 1.31791e-17
 8447.1686 1.51361e-17
 8450.0571 2.13072e-17
 8452.9456 1.17956e-17
 8455.8341 1.33224e-17
 8458.7226 3.13509e-17
 8461.6111 2.46350e-17
 8464.4996 1.74824e-17
 8467.3881 3.91712e-18
 8470.2766 3.06713e-17
 8473.1651 2.60528e-17
 8476.0536 2.96060e-17
 8478.9421 1.34443e-17
 8481.8305 5.74341e-18
 8484.7190 2.35466e-17
 8487.6075 2.63133e-17
 8490.4960 2.85901e-17
 8493.3845 5.27780e-17
 8496.2730 3.95208e-17
 8499.1615 2.38384e-17
 8502.0500 2.51299e-17
 8504.9385 3.18371e-17
 8507.8270 3.97425e-17
 8510.7155 1.40100e-17
 8513.6040 5.95055e-17
 8516.4925 5.02563e-17
 8519.3810 4.06078e-17
 8522.2694 3.39862e-17
 8525.1579 4.41542e-17
 8528.0464 4.64811e-17
 8530.9349 3.13595e-17
 8533.8234 3.33222e-17
 8536.7119 3.73931e-17
 8539.6004 3.71336e-17
 8542.4889 3.23672e-17
 8545.3774 3.55771e-17
 8548.2659 4.25158e-17
 8551.1544 5.79016e-17
 8554.0429 3.75764e-17
 8556.9314 6.05435e-17
 8559.8199 4.98138e-17
 8562.7084 4.79201e-17
 8565.5969 4.80972e-17
 8568.4853 4.33365e-17
 8571.3738 4.79046e-17
 8574.2623 5.46682e-17
 8577.1508 5.48955e-17
 8580.0393 6.20481e-17
 8582.9278 6.28775e-17
 8585.8163 7.60025e-17
 8588.7048 4.79447e-17
 8591.5933 5.03535e-17
 8594.4818 6.10045e-17
 8597.3703 6.31108e-17
 8600.2588 4.49443e-17
 8603.1473 3.19147e-17
 8606.0358 4.98430e-17
 8608.9242 5.07638e-17
 8611.8127 4.91194e-17
 8614.7012 5.08564e-17
 8617.5897 4.42998e-17
 8620.4782 6.05581e-17
 8623.3667 4.85557e-17
 8626.2552 4.01773e-17
 8629.1437 5.92002e-17
 8632.0322 3.95724e-17
 8634.9207 5.82250e-17
 8637.8092 5.03128e-17
 8640.6977 4.64061e-17
 8643.5862 5.78888e-17
 8646.4747 6.88072e-17
 8649.3632 3.73140e-17
 8652.2516 3.79174e-17
 8655.1401 5.94099e-17
 8658.0286 5.39628e-17
 8660.9171 5.01027e-17
 8663.8056 5.68364e-17
 8666.6941 5.49359e-17
 8669.5826 4.07868e-17
 8672.4711 4.72008e-17
 8675.3596 6.25388e-17
 8678.2481 7.77451e-17
 8681.1366 8.03723e-17
 8684.0251 7.30023e-17
 8686.9136 8.01265e-17
 8689.8021 5.92686e-17
 8692.6906 4.84934e-17
 8695.5791 7.60275e-17
 8698.4675 5.68089e-17
 8701.3560 6.23059e-17
 8704.2445 4.95024e-17
 8707.1330 5.94266e-17
 8710.0215 7.45428e-17
 8712.9100 6.83741e-17
 8715.7985 7.12371e-17
 8718.6870 7.35811e-17
 8721.5755 8.23292e-17
 8724.4640 6.05246e-17
 8727.3525 4.72460e-17
 8730.2410 6.14775e-17
 8733.1295 6.48867e-17
 8736.0180 6.26910e-17
 8738.9064 5.65394e-17
 8741.7949 5.11962e-17
 8744.6834 7.45742e-17
 8747.5719 4.61736e-17
 8750.4604 4.81060e-17
 8753.3489 4.72358e-17
 8756.2374 4.35409e-17
 8759.1259 5.62170e-17
 8762.0144 6.74217e-17
 8764.9029 7.27637e-17
 8767.7914 5.73821e-17
 8770.6799 6.17961e-17
