#Object:               SN2006ax
#FITS_file:            SN06ax_b01_DUP_WF_31mar06.fits
#Redshift:             0.01674
#JDate_of_max:         2453827.14
#JDate_of_observation: 2453825.73
#Epoch:                -1.39     
#
 3737.4417 1.61421e-15
 3740.4330 1.71362e-15
 3743.4244 1.76326e-15
 3746.4157 1.71753e-15
 3749.4070 1.82423e-15
 3752.3984 1.86433e-15
 3755.3897 1.80953e-15
 3758.3811 1.92250e-15
 3761.3724 1.95578e-15
 3764.3637 1.95398e-15
 3767.3551 1.97684e-15
 3770.3464 1.99912e-15
 3773.3378 1.96743e-15
 3776.3291 1.92477e-15
 3779.3204 1.87329e-15
 3782.3118 1.93051e-15
 3785.3031 1.94016e-15
 3788.2945 1.91173e-15
 3791.2858 1.96416e-15
 3794.2771 2.02234e-15
 3797.2685 1.95688e-15
 3800.2598 2.03535e-15
 3803.2512 1.93571e-15
 3806.2425 2.03469e-15
 3809.2338 2.07532e-15
 3812.2252 2.12716e-15
 3815.2165 2.08773e-15
 3818.2079 2.14105e-15
 3821.1992 2.19423e-15
 3824.1906 2.21634e-15
 3827.1819 2.16379e-15
 3830.1732 2.37042e-15
 3833.1646 2.45882e-15
 3836.1559 2.53798e-15
 3839.1473 2.53783e-15
 3842.1386 2.55690e-15
 3845.1299 2.74138e-15
 3848.1213 2.89306e-15
 3851.1126 2.93171e-15
 3854.1040 3.00756e-15
 3857.0953 3.12324e-15
 3860.0866 3.27453e-15
 3863.0780 3.53492e-15
 3866.0693 3.54199e-15
 3869.0607 3.38628e-15
 3872.0520 3.68569e-15
 3875.0433 3.90451e-15
 3878.0347 3.89273e-15
 3881.0260 3.99270e-15
 3884.0174 3.98623e-15
 3887.0087 4.07607e-15
 3890.0000 4.20294e-15
 3892.9914 4.16276e-15
 3895.9827 4.20541e-15
 3898.9741 4.31119e-15
 3901.9654 4.20204e-15
 3904.9567 4.34691e-15
 3907.9481 4.36787e-15
 3910.9394 4.33886e-15
 3913.9308 4.40341e-15
 3916.9221 4.51550e-15
 3919.9134 4.55508e-15
 3922.9048 4.58309e-15
 3925.8961 4.71811e-15
 3928.8875 4.64523e-15
 3931.8788 4.85889e-15
 3934.8701 4.85944e-15
 3937.8615 4.82083e-15
 3940.8528 4.71232e-15
 3943.8442 4.84896e-15
 3946.8355 4.92427e-15
 3949.8268 4.74506e-15
 3952.8182 4.84036e-15
 3955.8095 4.82314e-15
 3958.8009 4.67691e-15
 3961.7922 4.68105e-15
 3964.7835 4.62457e-15
 3967.7749 4.50732e-15
 3970.7662 4.48322e-15
 3973.7576 4.40255e-15
 3976.7489 4.27152e-15
 3979.7402 4.37768e-15
 3982.7316 4.23960e-15
 3985.7229 4.20715e-15
 3988.7143 4.35091e-15
 3991.7056 4.11684e-15
 3994.6970 4.14641e-15
 3997.6883 4.07804e-15
 4000.6796 3.94748e-15
 4003.6710 3.90358e-15
 4006.6623 3.86933e-15
 4009.6537 3.92854e-15
 4012.6450 3.87097e-15
 4015.6363 3.76925e-15
 4018.6277 3.93031e-15
 4021.6190 4.06411e-15
 4024.6104 4.04644e-15
 4027.6017 4.06317e-15
 4030.5930 4.06586e-15
 4033.5844 4.19560e-15
 4036.5757 4.23167e-15
 4039.5671 4.44266e-15
 4042.5584 4.24533e-15
 4045.5497 4.25035e-15
 4048.5411 4.37147e-15
 4051.5324 4.37892e-15
 4054.5238 4.37809e-15
 4057.5151 4.36306e-15
 4060.5064 4.60895e-15
 4063.4978 4.69091e-15
 4066.4891 4.63712e-15
 4069.4805 4.60386e-15
 4072.4718 4.69738e-15
 4075.4631 4.64378e-15
 4078.4545 4.62071e-15
 4081.4458 4.66683e-15
 4084.4372 4.60232e-15
 4087.4285 4.66790e-15
 4090.4198 4.62302e-15
 4093.4112 4.70860e-15
 4096.4025 4.69994e-15
 4099.3939 4.63197e-15
 4102.3852 4.60406e-15
 4105.3765 4.60403e-15
 4108.3679 4.66321e-15
 4111.3592 4.57410e-15
 4114.3506 4.74841e-15
 4117.3419 4.53779e-15
 4120.3332 4.37894e-15
 4123.3246 4.36706e-15
 4126.3159 4.32248e-15
 4129.3073 4.33119e-15
 4132.2986 4.27222e-15
 4135.2899 4.19943e-15
 4138.2813 4.13038e-15
 4141.2726 4.20708e-15
 4144.2640 4.16631e-15
 4147.2553 4.08690e-15
 4150.2467 4.19055e-15
 4153.2380 4.03766e-15
 4156.2293 4.02162e-15
 4159.2207 3.95633e-15
 4162.2120 4.02893e-15
 4165.2034 3.95843e-15
 4168.1947 4.01131e-15
 4171.1860 3.95485e-15
 4174.1774 3.91009e-15
 4177.1687 3.88955e-15
 4180.1601 3.80697e-15
 4183.1514 3.92983e-15
 4186.1427 3.77085e-15
 4189.1341 3.80931e-15
 4192.1254 3.86988e-15
 4195.1168 3.67861e-15
 4198.1081 3.56036e-15
 4201.0994 3.54569e-15
 4204.0908 3.51893e-15
 4207.0821 3.38031e-15
 4210.0735 3.35274e-15
 4213.0648 3.35477e-15
 4216.0561 3.36533e-15
 4219.0475 3.25883e-15
 4222.0388 3.18581e-15
 4225.0302 3.18404e-15
 4228.0215 3.18478e-15
 4231.0128 3.06731e-15
 4234.0042 3.00196e-15
 4236.9955 3.03862e-15
 4239.9869 2.96905e-15
 4242.9782 3.06410e-15
 4245.9695 3.00200e-15
 4248.9609 2.87183e-15
 4251.9522 2.82148e-15
 4254.9436 2.81655e-15
 4257.9349 2.81151e-15
 4260.9262 2.79833e-15
 4263.9176 2.72621e-15
 4266.9089 2.72786e-15
 4269.9003 2.62373e-15
 4272.8916 2.62040e-15
 4275.8829 2.57308e-15
 4278.8743 2.55564e-15
 4281.8656 2.49265e-15
 4284.8570 2.42796e-15
 4287.8483 2.44579e-15
 4290.8396 2.36186e-15
 4293.8310 2.39893e-15
 4296.8223 2.34204e-15
 4299.8137 2.41572e-15
 4302.8050 2.41694e-15
 4305.7964 2.43934e-15
 4308.7877 2.35301e-15
 4311.7790 2.34512e-15
 4314.7704 2.27153e-15
 4317.7617 2.38459e-15
 4320.7531 2.41079e-15
 4323.7444 2.39301e-15
 4326.7357 2.41493e-15
 4329.7271 2.49135e-15
 4332.7184 2.52244e-15
 4335.7098 2.49434e-15
 4338.7011 2.59163e-15
 4341.6924 2.56158e-15
 4344.6838 2.55320e-15
 4347.6751 2.62112e-15
 4350.6665 2.57290e-15
 4353.6578 2.62594e-15
 4356.6491 2.54188e-15
 4359.6405 2.66781e-15
 4362.6318 2.57749e-15
 4365.6232 2.63674e-15
 4368.6145 2.71492e-15
 4371.6058 2.77542e-15
 4374.5972 2.78041e-15
 4377.5885 2.80172e-15
 4380.5799 2.88026e-15
 4383.5712 2.85839e-15
 4386.5625 2.77924e-15
 4389.5539 2.80754e-15
 4392.5452 2.80051e-15
 4395.5366 2.75019e-15
 4398.5279 2.76552e-15
 4401.5192 2.66546e-15
 4404.5106 2.70427e-15
 4407.5019 2.65896e-15
 4410.4933 2.63723e-15
 4413.4846 2.63352e-15
 4416.4759 2.59813e-15
 4419.4673 2.50905e-15
 4422.4586 2.51186e-15
 4425.4500 2.50379e-15
 4428.4413 2.42892e-15
 4431.4326 2.46501e-15
 4434.4240 2.45312e-15
 4437.4153 2.44071e-15
 4440.4067 2.46110e-15
 4443.3980 2.53129e-15
 4446.3893 2.46173e-15
 4449.3807 2.50572e-15
 4452.3720 2.57211e-15
 4455.3634 2.69170e-15
 4458.3547 2.70297e-15
 4461.3460 2.66691e-15
 4464.3374 2.78963e-15
 4467.3287 2.79762e-15
 4470.3201 2.80154e-15
 4473.3114 2.86922e-15
 4476.3027 2.95620e-15
 4479.2941 2.99879e-15
 4482.2854 2.98232e-15
 4485.2768 3.02404e-15
 4488.2681 2.99072e-15
 4491.2594 2.97252e-15
 4494.2508 3.07932e-15
 4497.2421 3.04128e-15
 4500.2335 3.08386e-15
 4503.2248 3.09615e-15
 4506.2161 3.10191e-15
 4509.2075 3.20294e-15
 4512.1988 3.15754e-15
 4515.1902 3.11739e-15
 4518.1815 3.15277e-15
 4521.1728 3.12787e-15
 4524.1642 3.14497e-15
 4527.1555 3.18923e-15
 4530.1469 3.07850e-15
 4533.1382 3.16419e-15
 4536.1296 3.08495e-15
 4539.1209 3.09373e-15
 4542.1122 3.11066e-15
 4545.1036 3.06671e-15
 4548.0949 3.05624e-15
 4551.0863 3.04339e-15
 4554.0776 3.06256e-15
 4557.0689 3.09099e-15
 4560.0603 3.06147e-15
 4563.0516 3.12670e-15
 4566.0430 3.01897e-15
 4569.0343 3.01936e-15
 4572.0256 3.06470e-15
 4575.0170 3.04020e-15
 4578.0083 2.97392e-15
 4580.9997 3.04553e-15
 4583.9910 3.03772e-15
 4586.9823 3.04923e-15
 4589.9737 2.95161e-15
 4592.9650 2.98576e-15
 4595.9564 3.02442e-15
 4598.9477 3.06302e-15
 4601.9390 3.00638e-15
 4604.9304 2.99505e-15
 4607.9217 3.03926e-15
 4610.9131 3.02210e-15
 4613.9044 3.01294e-15
 4616.8957 2.95368e-15
 4619.8871 2.91272e-15
 4622.8784 2.91597e-15
 4625.8698 2.93246e-15
 4628.8611 2.86620e-15
 4631.8524 2.84247e-15
 4634.8438 2.78580e-15
 4637.8351 2.68439e-15
 4640.8265 2.75278e-15
 4643.8178 2.72714e-15
 4646.8091 2.60823e-15
 4649.8005 2.64715e-15
 4652.7918 2.57038e-15
 4655.7832 2.47848e-15
 4658.7745 2.51060e-15
 4661.7658 2.49282e-15
 4664.7572 2.48599e-15
 4667.7485 2.40460e-15
 4670.7399 2.44643e-15
 4673.7312 2.33281e-15
 4676.7225 2.35708e-15
 4679.7139 2.37344e-15
 4682.7052 2.37478e-15
 4685.6966 2.39909e-15
 4688.6879 2.40317e-15
 4691.6792 2.38307e-15
 4694.6706 2.33034e-15
 4697.6619 2.36336e-15
 4700.6533 2.38357e-15
 4703.6446 2.39314e-15
 4706.6359 2.38162e-15
 4709.6273 2.44891e-15
 4712.6186 2.45269e-15
 4715.6100 2.38549e-15
 4718.6013 2.38583e-15
 4721.5926 2.40837e-15
 4724.5840 2.35540e-15
 4727.5753 2.30036e-15
 4730.5667 2.32274e-15
 4733.5580 2.31871e-15
 4736.5493 2.30255e-15
 4739.5407 2.25100e-15
 4742.5320 2.22722e-15
 4745.5234 2.15362e-15
 4748.5147 2.17436e-15
 4751.5060 2.15228e-15
 4754.4974 2.18015e-15
 4757.4887 2.14229e-15
 4760.4801 2.14777e-15
 4763.4714 2.17537e-15
 4766.4628 2.18765e-15
 4769.4541 2.14390e-15
 4772.4454 2.18095e-15
 4775.4368 2.17577e-15
 4778.4281 2.18901e-15
 4781.4195 2.19220e-15
 4784.4108 2.19587e-15
 4787.4021 2.19186e-15
 4790.3935 2.16193e-15
 4793.3848 2.17051e-15
 4796.3762 2.20497e-15
 4799.3675 2.19285e-15
 4802.3588 2.16104e-15
 4805.3502 2.11038e-15
 4808.3415 2.13919e-15
 4811.3329 2.09134e-15
 4814.3242 2.09739e-15
 4817.3155 2.12649e-15
 4820.3069 2.08085e-15
 4823.2982 2.03241e-15
 4826.2896 1.98442e-15
 4829.2809 1.91677e-15
 4832.2722 1.87545e-15
 4835.2636 1.87961e-15
 4838.2549 1.82937e-15
 4841.2463 1.80243e-15
 4844.2376 1.77636e-15
 4847.2289 1.76617e-15
 4850.2203 1.75298e-15
 4853.2116 1.70302e-15
 4856.2030 1.67989e-15
 4859.1943 1.71649e-15
 4862.1856 1.71848e-15
 4865.1770 1.69875e-15
 4868.1683 1.70616e-15
 4871.1597 1.60084e-15
 4874.1510 1.63502e-15
 4877.1423 1.65600e-15
 4880.1337 1.68870e-15
 4883.1250 1.64866e-15
 4886.1164 1.64915e-15
 4889.1077 1.69585e-15
 4892.0990 1.70067e-15
 4895.0904 1.73362e-15
 4898.0817 1.74208e-15
 4901.0731 1.72022e-15
 4904.0644 1.79623e-15
 4907.0557 1.76556e-15
 4910.0471 1.76159e-15
 4913.0384 1.74967e-15
 4916.0298 1.79156e-15
 4919.0211 1.79697e-15
 4922.0124 1.78079e-15
 4925.0038 1.77735e-15
 4927.9951 1.82227e-15
 4930.9865 1.87356e-15
 4933.9778 1.83103e-15
 4936.9691 1.81936e-15
 4939.9605 1.81191e-15
 4942.9518 1.83220e-15
 4945.9432 1.83319e-15
 4948.9345 1.87776e-15
 4951.9258 1.84995e-15
 4954.9172 1.85275e-15
 4957.9085 1.83686e-15
 4960.8999 1.83962e-15
 4963.8912 1.81972e-15
 4966.8826 1.82105e-15
 4969.8739 1.82073e-15
 4972.8652 1.82771e-15
 4975.8566 1.79873e-15
 4978.8479 1.82924e-15
 4981.8393 1.83054e-15
 4984.8306 1.83231e-15
 4987.8219 1.85016e-15
 4990.8133 1.84036e-15
 4993.8046 1.85448e-15
 4996.7960 1.81185e-15
 4999.7873 1.85682e-15
 5002.7786 1.87925e-15
 5005.7700 1.84048e-15
 5008.7613 1.85506e-15
 5011.7527 1.84464e-15
 5014.7440 1.85391e-15
 5017.7353 1.86465e-15
 5020.7267 1.87584e-15
 5023.7180 1.88304e-15
 5026.7094 1.97592e-15
 5029.7007 1.93058e-15
 5032.6920 1.93759e-15
 5035.6834 1.95987e-15
 5038.6747 1.95260e-15
 5041.6661 2.03784e-15
 5044.6574 2.04151e-15
 5047.6487 2.00046e-15
 5050.6401 2.00726e-15
 5053.6314 2.05908e-15
 5056.6228 2.09754e-15
 5059.6141 2.13696e-15
 5062.6054 2.11927e-15
 5065.5968 2.08498e-15
 5068.5881 2.09706e-15
 5071.5795 2.12327e-15
 5074.5708 2.14545e-15
 5077.5621 2.13444e-15
 5080.5535 2.15099e-15
 5083.5448 2.17529e-15
 5086.5362 2.21422e-15
 5089.5275 2.20227e-15
 5092.5188 2.19695e-15
 5095.5102 2.26296e-15
 5098.5015 2.25376e-15
 5101.4929 2.34081e-15
 5104.4842 2.28179e-15
 5107.4755 2.32440e-15
 5110.4669 2.34123e-15
 5113.4582 2.32116e-15
 5116.4496 2.25707e-15
 5119.4409 2.28153e-15
 5122.4323 2.32590e-15
 5125.4236 2.35994e-15
 5128.4149 2.29915e-15
 5131.4063 2.28806e-15
 5134.3976 2.24037e-15
 5137.3890 2.23544e-15
 5140.3803 2.28563e-15
 5143.3716 2.25978e-15
 5146.3630 2.23944e-15
 5149.3543 2.25238e-15
 5152.3457 2.19174e-15
 5155.3370 2.23383e-15
 5158.3283 2.21539e-15
 5161.3197 2.23366e-15
 5164.3110 2.24652e-15
 5167.3024 2.19154e-15
 5170.2937 2.18397e-15
 5173.2850 2.21614e-15
 5176.2764 2.25370e-15
 5179.2677 2.23408e-15
 5182.2591 2.26557e-15
 5185.2504 2.22818e-15
 5188.2417 2.21618e-15
 5191.2331 2.21563e-15
 5194.2244 2.26147e-15
 5197.2158 2.24316e-15
 5200.2071 2.20241e-15
 5203.1984 2.23121e-15
 5206.1898 2.30601e-15
 5209.1811 2.23556e-15
 5212.1725 2.19517e-15
 5215.1638 2.20901e-15
 5218.1551 2.18120e-15
 5221.1465 2.06333e-15
 5224.1378 2.02556e-15
 5227.1292 2.03708e-15
 5230.1205 1.98881e-15
 5233.1118 1.92413e-15
 5236.1032 1.88256e-15
 5239.0945 1.83749e-15
 5242.0859 1.80508e-15
 5245.0772 1.74144e-15
 5248.0685 1.72309e-15
 5251.0599 1.73975e-15
 5254.0512 1.68401e-15
 5257.0426 1.64841e-15
 5260.0339 1.61520e-15
 5263.0252 1.61757e-15
 5266.0166 1.55447e-15
 5269.0079 1.52407e-15
 5271.9993 1.50846e-15
 5274.9906 1.47259e-15
 5277.9820 1.48778e-15
 5280.9733 1.50722e-15
 5283.9646 1.48609e-15
 5286.9560 1.53836e-15
 5289.9473 1.48129e-15
 5292.9387 1.46763e-15
 5295.9300 1.51828e-15
 5298.9213 1.55205e-15
 5301.9127 1.52002e-15
 5304.9040 1.49120e-15
 5307.8954 1.49348e-15
 5310.8867 1.48761e-15
 5313.8780 1.50375e-15
 5316.8694 1.53962e-15
 5319.8607 1.53501e-15
 5322.8521 1.54539e-15
 5325.8434 1.54018e-15
 5328.8347 1.52291e-15
 5331.8261 1.55623e-15
 5334.8174 1.58264e-15
 5337.8088 1.61055e-15
 5340.8001 1.62359e-15
 5343.7914 1.65429e-15
 5346.7828 1.67447e-15
 5349.7741 1.63541e-15
 5352.7655 1.60172e-15
 5355.7568 1.66002e-15
 5358.7481 1.66786e-15
 5361.7395 1.68655e-15
 5364.7308 1.69961e-15
 5367.7222 1.70357e-15
 5370.7135 1.73492e-15
 5373.7048 1.67715e-15
 5376.6962 1.70707e-15
 5379.6875 1.65872e-15
 5382.6789 1.69234e-15
 5385.6702 1.65047e-15
 5388.6615 1.64137e-15
 5391.6529 1.67465e-15
 5394.6442 1.68168e-15
 5397.6356 1.67788e-15
 5400.6269 1.67957e-15
 5403.6182 1.65963e-15
 5406.6096 1.63003e-15
 5409.6009 1.62211e-15
 5412.5923 1.61042e-15
 5415.5836 1.56589e-15
 5418.5749 1.56918e-15
 5421.5663 1.57000e-15
 5424.5576 1.51491e-15
 5427.5490 1.48670e-15
 5430.5403 1.49951e-15
 5433.5316 1.45413e-15
 5436.5230 1.43152e-15
 5439.5143 1.41438e-15
 5442.5057 1.43512e-15
 5445.4970 1.44264e-15
 5448.4884 1.39935e-15
 5451.4797 1.37002e-15
 5454.4710 1.34303e-15
 5457.4624 1.35879e-15
 5460.4537 1.34751e-15
 5463.4451 1.36508e-15
 5466.4364 1.36418e-15
 5469.4277 1.34781e-15
 5472.4191 1.38572e-15
 5475.4104 1.37300e-15
 5478.4018 1.42281e-15
 5481.3931 1.47355e-15
 5484.3844 1.43902e-15
 5487.3758 1.41076e-15
 5490.3671 1.45635e-15
 5493.3585 1.50538e-15
 5496.3498 1.49405e-15
 5499.3411 1.50695e-15
 5502.3325 1.54743e-15
 5505.3238 1.54659e-15
 5508.3152 1.53846e-15
 5511.3065 1.61882e-15
 5514.2978 1.65452e-15
 5517.2892 1.60541e-15
 5520.2805 1.62441e-15
 5523.2719 1.66043e-15
 5526.2632 1.68280e-15
 5529.2545 1.72981e-15
 5532.2459 1.77983e-15
 5535.2372 1.76934e-15
 5538.2286 1.76816e-15
 5541.2199 1.79178e-15
 5544.2112 1.77971e-15
 5547.2026 1.79028e-15
 5550.1939 1.71467e-15
 5553.1853 1.75743e-15
 5556.1766 1.75270e-15
 5559.1679 1.71128e-15
 5562.1593 1.73073e-15
 5565.1506 1.72220e-15
 5568.1420 1.72400e-15
 5571.1333 1.70212e-15
 5574.1246 1.69997e-15
 5577.1160 1.70198e-15
 5580.1073 1.70943e-15
 5583.0987 1.72301e-15
 5586.0900 1.73805e-15
 5589.0813 1.77480e-15
 5592.0727 1.77362e-15
 5595.0640 1.74136e-15
 5598.0554 1.76948e-15
 5601.0467 1.77382e-15
 5604.0380 1.80734e-15
 5607.0294 1.80190e-15
 5610.0207 1.80332e-15
 5613.0121 1.82896e-15
 5616.0034 1.83761e-15
 5618.9947 1.83338e-15
 5621.9861 1.84273e-15
 5624.9774 1.83018e-15
 5627.9688 1.81366e-15
 5630.9601 1.78943e-15
 5633.9514 1.82750e-15
 5636.9428 1.87413e-15
 5639.9341 1.84121e-15
 5642.9255 1.83908e-15
 5645.9168 1.77693e-15
 5648.9081 1.80594e-15
 5651.8995 1.85257e-15
 5654.8908 1.86596e-15
 5657.8822 1.82574e-15
 5660.8735 1.83272e-15
 5663.8649 1.81923e-15
 5666.8562 1.81704e-15
 5669.8475 1.79272e-15
 5672.8389 1.78410e-15
 5675.8302 1.82460e-15
 5678.8216 1.83942e-15
 5681.8129 1.79344e-15
 5684.8042 1.78830e-15
 5687.7956 1.75970e-15
 5690.7869 1.77773e-15
 5693.7783 1.80449e-15
 5696.7696 1.82257e-15
 5699.7609 1.82361e-15
 5702.7523 1.81720e-15
 5705.7436 1.77506e-15
 5708.7350 1.81249e-15
 5711.7263 1.78927e-15
 5714.7176 1.79736e-15
 5717.7090 1.79588e-15
 5720.7003 1.75236e-15
 5723.6917 1.73738e-15
 5726.6830 1.74606e-15
 5729.6743 1.76040e-15
 5732.6657 1.73316e-15
 5735.6570 1.67380e-15
 5738.6484 1.73235e-15
 5741.6397 1.69548e-15
 5744.6310 1.66110e-15
 5747.6224 1.66616e-15
 5750.6137 1.62017e-15
 5753.6051 1.61911e-15
 5756.5964 1.61129e-15
 5759.5877 1.65874e-15
 5762.5791 1.68356e-15
 5765.5704 1.61957e-15
 5768.5618 1.62734e-15
 5771.5531 1.58997e-15
 5774.5444 1.56583e-15
 5777.5358 1.59017e-15
 5780.5271 1.60281e-15
 5783.5185 1.56431e-15
 5786.5098 1.58832e-15
 5789.5011 1.59489e-15
 5792.4925 1.56099e-15
 5795.4838 1.50931e-15
 5798.4752 1.55500e-15
 5801.4665 1.56224e-15
 5804.4578 1.54276e-15
 5807.4492 1.53314e-15
 5810.4405 1.56054e-15
 5813.4319 1.59532e-15
 5816.4232 1.60258e-15
 5819.4145 1.59882e-15
 5822.4059 1.63450e-15
 5825.3972 1.64756e-15
 5828.3886 1.60747e-15
 5831.3799 1.63002e-15
 5834.3712 1.61660e-15
 5837.3626 1.56879e-15
 5840.3539 1.62391e-15
 5843.3453 1.61440e-15
 5846.3366 1.62028e-15
 5849.3279 1.61777e-15
 5852.3193 1.59130e-15
 5855.3106 1.59278e-15
 5858.3020 1.63402e-15
 5861.2933 1.61959e-15
 5864.2846 1.60580e-15
 5867.2760 1.61636e-15
 5870.2673 1.59477e-15
 5873.2587 1.59352e-15
 5876.2500 1.59868e-15
 5879.2413 1.63380e-15
 5882.2327 1.56996e-15
 5885.2240 1.61492e-15
 5888.2154 1.65740e-15
 5891.2067 1.62711e-15
 5894.1981 1.58025e-15
 5897.1894 1.60910e-15
 5900.1807 1.65290e-15
 5903.1721 1.64384e-15
 5906.1634 1.64998e-15
 5909.1548 1.65018e-15
 5912.1461 1.63958e-15
 5915.1374 1.61384e-15
 5918.1288 1.62715e-15
 5921.1201 1.61177e-15
 5924.1115 1.61442e-15
 5927.1028 1.61202e-15
 5930.0941 1.60648e-15
 5933.0855 1.61605e-15
 5936.0768 1.61761e-15
 5939.0682 1.60586e-15
 5942.0595 1.61638e-15
 5945.0508 1.61485e-15
 5948.0422 1.60785e-15
 5951.0335 1.61639e-15
 5954.0249 1.62769e-15
 5957.0162 1.65382e-15
 5960.0075 1.65001e-15
 5962.9989 1.64139e-15
 5965.9902 1.63183e-15
 5968.9816 1.62186e-15
 5971.9729 1.61196e-15
 5974.9642 1.60226e-15
 5977.9556 1.59041e-15
 5980.9469 1.58750e-15
 5983.9383 1.59903e-15
 5986.9296 1.55760e-15
 5989.9209 1.56332e-15
 5992.9123 1.56213e-15
 5995.9036 1.51822e-15
 5998.8950 1.54338e-15
 6001.8863 1.51810e-15
 6004.8776 1.52971e-15
 6007.8690 1.54158e-15
 6010.8603 1.50311e-15
 6013.8517 1.48357e-15
 6016.8430 1.46560e-15
 6019.8343 1.44240e-15
 6022.8257 1.49071e-15
 6025.8170 1.47012e-15
 6028.8084 1.44492e-15
 6031.7997 1.44586e-15
 6034.7910 1.40795e-15
 6037.7824 1.38566e-15
 6040.7737 1.38937e-15
 6043.7651 1.34113e-15
 6046.7564 1.30993e-15
 6049.7477 1.30852e-15
 6052.7391 1.30164e-15
 6055.7304 1.24413e-15
 6058.7218 1.24186e-15
 6061.7131 1.18468e-15
 6064.7044 1.14348e-15
 6067.6958 1.11703e-15
 6070.6871 1.10714e-15
 6073.6785 1.08472e-15
 6076.6698 1.03415e-15
 6079.6611 1.00638e-15
 6082.6525 9.78645e-16
 6085.6438 9.58273e-16
 6088.6352 8.99566e-16
 6091.6265 8.93976e-16
 6094.6179 8.27213e-16
 6097.6092 8.33603e-16
 6100.6005 8.18205e-16
 6103.5919 7.46663e-16
 6106.5832 7.38090e-16
 6109.5746 7.43643e-16
 6112.5659 7.25801e-16
 6115.5572 7.03420e-16
 6118.5486 6.80229e-16
 6121.5399 6.63153e-16
 6124.5313 6.77975e-16
 6127.5226 6.65007e-16
 6130.5139 6.66697e-16
 6133.5053 6.53335e-16
 6136.4966 6.47530e-16
 6139.4880 6.58038e-16
 6142.4793 6.58560e-16
 6145.4706 6.65184e-16
 6148.4620 6.67547e-16
 6151.4533 6.56041e-16
 6154.4447 6.66380e-16
 6157.4360 6.73350e-16
 6160.4273 6.73580e-16
 6163.4187 6.95697e-16
 6166.4100 7.09023e-16
 6169.4014 7.08555e-16
 6172.3927 7.22191e-16
 6175.3840 7.19478e-16
 6178.3754 7.39828e-16
 6181.3667 7.48012e-16
 6184.3581 7.82085e-16
 6187.3494 8.39406e-16
 6190.3407 8.17100e-16
 6193.3321 8.45398e-16
 6196.3234 8.86130e-16
 6199.3148 9.01432e-16
 6202.3061 9.33379e-16
 6205.2974 9.33769e-16
 6208.2888 9.64616e-16
 6211.2801 1.00209e-15
 6214.2715 1.02707e-15
 6217.2628 1.04574e-15
 6220.2541 1.05380e-15
 6223.2455 1.09782e-15
 6226.2368 1.09261e-15
 6229.2282 1.09941e-15
 6232.2195 1.13472e-15
 6235.2108 1.15451e-15
 6238.2022 1.16755e-15
 6241.1935 1.16501e-15
 6244.1849 1.21725e-15
 6247.1762 1.22470e-15
 6250.1676 1.23306e-15
 6253.1589 1.21567e-15
 6256.1502 1.24308e-15
 6259.1416 1.27802e-15
 6262.1329 1.29414e-15
 6265.1243 1.29079e-15
 6268.1156 1.34067e-15
 6271.1069 1.38297e-15
 6274.0983 1.35692e-15
 6277.0896 1.30569e-15
 6280.0810 1.30343e-15
 6283.0723 1.34108e-15
 6286.0636 1.34069e-15
 6289.0550 1.39257e-15
 6292.0463 1.39620e-15
 6295.0377 1.40545e-15
 6298.0290 1.40606e-15
 6301.0203 1.39881e-15
 6304.0117 1.40493e-15
 6307.0030 1.43411e-15
 6309.9944 1.43508e-15
 6312.9857 1.41440e-15
 6315.9770 1.44173e-15
 6318.9684 1.42248e-15
 6321.9597 1.38921e-15
 6324.9511 1.42646e-15
 6327.9424 1.41395e-15
 6330.9337 1.37869e-15
 6333.9251 1.37183e-15
 6336.9164 1.40349e-15
 6339.9078 1.40149e-15
 6342.8991 1.39395e-15
 6345.8904 1.39193e-15
 6348.8818 1.40269e-15
 6351.8731 1.39159e-15
 6354.8645 1.38816e-15
 6357.8558 1.38056e-15
 6360.8471 1.37560e-15
 6363.8385 1.37336e-15
 6366.8298 1.38087e-15
 6369.8212 1.36614e-15
 6372.8125 1.36409e-15
 6375.8038 1.36284e-15
 6378.7952 1.34868e-15
 6381.7865 1.35784e-15
 6384.7779 1.37456e-15
 6387.7692 1.33411e-15
 6390.7605 1.33514e-15
 6393.7519 1.35858e-15
 6396.7432 1.34077e-15
 6399.7346 1.33198e-15
 6402.7259 1.32455e-15
 6405.7172 1.32721e-15
 6408.7086 1.32839e-15
 6411.6999 1.32320e-15
 6414.6913 1.32401e-15
 6417.6826 1.34683e-15
 6420.6740 1.35450e-15
 6423.6653 1.34626e-15
 6426.6566 1.30622e-15
 6429.6480 1.26304e-15
 6432.6393 1.28533e-15
 6435.6307 1.29417e-15
 6438.6220 1.29286e-15
 6441.6133 1.32297e-15
 6444.6047 1.27083e-15
 6447.5960 1.29504e-15
 6450.5874 1.33921e-15
 6453.5787 1.32126e-15
 6456.5700 1.32188e-15
 6459.5614 1.31678e-15
 6462.5527 1.26978e-15
 6465.5441 1.23711e-15
 6468.5354 1.25012e-15
 6471.5267 1.28789e-15
 6474.5181 1.27139e-15
 6477.5094 1.22195e-15
 6480.5008 1.21817e-15
 6483.4921 1.21916e-15
 6486.4834 1.23165e-15
 6489.4748 1.22432e-15
 6492.4661 1.19950e-15
 6495.4575 1.20441e-15
 6498.4488 1.19630e-15
 6501.4401 1.16022e-15
 6504.4315 1.15715e-15
 6507.4228 1.14508e-15
 6510.4142 1.14545e-15
 6513.4055 1.15764e-15
 6516.3968 1.17544e-15
 6519.3882 1.14856e-15
 6522.3795 1.11320e-15
 6525.3709 1.11041e-15
 6528.3622 1.13406e-15
 6531.3535 1.11269e-15
 6534.3449 1.07685e-15
 6537.3362 1.09094e-15
 6540.3276 1.10220e-15
 6543.3189 1.10594e-15
 6546.3102 1.09010e-15
 6549.3016 1.07021e-15
 6552.2929 1.06344e-15
 6555.2843 1.03567e-15
 6558.2756 1.04180e-15
 6561.2669 1.04634e-15
 6564.2583 1.02714e-15
 6567.2496 1.06432e-15
 6570.2410 1.05410e-15
 6573.2323 1.02454e-15
 6576.2237 1.04944e-15
 6579.2150 1.03156e-15
 6582.2063 1.01854e-15
 6585.1977 1.02833e-15
 6588.1890 1.02786e-15
 6591.1804 9.95236e-16
 6594.1717 9.62179e-16
 6597.1630 9.89775e-16
 6600.1544 1.00526e-15
 6603.1457 9.84170e-16
 6606.1371 9.63303e-16
 6609.1284 9.75658e-16
 6612.1197 9.54762e-16
 6615.1111 9.73767e-16
 6618.1024 9.57852e-16
 6621.0938 9.80278e-16
 6624.0851 9.73731e-16
 6627.0764 9.62327e-16
 6630.0678 9.63302e-16
 6633.0591 9.46258e-16
 6636.0505 9.42305e-16
 6639.0418 9.43928e-16
 6642.0331 9.27078e-16
 6645.0245 9.43509e-16
 6648.0158 9.71616e-16
 6651.0072 9.26510e-16
 6653.9985 9.23520e-16
 6656.9898 9.50265e-16
 6659.9812 9.09570e-16
 6662.9725 9.07178e-16
 6665.9639 9.25401e-16
 6668.9552 9.16693e-16
 6671.9465 9.19765e-16
 6674.9379 9.15510e-16
 6677.9292 9.17896e-16
 6680.9206 9.06092e-16
 6683.9119 8.86889e-16
 6686.9032 8.66836e-16
 6689.8946 9.15567e-16
 6692.8859 8.94565e-16
 6695.8773 8.85825e-16
 6698.8686 8.87548e-16
 6701.8599 8.73140e-16
 6704.8513 8.77719e-16
 6707.8426 8.72584e-16
 6710.8340 8.53056e-16
 6713.8253 8.74117e-16
 6716.8166 8.24548e-16
 6719.8080 8.29181e-16
 6722.7993 8.67915e-16
 6725.7907 8.56581e-16
 6728.7820 8.65510e-16
 6731.7733 8.62643e-16
 6734.7647 8.63104e-16
 6737.7560 8.75589e-16
 6740.7474 8.58175e-16
 6743.7387 8.12373e-16
 6746.7300 8.38534e-16
 6749.7214 8.27580e-16
 6752.7127 8.14854e-16
 6755.7041 8.32692e-16
 6758.6954 8.20847e-16
 6761.6867 7.77748e-16
 6764.6781 7.79424e-16
 6767.6694 7.77763e-16
 6770.6608 7.78027e-16
 6773.6521 7.97701e-16
 6776.6434 7.81053e-16
 6779.6348 7.84682e-16
 6782.6261 8.01888e-16
 6785.6175 8.08231e-16
 6788.6088 7.85228e-16
 6791.6002 7.95624e-16
 6794.5915 8.12117e-16
 6797.5828 7.86683e-16
 6800.5742 7.74259e-16
 6803.5655 7.84076e-16
 6806.5569 7.91640e-16
 6809.5482 7.85604e-16
 6812.5395 7.61820e-16
 6815.5309 7.78985e-16
 6818.5222 7.85611e-16
 6821.5136 7.86210e-16
 6824.5049 7.73360e-16
 6827.4962 7.30955e-16
 6830.4876 7.68115e-16
 6833.4789 7.74639e-16
 6836.4703 7.84650e-16
 6839.4616 7.79308e-16
 6842.4529 7.60447e-16
 6845.4443 7.64626e-16
 6848.4356 7.51870e-16
 6851.4270 7.26933e-16
 6854.4183 7.65007e-16
 6857.4096 7.81486e-16
 6860.4010 7.45670e-16
 6863.3923 7.58420e-16
 6866.3837 7.41786e-16
 6869.3750 7.39390e-16
 6872.3663 7.37585e-16
 6875.3577 7.29329e-16
 6878.3490 7.35297e-16
 6881.3404 7.29471e-16
 6884.3317 7.25139e-16
 6887.3230 7.45520e-16
 6890.3144 7.20102e-16
 6893.3057 7.03041e-16
 6896.2971 7.07905e-16
 6899.2884 7.19675e-16
 6902.2797 7.10864e-16
 6905.2711 7.33904e-16
 6908.2624 7.33200e-16
 6911.2538 7.13909e-16
 6914.2451 7.03158e-16
 6917.2364 7.08751e-16
 6920.2278 7.38470e-16
 6923.2191 7.25313e-16
 6926.2105 7.02540e-16
 6929.2018 7.25456e-16
 6932.1931 7.44303e-16
 6935.1845 7.48832e-16
 6938.1758 7.23785e-16
 6941.1672 7.09997e-16
 6944.1585 7.31834e-16
 6947.1498 7.55764e-16
 6950.1412 7.42472e-16
 6953.1325 7.32070e-16
 6956.1239 7.04119e-16
 6959.1152 7.10760e-16
 6962.1065 7.19894e-16
 6965.0979 7.18517e-16
 6968.0892 7.11840e-16
 6971.0806 7.28501e-16
 6974.0719 7.25788e-16
 6977.0632 7.02325e-16
 6980.0546 7.22397e-16
 6983.0459 7.13081e-16
 6986.0373 7.10356e-16
 6989.0286 7.21280e-16
 6992.0199 6.94352e-16
 6995.0113 7.12739e-16
 6998.0026 7.03900e-16
 7000.9940 6.89129e-16
 7003.9853 6.89375e-16
 7006.9766 6.97889e-16
 7009.9680 6.99911e-16
 7012.9593 6.83245e-16
 7015.9507 6.79353e-16
 7018.9420 6.74987e-16
 7021.9334 6.84664e-16
 7024.9247 6.80521e-16
 7027.9160 6.65493e-16
 7030.9074 6.85355e-16
 7033.8987 6.85034e-16
 7036.8901 6.85656e-16
 7039.8814 6.75033e-16
 7042.8727 6.98461e-16
 7045.8641 6.82473e-16
 7048.8554 6.89838e-16
 7051.8468 7.23827e-16
 7054.8381 7.13882e-16
 7057.8294 6.99101e-16
 7060.8208 7.27879e-16
 7063.8121 7.27590e-16
 7066.8035 7.14182e-16
 7069.7948 7.01374e-16
 7072.7861 7.07954e-16
 7075.7775 7.11159e-16
 7078.7688 7.11601e-16
 7081.7602 7.28706e-16
 7084.7515 6.94348e-16
 7087.7428 6.88878e-16
 7090.7342 7.04606e-16
 7093.7255 7.07919e-16
 7096.7169 7.14905e-16
 7099.7082 7.11770e-16
 7102.6995 6.89614e-16
 7105.6909 7.04999e-16
 7108.6822 6.96973e-16
 7111.6736 7.11932e-16
 7114.6649 7.20397e-16
 7117.6562 7.01701e-16
 7120.6476 7.17367e-16
 7123.6389 7.20155e-16
 7126.6303 7.03263e-16
 7129.6216 7.05225e-16
 7132.6129 7.15772e-16
 7135.6043 7.11282e-16
 7138.5956 6.96816e-16
 7141.5870 6.98308e-16
 7144.5783 7.24972e-16
 7147.5696 7.12401e-16
 7150.5610 6.93186e-16
 7153.5523 7.06052e-16
 7156.5437 6.88043e-16
 7159.5350 6.68515e-16
 7162.5263 6.87523e-16
 7165.5177 6.94417e-16
 7168.5090 7.05312e-16
 7171.5004 6.93514e-16
 7174.4917 6.77683e-16
 7177.4830 6.81083e-16
 7180.4744 6.96043e-16
 7183.4657 6.74602e-16
 7186.4571 6.61591e-16
 7189.4484 6.70563e-16
 7192.4397 6.80265e-16
 7195.4311 6.61727e-16
 7198.4224 6.79516e-16
 7201.4138 6.68449e-16
 7204.4051 6.66383e-16
 7207.3964 6.71830e-16
 7210.3878 6.55542e-16
 7213.3791 6.39766e-16
 7216.3705 6.48636e-16
 7219.3618 6.38375e-16
 7222.3532 6.50361e-16
 7225.3445 6.53327e-16
 7228.3358 6.40351e-16
 7231.3272 6.49652e-16
 7234.3185 6.28804e-16
 7237.3099 6.32727e-16
 7240.3012 6.07124e-16
 7243.2925 6.05719e-16
 7246.2839 6.31492e-16
 7249.2752 6.16167e-16
 7252.2666 6.37849e-16
 7255.2579 6.17955e-16
 7258.2492 6.13307e-16
 7261.2406 6.17005e-16
 7264.2319 6.20967e-16
 7267.2233 6.43845e-16
 7270.2146 6.41999e-16
 7273.2059 6.44115e-16
 7276.1973 6.27535e-16
 7279.1886 6.39106e-16
 7282.1800 6.17968e-16
 7285.1713 6.08236e-16
 7288.1626 6.09624e-16
 7291.1540 6.01303e-16
 7294.1453 6.18377e-16
 7297.1367 6.11295e-16
 7300.1280 6.16656e-16
 7303.1193 6.13531e-16
 7306.1107 6.16398e-16
 7309.1020 6.13619e-16
 7312.0934 6.03439e-16
 7315.0847 6.16300e-16
 7318.0760 5.93448e-16
 7321.0674 6.06470e-16
 7324.0587 5.86870e-16
 7327.0501 5.84183e-16
 7330.0414 5.96317e-16
 7333.0327 6.01278e-16
 7336.0241 5.88141e-16
 7339.0154 6.07094e-16
 7342.0068 6.06866e-16
 7344.9981 6.21105e-16
 7347.9894 6.07137e-16
 7350.9808 5.72226e-16
 7353.9721 5.88774e-16
 7356.9635 5.90497e-16
 7359.9548 5.68948e-16
 7362.9461 5.70044e-16
 7365.9375 5.74114e-16
 7368.9288 5.69171e-16
 7371.9202 5.76736e-16
 7374.9115 5.80656e-16
 7377.9028 5.51808e-16
 7380.8942 5.73306e-16
 7383.8855 5.68229e-16
 7386.8769 5.71362e-16
 7389.8682 5.67655e-16
 7392.8596 5.61666e-16
 7395.8509 5.58505e-16
 7398.8422 5.44944e-16
 7401.8336 5.77981e-16
 7404.8249 5.77792e-16
 7407.8163 5.58738e-16
 7410.8076 5.53416e-16
 7413.7989 5.61463e-16
 7416.7903 5.89043e-16
 7419.7816 5.67847e-16
 7422.7730 5.46124e-16
 7425.7643 5.33630e-16
 7428.7556 5.33449e-16
 7431.7470 5.33563e-16
 7434.7383 5.50721e-16
 7437.7297 5.09928e-16
 7440.7210 5.37467e-16
 7443.7123 5.51119e-16
 7446.7037 5.13981e-16
 7449.6950 5.31236e-16
 7452.6864 5.39912e-16
 7455.6777 5.36329e-16
 7458.6690 5.20439e-16
 7461.6604 5.36596e-16
 7464.6517 5.38307e-16
 7467.6431 5.44441e-16
 7470.6344 5.73366e-16
 7473.6257 5.57494e-16
 7476.6171 5.72575e-16
 7479.6084 5.19985e-16
 7482.5998 4.58676e-16
 7485.5911 4.63027e-16
 7488.5824 4.53602e-16
 7491.5738 4.47811e-16
 7494.5651 4.84879e-16
 7497.5565 4.94358e-16
 7500.5478 4.88984e-16
 7503.5391 5.14250e-16
 7506.5305 5.04340e-16
 7509.5218 4.85626e-16
 7512.5132 5.00256e-16
 7515.5045 5.01771e-16
 7518.4958 4.78203e-16
 7521.4872 4.91701e-16
 7524.4785 4.77595e-16
 7527.4699 4.81489e-16
 7530.4612 5.09776e-16
 7533.4525 5.30799e-16
 7536.4439 5.01101e-16
 7539.4352 5.14160e-16
 7542.4266 4.90708e-16
 7545.4179 4.85233e-16
 7548.4093 5.22422e-16
 7551.4006 5.01254e-16
 7554.3919 4.93255e-16
 7557.3833 4.98941e-16
 7560.3746 5.06036e-16
 7563.3660 5.06593e-16
 7566.3573 5.21342e-16
 7569.3486 5.19516e-16
 7572.3400 5.27974e-16
 7575.3313 5.27617e-16
 7578.3227 5.17926e-16
 7581.3140 5.14802e-16
 7584.3053 5.38224e-16
 7587.2967 5.35302e-16
 7590.2880 5.28025e-16
 7593.2794 5.21444e-16
 7596.2707 5.32870e-16
 7599.2620 5.62059e-16
 7602.2534 5.23125e-16
 7605.2447 5.07687e-16
 7608.2361 5.27852e-16
 7611.2274 5.14009e-16
 7614.2187 5.16303e-16
 7617.2101 5.47097e-16
 7620.2014 5.35768e-16
 7623.1928 4.95529e-16
 7626.1841 5.01225e-16
 7629.1754 5.20710e-16
 7632.1668 5.22240e-16
 7635.1581 4.92226e-16
 7638.1495 5.03683e-16
 7641.1408 5.15220e-16
 7644.1321 5.48168e-16
 7647.1235 5.27290e-16
 7650.1148 5.29474e-16
 7653.1062 5.49829e-16
 7656.0975 5.54363e-16
 7659.0888 5.66369e-16
 7662.0802 5.38779e-16
 7665.0715 5.34428e-16
 7668.0629 5.32913e-16
 7671.0542 5.20976e-16
 7674.0455 5.28367e-16
 7677.0369 5.44351e-16
 7680.0282 5.46008e-16
 7683.0196 5.10814e-16
 7686.0109 5.33510e-16
 7689.0022 5.37513e-16
 7691.9936 5.48687e-16
 7694.9849 5.51902e-16
 7697.9763 5.59497e-16
 7700.9676 5.54291e-16
 7703.9589 5.51206e-16
 7706.9503 5.41225e-16
 7709.9416 5.46842e-16
 7712.9330 5.46131e-16
 7715.9243 5.52710e-16
 7718.9157 5.40825e-16
 7721.9070 5.66361e-16
 7724.8983 5.91136e-16
 7727.8897 5.61051e-16
 7730.8810 5.44464e-16
 7733.8724 5.61606e-16
 7736.8637 5.37478e-16
 7739.8550 5.35601e-16
 7742.8464 5.40693e-16
 7745.8377 5.47301e-16
 7748.8291 5.68615e-16
 7751.8204 5.56863e-16
 7754.8117 5.66240e-16
 7757.8031 5.64739e-16
 7760.7944 5.53118e-16
 7763.7858 5.58771e-16
 7766.7771 5.72324e-16
 7769.7684 5.56662e-16
 7772.7598 5.66962e-16
 7775.7511 5.79284e-16
 7778.7425 5.87419e-16
 7781.7338 5.88282e-16
 7784.7251 5.55346e-16
 7787.7165 6.04799e-16
 7790.7078 5.71411e-16
 7793.6992 5.91173e-16
 7796.6905 5.74764e-16
 7799.6818 5.88331e-16
 7802.6732 5.74349e-16
 7805.6645 5.74565e-16
 7808.6559 5.77061e-16
 7811.6472 5.52028e-16
 7814.6385 5.47473e-16
 7817.6299 5.74465e-16
 7820.6212 5.71961e-16
 7823.6126 5.68777e-16
 7826.6039 5.74898e-16
 7829.5952 5.70373e-16
 7832.5866 5.38493e-16
 7835.5779 5.25540e-16
 7838.5693 5.44915e-16
 7841.5606 5.53468e-16
 7844.5519 5.57924e-16
 7847.5433 5.55714e-16
 7850.5346 5.83748e-16
 7853.5260 5.75936e-16
 7856.5173 5.50951e-16
 7859.5086 5.33507e-16
 7862.5000 5.39665e-16
 7865.4913 5.39339e-16
 7868.4827 5.40740e-16
 7871.4740 5.54207e-16
 7874.4653 5.39874e-16
 7877.4567 5.54147e-16
 7880.4480 5.62923e-16
 7883.4394 5.27213e-16
 7886.4307 5.45138e-16
 7889.4220 5.56538e-16
 7892.4134 5.46410e-16
 7895.4047 5.40121e-16
 7898.3961 5.40942e-16
 7901.3874 5.33465e-16
 7904.3787 5.49753e-16
 7907.3701 5.33554e-16
 7910.3614 5.35660e-16
 7913.3528 5.41795e-16
 7916.3441 5.35166e-16
 7919.3355 5.30738e-16
 7922.3268 5.29143e-16
 7925.3181 5.38690e-16
 7928.3095 5.12213e-16
 7931.3008 5.27415e-16
 7934.2922 5.29866e-16
 7937.2835 5.28986e-16
 7940.2748 5.24029e-16
 7943.2662 5.25119e-16
 7946.2575 5.14500e-16
 7949.2489 5.07039e-16
 7952.2402 4.87973e-16
 7955.2315 4.93370e-16
 7958.2229 5.32539e-16
 7961.2142 4.79767e-16
 7964.2056 4.79903e-16
 7967.1969 4.70828e-16
 7970.1882 4.86814e-16
 7973.1796 5.04666e-16
 7976.1709 4.83523e-16
 7979.1623 4.71188e-16
 7982.1536 4.70337e-16
 7985.1449 4.85236e-16
 7988.1363 4.96394e-16
 7991.1276 4.76249e-16
 7994.1190 4.56194e-16
 7997.1103 4.69877e-16
 8000.1016 4.59916e-16
 8003.0930 4.58901e-16
 8006.0843 4.46592e-16
 8009.0757 4.33959e-16
 8012.0670 4.53274e-16
 8015.0583 4.73362e-16
 8018.0497 4.60567e-16
 8021.0410 4.42976e-16
 8024.0324 4.47453e-16
 8027.0237 4.74881e-16
 8030.0150 4.55366e-16
 8033.0064 4.39809e-16
 8035.9977 4.60056e-16
 8038.9891 4.36363e-16
 8041.9804 4.45465e-16
 8044.9717 4.56278e-16
 8047.9631 4.41544e-16
 8050.9544 4.63803e-16
 8053.9458 4.54730e-16
 8056.9371 4.63447e-16
 8059.9284 4.37406e-16
 8062.9198 4.48108e-16
 8065.9111 4.45861e-16
 8068.9025 4.52855e-16
 8071.8938 4.51629e-16
 8074.8851 4.70208e-16
 8077.8765 4.66505e-16
 8080.8678 4.36212e-16
 8083.8592 4.81022e-16
 8086.8505 4.70344e-16
 8089.8418 4.86807e-16
 8092.8332 5.01498e-16
 8095.8245 4.66385e-16
 8098.8159 4.74613e-16
 8101.8072 4.79755e-16
 8104.7985 4.27042e-16
 8107.7899 4.54222e-16
 8110.7812 4.55962e-16
 8113.7726 4.53450e-16
 8116.7639 4.70246e-16
 8119.7552 4.42556e-16
 8122.7466 4.45800e-16
 8125.7379 4.52844e-16
 8128.7293 4.31210e-16
 8131.7206 4.49235e-16
 8134.7119 4.58106e-16
 8137.7033 4.47619e-16
 8140.6946 4.67864e-16
 8143.6860 4.53461e-16
 8146.6773 4.48806e-16
 8149.6687 4.00853e-16
 8152.6600 4.29769e-16
 8155.6513 4.22137e-16
 8158.6427 4.42063e-16
 8161.6340 4.24904e-16
 8164.6254 4.42139e-16
 8167.6167 4.54598e-16
 8170.6080 4.39057e-16
 8173.5994 4.13698e-16
 8176.5907 4.30307e-16
 8179.5821 4.31236e-16
 8182.5734 4.04668e-16
 8185.5647 3.95419e-16
 8188.5561 3.98270e-16
 8191.5474 3.77373e-16
 8194.5388 3.92341e-16
 8197.5301 3.93815e-16
 8200.5214 4.01525e-16
 8203.5128 3.85202e-16
 8206.5041 3.62400e-16
 8209.4955 3.87828e-16
 8212.4868 3.71846e-16
 8215.4781 3.98647e-16
 8218.4695 3.69595e-16
 8221.4608 3.75123e-16
 8224.4522 4.02700e-16
 8227.4435 3.78550e-16
 8230.4348 3.74822e-16
 8233.4262 3.76776e-16
 8236.4175 3.57229e-16
 8239.4089 3.93818e-16
 8242.4002 3.60123e-16
 8245.3915 3.64160e-16
 8248.3829 3.74096e-16
 8251.3742 3.71266e-16
 8254.3656 3.71475e-16
 8257.3569 3.84555e-16
 8260.3482 3.55643e-16
 8263.3396 3.74406e-16
 8266.3309 3.92076e-16
 8269.3223 3.65225e-16
 8272.3136 3.97347e-16
 8275.3049 4.37433e-16
 8278.2963 3.84343e-16
 8281.2876 3.62300e-16
 8284.2790 3.87583e-16
 8287.2703 4.02308e-16
 8290.2616 3.93624e-16
 8293.2530 3.68367e-16
 8296.2443 3.60328e-16
 8299.2357 3.56222e-16
 8302.2270 3.85684e-16
 8305.2183 3.80110e-16
 8308.2097 3.84761e-16
 8311.2010 4.00919e-16
 8314.1924 3.62500e-16
 8317.1837 3.50360e-16
 8320.1750 3.63912e-16
 8323.1664 3.82209e-16
 8326.1577 3.70712e-16
 8329.1491 3.51118e-16
 8332.1404 3.36956e-16
 8335.1317 3.74482e-16
 8338.1231 3.59542e-16
 8341.1144 3.57740e-16
 8344.1058 3.80853e-16
 8347.0971 3.86372e-16
 8350.0884 4.10014e-16
 8353.0798 3.87082e-16
 8356.0711 3.93780e-16
 8359.0625 3.82075e-16
 8362.0538 3.53588e-16
 8365.0452 3.78903e-16
 8368.0365 3.99726e-16
 8371.0278 3.94183e-16
 8374.0192 4.09473e-16
 8377.0105 4.15063e-16
 8380.0019 4.20708e-16
 8382.9932 4.22698e-16
 8385.9845 3.97840e-16
 8388.9759 4.22915e-16
 8391.9672 4.24167e-16
 8394.9586 4.06358e-16
 8397.9499 4.48372e-16
 8400.9412 4.22915e-16
 8403.9326 4.23708e-16
 8406.9239 4.35410e-16
 8409.9153 4.59438e-16
 8412.9066 4.72615e-16
 8415.8979 4.31279e-16
 8418.8893 4.13627e-16
 8421.8806 4.31050e-16
 8424.8720 4.51656e-16
 8427.8633 4.58203e-16
 8430.8546 4.51499e-16
 8433.8460 4.50795e-16
 8436.8373 4.59105e-16
 8439.8287 4.34365e-16
 8442.8200 4.50586e-16
 8445.8113 4.62239e-16
 8448.8027 4.60908e-16
 8451.7940 4.57428e-16
 8454.7854 4.96339e-16
 8457.7767 4.76030e-16
 8460.7680 4.74560e-16
 8463.7594 4.98423e-16
 8466.7507 4.89423e-16
 8469.7421 4.83691e-16
 8472.7334 4.93105e-16
 8475.7247 4.83992e-16
 8478.7161 4.81668e-16
 8481.7074 5.01991e-16
 8484.6988 5.00098e-16
 8487.6901 4.89851e-16
 8490.6814 4.93426e-16
 8493.6728 4.90469e-16
 8496.6641 4.92019e-16
 8499.6555 5.22186e-16
 8502.6468 4.91323e-16
 8505.6381 4.84998e-16
 8508.6295 5.15839e-16
 8511.6208 4.90618e-16
 8514.6122 4.69084e-16
 8517.6035 4.59717e-16
 8520.5949 4.85789e-16
 8523.5862 5.07732e-16
 8526.5775 5.21990e-16
 8529.5689 4.95756e-16
 8532.5602 4.93889e-16
 8535.5516 5.16764e-16
 8538.5429 5.07663e-16
 8541.5342 4.97338e-16
 8544.5256 5.08087e-16
 8547.5169 4.56685e-16
 8550.5083 4.81631e-16
 8553.4996 5.13497e-16
 8556.4909 5.00897e-16
 8559.4823 5.02527e-16
 8562.4736 5.07114e-16
 8565.4650 5.00977e-16
 8568.4563 4.93181e-16
 8571.4476 4.78613e-16
 8574.4390 4.79774e-16
 8577.4303 4.67311e-16
 8580.4217 4.79032e-16
 8583.4130 4.87433e-16
 8586.4043 4.80499e-16
 8589.3957 4.67682e-16
 8592.3870 4.73653e-16
 8595.3784 5.06533e-16
 8598.3697 4.66546e-16
 8601.3610 4.68196e-16
 8604.3524 4.75933e-16
 8607.3437 4.63582e-16
 8610.3351 4.88071e-16
 8613.3264 5.19309e-16
 8616.3177 4.77461e-16
 8619.3091 4.52730e-16
 8622.3004 4.47868e-16
 8625.2918 4.40617e-16
 8628.2831 4.27281e-16
 8631.2744 4.78322e-16
 8634.2658 4.77142e-16
 8637.2571 4.15181e-16
 8640.2485 4.57528e-16
 8643.2398 4.52389e-16
 8646.2311 4.71105e-16
 8649.2225 4.56384e-16
 8652.2138 4.75024e-16
 8655.2052 4.58832e-16
 8658.1965 4.60713e-16
 8661.1878 4.72197e-16
 8664.1792 4.66800e-16
 8667.1705 4.35749e-16
 8670.1619 4.39383e-16
 8673.1532 4.66762e-16
 8676.1445 4.64113e-16
 8679.1359 4.74385e-16
 8682.1272 4.94726e-16
 8685.1186 4.84068e-16
 8688.1099 4.63971e-16
 8691.1013 4.24588e-16
 8694.0926 4.41776e-16
 8697.0839 4.31085e-16
 8700.0753 4.37800e-16
 8703.0666 4.54543e-16
 8706.0580 4.66125e-16
 8709.0493 4.63648e-16
 8712.0406 4.58866e-16
 8715.0320 4.49508e-16
 8718.0233 4.12037e-16
 8721.0147 4.16489e-16
 8724.0060 4.53568e-16
 8726.9973 4.33602e-16
 8729.9887 4.24103e-16
 8732.9800 4.34143e-16
 8735.9714 4.15051e-16
 8738.9627 4.49758e-16
 8741.9540 4.79680e-16
 8744.9454 4.66934e-16
 8747.9367 4.14222e-16
 8750.9281 3.99098e-16
 8753.9194 4.27347e-16
 8756.9107 4.65413e-16
 8759.9021 4.35030e-16
 8762.8934 4.36164e-16
 8765.8848 4.41098e-16
 8768.8761 5.00760e-16
 8771.8674 4.48003e-16
 8774.8588 3.99214e-16
 8777.8501 3.85260e-16
 8780.8415 4.00557e-16
 8783.8328 3.97964e-16
 8786.8241 4.08198e-16
 8789.8155 4.01028e-16
 8792.8068 4.39534e-16
 8795.7982 4.64156e-16
 8798.7895 3.98807e-16
 8801.7808 3.84388e-16
 8804.7722 4.01067e-16
 8807.7635 4.43504e-16
 8810.7549 3.78272e-16
 8813.7462 4.25517e-16
 8816.7375 4.53027e-16
 8819.7289 4.16653e-16
 8822.7202 4.10544e-16
 8825.7116 4.01896e-16
 8828.7029 3.79050e-16
 8831.6942 4.05039e-16
 8834.6856 4.01210e-16
 8837.6769 3.94622e-16
 8840.6683 3.83539e-16
 8843.6596 3.28696e-16
 8846.6510 3.32858e-16
 8849.6423 4.05483e-16
 8852.6336 3.65936e-16
 8855.6250 3.64107e-16
 8858.6163 3.90434e-16
 8861.6077 3.73092e-16
 8864.5990 3.36398e-16
 8867.5903 3.97391e-16
 8870.5817 3.55226e-16
 8873.5730 3.21789e-16
 8876.5644 3.57149e-16
 8879.5557 3.40343e-16
 8882.5470 3.50256e-16
 8885.5384 3.80879e-16
 8888.5297 3.42715e-16
 8891.5211 3.41338e-16
 8894.5124 3.81817e-16
 8897.5037 3.75542e-16
 8900.4951 3.34606e-16
 8903.4864 3.14144e-16
 8906.4778 3.31324e-16
 8909.4691 3.00388e-16
 8912.4604 3.09701e-16
 8915.4518 3.44963e-16
 8918.4431 3.33018e-16
 8921.4345 3.76265e-16
 8924.4258 3.32959e-16
 8927.4171 3.04158e-16
 8930.4085 3.20563e-16
 8933.3998 3.43197e-16
 8936.3912 3.55423e-16
 8939.3825 3.64689e-16
 8942.3738 3.48593e-16
 8945.3652 3.24311e-16
 8948.3565 3.41641e-16
 8951.3479 3.49470e-16
 8954.3392 3.07364e-16
 8957.3305 3.31378e-16
 8960.3219 3.14681e-16
 8963.3132 3.46549e-16
 8966.3046 3.67097e-16
 8969.2959 3.70599e-16
 8972.2872 2.98805e-16
 8975.2786 3.08865e-16
 8978.2699 3.40398e-16
 8981.2613 3.12491e-16
 8984.2526 3.35149e-16
 8987.2439 3.43582e-16
 8990.2353 3.26586e-16
 8993.2266 3.12141e-16
 8996.2180 3.16354e-16
 8999.2093 3.47534e-16
 9002.2006 3.53398e-16
 9005.1920 2.82344e-16
 9008.1833 3.56453e-16
 9011.1747 3.28746e-16
 9014.1660 3.15406e-16
 9017.1573 3.25250e-16
 9020.1487 3.57567e-16
 9023.1400 3.25605e-16
 9026.1314 3.37943e-16
 9029.1227 3.51459e-16
 9032.1140 3.58804e-16
 9035.1054 3.50423e-16
 9038.0967 3.22318e-16
 9041.0881 3.54474e-16
 9044.0794 3.43808e-16
 9047.0708 3.14505e-16
 9050.0621 3.61952e-16
 9053.0534 3.36188e-16
 9056.0448 2.84568e-16
 9059.0361 3.27698e-16
 9062.0275 3.28113e-16
 9065.0188 3.11871e-16
 9068.0101 2.97753e-16
 9071.0015 2.93850e-16
 9073.9928 2.87254e-16
 9076.9842 3.52206e-16
 9079.9755 2.80581e-16
 9082.9668 2.97225e-16
