#Object:               SN2006kf
#FITS_file:            SN06kf_b01_DUP_WF_16nov06.fits
#Redshift:             0.02130
#JDate_of_max:         2454041.28
#JDate_of_observation: 2454055.76
#Epoch:                14.18     
#
 3720.7428 1.33398e-16
 3723.7208 1.25412e-16
 3726.6988 1.71285e-16
 3729.6768 1.70167e-16
 3732.6547 1.84410e-16
 3735.6327 1.57578e-16
 3738.6107 2.01314e-16
 3741.5887 1.85627e-16
 3744.5666 1.75047e-16
 3747.5446 1.74418e-16
 3750.5226 1.55197e-16
 3753.5006 1.97052e-16
 3756.4785 1.74903e-16
 3759.4565 1.45447e-16
 3762.4345 1.35454e-16
 3765.4125 1.34345e-16
 3768.3904 1.55622e-16
 3771.3684 1.11189e-16
 3774.3464 1.36122e-16
 3777.3244 1.25620e-16
 3780.3023 1.15016e-16
 3783.2803 1.34550e-16
 3786.2583 1.35500e-16
 3789.2363 1.47967e-16
 3792.2142 1.06735e-16
 3795.1922 1.31227e-16
 3798.1702 1.71851e-16
 3801.1482 1.43624e-16
 3804.1261 1.35076e-16
 3807.1041 1.31074e-16
 3810.0821 1.33785e-16
 3813.0601 1.33239e-16
 3816.0380 1.01193e-16
 3819.0160 1.19859e-16
 3821.9940 1.29151e-16
 3824.9720 1.38259e-16
 3827.9499 1.54449e-16
 3830.9279 1.25683e-16
 3833.9059 1.51987e-16
 3836.8839 1.58028e-16
 3839.8618 1.51640e-16
 3842.8398 1.66441e-16
 3845.8178 1.75033e-16
 3848.7958 1.84153e-16
 3851.7737 1.49781e-16
 3854.7517 1.69128e-16
 3857.7297 1.76273e-16
 3860.7077 1.80721e-16
 3863.6856 1.71621e-16
 3866.6636 1.94361e-16
 3869.6416 1.96518e-16
 3872.6196 2.28687e-16
 3875.5975 2.08968e-16
 3878.5755 2.18663e-16
 3881.5535 2.16150e-16
 3884.5315 2.39072e-16
 3887.5094 2.23871e-16
 3890.4874 2.11502e-16
 3893.4654 2.39905e-16
 3896.4434 2.43316e-16
 3899.4213 2.17963e-16
 3902.3993 2.34210e-16
 3905.3773 2.23444e-16
 3908.3553 2.60659e-16
 3911.3332 2.54325e-16
 3914.3112 2.40537e-16
 3917.2892 2.34783e-16
 3920.2672 2.51343e-16
 3923.2451 2.72178e-16
 3926.2231 2.69250e-16
 3929.2011 2.67901e-16
 3932.1791 2.64921e-16
 3935.1570 2.80582e-16
 3938.1350 2.70319e-16
 3941.1130 2.80351e-16
 3944.0910 3.03634e-16
 3947.0689 2.75757e-16
 3950.0469 2.91860e-16
 3953.0249 2.94940e-16
 3956.0029 2.95571e-16
 3958.9808 2.88406e-16
 3961.9588 2.92612e-16
 3964.9368 2.73779e-16
 3967.9148 2.75160e-16
 3970.8927 2.89194e-16
 3973.8707 2.53030e-16
 3976.8487 2.37024e-16
 3979.8267 2.26026e-16
 3982.8046 2.24477e-16
 3985.7826 2.27994e-16
 3988.7606 2.67731e-16
 3991.7386 2.54161e-16
 3994.7165 2.20888e-16
 3997.6945 2.25283e-16
 4000.6725 2.42998e-16
 4003.6505 2.23289e-16
 4006.6284 2.08109e-16
 4009.6064 2.00472e-16
 4012.5844 1.97882e-16
 4015.5624 2.03182e-16
 4018.5403 2.07504e-16
 4021.5183 1.99293e-16
 4024.4963 1.97905e-16
 4027.4743 1.84014e-16
 4030.4522 1.89864e-16
 4033.4302 2.08845e-16
 4036.4082 2.10731e-16
 4039.3862 2.23736e-16
 4042.3641 2.11845e-16
 4045.3421 2.25821e-16
 4048.3201 1.98422e-16
 4051.2981 2.12063e-16
 4054.2760 2.23053e-16
 4057.2540 2.23846e-16
 4060.2320 2.13972e-16
 4063.2100 2.25845e-16
 4066.1879 2.11913e-16
 4069.1659 2.05480e-16
 4072.1439 2.10828e-16
 4075.1219 2.07846e-16
 4078.0998 1.84704e-16
 4081.0778 1.97990e-16
 4084.0558 1.84633e-16
 4087.0338 1.74756e-16
 4090.0117 2.12880e-16
 4092.9897 1.96578e-16
 4095.9677 1.76217e-16
 4098.9457 1.65996e-16
 4101.9236 1.95344e-16
 4104.9016 1.90077e-16
 4107.8796 1.97106e-16
 4110.8576 1.90308e-16
 4113.8355 1.93265e-16
 4116.8135 1.80216e-16
 4119.7915 1.64108e-16
 4122.7695 1.61665e-16
 4125.7474 1.77143e-16
 4128.7254 1.92054e-16
 4131.7034 1.69517e-16
 4134.6814 1.60485e-16
 4137.6593 1.73052e-16
 4140.6373 1.80996e-16
 4143.6153 1.91664e-16
 4146.5933 1.85106e-16
 4149.5712 1.74976e-16
 4152.5492 1.86355e-16
 4155.5272 1.83997e-16
 4158.5052 2.02768e-16
 4161.4831 1.99921e-16
 4164.4611 2.08921e-16
 4167.4391 2.08181e-16
 4170.4171 2.22135e-16
 4173.3950 2.07256e-16
 4176.3730 2.26060e-16
 4179.3510 2.20031e-16
 4182.3290 2.07951e-16
 4185.3069 1.99458e-16
 4188.2849 2.21253e-16
 4191.2629 1.99967e-16
 4194.2409 2.10271e-16
 4197.2188 1.99752e-16
 4200.1968 2.03655e-16
 4203.1748 2.06099e-16
 4206.1528 2.05037e-16
 4209.1307 2.17017e-16
 4212.1087 2.19168e-16
 4215.0867 2.17421e-16
 4218.0647 2.06822e-16
 4221.0426 2.11015e-16
 4224.0206 2.24610e-16
 4226.9986 2.17013e-16
 4229.9766 2.02556e-16
 4232.9545 2.17044e-16
 4235.9325 1.95679e-16
 4238.9105 1.79065e-16
 4241.8885 1.82432e-16
 4244.8664 2.15975e-16
 4247.8444 2.12941e-16
 4250.8224 2.09578e-16
 4253.8004 2.37857e-16
 4256.7783 2.17985e-16
 4259.7563 1.90378e-16
 4262.7343 1.85576e-16
 4265.7123 2.15891e-16
 4268.6902 2.32504e-16
 4271.6682 2.11724e-16
 4274.6462 2.24018e-16
 4277.6242 2.19761e-16
 4280.6021 2.10904e-16
 4283.5801 2.20997e-16
 4286.5581 2.29589e-16
 4289.5361 2.43658e-16
 4292.5140 2.45734e-16
 4295.4920 2.28800e-16
 4298.4700 2.46521e-16
 4301.4480 2.44094e-16
 4304.4259 2.55791e-16
 4307.4039 2.32598e-16
 4310.3819 2.33993e-16
 4313.3599 2.44291e-16
 4316.3378 2.37562e-16
 4319.3158 2.32365e-16
 4322.2938 2.29341e-16
 4325.2718 2.46377e-16
 4328.2497 2.29952e-16
 4331.2277 2.24868e-16
 4334.2057 2.06464e-16
 4337.1837 2.00789e-16
 4340.1616 1.99720e-16
 4343.1396 2.00389e-16
 4346.1176 1.77393e-16
 4349.0956 2.01471e-16
 4352.0735 1.76035e-16
 4355.0515 1.76383e-16
 4358.0295 1.87280e-16
 4361.0075 1.96923e-16
 4363.9854 1.73441e-16
 4366.9634 1.63029e-16
 4369.9414 1.68630e-16
 4372.9194 1.69446e-16
 4375.8973 1.74728e-16
 4378.8753 1.79718e-16
 4381.8533 1.68895e-16
 4384.8313 1.45560e-16
 4387.8092 1.41956e-16
 4390.7872 1.49950e-16
 4393.7652 1.50633e-16
 4396.7432 1.23110e-16
 4399.7211 1.41115e-16
 4402.6991 1.46435e-16
 4405.6771 1.53044e-16
 4408.6551 1.30144e-16
 4411.6330 1.30059e-16
 4414.6110 1.33506e-16
 4417.5890 1.34959e-16
 4420.5670 1.33914e-16
 4423.5449 1.36568e-16
 4426.5229 1.55476e-16
 4429.5009 1.51655e-16
 4432.4789 1.50030e-16
 4435.4568 1.63688e-16
 4438.4348 1.57074e-16
 4441.4128 1.47376e-16
 4444.3908 1.51690e-16
 4447.3688 1.53090e-16
 4450.3467 1.56371e-16
 4453.3247 1.62281e-16
 4456.3027 1.64484e-16
 4459.2807 1.48399e-16
 4462.2586 1.58191e-16
 4465.2366 1.68738e-16
 4468.2146 1.76635e-16
 4471.1925 1.83617e-16
 4474.1705 1.77518e-16
 4477.1485 1.77321e-16
 4480.1265 1.78912e-16
 4483.1044 1.83474e-16
 4486.0824 1.80347e-16
 4489.0604 1.85598e-16
 4492.0384 1.97012e-16
 4495.0163 1.84643e-16
 4497.9943 1.97535e-16
 4500.9723 2.08879e-16
 4503.9503 2.00720e-16
 4506.9282 2.26190e-16
 4509.9062 2.14714e-16
 4512.8842 2.34538e-16
 4515.8622 2.60142e-16
 4518.8401 2.56854e-16
 4521.8181 2.57264e-16
 4524.7961 2.75961e-16
 4527.7741 2.92168e-16
 4530.7520 3.11355e-16
 4533.7300 3.26919e-16
 4536.7080 3.50842e-16
 4539.6860 3.57558e-16
 4542.6639 3.98782e-16
 4545.6419 3.73191e-16
 4548.6199 4.22890e-16
 4551.5979 4.17358e-16
 4554.5758 4.28962e-16
 4557.5538 4.05825e-16
 4560.5318 4.14733e-16
 4563.5098 4.38665e-16
 4566.4877 4.51916e-16
 4569.4657 4.48154e-16
 4572.4437 4.59329e-16
 4575.4217 4.62810e-16
 4578.3996 4.45909e-16
 4581.3776 4.40526e-16
 4584.3556 4.47632e-16
 4587.3336 4.49523e-16
 4590.3115 4.71898e-16
 4593.2895 4.66194e-16
 4596.2675 4.66406e-16
 4599.2455 4.92554e-16
 4602.2234 5.03877e-16
 4605.2014 4.94934e-16
 4608.1794 5.13675e-16
 4611.1574 5.29387e-16
 4614.1354 5.40979e-16
 4617.1133 5.45661e-16
 4620.0913 5.55402e-16
 4623.0693 5.45371e-16
 4626.0473 5.52040e-16
 4629.0252 5.27783e-16
 4632.0032 5.32592e-16
 4634.9812 5.12024e-16
 4637.9592 4.91788e-16
 4640.9371 4.76409e-16
 4643.9151 4.57577e-16
 4646.8931 4.32335e-16
 4649.8711 4.21046e-16
 4652.8490 3.98812e-16
 4655.8270 3.84684e-16
 4658.8050 3.64621e-16
 4661.7830 3.36697e-16
 4664.7609 3.27849e-16
 4667.7389 3.28693e-16
 4670.7169 3.07107e-16
 4673.6948 2.78482e-16
 4676.6728 2.82958e-16
 4679.6508 2.70077e-16
 4682.6288 2.61103e-16
 4685.6067 2.62439e-16
 4688.5847 2.69176e-16
 4691.5627 2.40442e-16
 4694.5407 2.41192e-16
 4697.5186 2.42944e-16
 4700.4966 2.44279e-16
 4703.4746 2.49046e-16
 4706.4526 2.40989e-16
 4709.4305 2.28830e-16
 4712.4085 2.28890e-16
 4715.3865 2.37246e-16
 4718.3645 2.40525e-16
 4721.3424 2.19918e-16
 4724.3204 2.26821e-16
 4727.2984 2.21380e-16
 4730.2764 2.27827e-16
 4733.2543 2.26746e-16
 4736.2323 2.17418e-16
 4739.2103 2.21822e-16
 4742.1883 2.26354e-16
 4745.1662 2.05598e-16
 4748.1442 2.17615e-16
 4751.1222 2.13136e-16
 4754.1002 2.16075e-16
 4757.0781 2.02522e-16
 4760.0561 2.16955e-16
 4763.0341 2.20957e-16
 4766.0121 2.18850e-16
 4768.9901 2.14956e-16
 4771.9680 2.19762e-16
 4774.9460 2.17871e-16
 4777.9240 2.44740e-16
 4780.9020 2.46554e-16
 4783.8799 2.49671e-16
 4786.8579 2.62654e-16
 4789.8359 2.80655e-16
 4792.8139 2.78808e-16
 4795.7918 3.01381e-16
 4798.7698 3.13012e-16
 4801.7478 3.21878e-16
 4804.7258 3.27569e-16
 4807.7037 3.28369e-16
 4810.6817 3.16571e-16
 4813.6597 3.25268e-16
 4816.6377 3.03096e-16
 4819.6156 3.06163e-16
 4822.5936 3.21640e-16
 4825.5716 3.03197e-16
 4828.5496 2.93279e-16
 4831.5275 2.84903e-16
 4834.5055 2.66085e-16
 4837.4835 2.66304e-16
 4840.4615 2.60651e-16
 4843.4394 2.67651e-16
 4846.4174 2.69923e-16
 4849.3954 2.57442e-16
 4852.3734 2.62919e-16
 4855.3513 2.66492e-16
 4858.3293 2.73400e-16
 4861.3073 2.62131e-16
 4864.2853 2.65087e-16
 4867.2632 2.58078e-16
 4870.2412 2.58708e-16
 4873.2192 2.86785e-16
 4876.1972 2.86484e-16
 4879.1751 2.87451e-16
 4882.1531 2.96606e-16
 4885.1311 3.05672e-16
 4888.1090 3.14356e-16
 4891.0870 3.10494e-16
 4894.0650 3.36459e-16
 4897.0430 3.38069e-16
 4900.0209 3.17023e-16
 4902.9989 3.39471e-16
 4905.9769 3.52823e-16
 4908.9549 3.75542e-16
 4911.9328 3.85457e-16
 4914.9108 3.75456e-16
 4917.8888 3.87382e-16
 4920.8668 3.87514e-16
 4923.8447 3.89618e-16
 4926.8227 3.85482e-16
 4929.8007 4.14535e-16
 4932.7787 3.90916e-16
 4935.7567 3.97377e-16
 4938.7346 4.01564e-16
 4941.7126 3.98550e-16
 4944.6906 3.82901e-16
 4947.6686 3.89053e-16
 4950.6465 3.92397e-16
 4953.6245 3.66530e-16
 4956.6025 3.74506e-16
 4959.5805 3.71039e-16
 4962.5584 3.42687e-16
 4965.5364 3.46908e-16
 4968.5144 3.18427e-16
 4971.4924 3.23173e-16
 4974.4703 3.16732e-16
 4977.4483 3.12659e-16
 4980.4263 3.01347e-16
 4983.4043 2.73743e-16
 4986.3822 2.62108e-16
 4989.3602 2.65402e-16
 4992.3382 2.77722e-16
 4995.3162 2.57989e-16
 4998.2941 2.53860e-16
 5001.2721 2.53167e-16
 5004.2501 2.53716e-16
 5007.2281 2.60373e-16
 5010.2060 2.56961e-16
 5013.1840 2.52021e-16
 5016.1620 2.63404e-16
 5019.1400 2.59721e-16
 5022.1179 2.50839e-16
 5025.0959 2.52766e-16
 5028.0739 2.47543e-16
 5031.0519 2.45369e-16
 5034.0298 2.41428e-16
 5037.0078 2.53276e-16
 5039.9858 2.30580e-16
 5042.9638 2.32536e-16
 5045.9417 2.65612e-16
 5048.9197 2.57809e-16
 5051.8977 2.30076e-16
 5054.8757 2.29730e-16
 5057.8536 2.31090e-16
 5060.8316 2.28120e-16
 5063.8096 2.35643e-16
 5066.7876 2.26210e-16
 5069.7655 2.23263e-16
 5072.7435 2.16623e-16
 5075.7215 2.13121e-16
 5078.6995 2.16607e-16
 5081.6774 2.08495e-16
 5084.6554 2.28172e-16
 5087.6334 2.19581e-16
 5090.6113 2.15318e-16
 5093.5893 2.21335e-16
 5096.5673 2.11111e-16
 5099.5453 2.01377e-16
 5102.5233 2.08481e-16
 5105.5012 2.19326e-16
 5108.4792 2.18944e-16
 5111.4572 2.13642e-16
 5114.4352 2.04790e-16
 5117.4131 2.02486e-16
 5120.3911 2.06268e-16
 5123.3691 2.14877e-16
 5126.3471 2.03095e-16
 5129.3250 1.90560e-16
 5132.3030 2.09299e-16
 5135.2810 2.08267e-16
 5138.2590 2.11638e-16
 5141.2369 2.05759e-16
 5144.2149 2.10113e-16
 5147.1929 2.24381e-16
 5150.1709 2.33354e-16
 5153.1488 2.28624e-16
 5156.1268 2.42381e-16
 5159.1048 2.41638e-16
 5162.0828 2.34656e-16
 5165.0607 2.47352e-16
 5168.0387 2.56367e-16
 5171.0167 2.55872e-16
 5173.9947 2.66248e-16
 5176.9726 2.70983e-16
 5179.9506 2.85457e-16
 5182.9286 2.79491e-16
 5185.9066 2.90942e-16
 5188.8845 2.95224e-16
 5191.8625 2.94383e-16
 5194.8405 3.17706e-16
 5197.8185 3.04023e-16
 5200.7964 3.21999e-16
 5203.7744 3.53373e-16
 5206.7524 3.56546e-16
 5209.7304 3.49817e-16
 5212.7083 3.64546e-16
 5215.6863 3.80238e-16
 5218.6643 3.77254e-16
 5221.6423 3.84533e-16
 5224.6202 3.94029e-16
 5227.5982 3.89349e-16
 5230.5762 3.94885e-16
 5233.5542 4.06059e-16
 5236.5321 4.07291e-16
 5239.5101 4.15711e-16
 5242.4881 4.16544e-16
 5245.4661 4.06351e-16
 5248.4440 4.23043e-16
 5251.4220 4.21634e-16
 5254.4000 4.30798e-16
 5257.3780 4.57530e-16
 5260.3559 4.54528e-16
 5263.3339 4.51988e-16
 5266.3119 4.54703e-16
 5269.2899 4.62138e-16
 5272.2678 4.56106e-16
 5275.2458 4.66530e-16
 5278.2238 4.79492e-16
 5281.2018 4.71732e-16
 5284.1797 4.75304e-16
 5287.1577 4.90136e-16
 5290.1357 4.83472e-16
 5293.1137 4.79646e-16
 5296.0916 4.92922e-16
 5299.0696 4.69202e-16
 5302.0476 4.62177e-16
 5305.0256 4.55009e-16
 5308.0035 4.48645e-16
 5310.9815 4.52247e-16
 5313.9595 4.59148e-16
 5316.9375 4.30481e-16
 5319.9154 4.24877e-16
 5322.8934 4.28640e-16
 5325.8714 4.37779e-16
 5328.8494 4.25224e-16
 5331.8273 4.17336e-16
 5334.8053 4.39480e-16
 5337.7833 4.38515e-16
 5340.7613 4.10403e-16
 5343.7392 4.08663e-16
 5346.7172 4.23402e-16
 5349.6952 4.29687e-16
 5352.6732 4.12201e-16
 5355.6511 4.24246e-16
 5358.6291 4.36437e-16
 5361.6071 4.38437e-16
 5364.5851 4.55872e-16
 5367.5630 4.53676e-16
 5370.5410 4.47186e-16
 5373.5190 4.45509e-16
 5376.4970 4.46417e-16
 5379.4749 4.70623e-16
 5382.4529 4.76473e-16
 5385.4309 4.76486e-16
 5388.4089 4.66576e-16
 5391.3868 4.76890e-16
 5394.3648 4.82067e-16
 5397.3428 4.83532e-16
 5400.3208 4.90296e-16
 5403.2987 5.00734e-16
 5406.2767 5.07866e-16
 5409.2547 4.95986e-16
 5412.2327 4.90820e-16
 5415.2106 5.02962e-16
 5418.1886 5.08551e-16
 5421.1666 5.18650e-16
 5424.1446 5.08290e-16
 5427.1225 5.01415e-16
 5430.1005 5.17198e-16
 5433.0785 5.13826e-16
 5436.0565 5.04706e-16
 5439.0344 4.86110e-16
 5442.0124 4.85025e-16
 5444.9904 5.04610e-16
 5447.9684 4.86255e-16
 5450.9463 4.99399e-16
 5453.9243 4.65877e-16
 5456.9023 4.18476e-16
 5459.8803 4.88947e-16
 5462.8582 4.89390e-16
 5465.8362 4.95191e-16
 5468.8142 4.88681e-16
 5471.7922 4.65299e-16
 5474.7701 4.62603e-16
 5477.7481 4.60151e-16
 5480.7261 4.75186e-16
 5483.7041 4.55486e-16
 5486.6820 4.59652e-16
 5489.6600 4.53239e-16
 5492.6380 4.47380e-16
 5495.6160 4.47465e-16
 5498.5939 4.51549e-16
 5501.5719 4.33454e-16
 5504.5499 4.31173e-16
 5507.5279 4.28064e-16
 5510.5058 4.22723e-16
 5513.4838 4.35142e-16
 5516.4618 4.15867e-16
 5519.4398 4.22602e-16
 5522.4177 4.25848e-16
 5525.3957 4.15705e-16
 5528.3737 4.14656e-16
 5531.3517 4.30533e-16
 5534.3296 4.15186e-16
 5537.3076 4.13238e-16
 5540.2856 4.04413e-16
 5543.2636 3.94434e-16
 5546.2415 3.98061e-16
 5549.2195 3.98920e-16
 5552.1975 3.85956e-16
 5555.1755 3.92267e-16
 5558.1534 3.90728e-16
 5561.1314 3.68342e-16
 5564.1094 3.72079e-16
 5567.0874 3.64087e-16
 5570.0653 3.68566e-16
 5573.0433 3.63838e-16
 5576.0213 3.57709e-16
 5578.9993 3.43763e-16
 5581.9772 3.37307e-16
 5584.9552 3.38984e-16
 5587.9332 3.40862e-16
 5590.9112 3.48385e-16
 5593.8891 3.30274e-16
 5596.8671 3.19855e-16
 5599.8451 3.25400e-16
 5602.8231 3.28561e-16
 5605.8010 3.17463e-16
 5608.7790 3.28812e-16
 5611.7570 3.37369e-16
 5614.7350 3.20236e-16
 5617.7129 3.08350e-16
 5620.6909 2.94487e-16
 5623.6689 3.04371e-16
 5626.6469 2.91364e-16
 5629.6248 2.97827e-16
 5632.6028 2.86310e-16
 5635.5808 2.88092e-16
 5638.5588 3.04542e-16
 5641.5367 2.91889e-16
 5644.5147 3.03239e-16
 5647.4927 2.72031e-16
 5650.4707 2.79026e-16
 5653.4486 2.67659e-16
 5656.4266 2.71265e-16
 5659.4046 2.67483e-16
 5662.3826 2.53945e-16
 5665.3605 2.51449e-16
 5668.3385 2.41040e-16
 5671.3165 2.63958e-16
 5674.2945 2.58115e-16
 5677.2724 2.49469e-16
 5680.2504 2.41343e-16
 5683.2284 2.44196e-16
 5686.2064 2.36398e-16
 5689.1843 2.42555e-16
 5692.1623 2.41310e-16
 5695.1403 2.43680e-16
 5698.1183 2.36346e-16
 5701.0962 2.30841e-16
 5704.0742 2.34794e-16
 5707.0522 2.41642e-16
 5710.0302 2.35141e-16
 5713.0081 2.40512e-16
 5715.9861 2.29568e-16
 5718.9641 2.27757e-16
 5721.9421 2.45130e-16
 5724.9200 2.45385e-16
 5727.8980 2.55677e-16
 5730.8760 2.54666e-16
 5733.8540 2.50243e-16
 5736.8319 2.61252e-16
 5739.8099 2.59425e-16
 5742.7879 2.59896e-16
 5745.7659 2.67343e-16
 5748.7438 2.76522e-16
 5751.7218 2.76164e-16
 5754.6998 2.61594e-16
 5757.6778 2.62680e-16
 5760.6557 2.74153e-16
 5763.6337 2.47816e-16
 5766.6117 2.56393e-16
 5769.5897 2.68742e-16
 5772.5676 2.56025e-16
 5775.5456 2.68039e-16
 5778.5236 2.55764e-16
 5781.5016 2.75189e-16
 5784.4795 2.72228e-16
 5787.4575 2.68695e-16
 5790.4355 2.74586e-16
 5793.4135 2.68157e-16
 5796.3914 2.70935e-16
 5799.3694 2.62713e-16
 5802.3474 2.83775e-16
 5805.3254 2.82255e-16
 5808.3033 3.09265e-16
 5811.2813 3.09411e-16
 5814.2593 3.23829e-16
 5817.2373 3.29436e-16
 5820.2152 3.22378e-16
 5823.1932 3.19509e-16
 5826.1712 3.54368e-16
 5829.1492 3.64008e-16
 5832.1271 3.54663e-16
 5835.1051 3.53521e-16
 5838.0831 3.71661e-16
 5841.0611 3.81264e-16
 5844.0390 3.68814e-16
 5847.0170 3.66160e-16
 5849.9950 3.65179e-16
 5852.9730 3.86551e-16
 5855.9509 3.80318e-16
 5858.9289 3.88813e-16
 5861.9069 3.79056e-16
 5864.8849 3.72975e-16
 5867.8628 3.81464e-16
 5870.8408 3.79581e-16
 5873.8188 3.79477e-16
 5876.7968 3.85645e-16
 5879.7747 3.87299e-16
 5882.7527 3.86364e-16
 5885.7307 3.98022e-16
 5888.7087 3.88148e-16
 5891.6866 3.83771e-16
 5894.6646 3.80045e-16
 5897.6426 3.75759e-16
 5900.6206 3.71542e-16
 5903.5985 3.67147e-16
 5906.5765 3.62485e-16
 5909.5545 3.56017e-16
 5912.5325 3.50859e-16
 5915.5104 3.45168e-16
 5918.4884 3.44553e-16
 5921.4664 3.29078e-16
 5924.4444 3.16258e-16
 5927.4223 3.23621e-16
 5930.4003 3.16791e-16
 5933.3783 3.24648e-16
 5936.3563 3.04671e-16
 5939.3342 3.00067e-16
 5942.3122 2.88691e-16
 5945.2902 2.96935e-16
 5948.2682 2.95013e-16
 5951.2461 3.01946e-16
 5954.2241 2.93683e-16
 5957.2021 2.93821e-16
 5960.1801 2.91937e-16
 5963.1580 3.07507e-16
 5966.1360 2.93138e-16
 5969.1140 2.90021e-16
 5972.0920 2.86013e-16
 5975.0699 2.88908e-16
 5978.0479 2.87671e-16
 5981.0259 2.84711e-16
 5984.0039 2.96359e-16
 5986.9818 2.97048e-16
 5989.9598 2.90212e-16
 5992.9378 3.00205e-16
 5995.9158 2.80122e-16
 5998.8937 2.98217e-16
 6001.8717 2.93411e-16
 6004.8497 2.87594e-16
 6007.8277 2.99974e-16
 6010.8056 2.87040e-16
 6013.7836 2.85938e-16
 6016.7616 2.83438e-16
 6019.7396 2.67886e-16
 6022.7175 2.71115e-16
 6025.6955 2.63069e-16
 6028.6735 2.52974e-16
 6031.6515 2.54892e-16
 6034.6294 2.61216e-16
 6037.6074 2.57915e-16
 6040.5854 2.55823e-16
 6043.5634 2.58413e-16
 6046.5413 2.58261e-16
 6049.5193 2.53738e-16
 6052.4973 2.56967e-16
 6055.4753 2.52779e-16
 6058.4532 2.53619e-16
 6061.4312 2.53539e-16
 6064.4092 2.61970e-16
 6067.3872 2.61426e-16
 6070.3651 2.56109e-16
 6073.3431 2.48569e-16
 6076.3211 2.57507e-16
 6079.2991 2.54873e-16
 6082.2770 2.38946e-16
 6085.2550 2.43197e-16
 6088.2330 2.33968e-16
 6091.2110 2.34646e-16
 6094.1889 2.29049e-16
 6097.1669 2.18236e-16
 6100.1449 2.10356e-16
 6103.1229 1.91278e-16
 6106.1008 2.01729e-16
 6109.0788 1.97794e-16
 6112.0568 1.88719e-16
 6115.0348 1.92910e-16
 6118.0127 1.82809e-16
 6120.9907 1.71222e-16
 6123.9687 1.69155e-16
 6126.9467 1.70948e-16
 6129.9246 1.65867e-16
 6132.9026 1.61745e-16
 6135.8806 1.61901e-16
 6138.8586 1.68741e-16
 6141.8365 1.56384e-16
 6144.8145 1.44077e-16
 6147.7925 1.48507e-16
 6150.7705 1.50453e-16
 6153.7484 1.52797e-16
 6156.7264 1.61965e-16
 6159.7044 1.71405e-16
 6162.6824 1.57053e-16
 6165.6603 1.40287e-16
 6168.6383 1.71180e-16
 6171.6163 1.81367e-16
 6174.5943 1.91769e-16
 6177.5722 1.88817e-16
 6180.5502 1.97457e-16
 6183.5282 2.00356e-16
 6186.5062 2.01342e-16
 6189.4841 2.12135e-16
 6192.4621 2.09460e-16
 6195.4401 2.11808e-16
 6198.4181 2.15036e-16
 6201.3960 2.26779e-16
 6204.3740 2.22640e-16
 6207.3520 2.20457e-16
 6210.3300 2.22059e-16
 6213.3079 2.18389e-16
 6216.2859 2.20738e-16
 6219.2639 2.27807e-16
 6222.2419 2.25367e-16
 6225.2198 2.28676e-16
 6228.1978 2.30166e-16
 6231.1758 2.32066e-16
 6234.1538 2.38964e-16
 6237.1317 2.44857e-16
 6240.1097 2.36491e-16
 6243.0877 2.36776e-16
 6246.0657 2.51894e-16
 6249.0436 2.54725e-16
 6252.0216 2.57554e-16
 6254.9996 2.57711e-16
 6257.9776 2.65830e-16
 6260.9555 2.55650e-16
 6263.9335 2.62943e-16
 6266.9115 2.77354e-16
 6269.8895 2.81773e-16
 6272.8674 2.97583e-16
 6275.8454 2.84777e-16
 6278.8234 2.93381e-16
 6281.8014 2.86417e-16
 6284.7793 3.01630e-16
 6287.7573 3.15294e-16
 6290.7353 3.22236e-16
 6293.7133 3.21268e-16
 6296.6912 3.24277e-16
 6299.6692 3.35904e-16
 6302.6472 3.38592e-16
 6305.6252 3.25173e-16
 6308.6031 3.18297e-16
 6311.5811 3.38624e-16
 6314.5591 3.39897e-16
 6317.5371 3.49484e-16
 6320.5150 3.59704e-16
 6323.4930 3.54654e-16
 6326.4710 3.62497e-16
 6329.4490 3.65580e-16
 6332.4269 3.78868e-16
 6335.4049 3.91486e-16
 6338.3829 3.69973e-16
 6341.3609 3.81828e-16
 6344.3388 3.82061e-16
 6347.3168 3.95759e-16
 6350.2948 3.84364e-16
 6353.2728 3.86441e-16
 6356.2507 3.88547e-16
 6359.2287 3.77515e-16
 6362.2067 4.01825e-16
 6365.1847 4.12620e-16
 6368.1626 4.01660e-16
 6371.1406 4.17270e-16
 6374.1186 4.10179e-16
 6377.0966 3.96948e-16
 6380.0745 4.00243e-16
 6383.0525 4.06310e-16
 6386.0305 3.98074e-16
 6389.0085 4.06804e-16
 6391.9865 4.16911e-16
 6394.9644 4.21135e-16
 6397.9424 4.09206e-16
 6400.9204 4.17790e-16
 6403.8984 4.08276e-16
 6406.8763 4.08804e-16
 6409.8543 4.03390e-16
 6412.8323 4.09684e-16
 6415.8103 4.24686e-16
 6418.7882 4.26930e-16
 6421.7662 4.12681e-16
 6424.7442 4.29334e-16
 6427.7222 4.33691e-16
 6430.7001 4.24926e-16
 6433.6781 4.19934e-16
 6436.6561 4.20874e-16
 6439.6340 4.22252e-16
 6442.6120 4.34739e-16
 6445.5900 4.25767e-16
 6448.5680 4.22602e-16
 6451.5459 4.25351e-16
 6454.5239 4.31459e-16
 6457.5019 4.16207e-16
 6460.4799 4.36638e-16
 6463.4578 4.35749e-16
 6466.4358 4.28070e-16
 6469.4138 4.12381e-16
 6472.3918 4.14625e-16
 6475.3697 4.14959e-16
 6478.3477 4.28544e-16
 6481.3257 4.14143e-16
 6484.3037 4.12500e-16
 6487.2816 4.14544e-16
 6490.2596 4.34653e-16
 6493.2376 4.08518e-16
 6496.2156 3.94562e-16
 6499.1935 4.06214e-16
 6502.1715 4.00770e-16
 6505.1495 4.13160e-16
 6508.1275 4.16807e-16
 6511.1054 3.97045e-16
 6514.0834 3.97484e-16
 6517.0614 3.78913e-16
 6520.0394 3.88681e-16
 6523.0173 3.85991e-16
 6525.9953 3.94601e-16
 6528.9733 3.96824e-16
 6531.9513 3.95340e-16
 6534.9292 3.78829e-16
 6537.9072 3.67013e-16
 6540.8852 3.82587e-16
 6543.8632 3.78922e-16
 6546.8412 3.58149e-16
 6549.8191 3.57663e-16
 6552.7971 3.61659e-16
 6555.7751 3.45572e-16
 6558.7531 3.50592e-16
 6561.7310 3.48187e-16
 6564.7090 3.63456e-16
 6567.6870 3.52153e-16
 6570.6650 3.28794e-16
 6573.6429 3.33975e-16
 6576.6209 3.34964e-16
 6579.5989 3.25904e-16
 6582.5769 3.21183e-16
 6585.5548 3.28474e-16
 6588.5328 3.04892e-16
 6591.5108 2.98618e-16
 6594.4888 3.04712e-16
 6597.4667 2.95558e-16
 6600.4447 2.88677e-16
 6603.4227 2.90170e-16
 6606.4007 2.80399e-16
 6609.3786 2.81057e-16
 6612.3566 2.81198e-16
 6615.3346 2.76138e-16
 6618.3126 2.71056e-16
 6621.2905 2.63355e-16
 6624.2685 2.62568e-16
 6627.2465 2.57512e-16
 6630.2245 2.62738e-16
 6633.2024 2.49897e-16
 6636.1804 2.43681e-16
 6639.1584 2.51562e-16
 6642.1363 2.43309e-16
 6645.1143 2.38036e-16
 6648.0923 2.39876e-16
 6651.0703 2.40994e-16
 6654.0482 2.45637e-16
 6657.0262 2.37225e-16
 6660.0042 2.36237e-16
 6662.9822 2.43400e-16
 6665.9601 2.34438e-16
 6668.9381 2.33423e-16
 6671.9161 2.31254e-16
 6674.8941 2.35090e-16
 6677.8720 2.16900e-16
 6680.8500 2.14668e-16
 6683.8280 2.21654e-16
 6686.8060 2.26787e-16
 6689.7839 2.08234e-16
 6692.7619 2.12064e-16
 6695.7399 2.19711e-16
 6698.7179 2.23214e-16
 6701.6958 2.15266e-16
 6704.6738 1.98440e-16
 6707.6518 2.09587e-16
 6710.6298 2.05976e-16
 6713.6078 2.01749e-16
 6716.5857 1.96792e-16
 6719.5637 2.04611e-16
 6722.5417 1.99794e-16
 6725.5197 1.90022e-16
 6728.4976 2.03002e-16
 6731.4756 1.97339e-16
 6734.4536 1.83090e-16
 6737.4316 1.79690e-16
 6740.4095 1.80999e-16
 6743.3875 1.90951e-16
 6746.3655 1.87485e-16
 6749.3435 1.94182e-16
 6752.3214 1.66561e-16
 6755.2994 1.70360e-16
 6758.2774 1.88399e-16
 6761.2554 1.84864e-16
 6764.2333 1.69892e-16
 6767.2113 1.65683e-16
 6770.1893 1.67632e-16
 6773.1673 1.55538e-16
 6776.1452 1.60712e-16
 6779.1232 1.71418e-16
 6782.1012 1.77281e-16
 6785.0792 1.69251e-16
 6788.0571 1.61284e-16
 6791.0351 1.67543e-16
 6794.0131 1.71178e-16
 6796.9911 1.65842e-16
 6799.9690 1.61243e-16
 6802.9470 1.67663e-16
 6805.9250 1.54301e-16
 6808.9030 1.48809e-16
 6811.8809 1.67486e-16
 6814.8589 1.66342e-16
 6817.8369 1.66983e-16
 6820.8149 1.58891e-16
 6823.7928 1.69496e-16
 6826.7708 1.61395e-16
 6829.7488 1.78180e-16
 6832.7268 1.80161e-16
 6835.7047 1.66495e-16
 6838.6827 1.52423e-16
 6841.6607 1.67307e-16
 6844.6387 1.65087e-16
 6847.6166 1.62203e-16
 6850.5946 1.71215e-16
 6853.5726 1.72963e-16
 6856.5505 1.67312e-16
 6859.5285 1.68557e-16
 6862.5065 1.61730e-16
 6865.4845 1.54044e-16
 6868.4625 1.64842e-16
 6871.4404 1.62425e-16
 6874.4184 1.62568e-16
 6877.3964 1.63552e-16
 6880.3744 1.62508e-16
 6883.3523 1.70147e-16
 6886.3303 1.75619e-16
 6889.3083 1.61727e-16
 6892.2863 1.54344e-16
 6895.2642 1.61492e-16
 6898.2422 1.67156e-16
 6901.2202 1.64104e-16
 6904.1982 1.52947e-16
 6907.1761 1.62073e-16
 6910.1541 1.70260e-16
 6913.1321 1.51947e-16
 6916.1101 1.50214e-16
 6919.0880 1.63475e-16
 6922.0660 1.65099e-16
 6925.0440 1.51289e-16
 6928.0220 1.48007e-16
 6930.9999 1.60686e-16
 6933.9779 1.45188e-16
 6936.9559 1.52625e-16
 6939.9339 1.55452e-16
 6942.9118 1.46180e-16
 6945.8898 1.40128e-16
 6948.8678 1.55216e-16
 6951.8458 1.56440e-16
 6954.8237 1.45242e-16
 6957.8017 1.59024e-16
 6960.7797 1.59492e-16
 6963.7577 1.49389e-16
 6966.7356 1.52667e-16
 6969.7136 1.53539e-16
 6972.6916 1.44193e-16
 6975.6696 1.51263e-16
 6978.6475 1.41779e-16
 6981.6255 1.39512e-16
 6984.6035 1.50951e-16
 6987.5815 1.46389e-16
 6990.5594 1.48817e-16
 6993.5374 1.53730e-16
 6996.5154 1.58916e-16
 6999.4934 1.56977e-16
 7002.4713 1.44669e-16
 7005.4493 1.52850e-16
 7008.4273 1.62508e-16
 7011.4053 1.55351e-16
 7014.3832 1.49562e-16
 7017.3612 1.56125e-16
 7020.3392 1.58935e-16
 7023.3172 1.51567e-16
 7026.2951 1.52483e-16
 7029.2731 1.48177e-16
 7032.2511 1.49676e-16
 7035.2291 1.53131e-16
 7038.2070 1.44930e-16
 7041.1850 1.40681e-16
 7044.1630 1.46097e-16
 7047.1410 1.46540e-16
 7050.1189 1.41970e-16
 7053.0969 1.59097e-16
 7056.0749 1.60751e-16
 7059.0529 1.51482e-16
 7062.0308 1.45628e-16
 7065.0088 1.48689e-16
 7067.9868 1.35014e-16
 7070.9648 1.41712e-16
 7073.9427 1.42030e-16
 7076.9207 1.43784e-16
 7079.8987 1.52965e-16
 7082.8767 1.47309e-16
 7085.8546 1.35354e-16
 7088.8326 1.41605e-16
 7091.8106 1.46966e-16
 7094.7886 1.42042e-16
 7097.7665 1.55476e-16
 7100.7445 1.62601e-16
 7103.7225 1.44966e-16
 7106.7005 1.53745e-16
 7109.6784 1.58347e-16
 7112.6564 1.59052e-16
 7115.6344 1.54313e-16
 7118.6124 1.40419e-16
 7121.5903 1.41407e-16
 7124.5683 1.57142e-16
 7127.5463 1.65166e-16
 7130.5243 1.60289e-16
 7133.5022 1.80476e-16
 7136.4802 1.80800e-16
 7139.4582 1.65973e-16
 7142.4362 1.65932e-16
 7145.4141 1.66789e-16
 7148.3921 1.56218e-16
 7151.3701 1.68890e-16
 7154.3481 1.64120e-16
 7157.3260 1.49762e-16
 7160.3040 1.52631e-16
 7163.2820 1.60071e-16
 7166.2600 1.57135e-16
 7169.2379 1.60859e-16
 7172.2159 1.43102e-16
 7175.1939 1.51021e-16
 7178.1719 1.53146e-16
 7181.1498 1.41268e-16
 7184.1278 1.42880e-16
 7187.1058 1.52490e-16
 7190.0838 1.57067e-16
 7193.0617 1.61754e-16
 7196.0397 1.55278e-16
 7199.0177 1.52872e-16
 7201.9957 1.44229e-16
 7204.9736 1.48577e-16
 7207.9516 1.51260e-16
 7210.9296 1.44616e-16
 7213.9076 1.27303e-16
 7216.8855 1.69469e-16
 7219.8635 1.69512e-16
 7222.8415 1.60620e-16
 7225.8195 1.54622e-16
 7228.7974 1.69145e-16
 7231.7754 1.62388e-16
 7234.7534 1.58481e-16
 7237.7314 1.61634e-16
 7240.7093 1.57852e-16
 7243.6873 1.53638e-16
 7246.6653 1.56287e-16
 7249.6433 1.56518e-16
 7252.6212 1.46379e-16
 7255.5992 1.58719e-16
 7258.5772 1.69311e-16
 7261.5552 1.65455e-16
 7264.5331 1.71352e-16
 7267.5111 1.70533e-16
 7270.4891 1.70533e-16
 7273.4671 1.80710e-16
 7276.4450 1.69977e-16
 7279.4230 1.65715e-16
 7282.4010 1.57994e-16
 7285.3790 1.64271e-16
 7288.3569 1.67250e-16
 7291.3349 1.68262e-16
 7294.3129 1.78279e-16
 7297.2909 1.70597e-16
 7300.2688 1.70860e-16
 7303.2468 1.78926e-16
 7306.2248 1.65769e-16
 7309.2028 1.64461e-16
 7312.1807 1.59597e-16
 7315.1587 1.68767e-16
 7318.1367 1.62352e-16
 7321.1147 1.56574e-16
 7324.0926 1.67350e-16
 7327.0706 1.65710e-16
 7330.0486 1.68337e-16
 7333.0266 1.61481e-16
 7336.0045 1.70936e-16
 7338.9825 1.78044e-16
 7341.9605 1.65969e-16
 7344.9385 1.60122e-16
 7347.9164 1.57152e-16
 7350.8944 1.58599e-16
 7353.8724 1.64789e-16
 7356.8504 1.64022e-16
 7359.8283 1.63638e-16
 7362.8063 1.56789e-16
 7365.7843 1.66994e-16
 7368.7623 1.56604e-16
 7371.7402 1.60228e-16
 7374.7182 1.48437e-16
 7377.6962 1.59127e-16
 7380.6742 1.64919e-16
 7383.6521 1.53375e-16
 7386.6301 1.55992e-16
 7389.6081 1.69209e-16
 7392.5861 1.55987e-16
 7395.5640 1.59366e-16
 7398.5420 1.54193e-16
 7401.5200 1.46129e-16
 7404.4980 1.59089e-16
 7407.4759 1.55343e-16
 7410.4539 1.37681e-16
 7413.4319 1.46482e-16
 7416.4099 1.73855e-16
 7419.3878 1.49542e-16
 7422.3658 1.35012e-16
 7425.3438 1.39487e-16
 7428.3218 1.40100e-16
 7431.2997 1.53856e-16
 7434.2777 1.48300e-16
 7437.2557 1.56882e-16
 7440.2337 1.41483e-16
 7443.2116 1.61184e-16
 7446.1896 1.30398e-16
 7449.1676 1.50628e-16
 7452.1456 1.35499e-16
 7455.1235 1.18724e-16
 7458.1015 1.15993e-16
 7461.0795 1.21925e-16
 7464.0575 1.48480e-16
 7467.0354 1.21234e-16
 7470.0134 1.21662e-16
 7472.9914 1.27520e-16
 7475.9694 1.32770e-16
 7478.9473 1.37356e-16
 7481.9253 1.26619e-16
 7484.9033 1.19389e-16
 7487.8813 1.17293e-16
 7490.8592 1.15004e-16
 7493.8372 1.10975e-16
 7496.8152 1.09776e-16
 7499.7932 1.16908e-16
 7502.7711 1.20589e-16
 7505.7491 1.37804e-16
 7508.7271 1.39287e-16
 7511.7051 1.40769e-16
 7514.6830 1.26215e-16
 7517.6610 1.32803e-16
 7520.6390 1.24219e-16
 7523.6170 1.27531e-16
 7526.5949 1.35547e-16
 7529.5729 1.24644e-16
 7532.5509 1.27696e-16
 7535.5289 1.36958e-16
 7538.5068 1.24264e-16
 7541.4848 1.39509e-16
 7544.4628 1.41018e-16
 7547.4408 1.29828e-16
 7550.4187 1.05614e-16
 7553.3967 1.12251e-16
 7556.3747 1.17383e-16
 7559.3527 1.20585e-16
 7562.3306 1.31224e-16
 7565.3086 1.42381e-16
 7568.2866 1.50245e-16
 7571.2646 1.36854e-16
 7574.2425 1.46375e-16
 7577.2205 1.43043e-16
 7580.1985 1.37392e-16
 7583.1765 1.17958e-16
 7586.1544 1.16973e-16
 7589.1324 1.34437e-16
 7592.1104 1.50253e-16
 7595.0884 1.25900e-16
 7598.0663 1.42234e-16
 7601.0443 1.35111e-16
 7604.0223 1.42146e-16
 7607.0003 1.51189e-16
 7609.9782 1.42774e-16
 7612.9562 1.36999e-16
 7615.9342 1.32461e-16
 7618.9122 1.44146e-16
 7621.8901 1.46994e-16
 7624.8681 1.43896e-16
 7627.8461 1.30464e-16
 7630.8241 1.31885e-16
 7633.8020 1.53400e-16
 7636.7800 1.60288e-16
 7639.7580 1.32041e-16
 7642.7360 1.43668e-16
 7645.7139 1.33437e-16
 7648.6919 1.42332e-16
 7651.6699 1.48920e-16
 7654.6479 1.31716e-16
 7657.6258 1.45638e-16
 7660.6038 1.56852e-16
 7663.5818 1.46863e-16
 7666.5598 1.47642e-16
 7669.5377 1.46980e-16
 7672.5157 1.47601e-16
 7675.4937 1.47898e-16
 7678.4717 1.48437e-16
 7681.4496 1.46049e-16
 7684.4276 1.27182e-16
 7687.4056 1.10542e-16
 7690.3836 1.21686e-16
 7693.3615 1.42704e-16
 7696.3395 1.44922e-16
 7699.3175 1.35165e-16
 7702.2955 1.30519e-16
 7705.2734 1.35925e-16
 7708.2514 1.28357e-16
 7711.2294 1.24319e-16
 7714.2074 1.32176e-16
 7717.1853 1.34602e-16
 7720.1633 1.48881e-16
 7723.1413 1.46831e-16
 7726.1193 1.16820e-16
 7729.0972 1.42390e-16
 7732.0752 1.41672e-16
 7735.0532 1.39132e-16
 7738.0312 1.43888e-16
 7741.0091 1.29733e-16
 7743.9871 1.09578e-16
 7746.9651 1.14448e-16
 7749.9431 1.40320e-16
 7752.9210 1.41919e-16
 7755.8990 1.24608e-16
 7758.8770 1.16597e-16
 7761.8550 1.17619e-16
 7764.8329 1.39126e-16
 7767.8109 1.41279e-16
 7770.7889 1.33605e-16
 7773.7669 1.32600e-16
 7776.7448 1.32058e-16
 7779.7228 1.32909e-16
 7782.7008 1.44607e-16
 7785.6788 1.33604e-16
 7788.6567 1.45485e-16
 7791.6347 1.32731e-16
 7794.6127 1.02118e-16
 7797.5907 1.16978e-16
 7800.5686 1.51000e-16
 7803.5466 1.49240e-16
 7806.5246 1.24918e-16
 7809.5026 1.31095e-16
 7812.4805 1.43663e-16
 7815.4585 1.36983e-16
 7818.4365 1.35676e-16
 7821.4145 1.18377e-16
 7824.3924 1.09408e-16
 7827.3704 1.56392e-16
 7830.3484 1.63648e-16
 7833.3264 1.37986e-16
 7836.3043 1.29773e-16
 7839.2823 1.35252e-16
 7842.2603 1.24007e-16
 7845.2383 1.41957e-16
 7848.2162 1.33595e-16
 7851.1942 1.27199e-16
 7854.1722 1.21961e-16
 7857.1502 1.24766e-16
 7860.1281 1.32913e-16
 7863.1061 1.20336e-16
 7866.0841 1.22518e-16
 7869.0621 1.36881e-16
 7872.0400 1.34196e-16
 7875.0180 1.40059e-16
 7877.9960 1.37577e-16
 7880.9740 1.41315e-16
 7883.9519 1.41821e-16
 7886.9299 1.31542e-16
 7889.9079 1.21898e-16
 7892.8859 1.05946e-16
 7895.8638 1.17587e-16
 7898.8418 1.34412e-16
 7901.8198 1.23921e-16
 7904.7978 1.12174e-16
 7907.7757 1.07741e-16
 7910.7537 1.10580e-16
 7913.7317 1.14216e-16
 7916.7097 1.23705e-16
 7919.6876 1.24538e-16
 7922.6656 1.30527e-16
 7925.6436 1.28729e-16
 7928.6216 1.28848e-16
 7931.5995 1.26044e-16
 7934.5775 1.21567e-16
 7937.5555 1.19722e-16
 7940.5335 1.19019e-16
 7943.5114 1.14432e-16
 7946.4894 1.15736e-16
 7949.4674 1.24621e-16
 7952.4454 1.12891e-16
 7955.4233 1.15489e-16
 7958.4013 1.24339e-16
 7961.3793 1.22308e-16
 7964.3573 1.20219e-16
 7967.3352 1.08718e-16
 7970.3132 1.02401e-16
 7973.2912 1.13454e-16
 7976.2692 1.20675e-16
 7979.2471 1.22358e-16
 7982.2251 1.12513e-16
 7985.2031 1.03932e-16
 7988.1811 1.16646e-16
 7991.1590 1.03500e-16
 7994.1370 1.14301e-16
 7997.1150 1.22499e-16
 8000.0930 1.17594e-16
 8003.0709 1.04509e-16
 8006.0489 1.15241e-16
 8009.0269 1.06725e-16
 8012.0049 1.13729e-16
 8014.9828 1.08629e-16
 8017.9608 1.07114e-16
 8020.9388 1.09750e-16
 8023.9168 1.00006e-16
 8026.8947 1.05648e-16
 8029.8727 1.13239e-16
 8032.8507 1.02123e-16
 8035.8287 1.16040e-16
 8038.8066 1.07204e-16
 8041.7846 1.05259e-16
 8044.7626 1.04275e-16
 8047.7406 1.00782e-16
 8050.7185 1.07522e-16
 8053.6965 1.31469e-16
 8056.6745 1.16964e-16
 8059.6525 1.02971e-16
 8062.6304 1.16697e-16
 8065.6084 1.04415e-16
 8068.5864 1.10493e-16
 8071.5644 1.29315e-16
 8074.5423 1.17178e-16
 8077.5203 1.10684e-16
 8080.4983 1.08713e-16
 8083.4763 1.02933e-16
 8086.4542 1.04502e-16
 8089.4322 9.80557e-17
 8092.4102 8.46914e-17
 8095.3882 1.03358e-16
 8098.3661 1.14167e-16
 8101.3441 8.89034e-17
 8104.3221 8.19712e-17
 8107.3001 1.10697e-16
 8110.2780 5.58578e-17
 8113.2560 8.97521e-17
 8116.2340 9.75545e-17
 8119.2120 1.09687e-16
 8122.1899 8.82018e-17
 8125.1679 9.13633e-17
 8128.1459 9.28927e-17
 8131.1239 9.47125e-17
 8134.1018 1.15508e-16
 8137.0798 9.30200e-17
 8140.0578 9.82064e-17
 8143.0358 8.89247e-17
 8146.0137 7.65963e-17
 8148.9917 8.80149e-17
 8151.9697 9.50320e-17
 8154.9477 8.73783e-17
 8157.9257 9.69881e-17
 8160.9036 9.12022e-17
 8163.8816 4.67813e-17
 8166.8596 4.29524e-17
 8169.8376 4.43470e-17
 8172.8155 2.59902e-17
 8175.7935 5.70236e-17
 8178.7715 7.80272e-17
 8181.7495 9.01018e-17
 8184.7274 7.16621e-17
 8187.7054 5.82356e-17
 8190.6834 5.38546e-17
 8193.6613 6.13764e-17
 8196.6393 5.45255e-17
 8199.6173 5.81721e-17
 8202.5953 5.21219e-17
 8205.5732 5.02245e-17
 8208.5512 5.36557e-17
 8211.5292 4.77001e-17
 8214.5072 4.81796e-17
 8217.4851 3.10361e-17
 8220.4631 -9.46585e-18
 8223.4411 1.76880e-17
 8226.4191 7.57435e-17
 8229.3970 6.48036e-17
 8232.3750 4.45122e-17
 8235.3530 3.44322e-17
 8238.3310 3.64962e-17
 8241.3089 4.61678e-17
 8244.2869 3.86055e-17
 8247.2649 5.41841e-17
 8250.2429 1.58508e-17
 8253.2208 3.77762e-17
 8256.1988 6.74039e-17
 8259.1768 6.21795e-17
 8262.1548 6.55373e-17
 8265.1327 6.81354e-17
 8268.1107 5.99235e-17
 8271.0887 4.21622e-17
 8274.0667 6.93920e-17
 8277.0446 9.32498e-17
 8280.0226 7.63681e-17
 8283.0006 6.87460e-17
 8285.9786 6.69329e-17
 8288.9565 1.02205e-16
 8291.9345 9.09991e-17
 8294.9125 8.68610e-17
 8297.8905 6.95158e-17
 8300.8684 8.95668e-17
 8303.8464 7.86251e-17
 8306.8244 1.04704e-16
 8309.8024 8.84929e-17
 8312.7803 7.72574e-17
 8315.7583 7.27454e-17
 8318.7363 6.78434e-17
 8321.7143 7.15766e-17
 8324.6923 6.32966e-17
 8327.6702 9.15298e-17
 8330.6482 8.52146e-17
 8333.6262 8.32882e-17
 8336.6042 9.38164e-17
 8339.5821 7.10979e-17
 8342.5601 6.74613e-17
 8345.5381 6.80623e-17
 8348.5161 6.43531e-17
 8351.4940 8.33569e-17
 8354.4720 6.85698e-17
 8357.4500 6.17671e-17
 8360.4280 7.88323e-17
 8363.4059 6.91144e-17
 8366.3839 8.35051e-17
 8369.3619 5.95192e-17
 8372.3399 7.99221e-17
 8375.3178 8.11355e-17
 8378.2958 7.94867e-17
 8381.2738 7.72736e-17
 8384.2518 7.99789e-17
 8387.2297 7.30053e-17
 8390.2077 7.59845e-17
 8393.1857 7.97075e-17
 8396.1637 8.74869e-17
 8399.1416 9.60305e-17
 8402.1196 9.85335e-17
 8405.0976 9.69316e-17
 8408.0755 8.62798e-17
 8411.0535 8.55324e-17
 8414.0315 1.03583e-16
 8417.0095 9.81737e-17
 8419.9874 1.14913e-16
 8422.9654 9.59347e-17
 8425.9434 9.04865e-17
 8428.9214 9.50905e-17
 8431.8993 1.05163e-16
 8434.8773 9.35249e-17
 8437.8553 9.30772e-17
 8440.8333 1.00045e-16
 8443.8112 1.07897e-16
 8446.7892 1.23864e-16
 8449.7672 9.92641e-17
 8452.7452 1.20259e-16
 8455.7231 1.26271e-16
 8458.7011 1.17848e-16
 8461.6791 1.32559e-16
 8464.6571 1.39887e-16
 8467.6350 1.20859e-16
 8470.6130 1.24170e-16
 8473.5910 1.27536e-16
 8476.5690 1.21057e-16
 8479.5470 1.63884e-16
 8482.5249 1.64127e-16
 8485.5029 1.31092e-16
 8488.4809 1.62721e-16
 8491.4589 1.57453e-16
 8494.4368 1.64044e-16
 8497.4148 1.55219e-16
 8500.3928 1.49698e-16
 8503.3708 1.42439e-16
 8506.3487 1.54398e-16
 8509.3267 1.63729e-16
 8512.3047 1.53429e-16
 8515.2827 1.66160e-16
 8518.2606 1.48625e-16
 8521.2386 1.34588e-16
 8524.2166 1.54612e-16
 8527.1946 1.73558e-16
 8530.1725 1.67070e-16
 8533.1505 1.62836e-16
 8536.1285 1.53579e-16
 8539.1065 1.69232e-16
 8542.0844 1.86111e-16
 8545.0624 1.73730e-16
 8548.0404 1.83112e-16
 8551.0184 1.83691e-16
 8553.9963 1.66780e-16
 8556.9743 1.72937e-16
 8559.9523 1.80480e-16
 8562.9303 1.89626e-16
 8565.9082 1.83769e-16
 8568.8862 1.76000e-16
 8571.8642 1.75861e-16
 8574.8422 1.64167e-16
 8577.8201 1.26359e-16
 8580.7981 1.17194e-16
 8583.7761 1.52656e-16
 8586.7541 2.09184e-16
 8589.7320 2.05659e-16
 8592.7100 1.62317e-16
 8595.6880 1.67800e-16
 8598.6660 2.04982e-16
 8601.6439 1.72074e-16
 8604.6219 1.75603e-16
 8607.5999 2.02772e-16
 8610.5778 2.05069e-16
 8613.5558 1.82931e-16
 8616.5338 1.95821e-16
 8619.5118 2.00104e-16
 8622.4897 1.89677e-16
 8625.4677 1.95168e-16
 8628.4457 1.97486e-16
 8631.4237 1.85703e-16
 8634.4016 1.79545e-16
 8637.3796 1.39479e-16
 8640.3576 1.58852e-16
 8643.3356 2.08440e-16
 8646.3136 1.84353e-16
 8649.2915 1.99795e-16
 8652.2695 2.03047e-16
 8655.2475 1.97181e-16
 8658.2255 2.34311e-16
 8661.2034 2.09872e-16
 8664.1814 1.97203e-16
 8667.1594 2.12820e-16
 8670.1374 2.00418e-16
 8673.1153 2.30673e-16
 8676.0933 2.12447e-16
 8679.0713 1.64809e-16
 8682.0493 1.71027e-16
 8685.0272 1.83070e-16
 8688.0052 1.91128e-16
 8690.9832 1.91025e-16
 8693.9612 1.74931e-16
 8696.9391 1.47616e-16
 8699.9171 1.83946e-16
 8702.8951 2.19892e-16
 8705.8731 2.24055e-16
 8708.8510 2.11486e-16
 8711.8290 1.92900e-16
 8714.8070 1.86993e-16
 8717.7850 1.99995e-16
 8720.7629 2.02288e-16
 8723.7409 1.97905e-16
 8726.7189 1.98285e-16
 8729.6969 1.37904e-16
 8732.6748 1.51305e-16
 8735.6528 1.75234e-16
 8738.6308 1.80787e-16
 8741.6088 1.97494e-16
 8744.5867 2.20272e-16
 8747.5647 2.06007e-16
 8750.5427 1.97241e-16
 8753.5207 2.01897e-16
 8756.4986 1.84178e-16
 8759.4766 2.35608e-16
 8762.4546 2.35091e-16
 8765.4326 1.83488e-16
 8768.4105 1.70800e-16
 8771.3885 1.86495e-16
 8774.3665 2.46960e-16
 8777.3445 1.81586e-16
 8780.3224 1.75537e-16
 8783.3004 1.95505e-16
 8786.2784 1.82101e-16
 8789.2564 1.98825e-16
 8792.2343 1.87486e-16
 8795.2123 1.65774e-16
 8798.1903 2.10015e-16
 8801.1683 2.45133e-16
 8804.1462 1.79164e-16
 8807.1242 1.58130e-16
 8810.1022 1.78837e-16
 8813.0802 1.70206e-16
 8816.0581 1.90777e-16
 8819.0361 1.66296e-16
 8822.0141 1.72445e-16
 8824.9921 1.83337e-16
 8827.9700 1.97233e-16
 8830.9480 1.85642e-16
 8833.9260 1.83127e-16
 8836.9040 1.86412e-16
 8839.8819 1.81303e-16
 8842.8599 1.79249e-16
 8845.8379 1.53852e-16
 8848.8159 1.68166e-16
 8851.7938 1.84776e-16
 8854.7718 1.62878e-16
 8857.7498 1.41938e-16
 8860.7278 1.49381e-16
 8863.7057 1.78209e-16
 8866.6837 1.92001e-16
 8869.6617 1.82104e-16
 8872.6397 1.59396e-16
 8875.6176 1.67188e-16
 8878.5956 1.66626e-16
 8881.5736 1.46251e-16
 8884.5516 1.79472e-16
 8887.5295 1.82265e-16
 8890.5075 1.97008e-16
 8893.4855 1.60306e-16
 8896.4635 1.45826e-16
 8899.4414 1.78324e-16
 8902.4194 1.69848e-16
 8905.3974 1.48979e-16
 8908.3754 1.45324e-16
 8911.3533 1.56242e-16
 8914.3313 1.72155e-16
 8917.3093 1.74521e-16
 8920.2873 1.48173e-16
 8923.2652 1.38205e-16
 8926.2432 1.37227e-16
 8929.2212 1.70300e-16
 8932.1992 1.35183e-16
 8935.1771 1.50099e-16
 8938.1551 1.33710e-16
 8941.1331 1.28185e-16
 8944.1111 1.50390e-16
 8947.0890 1.52695e-16
 8950.0670 1.60528e-16
 8953.0450 1.29965e-16
 8956.0230 1.28517e-16
 8959.0009 1.57925e-16
 8961.9789 1.44119e-16
 8964.9569 1.22844e-16
 8967.9349 9.38381e-17
 8970.9128 1.32480e-16
 8973.8908 1.16810e-16
 8976.8688 1.30807e-16
 8979.8468 1.39023e-16
 8982.8247 1.36645e-16
 8985.8027 1.45532e-16
 8988.7807 1.29590e-16
 8991.7587 1.32270e-16
 8994.7366 1.48252e-16
 8997.7146 1.36592e-16
 9000.6926 1.34175e-16
 9003.6706 1.41342e-16
 9006.6485 1.17803e-16
 9009.6265 1.35298e-16
 9012.6045 1.42161e-16
 9015.5825 1.54564e-16
 9018.5604 1.40048e-16
 9021.5384 1.57106e-16
 9024.5164 1.29612e-16
 9027.4944 1.34919e-16
 9030.4723 1.21232e-16
 9033.4503 1.38953e-16
 9036.4283 1.41605e-16
 9039.4063 1.43886e-16
 9042.3842 1.16614e-16
