#Object:               SN2007as
#FITS_file:            SN07as_b01_DUP_WF_18apr07.fits
#Redshift:             0.01757
#JDate_of_max:         2454181.28
#JDate_of_observation: 2454208.69
#Epoch:                26.94     
#
 3734.3788 5.01982e-17
 3737.3677 6.54852e-17
 3740.3566 7.78020e-17
 3743.3455 5.34043e-17
 3746.3344 4.35660e-17
 3749.3233 3.76903e-17
 3752.3121 7.35727e-17
 3755.3010 7.86732e-17
 3758.2899 5.07877e-17
 3761.2788 6.39189e-17
 3764.2677 4.43452e-17
 3767.2566 3.25286e-17
 3770.2455 8.00311e-17
 3773.2344 8.12463e-17
 3776.2233 6.37693e-17
 3779.2121 7.29624e-17
 3782.2010 5.30835e-17
 3785.1899 5.77569e-17
 3788.1788 9.01917e-17
 3791.1677 8.17767e-17
 3794.1566 6.12872e-17
 3797.1455 5.89417e-17
 3800.1344 6.88326e-17
 3803.1233 7.17214e-17
 3806.1121 6.55081e-17
 3809.1010 9.76923e-17
 3812.0899 1.03402e-16
 3815.0788 8.89531e-17
 3818.0677 9.71096e-17
 3821.0566 1.26251e-16
 3824.0455 1.04656e-16
 3827.0344 1.20005e-16
 3830.0233 1.74185e-16
 3833.0121 1.65290e-16
 3836.0010 1.36220e-16
 3838.9899 1.40629e-16
 3841.9788 1.44666e-16
 3844.9677 1.47280e-16
 3847.9566 1.57637e-16
 3850.9455 1.57023e-16
 3853.9344 2.07515e-16
 3856.9233 1.75761e-16
 3859.9121 1.71270e-16
 3862.9010 1.94235e-16
 3865.8899 1.72278e-16
 3868.8788 1.65219e-16
 3871.8677 2.23972e-16
 3874.8566 2.06548e-16
 3877.8455 2.20248e-16
 3880.8344 2.16036e-16
 3883.8233 2.28184e-16
 3886.8121 2.48700e-16
 3889.8010 2.34280e-16
 3892.7899 2.11334e-16
 3895.7788 2.53825e-16
 3898.7677 2.25697e-16
 3901.7566 2.54116e-16
 3904.7455 2.35251e-16
 3907.7344 2.45990e-16
 3910.7233 2.66874e-16
 3913.7121 2.64459e-16
 3916.7010 2.92197e-16
 3919.6899 2.33448e-16
 3922.6788 2.79998e-16
 3925.6677 2.84444e-16
 3928.6566 2.98647e-16
 3931.6455 2.64592e-16
 3934.6344 2.58501e-16
 3937.6233 2.49934e-16
 3940.6121 2.44162e-16
 3943.6010 2.99468e-16
 3946.5899 2.81683e-16
 3949.5788 2.74500e-16
 3952.5677 2.65067e-16
 3955.5566 2.55862e-16
 3958.5455 2.32510e-16
 3961.5344 2.38465e-16
 3964.5233 2.85368e-16
 3967.5121 2.57088e-16
 3970.5010 2.36291e-16
 3973.4899 2.39791e-16
 3976.4788 2.03162e-16
 3979.4677 2.33204e-16
 3982.4566 2.27651e-16
 3985.4455 2.18247e-16
 3988.4344 2.17600e-16
 3991.4233 2.12310e-16
 3994.4121 2.08847e-16
 3997.4010 1.94731e-16
 4000.3899 2.08828e-16
 4003.3788 1.98488e-16
 4006.3677 1.98062e-16
 4009.3566 2.05517e-16
 4012.3455 1.83884e-16
 4015.3344 1.89658e-16
 4018.3233 1.89396e-16
 4021.3121 1.82335e-16
 4024.3010 1.81133e-16
 4027.2899 1.76217e-16
 4030.2788 1.93989e-16
 4033.2677 1.72097e-16
 4036.2566 1.68649e-16
 4039.2455 1.88975e-16
 4042.2344 1.79085e-16
 4045.2233 1.71075e-16
 4048.2121 1.66365e-16
 4051.2010 1.68065e-16
 4054.1899 1.46686e-16
 4057.1788 1.82309e-16
 4060.1677 1.56615e-16
 4063.1566 1.54988e-16
 4066.1455 1.62467e-16
 4069.1344 1.79971e-16
 4072.1233 1.69796e-16
 4075.1121 1.64909e-16
 4078.1010 1.65885e-16
 4081.0899 1.54369e-16
 4084.0788 1.25817e-16
 4087.0677 1.36904e-16
 4090.0566 1.51090e-16
 4093.0455 1.46591e-16
 4096.0344 1.42453e-16
 4099.0233 1.56559e-16
 4102.0121 1.70100e-16
 4105.0010 1.44861e-16
 4107.9899 1.56016e-16
 4110.9788 1.50808e-16
 4113.9677 1.58299e-16
 4116.9566 1.54505e-16
 4119.9455 1.41994e-16
 4122.9344 1.51336e-16
 4125.9233 1.63026e-16
 4128.9121 1.69173e-16
 4131.9010 1.50860e-16
 4134.8899 1.40651e-16
 4137.8788 1.54004e-16
 4140.8677 1.78030e-16
 4143.8566 1.63614e-16
 4146.8455 1.64570e-16
 4149.8344 1.61750e-16
 4152.8233 1.68554e-16
 4155.8121 1.74404e-16
 4158.8010 1.67885e-16
 4161.7899 1.62694e-16
 4164.7788 1.74273e-16
 4167.7677 1.70310e-16
 4170.7566 1.59556e-16
 4173.7455 1.66751e-16
 4176.7344 1.52117e-16
 4179.7233 1.68938e-16
 4182.7121 1.93633e-16
 4185.7010 1.71652e-16
 4188.6899 1.78834e-16
 4191.6788 1.64987e-16
 4194.6677 1.89026e-16
 4197.6566 1.75823e-16
 4200.6455 1.72855e-16
 4203.6344 1.72332e-16
 4206.6233 1.81149e-16
 4209.6121 1.94843e-16
 4212.6010 1.65732e-16
 4215.5899 1.89552e-16
 4218.5788 1.62271e-16
 4221.5677 1.62190e-16
 4224.5566 2.01499e-16
 4227.5455 2.02880e-16
 4230.5344 1.83059e-16
 4233.5233 1.67505e-16
 4236.5121 1.74058e-16
 4239.5010 1.92307e-16
 4242.4899 1.84952e-16
 4245.4788 1.72858e-16
 4248.4677 1.89306e-16
 4251.4566 2.09339e-16
 4254.4455 1.87720e-16
 4257.4344 1.97397e-16
 4260.4233 1.98127e-16
 4263.4121 2.13685e-16
 4266.4010 1.95314e-16
 4269.3899 2.15981e-16
 4272.3788 1.91486e-16
 4275.3677 2.21158e-16
 4278.3566 2.07679e-16
 4281.3455 2.16812e-16
 4284.3344 2.04655e-16
 4287.3232 2.02961e-16
 4290.3121 2.11101e-16
 4293.3010 2.09953e-16
 4296.2899 2.01075e-16
 4299.2788 2.24237e-16
 4302.2677 2.13634e-16
 4305.2566 2.04244e-16
 4308.2455 1.87542e-16
 4311.2344 1.72543e-16
 4314.2233 1.72666e-16
 4317.2121 1.81985e-16
 4320.2010 1.79220e-16
 4323.1899 1.73645e-16
 4326.1788 1.71674e-16
 4329.1677 1.71821e-16
 4332.1566 1.62314e-16
 4335.1455 1.57788e-16
 4338.1344 1.47644e-16
 4341.1233 1.42999e-16
 4344.1121 1.25666e-16
 4347.1010 1.16413e-16
 4350.0899 1.38308e-16
 4353.0788 1.32343e-16
 4356.0677 1.15566e-16
 4359.0566 1.31986e-16
 4362.0455 1.38484e-16
 4365.0344 1.09372e-16
 4368.0233 1.19158e-16
 4371.0121 1.10299e-16
 4374.0010 1.26622e-16
 4376.9899 1.39415e-16
 4379.9788 1.22121e-16
 4382.9677 1.07854e-16
 4385.9566 1.22051e-16
 4388.9455 1.09122e-16
 4391.9344 1.10566e-16
 4394.9233 1.20502e-16
 4397.9121 1.09563e-16
 4400.9010 1.18882e-16
 4403.8899 1.19414e-16
 4406.8788 1.09835e-16
 4409.8677 1.27707e-16
 4412.8566 1.19547e-16
 4415.8455 1.30155e-16
 4418.8344 1.23615e-16
 4421.8233 1.16674e-16
 4424.8121 1.25666e-16
 4427.8010 1.21319e-16
 4430.7899 1.08172e-16
 4433.7788 1.08578e-16
 4436.7677 1.21543e-16
 4439.7566 1.23581e-16
 4442.7455 1.33511e-16
 4445.7344 1.30940e-16
 4448.7232 1.26691e-16
 4451.7121 1.43419e-16
 4454.7010 1.47413e-16
 4457.6899 1.31283e-16
 4460.6788 1.46331e-16
 4463.6677 1.45669e-16
 4466.6566 1.58473e-16
 4469.6455 1.54740e-16
 4472.6344 1.44118e-16
 4475.6233 1.61221e-16
 4478.6121 1.56938e-16
 4481.6010 1.62380e-16
 4484.5899 1.63624e-16
 4487.5788 1.70636e-16
 4490.5677 1.96154e-16
 4493.5566 1.90175e-16
 4496.5455 1.82185e-16
 4499.5344 2.05147e-16
 4502.5233 2.21791e-16
 4505.5121 2.15459e-16
 4508.5010 2.15415e-16
 4511.4899 2.22297e-16
 4514.4788 2.33683e-16
 4517.4677 2.29689e-16
 4520.4566 2.49731e-16
 4523.4455 2.58601e-16
 4526.4344 2.52173e-16
 4529.4233 2.81414e-16
 4532.4121 2.90210e-16
 4535.4010 2.89159e-16
 4538.3899 2.98282e-16
 4541.3788 3.10676e-16
 4544.3677 3.09013e-16
 4547.3566 3.26119e-16
 4550.3455 3.34777e-16
 4553.3344 3.54451e-16
 4556.3233 3.61488e-16
 4559.3121 3.61425e-16
 4562.3010 3.81945e-16
 4565.2899 3.69767e-16
 4568.2788 3.78690e-16
 4571.2677 3.93403e-16
 4574.2566 4.13414e-16
 4577.2455 3.97240e-16
 4580.2344 4.08528e-16
 4583.2233 4.10579e-16
 4586.2121 4.25676e-16
 4589.2010 4.11560e-16
 4592.1899 4.16245e-16
 4595.1788 4.19964e-16
 4598.1677 4.16222e-16
 4601.1566 4.22853e-16
 4604.1455 4.18678e-16
 4607.1344 4.35942e-16
 4610.1232 3.89635e-16
 4613.1121 4.00349e-16
 4616.1010 3.91263e-16
 4619.0899 4.02960e-16
 4622.0788 3.94685e-16
 4625.0677 3.56985e-16
 4628.0566 3.34773e-16
 4631.0455 3.30741e-16
 4634.0344 3.33472e-16
 4637.0233 3.39390e-16
 4640.0121 3.10144e-16
 4643.0010 2.91831e-16
 4645.9899 2.89340e-16
 4648.9788 2.74328e-16
 4651.9677 2.58074e-16
 4654.9566 2.65678e-16
 4657.9455 2.55390e-16
 4660.9344 2.52886e-16
 4663.9233 2.49499e-16
 4666.9121 2.40329e-16
 4669.9010 2.10358e-16
 4672.8899 2.08038e-16
 4675.8788 1.98879e-16
 4678.8677 1.92727e-16
 4681.8566 1.94512e-16
 4684.8455 1.87756e-16
 4687.8344 1.87429e-16
 4690.8233 1.76579e-16
 4693.8121 1.78186e-16
 4696.8010 1.74089e-16
 4699.7899 1.69758e-16
 4702.7788 1.63568e-16
 4705.7677 1.52599e-16
 4708.7566 1.60697e-16
 4711.7455 1.51103e-16
 4714.7344 1.54208e-16
 4717.7233 1.58136e-16
 4720.7121 1.51099e-16
 4723.7010 1.60974e-16
 4726.6899 1.52163e-16
 4729.6788 1.50631e-16
 4732.6677 1.56853e-16
 4735.6566 1.66185e-16
 4738.6455 1.51801e-16
 4741.6344 1.39400e-16
 4744.6233 1.63940e-16
 4747.6121 1.71208e-16
 4750.6010 1.72637e-16
 4753.5899 1.77548e-16
 4756.5788 1.76284e-16
 4759.5677 1.79561e-16
 4762.5566 1.77097e-16
 4765.5455 1.88160e-16
 4768.5344 1.83341e-16
 4771.5232 1.85305e-16
 4774.5121 1.89357e-16
 4777.5010 1.71863e-16
 4780.4899 1.94340e-16
 4783.4788 1.94166e-16
 4786.4677 1.96801e-16
 4789.4566 1.86363e-16
 4792.4455 2.03238e-16
 4795.4344 1.85774e-16
 4798.4233 1.73293e-16
 4801.4121 1.82319e-16
 4804.4010 1.82912e-16
 4807.3899 1.80725e-16
 4810.3788 1.86331e-16
 4813.3677 1.84590e-16
 4816.3566 1.89876e-16
 4819.3455 1.84421e-16
 4822.3344 1.95765e-16
 4825.3233 1.95083e-16
 4828.3121 1.93375e-16
 4831.3010 1.99421e-16
 4834.2899 1.80537e-16
 4837.2788 1.87046e-16
 4840.2677 1.94910e-16
 4843.2566 1.97539e-16
 4846.2455 2.05056e-16
 4849.2344 2.11531e-16
 4852.2233 2.14874e-16
 4855.2121 1.96739e-16
 4858.2010 1.82060e-16
 4861.1899 2.06132e-16
 4864.1788 2.26183e-16
 4867.1677 2.36516e-16
 4870.1566 2.52489e-16
 4873.1455 2.72577e-16
 4876.1344 2.76409e-16
 4879.1233 2.77399e-16
 4882.1121 2.82096e-16
 4885.1010 2.91559e-16
 4888.0899 2.96470e-16
 4891.0788 3.15503e-16
 4894.0677 3.30622e-16
 4897.0566 3.29635e-16
 4900.0455 3.41830e-16
 4903.0344 3.34122e-16
 4906.0232 3.51961e-16
 4909.0121 3.39491e-16
 4912.0010 3.56609e-16
 4914.9899 3.26840e-16
 4917.9788 3.22435e-16
 4920.9677 3.24669e-16
 4923.9566 3.20522e-16
 4926.9455 3.15779e-16
 4929.9344 3.20449e-16
 4932.9232 2.97132e-16
 4935.9121 2.91105e-16
 4938.9010 2.95751e-16
 4941.8899 2.87711e-16
 4944.8788 2.72302e-16
 4947.8677 2.62265e-16
 4950.8566 2.54899e-16
 4953.8455 2.37935e-16
 4956.8344 2.26488e-16
 4959.8233 2.41925e-16
 4962.8121 2.39819e-16
 4965.8010 2.39346e-16
 4968.7899 2.36244e-16
 4971.7788 2.25921e-16
 4974.7677 2.26492e-16
 4977.7566 2.14829e-16
 4980.7455 2.04855e-16
 4983.7344 2.12618e-16
 4986.7233 2.01966e-16
 4989.7121 2.01448e-16
 4992.7010 1.94974e-16
 4995.6899 1.99810e-16
 4998.6788 1.81760e-16
 5001.6677 1.43177e-16
 5004.6566 1.38142e-16
 5007.6455 1.72329e-16
 5010.6344 1.99940e-16
 5013.6233 2.01131e-16
 5016.6121 1.90725e-16
 5019.6010 1.84171e-16
 5022.5899 1.89112e-16
 5025.5788 2.01467e-16
 5028.5677 1.96013e-16
 5031.5566 1.92099e-16
 5034.5455 1.83261e-16
 5037.5344 1.84806e-16
 5040.5233 1.94107e-16
 5043.5121 1.90213e-16
 5046.5010 1.89782e-16
 5049.4899 1.91566e-16
 5052.4788 1.83581e-16
 5055.4677 1.79202e-16
 5058.4566 1.95658e-16
 5061.4455 1.76287e-16
 5064.4344 1.67921e-16
 5067.4232 1.74931e-16
 5070.4121 1.69375e-16
 5073.4010 1.66023e-16
 5076.3899 1.64634e-16
 5079.3788 1.69186e-16
 5082.3677 1.66223e-16
 5085.3566 1.61464e-16
 5088.3455 1.67747e-16
 5091.3344 1.65854e-16
 5094.3232 1.62520e-16
 5097.3121 1.72533e-16
 5100.3010 1.69956e-16
 5103.2899 1.76323e-16
 5106.2788 1.68315e-16
 5109.2677 1.73964e-16
 5112.2566 1.77867e-16
 5115.2455 1.94580e-16
 5118.2344 1.87669e-16
 5121.2233 1.77023e-16
 5124.2121 1.84646e-16
 5127.2010 1.94272e-16
 5130.1899 1.90041e-16
 5133.1788 1.94156e-16
 5136.1677 2.06571e-16
 5139.1566 1.96642e-16
 5142.1455 2.10306e-16
 5145.1344 2.12405e-16
 5148.1233 2.01326e-16
 5151.1121 2.02960e-16
 5154.1010 2.10661e-16
 5157.0899 2.26083e-16
 5160.0788 2.24784e-16
 5163.0677 2.37892e-16
 5166.0566 2.28629e-16
 5169.0455 2.34605e-16
 5172.0344 2.53879e-16
 5175.0233 2.53106e-16
 5178.0121 2.57495e-16
 5181.0010 2.54907e-16
 5183.9899 2.57429e-16
 5186.9788 2.74530e-16
 5189.9677 2.81791e-16
 5192.9566 2.81568e-16
 5195.9455 2.73690e-16
 5198.9344 2.82286e-16
 5201.9233 2.88497e-16
 5204.9121 2.89285e-16
 5207.9010 3.09414e-16
 5210.8899 3.26033e-16
 5213.8788 3.13549e-16
 5216.8677 3.10737e-16
 5219.8566 3.16325e-16
 5222.8455 3.36063e-16
 5225.8344 3.34925e-16
 5228.8232 3.35538e-16
 5231.8121 3.46443e-16
 5234.8010 3.48493e-16
 5237.7899 3.50649e-16
 5240.7788 3.47991e-16
 5243.7677 3.52820e-16
 5246.7566 3.67143e-16
 5249.7455 3.71492e-16
 5252.7344 3.75533e-16
 5255.7232 3.70089e-16
 5258.7121 3.82415e-16
 5261.7010 3.87571e-16
 5264.6899 3.86668e-16
 5267.6788 3.94689e-16
 5270.6677 3.83068e-16
 5273.6566 3.84921e-16
 5276.6455 3.71659e-16
 5279.6344 3.88370e-16
 5282.6233 4.01166e-16
 5285.6121 3.99674e-16
 5288.6010 4.00516e-16
 5291.5899 4.04152e-16
 5294.5788 3.99963e-16
 5297.5677 4.08500e-16
 5300.5566 4.17439e-16
 5303.5455 4.14776e-16
 5306.5344 4.11277e-16
 5309.5233 4.06277e-16
 5312.5121 4.05517e-16
 5315.5010 4.10967e-16
 5318.4899 4.04279e-16
 5321.4788 3.96654e-16
 5324.4677 3.92063e-16
 5327.4566 4.07379e-16
 5330.4455 4.07247e-16
 5333.4344 4.14477e-16
 5336.4233 4.11688e-16
 5339.4121 4.04283e-16
 5342.4010 4.16305e-16
 5345.3899 4.18720e-16
 5348.3788 4.23739e-16
 5351.3677 4.36381e-16
 5354.3566 4.42295e-16
 5357.3455 4.42666e-16
 5360.3344 4.52423e-16
 5363.3233 4.45170e-16
 5366.3121 4.43769e-16
 5369.3010 4.52693e-16
 5372.2899 4.71606e-16
 5375.2788 4.67803e-16
 5378.2677 4.69485e-16
 5381.2566 4.89057e-16
 5384.2455 4.91190e-16
 5387.2344 5.06469e-16
 5390.2232 5.13353e-16
 5393.2121 4.94768e-16
 5396.2010 4.90868e-16
 5399.1899 5.17036e-16
 5402.1788 5.33665e-16
 5405.1677 5.21853e-16
 5408.1566 5.16666e-16
 5411.1455 5.21177e-16
 5414.1344 5.38290e-16
 5417.1232 5.50566e-16
 5420.1121 5.63150e-16
 5423.1010 5.77965e-16
 5426.0899 5.72166e-16
 5429.0788 5.69795e-16
 5432.0677 5.81830e-16
 5435.0566 5.72855e-16
 5438.0455 5.92347e-16
 5441.0344 6.01766e-16
 5444.0233 6.03227e-16
 5447.0121 6.01524e-16
 5450.0010 6.19700e-16
 5452.9899 6.23746e-16
 5455.9788 6.53753e-16
 5458.9677 6.53204e-16
 5461.9566 6.53356e-16
 5464.9455 6.56220e-16
 5467.9344 6.70943e-16
 5470.9233 6.70054e-16
 5473.9121 6.68515e-16
 5476.9010 6.33421e-16
 5479.8899 6.86311e-16
 5482.8788 7.69879e-16
 5485.8677 7.24714e-16
 5488.8566 6.96061e-16
 5491.8455 7.09671e-16
 5494.8344 7.13757e-16
 5497.8233 7.22913e-16
 5500.8121 7.53761e-16
 5503.8010 7.55541e-16
 5506.7899 7.33668e-16
 5509.7788 7.28631e-16
 5512.7677 7.63678e-16
 5515.7566 7.74431e-16
 5518.7455 7.49806e-16
 5521.7344 7.69209e-16
 5524.7232 7.45273e-16
 5527.7121 7.56924e-16
 5530.7010 7.67249e-16
 5533.6899 7.79840e-16
 5536.6788 7.69403e-16
 5539.6677 7.65410e-16
 5542.6566 7.59030e-16
 5545.6455 7.39627e-16
 5548.6344 7.55650e-16
 5551.6232 7.39837e-16
 5554.6121 7.68805e-16
 5557.6010 7.57887e-16
 5560.5899 7.45231e-16
 5563.5788 7.59580e-16
 5566.5677 7.43099e-16
 5569.5566 7.33307e-16
 5572.5455 7.30029e-16
 5575.5344 7.16847e-16
 5578.5232 7.10724e-16
 5581.5121 7.13044e-16
 5584.5010 7.07965e-16
 5587.4899 7.11603e-16
 5590.4788 7.01062e-16
 5593.4677 6.95294e-16
 5596.4566 6.85084e-16
 5599.4455 6.81818e-16
 5602.4344 6.64078e-16
 5605.4233 6.71929e-16
 5608.4121 6.77663e-16
 5611.4010 6.66787e-16
 5614.3899 6.51667e-16
 5617.3788 6.51737e-16
 5620.3677 6.53664e-16
 5623.3566 6.34400e-16
 5626.3455 6.13299e-16
 5629.3344 6.13081e-16
 5632.3233 6.01597e-16
 5635.3121 5.94895e-16
 5638.3010 5.91133e-16
 5641.2899 5.95802e-16
 5644.2788 5.84511e-16
 5647.2677 5.66972e-16
 5650.2566 5.48111e-16
 5653.2455 5.38917e-16
 5656.2344 5.44013e-16
 5659.2233 5.35499e-16
 5662.2121 5.16827e-16
 5665.2010 5.05737e-16
 5668.1899 5.03577e-16
 5671.1788 5.13874e-16
 5674.1677 4.94803e-16
 5677.1566 4.90802e-16
 5680.1455 4.89411e-16
 5683.1344 4.82194e-16
 5686.1232 4.68295e-16
 5689.1121 4.64175e-16
 5692.1010 4.61951e-16
 5695.0899 4.65886e-16
 5698.0788 4.59190e-16
 5701.0677 4.44431e-16
 5704.0566 4.46307e-16
 5707.0455 4.52247e-16
 5710.0344 4.53236e-16
 5713.0232 4.47768e-16
 5716.0121 4.41015e-16
 5719.0010 4.50884e-16
 5721.9899 4.30036e-16
 5724.9788 4.34181e-16
 5727.9677 4.36496e-16
 5730.9566 4.38243e-16
 5733.9455 4.33573e-16
 5736.9344 4.36053e-16
 5739.9232 4.44413e-16
 5742.9121 4.56228e-16
 5745.9010 4.57313e-16
 5748.8899 4.52808e-16
 5751.8788 4.54416e-16
 5754.8677 4.62692e-16
 5757.8566 4.51101e-16
 5760.8455 4.40640e-16
 5763.8344 4.67569e-16
 5766.8233 4.70367e-16
 5769.8121 4.79119e-16
 5772.8010 4.74443e-16
 5775.7899 4.79675e-16
 5778.7788 4.85694e-16
 5781.7677 4.79634e-16
 5784.7566 4.66146e-16
 5787.7455 4.58605e-16
 5790.7344 4.75636e-16
 5793.7233 4.72429e-16
 5796.7121 4.86674e-16
 5799.7010 5.08332e-16
 5802.6899 5.08546e-16
 5805.6788 5.02377e-16
 5808.6677 5.03155e-16
 5811.6566 5.34366e-16
 5814.6455 5.42528e-16
 5817.6344 5.29878e-16
 5820.6233 5.22977e-16
 5823.6121 5.21256e-16
 5826.6010 5.35011e-16
 5829.5899 5.37892e-16
 5832.5788 5.33335e-16
 5835.5677 5.38440e-16
 5838.5566 5.17242e-16
 5841.5455 5.42943e-16
 5844.5344 5.52556e-16
 5847.5232 5.39909e-16
 5850.5121 5.46968e-16
 5853.5010 5.56118e-16
 5856.4899 5.28295e-16
 5859.4788 5.13214e-16
 5862.4677 5.54759e-16
 5865.4566 5.56054e-16
 5868.4455 5.29014e-16
 5871.4344 5.24719e-16
 5874.4232 5.24215e-16
 5877.4121 5.22703e-16
 5880.4010 5.32287e-16
 5883.3899 5.24985e-16
 5886.3788 5.00869e-16
 5889.3677 4.93308e-16
 5892.3566 4.90885e-16
 5895.3455 5.01049e-16
 5898.3344 5.05426e-16
 5901.3232 4.93170e-16
 5904.3121 4.91368e-16
 5907.3010 4.89617e-16
 5910.2899 4.84879e-16
 5913.2788 4.78815e-16
 5916.2677 4.76277e-16
 5919.2566 4.65997e-16
 5922.2455 4.55262e-16
 5925.2344 4.47647e-16
 5928.2233 4.42177e-16
 5931.2121 4.37215e-16
 5934.2010 4.23102e-16
 5937.1899 4.15674e-16
 5940.1788 4.06392e-16
 5943.1677 4.01164e-16
 5946.1566 3.91847e-16
 5949.1455 4.00348e-16
 5952.1344 3.83436e-16
 5955.1233 3.86845e-16
 5958.1121 3.77330e-16
 5961.1010 3.79567e-16
 5964.0899 3.70279e-16
 5967.0788 3.69137e-16
 5970.0677 3.54232e-16
 5973.0566 3.46517e-16
 5976.0455 3.45028e-16
 5979.0344 3.44113e-16
 5982.0233 3.37236e-16
 5985.0121 3.20742e-16
 5988.0010 3.27398e-16
 5990.9899 3.26421e-16
 5993.9788 3.31369e-16
 5996.9677 3.23314e-16
 5999.9566 3.20020e-16
 6002.9455 3.15742e-16
 6005.9344 3.09287e-16
 6008.9232 3.05237e-16
 6011.9121 3.05948e-16
 6014.9010 3.00735e-16
 6017.8899 3.03240e-16
 6020.8788 3.08879e-16
 6023.8677 3.04296e-16
 6026.8566 2.99576e-16
 6029.8455 2.84195e-16
 6032.8344 2.81021e-16
 6035.8232 2.75901e-16
 6038.8121 2.80610e-16
 6041.8010 2.70104e-16
 6044.7899 2.67196e-16
 6047.7788 2.63632e-16
 6050.7677 2.58552e-16
 6053.7566 2.59795e-16
 6056.7455 2.57432e-16
 6059.7344 2.70073e-16
 6062.7232 2.56198e-16
 6065.7121 2.37320e-16
 6068.7010 2.48443e-16
 6071.6899 2.48064e-16
 6074.6788 2.42197e-16
 6077.6677 2.33807e-16
 6080.6566 2.35887e-16
 6083.6455 2.27435e-16
 6086.6344 2.08787e-16
 6089.6233 2.14249e-16
 6092.6121 2.25930e-16
 6095.6010 2.08594e-16
 6098.5899 2.07057e-16
 6101.5788 2.00170e-16
 6104.5677 1.95807e-16
 6107.5566 1.92482e-16
 6110.5455 1.96217e-16
 6113.5344 1.85431e-16
 6116.5233 1.93067e-16
 6119.5121 1.89334e-16
 6122.5010 1.83294e-16
 6125.4899 1.84842e-16
 6128.4788 1.82515e-16
 6131.4677 1.92075e-16
 6134.4566 2.00233e-16
 6137.4455 1.90996e-16
 6140.4344 1.97390e-16
 6143.4233 2.03949e-16
 6146.4121 1.84412e-16
 6149.4010 1.98680e-16
 6152.3899 2.06478e-16
 6155.3788 2.05421e-16
 6158.3677 2.10162e-16
 6161.3566 2.16550e-16
 6164.3455 2.27347e-16
 6167.3344 2.20981e-16
 6170.3232 2.24895e-16
 6173.3121 2.32271e-16
 6176.3010 2.34887e-16
 6179.2899 2.52443e-16
 6182.2788 2.55725e-16
 6185.2677 2.54068e-16
 6188.2566 2.50348e-16
 6191.2455 2.59795e-16
 6194.2344 2.70288e-16
 6197.2232 2.85523e-16
 6200.2121 2.91540e-16
 6203.2010 2.92390e-16
 6206.1899 2.93192e-16
 6209.1788 2.88763e-16
 6212.1677 3.04900e-16
 6215.1566 3.02255e-16
 6218.1455 3.13545e-16
 6221.1344 3.15575e-16
 6224.1232 3.16961e-16
 6227.1121 3.05753e-16
 6230.1010 3.10908e-16
 6233.0899 3.18239e-16
 6236.0788 3.17228e-16
 6239.0677 3.05852e-16
 6242.0566 3.16492e-16
 6245.0455 3.11178e-16
 6248.0344 3.05917e-16
 6251.0233 3.14421e-16
 6254.0121 3.19222e-16
 6257.0010 3.18934e-16
 6259.9899 3.23354e-16
 6262.9788 3.23235e-16
 6265.9677 3.25200e-16
 6268.9566 3.23885e-16
 6271.9455 3.30685e-16
 6274.9344 3.25660e-16
 6277.9233 3.25893e-16
 6280.9121 3.35949e-16
 6283.9010 3.32038e-16
 6286.8899 3.51718e-16
 6289.8788 3.24009e-16
 6292.8677 3.16197e-16
 6295.8566 3.28091e-16
 6298.8455 3.41376e-16
 6301.8344 3.46809e-16
 6304.8232 3.50772e-16
 6307.8121 3.53828e-16
 6310.8010 3.65933e-16
 6313.7899 3.64376e-16
 6316.7788 3.53455e-16
 6319.7677 3.68612e-16
 6322.7566 3.75095e-16
 6325.7455 3.77517e-16
 6328.7344 3.88106e-16
 6331.7232 3.86815e-16
 6334.7121 3.96442e-16
 6337.7010 3.96979e-16
 6340.6899 4.13736e-16
 6343.6788 4.05926e-16
 6346.6677 4.18229e-16
 6349.6566 4.25664e-16
 6352.6455 4.24901e-16
 6355.6344 4.48563e-16
 6358.6232 4.43605e-16
 6361.6121 4.49477e-16
 6364.6010 4.55430e-16
 6367.5899 4.64638e-16
 6370.5788 4.76041e-16
 6373.5677 4.73876e-16
 6376.5566 4.82394e-16
 6379.5455 4.82379e-16
 6382.5344 4.89758e-16
 6385.5232 5.00021e-16
 6388.5121 5.12580e-16
 6391.5010 5.12322e-16
 6394.4899 5.19414e-16
 6397.4788 5.16736e-16
 6400.4677 5.20767e-16
 6403.4566 5.36053e-16
 6406.4455 5.35687e-16
 6409.4344 5.42332e-16
 6412.4233 5.65724e-16
 6415.4121 5.56447e-16
 6418.4010 5.43578e-16
 6421.3899 5.65465e-16
 6424.3788 5.75474e-16
 6427.3677 5.85989e-16
 6430.3566 5.89381e-16
 6433.3455 5.89816e-16
 6436.3344 5.88126e-16
 6439.3233 5.89505e-16
 6442.3121 6.10649e-16
 6445.3010 6.07140e-16
 6448.2899 6.19698e-16
 6451.2788 6.23042e-16
 6454.2677 6.26971e-16
 6457.2566 6.21944e-16
 6460.2455 6.18295e-16
 6463.2344 6.32036e-16
 6466.2232 6.44859e-16
 6469.2121 6.29047e-16
 6472.2010 6.31928e-16
 6475.1899 6.44962e-16
 6478.1788 6.49511e-16
 6481.1677 6.31724e-16
 6484.1566 6.32913e-16
 6487.1455 6.47076e-16
 6490.1344 6.45947e-16
 6493.1232 6.28712e-16
 6496.1121 6.40472e-16
 6499.1010 6.48242e-16
 6502.0899 6.39068e-16
 6505.0788 6.56550e-16
 6508.0677 6.34438e-16
 6511.0566 6.29229e-16
 6514.0455 6.58103e-16
 6517.0344 6.63377e-16
 6520.0232 6.41623e-16
 6523.0121 6.52036e-16
 6526.0010 6.53887e-16
 6528.9899 6.37772e-16
 6531.9788 6.33622e-16
 6534.9677 6.57771e-16
 6537.9566 6.38796e-16
 6540.9455 6.31428e-16
 6543.9344 6.44556e-16
 6546.9232 6.30779e-16
 6549.9121 6.39956e-16
 6552.9010 6.21092e-16
 6555.8899 5.50243e-16
 6558.8788 5.02477e-16
 6561.8677 5.29050e-16
 6564.8566 6.12143e-16
 6567.8455 6.23255e-16
 6570.8344 6.08531e-16
 6573.8233 6.23552e-16
 6576.8121 6.00734e-16
 6579.8010 5.77078e-16
 6582.7899 5.92591e-16
 6585.7788 6.14241e-16
 6588.7677 6.01000e-16
 6591.7566 5.88653e-16
 6594.7455 5.78183e-16
 6597.7344 5.90395e-16
 6600.7233 5.91687e-16
 6603.7121 5.70358e-16
 6606.7010 5.71840e-16
 6609.6899 5.70151e-16
 6612.6788 5.60803e-16
 6615.6677 5.48552e-16
 6618.6566 5.46601e-16
 6621.6455 5.48690e-16
 6624.6344 5.35150e-16
 6627.6232 5.23709e-16
 6630.6121 5.23381e-16
 6633.6010 5.12993e-16
 6636.5899 5.12801e-16
 6639.5788 5.00474e-16
 6642.5677 4.92435e-16
 6645.5566 4.97908e-16
 6648.5455 5.06681e-16
 6651.5344 4.77043e-16
 6654.5232 4.72518e-16
 6657.5121 4.59269e-16
 6660.5010 4.59489e-16
 6663.4899 4.40051e-16
 6666.4788 4.57114e-16
 6669.4677 4.47456e-16
 6672.4566 4.33240e-16
 6675.4455 4.20867e-16
 6678.4344 4.27846e-16
 6681.4232 4.25646e-16
 6684.4121 4.07980e-16
 6687.4010 3.96042e-16
 6690.3899 3.92036e-16
 6693.3788 3.93802e-16
 6696.3677 3.87624e-16
 6699.3566 3.96683e-16
 6702.3455 3.90250e-16
 6705.3344 3.78502e-16
 6708.3232 3.56942e-16
 6711.3121 3.20660e-16
 6714.3010 3.36140e-16
 6717.2899 3.59162e-16
 6720.2788 3.58010e-16
 6723.2677 3.46929e-16
 6726.2566 3.22567e-16
 6729.2455 3.19086e-16
 6732.2344 3.37895e-16
 6735.2233 3.54209e-16
 6738.2121 3.22539e-16
 6741.2010 3.23584e-16
 6744.1899 3.28031e-16
 6747.1788 2.91361e-16
 6750.1677 2.77887e-16
 6753.1566 3.05021e-16
 6756.1455 3.19700e-16
 6759.1344 3.17708e-16
 6762.1233 3.07417e-16
 6765.1121 2.92554e-16
 6768.1010 2.94125e-16
 6771.0899 2.87593e-16
 6774.0788 2.97247e-16
 6777.0677 3.08597e-16
 6780.0566 2.98496e-16
 6783.0455 2.96769e-16
 6786.0344 2.91765e-16
 6789.0232 3.01516e-16
 6792.0121 3.05893e-16
 6795.0010 3.05553e-16
 6797.9899 2.91941e-16
 6800.9788 3.07439e-16
 6803.9677 3.00137e-16
 6806.9566 2.95156e-16
 6809.9455 3.03006e-16
 6812.9344 3.04711e-16
 6815.9232 3.04283e-16
 6818.9121 3.13149e-16
 6821.9010 3.04286e-16
 6824.8899 3.02245e-16
 6827.8788 2.94377e-16
 6830.8677 2.98689e-16
 6833.8566 2.94083e-16
 6836.8455 3.00519e-16
 6839.8344 3.03294e-16
 6842.8232 3.06522e-16
 6845.8121 3.04472e-16
 6848.8010 2.98191e-16
 6851.7899 2.91868e-16
 6854.7788 3.04418e-16
 6857.7677 3.00876e-16
 6860.7566 2.96254e-16
 6863.7455 3.00651e-16
 6866.7344 3.02773e-16
 6869.7232 3.06247e-16
 6872.7121 3.02633e-16
 6875.7010 2.85730e-16
 6878.6899 2.84219e-16
 6881.6788 2.94567e-16
 6884.6677 3.01137e-16
 6887.6566 2.92953e-16
 6890.6455 2.87313e-16
 6893.6344 2.86743e-16
 6896.6233 2.75870e-16
 6899.6121 2.83047e-16
 6902.6010 2.95873e-16
 6905.5899 2.81920e-16
 6908.5788 2.76155e-16
 6911.5677 2.74731e-16
 6914.5566 2.76623e-16
 6917.5455 2.82707e-16
 6920.5344 2.77158e-16
 6923.5232 2.76791e-16
 6926.5121 2.71403e-16
 6929.5010 2.67559e-16
 6932.4899 2.73639e-16
 6935.4788 2.78359e-16
 6938.4677 2.72172e-16
 6941.4566 2.71212e-16
 6944.4455 2.70611e-16
 6947.4344 2.63606e-16
 6950.4232 2.73936e-16
 6953.4121 2.64280e-16
 6956.4010 2.75360e-16
 6959.3899 2.67512e-16
 6962.3788 2.59735e-16
 6965.3677 2.53849e-16
 6968.3566 2.84571e-16
 6971.3455 2.59582e-16
 6974.3344 2.59963e-16
 6977.3232 2.41123e-16
 6980.3121 2.50049e-16
 6983.3010 2.56474e-16
 6986.2899 2.51936e-16
 6989.2788 2.41242e-16
 6992.2677 2.34479e-16
 6995.2566 2.39079e-16
 6998.2455 2.43312e-16
 7001.2344 2.34914e-16
 7004.2232 2.41026e-16
 7007.2121 2.45482e-16
 7010.2010 2.33945e-16
 7013.1899 2.37861e-16
 7016.1788 2.41009e-16
 7019.1677 2.41156e-16
 7022.1566 2.39023e-16
 7025.1455 2.36347e-16
 7028.1344 2.30547e-16
 7031.1232 2.34916e-16
 7034.1121 2.33022e-16
 7037.1010 2.17730e-16
 7040.0899 2.29810e-16
 7043.0788 2.21631e-16
 7046.0677 2.17199e-16
 7049.0566 2.21106e-16
 7052.0455 2.32566e-16
 7055.0344 2.33298e-16
 7058.0233 2.18715e-16
 7061.0121 2.21889e-16
 7064.0010 2.10798e-16
 7066.9899 2.06417e-16
 7069.9788 2.17325e-16
 7072.9677 2.17421e-16
 7075.9566 2.14904e-16
 7078.9455 2.20564e-16
 7081.9344 2.23637e-16
 7084.9232 2.20533e-16
 7087.9121 2.23189e-16
 7090.9010 2.19815e-16
 7093.8899 2.17845e-16
 7096.8788 2.26775e-16
 7099.8677 2.14594e-16
 7102.8566 2.09677e-16
 7105.8455 2.20134e-16
 7108.8344 2.18165e-16
 7111.8232 2.25137e-16
 7114.8121 2.27510e-16
 7117.8010 2.20702e-16
 7120.7899 2.27755e-16
 7123.7788 2.23893e-16
 7126.7677 2.25032e-16
 7129.7566 2.29724e-16
 7132.7455 2.22916e-16
 7135.7344 2.35712e-16
 7138.7232 2.32202e-16
 7141.7121 2.33953e-16
 7144.7010 2.24743e-16
 7147.6899 2.28404e-16
 7150.6788 2.34038e-16
 7153.6677 2.40548e-16
 7156.6566 2.52646e-16
 7159.6455 2.43881e-16
 7162.6344 2.47025e-16
 7165.6232 2.51017e-16
 7168.6121 2.57652e-16
 7171.6010 2.53801e-16
 7174.5899 2.56404e-16
 7177.5788 2.66498e-16
 7180.5677 2.58101e-16
 7183.5566 2.46176e-16
 7186.5455 2.56114e-16
 7189.5344 2.72896e-16
 7192.5232 2.67664e-16
 7195.5121 2.70527e-16
 7198.5010 2.67066e-16
 7201.4899 2.59652e-16
 7204.4788 2.71799e-16
 7207.4677 2.54615e-16
 7210.4566 2.72231e-16
 7213.4455 2.78606e-16
 7216.4344 2.79747e-16
 7219.4233 2.68894e-16
 7222.4121 2.72490e-16
 7225.4010 2.71608e-16
 7228.3899 2.81917e-16
 7231.3788 2.83344e-16
 7234.3677 2.84796e-16
 7237.3566 2.77606e-16
 7240.3455 2.71352e-16
 7243.3344 2.77534e-16
 7246.3232 2.71651e-16
 7249.3121 2.76636e-16
 7252.3010 2.89266e-16
 7255.2899 2.92287e-16
 7258.2788 2.95436e-16
 7261.2677 2.97462e-16
 7264.2566 2.89486e-16
 7267.2455 2.97500e-16
 7270.2344 2.97037e-16
 7273.2232 2.93207e-16
 7276.2121 2.84573e-16
 7279.2010 2.85033e-16
 7282.1899 2.89287e-16
 7285.1788 2.80048e-16
 7288.1677 2.92383e-16
 7291.1566 2.79739e-16
 7294.1455 2.88062e-16
 7297.1344 2.99722e-16
 7300.1232 2.96173e-16
 7303.1121 2.93855e-16
 7306.1010 2.93698e-16
 7309.0899 3.01791e-16
 7312.0788 3.08132e-16
 7315.0677 3.05726e-16
 7318.0566 3.06619e-16
 7321.0455 3.07199e-16
 7324.0344 3.01994e-16
 7327.0232 2.99158e-16
 7330.0121 3.14700e-16
 7333.0010 3.13114e-16
 7335.9899 3.10611e-16
 7338.9788 3.29736e-16
 7341.9677 3.23139e-16
 7344.9566 3.16658e-16
 7347.9455 3.26210e-16
 7350.9344 3.26411e-16
 7353.9232 3.16113e-16
 7356.9121 3.29249e-16
 7359.9010 3.20065e-16
 7362.8899 3.07570e-16
 7365.8788 3.19594e-16
 7368.8677 3.06237e-16
 7371.8566 3.29772e-16
 7374.8455 3.26868e-16
 7377.8344 3.21251e-16
 7380.8233 3.22967e-16
 7383.8121 3.27815e-16
 7386.8010 3.12501e-16
 7389.7899 3.20102e-16
 7392.7788 3.28952e-16
 7395.7677 3.24080e-16
 7398.7566 3.16125e-16
 7401.7455 3.12106e-16
 7404.7344 3.29638e-16
 7407.7232 3.37645e-16
 7410.7121 3.38903e-16
 7413.7010 3.21658e-16
 7416.6899 3.24540e-16
 7419.6788 3.27115e-16
 7422.6677 3.16977e-16
 7425.6566 3.27398e-16
 7428.6455 3.20435e-16
 7431.6344 3.22980e-16
 7434.6232 3.26311e-16
 7437.6121 3.18958e-16
 7440.6010 3.15333e-16
 7443.5899 3.34963e-16
 7446.5788 3.29941e-16
 7449.5677 3.07804e-16
 7452.5566 3.16765e-16
 7455.5455 3.22987e-16
 7458.5344 3.01940e-16
 7461.5232 2.56622e-16
 7464.5121 2.24309e-16
 7467.5010 1.98664e-16
 7470.4899 1.65582e-16
 7473.4788 1.75114e-16
 7476.4677 1.80093e-16
 7479.4566 2.39059e-16
 7482.4455 3.02506e-16
 7485.4344 3.05430e-16
 7488.4232 2.48433e-16
 7491.4121 2.27212e-16
 7494.4010 2.31982e-16
 7497.3899 2.42455e-16
 7500.3788 2.53056e-16
 7503.3677 2.42373e-16
 7506.3566 2.38139e-16
 7509.3455 2.49874e-16
 7512.3344 2.62173e-16
 7515.3232 2.71692e-16
 7518.3121 2.73974e-16
 7521.3010 2.73272e-16
 7524.2899 2.89747e-16
 7527.2788 2.84519e-16
 7530.2677 2.90159e-16
 7533.2566 2.95036e-16
 7536.2455 2.89372e-16
 7539.2344 3.07305e-16
 7542.2232 2.95169e-16
 7545.2121 3.13777e-16
 7548.2010 3.19244e-16
 7551.1899 3.09704e-16
 7554.1788 3.07506e-16
 7557.1677 3.05364e-16
 7560.1566 3.04622e-16
 7563.1455 3.10680e-16
 7566.1344 3.02549e-16
 7569.1232 3.07332e-16
 7572.1121 3.10064e-16
 7575.1010 3.04495e-16
 7578.0899 2.90723e-16
 7581.0788 2.91778e-16
 7584.0677 3.00436e-16
 7587.0566 2.96690e-16
 7590.0455 3.07621e-16
 7593.0344 3.17419e-16
 7596.0232 3.24632e-16
 7599.0121 3.26691e-16
 7602.0010 3.28931e-16
 7604.9899 3.34767e-16
 7607.9788 3.26604e-16
 7610.9677 3.35244e-16
 7613.9566 3.19514e-16
 7616.9455 3.32587e-16
 7619.9344 3.59961e-16
 7622.9232 3.49846e-16
 7625.9121 3.55788e-16
 7628.9010 3.67025e-16
 7631.8899 3.43637e-16
 7634.8788 3.54104e-16
 7637.8677 3.73410e-16
 7640.8566 3.70475e-16
 7643.8455 3.51264e-16
 7646.8344 3.52216e-16
 7649.8232 3.71327e-16
 7652.8121 3.73319e-16
 7655.8010 3.72758e-16
 7658.7899 3.72661e-16
 7661.7788 3.82504e-16
 7664.7677 3.72528e-16
 7667.7566 3.87507e-16
 7670.7455 3.91336e-16
 7673.7344 3.90501e-16
 7676.7232 3.70274e-16
 7679.7121 3.76255e-16
 7682.7010 3.61828e-16
 7685.6899 3.77861e-16
 7688.6788 4.04830e-16
 7691.6677 3.94083e-16
 7694.6566 3.73069e-16
 7697.6455 3.83388e-16
 7700.6344 4.03704e-16
 7703.6232 3.73754e-16
 7706.6121 3.74311e-16
 7709.6010 3.86044e-16
 7712.5899 3.95627e-16
 7715.5788 3.94462e-16
 7718.5677 3.90621e-16
 7721.5566 4.02886e-16
 7724.5455 3.99329e-16
 7727.5344 3.86089e-16
 7730.5232 3.92201e-16
 7733.5121 4.02852e-16
 7736.5010 4.04009e-16
 7739.4899 4.02873e-16
 7742.4788 3.95636e-16
 7745.4677 4.08842e-16
 7748.4566 3.88410e-16
 7751.4455 3.68912e-16
 7754.4344 3.96889e-16
 7757.4232 4.01039e-16
 7760.4121 3.92427e-16
 7763.4010 4.02527e-16
 7766.3899 3.92781e-16
 7769.3788 3.68336e-16
 7772.3677 3.78609e-16
 7775.3566 4.07724e-16
 7778.3455 4.11991e-16
 7781.3344 3.83902e-16
 7784.3232 3.87559e-16
 7787.3121 3.93512e-16
 7790.3010 3.69987e-16
 7793.2899 3.65521e-16
 7796.2788 3.71267e-16
 7799.2677 3.77183e-16
 7802.2566 3.60761e-16
 7805.2455 3.78041e-16
 7808.2344 3.76143e-16
 7811.2232 3.64045e-16
 7814.2121 3.59280e-16
 7817.2010 3.63453e-16
 7820.1899 3.58717e-16
 7823.1788 3.45176e-16
 7826.1677 3.66708e-16
 7829.1566 3.56840e-16
 7832.1455 3.64033e-16
 7835.1344 3.46862e-16
 7838.1232 3.40313e-16
 7841.1121 3.51658e-16
 7844.1010 3.56433e-16
 7847.0899 3.51364e-16
 7850.0788 3.38077e-16
 7853.0677 3.43173e-16
 7856.0566 3.51582e-16
 7859.0455 3.36139e-16
 7862.0344 3.16801e-16
 7865.0232 3.26187e-16
 7868.0121 3.21525e-16
 7871.0010 3.15958e-16
 7873.9899 3.08962e-16
 7876.9788 3.16229e-16
 7879.9677 3.13884e-16
 7882.9566 2.93837e-16
 7885.9455 2.97594e-16
 7888.9344 2.90095e-16
 7891.9232 3.03969e-16
 7894.9121 2.90413e-16
 7897.9010 2.93951e-16
 7900.8899 2.78852e-16
 7903.8788 2.68983e-16
 7906.8677 2.60696e-16
 7909.8566 2.67640e-16
 7912.8455 2.73366e-16
 7915.8344 2.67725e-16
 7918.8232 2.58452e-16
 7921.8121 2.43763e-16
 7924.8010 2.45558e-16
 7927.7899 2.55017e-16
 7930.7788 2.47730e-16
 7933.7677 2.55894e-16
 7936.7566 2.46052e-16
 7939.7455 2.34055e-16
 7942.7344 2.29694e-16
 7945.7232 2.31473e-16
 7948.7121 2.37972e-16
 7951.7010 2.30601e-16
 7954.6899 2.31033e-16
 7957.6788 2.23729e-16
 7960.6677 2.17068e-16
 7963.6566 2.20304e-16
 7966.6455 2.29393e-16
 7969.6344 2.13531e-16
 7972.6232 2.09586e-16
 7975.6121 2.10252e-16
 7978.6010 2.05602e-16
 7981.5899 2.03022e-16
 7984.5788 2.00153e-16
 7987.5677 1.98420e-16
 7990.5566 2.12275e-16
 7993.5455 2.26420e-16
 7996.5344 1.82737e-16
 7999.5232 1.80298e-16
 8002.5121 1.85111e-16
 8005.5010 1.97947e-16
 8008.4899 1.95871e-16
 8011.4788 1.82644e-16
 8014.4677 1.74403e-16
 8017.4566 1.83167e-16
 8020.4455 1.91020e-16
 8023.4344 1.89176e-16
 8026.4232 1.98468e-16
 8029.4121 1.90177e-16
 8032.4010 1.81582e-16
 8035.3899 1.76948e-16
 8038.3788 1.78816e-16
 8041.3677 1.67476e-16
 8044.3566 1.68596e-16
 8047.3455 1.59281e-16
 8050.3344 1.67505e-16
 8053.3232 1.66114e-16
 8056.3121 1.64246e-16
 8059.3010 1.57728e-16
 8062.2899 1.45241e-16
 8065.2788 1.51890e-16
 8068.2677 1.54866e-16
 8071.2566 1.48417e-16
 8074.2455 1.49133e-16
 8077.2344 1.41564e-16
 8080.2232 1.36154e-16
 8083.2121 1.29770e-16
 8086.2010 1.18470e-16
 8089.1899 1.19114e-16
 8092.1788 1.11635e-16
 8095.1677 9.98250e-17
 8098.1566 9.53032e-17
 8101.1455 9.87622e-17
 8104.1344 9.61385e-17
 8107.1232 8.63214e-17
 8110.1121 8.56808e-17
 8113.1010 7.36086e-17
 8116.0899 5.80400e-17
 8119.0788 6.25185e-17
 8122.0677 6.35753e-17
 8125.0566 5.89323e-17
 8128.0455 5.62562e-17
 8131.0344 5.98954e-17
 8134.0232 5.25742e-17
 8137.0121 3.32448e-17
 8140.0010 4.44553e-17
 8142.9899 7.14131e-17
 8145.9788 5.65485e-17
 8148.9677 5.78488e-17
 8151.9566 5.66377e-17
 8154.9455 5.11768e-17
 8157.9344 6.05702e-17
 8160.9232 4.46494e-17
 8163.9121 3.19110e-17
 8166.9010 4.81065e-17
 8169.8899 4.65661e-17
 8172.8788 4.31983e-17
 8175.8677 3.07036e-17
 8178.8566 3.42994e-17
 8181.8455 4.26651e-17
 8184.8343 4.46328e-17
 8187.8232 4.53386e-17
 8190.8121 4.34131e-17
 8193.8010 3.44434e-17
 8196.7899 1.83822e-17
 8199.7788 4.82153e-17
 8202.7677 4.73740e-17
 8205.7566 4.21985e-17
 8208.7455 4.96460e-17
 8211.7344 4.40384e-17
 8214.7232 3.89407e-17
 8217.7121 4.52842e-17
 8220.7010 5.51852e-17
 8223.6899 4.55938e-17
 8226.6788 4.23990e-17
 8229.6677 4.73008e-17
 8232.6566 4.25101e-17
 8235.6455 5.32961e-17
 8238.6344 4.57823e-17
 8241.6232 3.85474e-17
 8244.6121 4.71568e-17
 8247.6010 4.85260e-17
 8250.5899 2.83393e-17
 8253.5788 5.57348e-17
 8256.5677 5.14288e-17
 8259.5566 4.13863e-17
 8262.5455 4.49134e-17
 8265.5344 3.88617e-17
 8268.5232 3.74413e-17
 8271.5121 4.80113e-17
 8274.5010 5.85204e-17
 8277.4899 3.73295e-17
 8280.4788 3.03735e-17
 8283.4677 3.00459e-17
 8286.4566 3.78731e-17
 8289.4455 6.18275e-17
 8292.4344 6.84378e-17
 8295.4232 5.92050e-17
 8298.4121 6.30234e-17
 8301.4010 4.66009e-17
 8304.3899 4.66100e-17
 8307.3788 5.43977e-17
 8310.3677 4.14022e-17
 8313.3566 5.65003e-17
 8316.3455 5.67348e-17
 8319.3344 4.50141e-17
 8322.3232 6.37507e-17
 8325.3121 7.42923e-17
 8328.3010 6.03691e-17
 8331.2899 6.73994e-17
 8334.2788 5.62430e-17
 8337.2677 5.15426e-17
 8340.2566 6.89770e-17
 8343.2455 6.74579e-17
 8346.2343 6.35678e-17
 8349.2232 6.65165e-17
 8352.2121 5.83964e-17
 8355.2010 5.36076e-17
 8358.1899 5.45563e-17
 8361.1788 7.48469e-17
 8364.1677 7.68103e-17
 8367.1566 7.54709e-17
 8370.1455 7.30662e-17
 8373.1344 8.88365e-17
 8376.1232 9.57956e-17
 8379.1121 7.94070e-17
 8382.1010 8.45367e-17
 8385.0899 1.06678e-16
 8388.0788 9.88100e-17
 8391.0677 9.17526e-17
 8394.0566 1.08456e-16
 8397.0455 1.24232e-16
 8400.0344 1.00804e-16
 8403.0232 1.12153e-16
 8406.0121 1.21344e-16
 8409.0010 1.24805e-16
 8411.9899 1.26609e-16
 8414.9788 1.19994e-16
 8417.9677 1.36926e-16
 8420.9566 1.46035e-16
 8423.9455 1.49233e-16
 8426.9344 1.58286e-16
 8429.9232 1.65116e-16
 8432.9121 1.67408e-16
 8435.9010 1.67659e-16
 8438.8899 1.84126e-16
 8441.8788 1.88935e-16
 8444.8677 1.74310e-16
 8447.8566 1.84827e-16
 8450.8455 2.07085e-16
 8453.8344 2.12215e-16
 8456.8232 2.30702e-16
 8459.8121 2.18189e-16
 8462.8010 2.47110e-16
 8465.7899 2.34530e-16
 8468.7788 2.33186e-16
 8471.7677 2.30050e-16
 8474.7566 2.21140e-16
 8477.7455 2.56094e-16
 8480.7344 2.88511e-16
 8483.7232 2.89223e-16
 8486.7121 2.60525e-16
 8489.7010 2.82113e-16
 8492.6899 2.84660e-16
 8495.6788 3.05239e-16
 8498.6677 3.02777e-16
 8501.6566 2.86559e-16
 8504.6455 2.79717e-16
 8507.6343 3.10721e-16
 8510.6232 3.07771e-16
 8513.6121 3.03691e-16
 8516.6010 3.09254e-16
 8519.5899 3.11956e-16
 8522.5788 3.17033e-16
 8525.5677 3.16667e-16
 8528.5566 3.20002e-16
 8531.5455 3.40490e-16
 8534.5344 3.43021e-16
 8537.5232 3.32323e-16
 8540.5121 3.39419e-16
 8543.5010 3.43633e-16
 8546.4899 3.48682e-16
 8549.4788 3.43685e-16
 8552.4677 3.08476e-16
 8555.4566 3.43983e-16
 8558.4455 3.38798e-16
 8561.4344 3.36794e-16
 8564.4232 3.41014e-16
 8567.4121 3.16440e-16
 8570.4010 3.06946e-16
 8573.3899 3.28482e-16
 8576.3788 3.43371e-16
 8579.3677 3.49823e-16
 8582.3566 3.19755e-16
 8585.3455 3.33292e-16
 8588.3344 3.37106e-16
 8591.3232 3.33045e-16
 8594.3121 3.49576e-16
 8597.3010 3.48989e-16
 8600.2899 3.27274e-16
 8603.2788 3.37997e-16
 8606.2677 3.24442e-16
 8609.2566 3.36921e-16
 8612.2455 3.55231e-16
 8615.2344 3.46341e-16
 8618.2232 3.47357e-16
 8621.2121 3.41849e-16
 8624.2010 3.37131e-16
 8627.1899 3.36040e-16
 8630.1788 3.31200e-16
 8633.1677 3.19894e-16
 8636.1566 3.44333e-16
 8639.1455 3.48480e-16
 8642.1344 3.59703e-16
 8645.1232 3.62695e-16
 8648.1121 3.33471e-16
 8651.1010 3.54222e-16
 8654.0899 3.22277e-16
 8657.0788 3.19085e-16
 8660.0677 3.37216e-16
 8663.0566 3.28178e-16
 8666.0455 3.27708e-16
 8669.0343 3.39552e-16
 8672.0232 3.55670e-16
 8675.0121 3.94346e-16
 8678.0010 3.64430e-16
 8680.9899 3.70154e-16
 8683.9788 3.79508e-16
 8686.9677 3.56603e-16
 8689.9566 3.47015e-16
 8692.9455 3.48357e-16
 8695.9344 3.63657e-16
 8698.9232 3.61281e-16
 8701.9121 3.61739e-16
 8704.9010 3.56093e-16
 8707.8899 3.51598e-16
 8710.8788 3.56422e-16
 8713.8677 3.42746e-16
 8716.8566 3.38773e-16
 8719.8455 3.70470e-16
 8722.8344 3.64030e-16
 8725.8232 3.55127e-16
 8728.8121 3.42988e-16
 8731.8010 3.51364e-16
 8734.7899 3.59552e-16
 8737.7788 3.68291e-16
 8740.7677 3.62452e-16
 8743.7566 3.68559e-16
 8746.7455 3.58735e-16
 8749.7344 3.68305e-16
 8752.7232 3.75059e-16
 8755.7121 3.49575e-16
 8758.7010 3.30860e-16
 8761.6899 3.59112e-16
 8764.6788 3.59143e-16
 8767.6677 3.68805e-16
 8770.6566 3.56739e-16
 8773.6455 3.22903e-16
 8776.6344 3.47539e-16
 8779.6232 3.70984e-16
 8782.6121 3.39497e-16
 8785.6010 3.28033e-16
 8788.5899 3.43567e-16
 8791.5788 3.65890e-16
 8794.5677 3.63882e-16
 8797.5566 3.45952e-16
 8800.5455 3.21526e-16
 8803.5344 3.27940e-16
 8806.5232 3.55340e-16
 8809.5121 3.69952e-16
 8812.5010 3.57443e-16
 8815.4899 3.58694e-16
 8818.4788 3.59013e-16
 8821.4677 3.40992e-16
 8824.4566 3.49557e-16
 8827.4455 3.34325e-16
 8830.4343 3.14063e-16
 8833.4232 3.55465e-16
 8836.4121 3.79853e-16
 8839.4010 3.54889e-16
 8842.3899 3.24276e-16
 8845.3788 3.03306e-16
 8848.3677 3.11263e-16
 8851.3566 3.41427e-16
 8854.3455 3.48350e-16
 8857.3344 3.07965e-16
 8860.3232 3.25307e-16
 8863.3121 3.31013e-16
 8866.3010 3.18003e-16
 8869.2899 3.03707e-16
 8872.2788 2.96431e-16
 8875.2677 3.14718e-16
 8878.2566 3.42045e-16
 8881.2455 3.05222e-16
 8884.2344 3.15006e-16
 8887.2232 3.04501e-16
 8890.2121 3.10420e-16
 8893.2010 3.09176e-16
 8896.1899 3.02398e-16
 8899.1788 3.04005e-16
 8902.1677 3.03540e-16
 8905.1566 2.92723e-16
 8908.1455 2.92012e-16
 8911.1344 2.80338e-16
 8914.1232 2.81954e-16
 8917.1121 2.93851e-16
 8920.1010 2.77544e-16
 8923.0899 2.87156e-16
 8926.0788 2.94453e-16
 8929.0677 2.60759e-16
 8932.0566 2.78913e-16
 8935.0455 2.74872e-16
 8938.0344 2.71702e-16
 8941.0232 2.87377e-16
 8944.0121 2.72886e-16
 8947.0010 2.71024e-16
 8949.9899 2.83890e-16
 8952.9788 2.79065e-16
 8955.9677 2.76884e-16
 8958.9566 2.71429e-16
 8961.9455 2.67992e-16
 8964.9343 2.74831e-16
 8967.9232 2.60957e-16
 8970.9121 2.41871e-16
 8973.9010 2.60756e-16
 8976.8899 2.72060e-16
 8979.8788 2.43702e-16
 8982.8677 2.44126e-16
 8985.8566 2.53393e-16
 8988.8455 2.32480e-16
 8991.8343 2.70028e-16
 8994.8232 2.40611e-16
 8997.8121 2.47639e-16
 9000.8010 2.59328e-16
 9003.7899 2.36229e-16
 9006.7788 2.33089e-16
 9009.7677 2.37724e-16
 9012.7566 2.64127e-16
 9015.7455 2.24811e-16
 9018.7344 2.17009e-16
 9021.7232 2.23973e-16
 9024.7121 2.53609e-16
 9027.7010 2.49596e-16
 9030.6899 2.51633e-16
 9033.6788 2.48298e-16
 9036.6677 2.44244e-16
 9039.6566 2.35192e-16
 9042.6455 2.29102e-16
 9045.6344 2.22282e-16
 9048.6232 2.19810e-16
 9051.6121 2.27985e-16
 9054.6010 2.26568e-16
 9057.5899 2.40248e-16
 9060.5788 2.39538e-16
 9063.5677 2.29151e-16
 9066.5566 2.23680e-16
 9069.5455 2.22008e-16
 9072.5344 2.21506e-16
 9075.5232 2.30669e-16
