#Object:               SN2007S
#FITS_file:            SN07S_b01_DUP_BC_19mar07.fits
#Redshift:             0.01388
#JDate_of_max:         2454144.64
#JDate_of_observation: 2454178.63
#Epoch:                33.52     
#
 3371.9871 0.00000e+00
 3374.9791 3.02142e-17
 3377.9712 1.47271e-16
 3380.9632 9.49818e-17
 3383.9552 6.02505e-17
 3386.9473 4.49645e-17
 3389.9393 6.89394e-17
 3392.9313 6.92023e-17
 3395.9234 1.06922e-16
 3398.9154 7.72851e-17
 3401.9074 7.11796e-17
 3404.8995 4.87270e-17
 3407.8915 9.69056e-17
 3410.8835 1.06994e-16
 3413.8756 1.17741e-16
 3416.8676 1.44748e-16
 3419.8596 8.10545e-17
 3422.8517 5.85583e-17
 3425.8437 1.09291e-16
 3428.8358 9.91873e-17
 3431.8278 9.01910e-17
 3434.8198 6.69438e-17
 3437.8119 8.69804e-17
 3440.8039 3.85214e-17
 3443.7959 6.28327e-17
 3446.7880 1.26051e-16
 3449.7800 5.54751e-17
 3452.7720 6.53315e-17
 3455.7641 8.57320e-17
 3458.7561 1.19863e-16
 3461.7481 8.82896e-17
 3464.7402 8.70176e-17
 3467.7322 1.13502e-16
 3470.7242 1.07579e-16
 3473.7163 6.56041e-17
 3476.7083 5.95451e-17
 3479.7003 6.76890e-17
 3482.6924 6.81114e-17
 3485.6844 6.03703e-17
 3488.6764 8.30245e-17
 3491.6685 1.21149e-16
 3494.6605 1.23206e-16
 3497.6526 8.97385e-17
 3500.6446 1.41814e-16
 3503.6366 1.62407e-16
 3506.6287 1.43144e-16
 3509.6207 1.13804e-16
 3512.6127 1.27008e-16
 3515.6048 1.06166e-16
 3518.5968 1.08671e-16
 3521.5888 1.26322e-16
 3524.5809 1.11398e-16
 3527.5729 9.45468e-17
 3530.5649 1.14744e-16
 3533.5570 1.20896e-16
 3536.5490 1.27368e-16
 3539.5410 1.27234e-16
 3542.5331 1.06686e-16
 3545.5251 1.22322e-16
 3548.5171 1.46266e-16
 3551.5092 1.11263e-16
 3554.5012 1.17096e-16
 3557.4933 1.44130e-16
 3560.4853 1.32950e-16
 3563.4773 1.32967e-16
 3566.4694 1.05339e-16
 3569.4614 1.27531e-16
 3572.4534 1.01860e-16
 3575.4455 1.12995e-16
 3578.4375 1.57860e-16
 3581.4295 1.34342e-16
 3584.4216 1.30595e-16
 3587.4136 1.40307e-16
 3590.4056 1.49676e-16
 3593.3977 1.10883e-16
 3596.3897 1.24392e-16
 3599.3817 1.19222e-16
 3602.3738 1.44805e-16
 3605.3658 1.43360e-16
 3608.3578 1.28663e-16
 3611.3499 1.24684e-16
 3614.3419 1.83540e-16
 3617.3339 1.28517e-16
 3620.3260 1.23415e-16
 3623.3180 1.41792e-16
 3626.3101 1.41477e-16
 3629.3021 1.66316e-16
 3632.2941 1.15808e-16
 3635.2862 1.45131e-16
 3638.2782 1.19159e-16
 3641.2702 1.45210e-16
 3644.2623 1.58564e-16
 3647.2543 1.31265e-16
 3650.2463 1.25530e-16
 3653.2384 1.20548e-16
 3656.2304 1.53232e-16
 3659.2224 1.59045e-16
 3662.2145 1.48551e-16
 3665.2065 1.62813e-16
 3668.1985 1.84860e-16
 3671.1906 1.73844e-16
 3674.1826 1.50964e-16
 3677.1746 1.61314e-16
 3680.1667 1.80209e-16
 3683.1587 1.95391e-16
 3686.1507 1.46004e-16
 3689.1428 1.76888e-16
 3692.1348 1.95974e-16
 3695.1269 2.16365e-16
 3698.1189 1.65423e-16
 3701.1109 1.55384e-16
 3704.1030 1.53816e-16
 3707.0950 1.37619e-16
 3710.0870 1.66690e-16
 3713.0791 1.41657e-16
 3716.0711 1.55451e-16
 3719.0631 1.63986e-16
 3722.0552 1.88070e-16
 3725.0472 2.43757e-16
 3728.0392 2.73301e-16
 3731.0313 2.12303e-16
 3734.0233 1.59400e-16
 3737.0153 1.39047e-16
 3740.0074 1.44180e-16
 3742.9994 1.43351e-16
 3745.9915 1.20669e-16
 3748.9835 1.21884e-16
 3751.9755 1.18251e-16
 3754.9676 1.32606e-16
 3757.9596 1.16281e-16
 3760.9516 1.04568e-16
 3763.9437 1.15916e-16
 3766.9357 1.22851e-16
 3769.9277 1.17995e-16
 3772.9198 1.03331e-16
 3775.9118 9.98599e-17
 3778.9038 1.35332e-16
 3781.8959 1.35014e-16
 3784.8879 1.00891e-16
 3787.8799 9.98216e-17
 3790.8720 1.23505e-16
 3793.8640 9.24441e-17
 3796.8560 1.15047e-16
 3799.8481 1.27057e-16
 3802.8401 1.16155e-16
 3805.8321 1.05422e-16
 3808.8242 1.22635e-16
 3811.8162 1.17139e-16
 3814.8082 1.53911e-16
 3817.8003 1.43069e-16
 3820.7923 1.35764e-16
 3823.7844 1.31974e-16
 3826.7764 1.39653e-16
 3829.7684 1.49417e-16
 3832.7605 1.68711e-16
 3835.7525 1.89917e-16
 3838.7445 1.70435e-16
 3841.7366 1.77354e-16
 3844.7286 2.08381e-16
 3847.7206 2.03747e-16
 3850.7127 1.93160e-16
 3853.7047 2.24236e-16
 3856.6967 2.15235e-16
 3859.6888 2.15108e-16
 3862.6808 2.07211e-16
 3865.6728 2.61827e-16
 3868.6649 2.67782e-16
 3871.6569 2.64489e-16
 3874.6489 2.37949e-16
 3877.6410 2.68070e-16
 3880.6330 2.23268e-16
 3883.6250 2.45704e-16
 3886.6171 2.39255e-16
 3889.6091 2.64174e-16
 3892.6012 2.49269e-16
 3895.5932 2.46273e-16
 3898.5852 2.74609e-16
 3901.5773 2.85827e-16
 3904.5693 2.87687e-16
 3907.5613 2.79951e-16
 3910.5534 2.86105e-16
 3913.5454 2.72010e-16
 3916.5374 2.74682e-16
 3919.5295 2.95504e-16
 3922.5215 2.68946e-16
 3925.5135 2.89960e-16
 3928.5056 2.93577e-16
 3931.4976 2.42987e-16
 3934.4896 2.65961e-16
 3937.4817 2.90410e-16
 3940.4737 2.91029e-16
 3943.4657 3.12484e-16
 3946.4578 3.17496e-16
 3949.4498 3.03940e-16
 3952.4418 3.08130e-16
 3955.4339 3.17609e-16
 3958.4259 3.25676e-16
 3961.4180 3.34900e-16
 3964.4100 2.97278e-16
 3967.4020 2.97722e-16
 3970.3941 2.85236e-16
 3973.3861 2.94021e-16
 3976.3781 3.25785e-16
 3979.3702 2.99676e-16
 3982.3622 2.99915e-16
 3985.3542 3.20757e-16
 3988.3463 3.06885e-16
 3991.3383 2.88794e-16
 3994.3303 2.97798e-16
 3997.3224 3.02841e-16
 4000.3144 2.76332e-16
 4003.3064 3.00459e-16
 4006.2985 2.86753e-16
 4009.2905 3.11189e-16
 4012.2826 2.84893e-16
 4015.2746 2.69847e-16
 4018.2666 2.91418e-16
 4021.2587 2.70042e-16
 4024.2507 2.45595e-16
 4027.2427 2.42537e-16
 4030.2348 2.42134e-16
 4033.2268 2.28531e-16
 4036.2188 2.62017e-16
 4039.2109 2.77086e-16
 4042.2029 2.65399e-16
 4045.1949 2.45807e-16
 4048.1870 2.64798e-16
 4051.1790 2.68738e-16
 4054.1710 2.57599e-16
 4057.1631 2.68540e-16
 4060.1551 2.82174e-16
 4063.1471 3.08389e-16
 4066.1392 2.67137e-16
 4069.1312 2.67558e-16
 4072.1232 2.75005e-16
 4075.1153 2.78208e-16
 4078.1073 2.58374e-16
 4081.0993 2.52436e-16
 4084.0914 2.47666e-16
 4087.0834 2.41687e-16
 4090.0755 2.47177e-16
 4093.0675 2.44025e-16
 4096.0595 2.47014e-16
 4099.0516 2.45318e-16
 4102.0436 2.45284e-16
 4105.0356 2.29531e-16
 4108.0277 2.24921e-16
 4111.0197 2.49184e-16
 4114.0117 2.42891e-16
 4117.0038 2.30735e-16
 4119.9958 2.33832e-16
 4122.9878 2.24601e-16
 4125.9799 2.36748e-16
 4128.9719 2.18048e-16
 4131.9639 2.23625e-16
 4134.9560 2.40310e-16
 4137.9480 2.34513e-16
 4140.9400 2.27119e-16
 4143.9321 2.42308e-16
 4146.9241 2.43607e-16
 4149.9161 2.14903e-16
 4152.9082 2.24559e-16
 4155.9002 2.41757e-16
 4158.8923 2.22440e-16
 4161.8843 2.48634e-16
 4164.8763 2.19725e-16
 4167.8684 2.11812e-16
 4170.8604 2.37771e-16
 4173.8524 2.50710e-16
 4176.8445 2.63213e-16
 4179.8365 2.41818e-16
 4182.8285 2.49732e-16
 4185.8206 2.40794e-16
 4188.8126 2.64795e-16
 4191.8046 2.73509e-16
 4194.7967 2.56903e-16
 4197.7887 2.61638e-16
 4200.7807 2.61166e-16
 4203.7728 2.49423e-16
 4206.7648 2.48803e-16
 4209.7569 2.76709e-16
 4212.7489 2.82036e-16
 4215.7409 2.82993e-16
 4218.7330 2.46456e-16
 4221.7250 2.58426e-16
 4224.7170 2.60203e-16
 4227.7091 2.71340e-16
 4230.7011 2.74596e-16
 4233.6931 2.64013e-16
 4236.6852 2.62014e-16
 4239.6772 2.55083e-16
 4242.6692 2.61208e-16
 4245.6613 2.51617e-16
 4248.6533 2.60910e-16
 4251.6453 2.50295e-16
 4254.6374 2.64043e-16
 4257.6294 2.58881e-16
 4260.6214 2.69938e-16
 4263.6135 2.61066e-16
 4266.6055 2.60239e-16
 4269.5975 2.72835e-16
 4272.5896 3.01023e-16
 4275.5816 2.74933e-16
 4278.5736 2.97362e-16
 4281.5657 3.09931e-16
 4284.5577 3.08375e-16
 4287.5498 2.87649e-16
 4290.5418 2.95533e-16
 4293.5338 2.99432e-16
 4296.5259 2.79125e-16
 4299.5179 2.68642e-16
 4302.5099 2.99435e-16
 4305.5020 2.99520e-16
 4308.4940 3.26780e-16
 4311.4860 3.09487e-16
 4314.4781 2.83370e-16
 4317.4701 3.02691e-16
 4320.4621 2.96976e-16
 4323.4542 3.09810e-16
 4326.4462 2.80719e-16
 4329.4382 2.75831e-16
 4332.4303 2.74866e-16
 4335.4223 2.99383e-16
 4338.4143 3.10373e-16
 4341.4064 2.85575e-16
 4344.3984 2.55806e-16
 4347.3904 2.57103e-16
 4350.3825 2.57738e-16
 4353.3745 2.66438e-16
 4356.3666 2.49197e-16
 4359.3586 2.27321e-16
 4362.3506 2.26534e-16
 4365.3427 2.28012e-16
 4368.3347 2.27399e-16
 4371.3267 2.50670e-16
 4374.3188 2.35568e-16
 4377.3108 2.18492e-16
 4380.3028 2.18326e-16
 4383.2949 2.34946e-16
 4386.2869 2.16848e-16
 4389.2789 2.03735e-16
 4392.2710 2.22065e-16
 4395.2630 2.37704e-16
 4398.2550 2.20158e-16
 4401.2471 2.16050e-16
 4404.2391 2.21651e-16
 4407.2312 2.04393e-16
 4410.2232 1.85170e-16
 4413.2152 2.07974e-16
 4416.2073 2.12510e-16
 4419.1993 1.92623e-16
 4422.1913 2.01637e-16
 4425.1834 2.01114e-16
 4428.1754 1.98812e-16
 4431.1674 1.91352e-16
 4434.1595 2.18649e-16
 4437.1515 2.15876e-16
 4440.1435 2.10533e-16
 4443.1356 2.29463e-16
 4446.1276 2.43594e-16
 4449.1196 2.35562e-16
 4452.1117 2.51458e-16
 4455.1037 2.42456e-16
 4458.0957 2.22643e-16
 4461.0878 2.47557e-16
 4464.0798 2.49477e-16
 4467.0718 2.29749e-16
 4470.0639 2.46792e-16
 4473.0559 2.58105e-16
 4476.0480 2.43210e-16
 4479.0400 2.60239e-16
 4482.0320 2.65287e-16
 4485.0241 2.58029e-16
 4488.0161 2.66011e-16
 4491.0081 2.59826e-16
 4494.0002 2.55506e-16
 4496.9922 2.83451e-16
 4499.9842 2.73118e-16
 4502.9763 2.77126e-16
 4505.9683 2.95379e-16
 4508.9603 2.90492e-16
 4511.9524 2.89832e-16
 4514.9444 3.13830e-16
 4517.9364 3.03133e-16
 4520.9285 3.11791e-16
 4523.9205 3.49492e-16
 4526.9125 3.42202e-16
 4529.9046 3.61862e-16
 4532.8966 3.81969e-16
 4535.8886 3.59675e-16
 4538.8807 3.72192e-16
 4541.8727 3.83744e-16
 4544.8647 4.04981e-16
 4547.8568 4.21205e-16
 4550.8488 4.42093e-16
 4553.8409 4.38745e-16
 4556.8329 4.72687e-16
 4559.8249 4.48272e-16
 4562.8170 4.81243e-16
 4565.8090 4.96595e-16
 4568.8010 4.87434e-16
 4571.7931 4.80097e-16
 4574.7851 4.63815e-16
 4577.7771 4.60723e-16
 4580.7692 4.95294e-16
 4583.7612 4.87995e-16
 4586.7532 5.03606e-16
 4589.7453 4.94747e-16
 4592.7373 4.67503e-16
 4595.7293 4.96339e-16
 4598.7214 5.01099e-16
 4601.7134 4.71149e-16
 4604.7054 4.86102e-16
 4607.6975 5.18222e-16
 4610.6895 5.33797e-16
 4613.6815 5.62425e-16
 4616.6736 5.33929e-16
 4619.6656 5.70006e-16
 4622.6577 5.39762e-16
 4625.6497 5.60167e-16
 4628.6417 6.02108e-16
 4631.6338 6.14337e-16
 4634.6258 6.02066e-16
 4637.6178 5.88320e-16
 4640.6099 6.03234e-16
 4643.6019 5.80067e-16
 4646.5939 5.72988e-16
 4649.5860 5.45825e-16
 4652.5780 5.33980e-16
 4655.5700 5.05518e-16
 4658.5621 4.76051e-16
 4661.5541 4.81180e-16
 4664.5461 4.45695e-16
 4667.5382 4.26693e-16
 4670.5302 4.08078e-16
 4673.5223 4.11346e-16
 4676.5143 3.97498e-16
 4679.5063 3.65277e-16
 4682.4984 3.57307e-16
 4685.4904 3.37303e-16
 4688.4824 3.47997e-16
 4691.4745 3.40307e-16
 4694.4665 3.37428e-16
 4697.4585 3.15198e-16
 4700.4506 3.16305e-16
 4703.4426 3.02204e-16
 4706.4346 3.01139e-16
 4709.4267 3.16640e-16
 4712.4187 3.03813e-16
 4715.4107 2.96218e-16
 4718.4028 3.03394e-16
 4721.3948 3.06190e-16
 4724.3868 2.85126e-16
 4727.3789 2.89052e-16
 4730.3709 2.91156e-16
 4733.3629 3.03859e-16
 4736.3550 3.18423e-16
 4739.3470 3.17336e-16
 4742.3391 3.15041e-16
 4745.3311 3.10418e-16
 4748.3231 2.97450e-16
 4751.3152 2.97224e-16
 4754.3072 2.93212e-16
 4757.2992 2.93328e-16
 4760.2913 2.86589e-16
 4763.2833 2.86648e-16
 4766.2753 2.84269e-16
 4769.2674 2.80037e-16
 4772.2594 2.92945e-16
 4775.2514 2.98564e-16
 4778.2435 3.08649e-16
 4781.2355 3.00328e-16
 4784.2275 3.38951e-16
 4787.2196 3.24522e-16
 4790.2116 3.31692e-16
 4793.2036 3.37435e-16
 4796.1957 3.46766e-16
 4799.1877 3.50123e-16
 4802.1797 3.65187e-16
 4805.1718 3.93867e-16
 4808.1638 3.89930e-16
 4811.1558 3.99724e-16
 4814.1479 4.03936e-16
 4817.1399 3.88649e-16
 4820.1320 3.73910e-16
 4823.1240 4.10764e-16
 4826.1160 3.90085e-16
 4829.1081 3.87508e-16
 4832.1001 4.00701e-16
 4835.0921 3.88295e-16
 4838.0842 3.90462e-16
 4841.0762 3.56211e-16
 4844.0682 3.75007e-16
 4847.0603 3.73973e-16
 4850.0523 3.52211e-16
 4853.0443 3.54958e-16
 4856.0364 3.56514e-16
 4859.0284 4.23094e-16
 4862.0204 4.77948e-16
 4865.0125 4.20662e-16
 4868.0045 3.64533e-16
 4870.9966 3.50160e-16
 4873.9886 3.69510e-16
 4876.9806 3.96223e-16
 4879.9727 4.04022e-16
 4882.9647 3.98984e-16
 4885.9567 4.06875e-16
 4888.9488 4.21287e-16
 4891.9408 4.18376e-16
 4894.9328 4.33025e-16
 4897.9249 4.30666e-16
 4900.9169 4.61086e-16
 4903.9089 4.84205e-16
 4906.9010 4.98962e-16
 4909.8930 5.12467e-16
 4912.8850 4.93549e-16
 4915.8771 5.05588e-16
 4918.8691 5.23872e-16
 4921.8611 5.09102e-16
 4924.8532 5.25216e-16
 4927.8452 5.20033e-16
 4930.8372 5.13873e-16
 4933.8293 5.41390e-16
 4936.8213 5.38280e-16
 4939.8134 5.38908e-16
 4942.8054 5.17280e-16
 4945.7974 5.21060e-16
 4948.7895 5.20889e-16
 4951.7815 5.08546e-16
 4954.7735 5.29787e-16
 4957.7656 5.14917e-16
 4960.7576 4.99800e-16
 4963.7496 4.85963e-16
 4966.7417 4.68272e-16
 4969.7337 4.78177e-16
 4972.7257 4.39033e-16
 4975.7178 4.32839e-16
 4978.7098 4.26391e-16
 4981.7018 4.25339e-16
 4984.6939 4.04113e-16
 4987.6859 4.05789e-16
 4990.6779 4.01665e-16
 4993.6700 4.12427e-16
 4996.6620 3.94228e-16
 4999.6540 4.01830e-16
 5002.6461 3.91846e-16
 5005.6381 3.87074e-16
 5008.6302 4.17102e-16
 5011.6222 3.73746e-16
 5014.6142 3.42798e-16
 5017.6063 3.19100e-16
 5020.5983 3.24714e-16
 5023.5903 3.30017e-16
 5026.5824 3.45609e-16
 5029.5744 3.25009e-16
 5032.5664 3.40783e-16
 5035.5585 3.43693e-16
 5038.5505 3.50072e-16
 5041.5425 3.29830e-16
 5044.5346 3.18363e-16
 5047.5266 3.31707e-16
 5050.5186 3.25880e-16
 5053.5107 3.16627e-16
 5056.5027 3.22734e-16
 5059.4947 3.41033e-16
 5062.4868 3.27414e-16
 5065.4788 3.21957e-16
 5068.4709 3.10709e-16
 5071.4629 3.11498e-16
 5074.4549 2.99575e-16
 5077.4469 3.06510e-16
 5080.4390 3.04140e-16
 5083.4310 3.15323e-16
 5086.4231 3.13302e-16
 5089.4151 2.95279e-16
 5092.4071 2.97519e-16
 5095.3992 2.94564e-16
 5098.3912 2.81484e-16
 5101.3832 2.98115e-16
 5104.3753 2.84420e-16
 5107.3673 2.95901e-16
 5110.3593 3.10459e-16
 5113.3514 3.17503e-16
 5116.3434 2.92933e-16
 5119.3354 3.10057e-16
 5122.3275 2.98790e-16
 5125.3195 3.02873e-16
 5128.3115 2.79739e-16
 5131.3036 3.01826e-16
 5134.2956 2.94042e-16
 5137.2877 3.08977e-16
 5140.2797 3.07403e-16
 5143.2717 3.06236e-16
 5146.2638 3.04980e-16
 5149.2558 2.92767e-16
 5152.2478 3.04173e-16
 5155.2399 3.07662e-16
 5158.2319 2.93509e-16
 5161.2239 3.14290e-16
 5164.2160 3.14389e-16
 5167.2080 3.06296e-16
 5170.2000 3.15593e-16
 5173.1921 3.16765e-16
 5176.1841 3.19559e-16
 5179.1761 3.33895e-16
 5182.1682 3.18411e-16
 5185.1602 3.31632e-16
 5188.1522 3.27979e-16
 5191.1443 3.43779e-16
 5194.1363 3.46174e-16
 5197.1283 3.68462e-16
 5200.1204 3.61890e-16
 5203.1124 4.05198e-16
 5206.1045 4.05836e-16
 5209.0965 3.96867e-16
 5212.0885 4.07950e-16
 5215.0806 4.08780e-16
 5218.0726 4.08016e-16
 5221.0646 4.22536e-16
 5224.0567 4.30972e-16
 5227.0487 4.37055e-16
 5230.0407 4.31597e-16
 5233.0328 4.33642e-16
 5236.0248 4.14852e-16
 5239.0168 4.39908e-16
 5242.0089 4.54545e-16
 5245.0009 4.52272e-16
 5247.9929 4.44925e-16
 5250.9850 4.52820e-16
 5253.9770 4.60835e-16
 5256.9690 4.59489e-16
 5259.9611 4.78737e-16
 5262.9531 4.90584e-16
 5265.9451 4.99916e-16
 5268.9372 5.21989e-16
 5271.9292 5.17145e-16
 5274.9213 5.47317e-16
 5277.9133 5.41660e-16
 5280.9053 5.52250e-16
 5283.8974 5.71713e-16
 5286.8894 5.59465e-16
 5289.8814 5.71201e-16
 5292.8735 5.71164e-16
 5295.8655 5.59616e-16
 5298.8575 5.60579e-16
 5301.8496 5.56403e-16
 5304.8416 5.91456e-16
 5307.8336 6.05347e-16
 5310.8257 5.71315e-16
 5313.8177 5.81990e-16
 5316.8097 5.80553e-16
 5319.8018 5.65332e-16
 5322.7938 5.42766e-16
 5325.7858 5.50424e-16
 5328.7779 5.35473e-16
 5331.7699 5.50768e-16
 5334.7620 5.56885e-16
 5337.7540 5.57884e-16
 5340.7460 5.55297e-16
 5343.7381 5.53981e-16
 5346.7301 5.51693e-16
 5349.7221 5.84599e-16
 5352.7142 5.90821e-16
 5355.7062 5.65358e-16
 5358.6982 5.57033e-16
 5361.6903 5.65729e-16
 5364.6823 5.82706e-16
 5367.6743 5.84202e-16
 5370.6664 5.68542e-16
 5373.6584 5.82445e-16
 5376.6504 6.00061e-16
 5379.6425 5.92406e-16
 5382.6345 5.98513e-16
 5385.6265 6.30090e-16
 5388.6186 6.48013e-16
 5391.6106 6.70161e-16
 5394.6026 7.09798e-16
 5397.5947 7.10176e-16
 5400.5867 6.91247e-16
 5403.5788 7.09921e-16
 5406.5708 7.66725e-16
 5409.5628 7.57074e-16
 5412.5549 7.63549e-16
 5415.5469 7.87837e-16
 5418.5389 8.01385e-16
 5421.5310 8.04952e-16
 5424.5230 8.05592e-16
 5427.5150 8.07660e-16
 5430.5071 8.14444e-16
 5433.4991 8.04109e-16
 5436.4911 8.17997e-16
 5439.4832 8.23707e-16
 5442.4752 8.58775e-16
 5445.4672 8.68780e-16
 5448.4593 8.30383e-16
 5451.4513 8.23825e-16
 5454.4433 8.67056e-16
 5457.4354 8.79337e-16
 5460.4274 8.75027e-16
 5463.4194 8.80184e-16
 5466.4115 8.92545e-16
 5469.4035 8.78149e-16
 5472.3956 8.76420e-16
 5475.3876 8.97107e-16
 5478.3796 9.28951e-16
 5481.3717 9.25881e-16
 5484.3637 9.08827e-16
 5487.3557 9.36869e-16
 5490.3478 9.42852e-16
 5493.3398 9.21005e-16
 5496.3318 9.43423e-16
 5499.3239 9.90376e-16
 5502.3159 9.76671e-16
 5505.3079 1.02460e-15
 5508.3000 1.00873e-15
 5511.2920 1.01163e-15
 5514.2840 1.02120e-15
 5517.2761 1.05242e-15
 5520.2681 1.04828e-15
 5523.2602 1.07095e-15
 5526.2522 1.06332e-15
 5529.2442 1.08381e-15
 5532.2363 1.07915e-15
 5535.2283 1.07677e-15
 5538.2203 1.07038e-15
 5541.2124 1.07230e-15
 5544.2044 1.07553e-15
 5547.1964 1.08067e-15
 5550.1885 1.07729e-15
 5553.1805 1.07552e-15
 5556.1725 1.06718e-15
 5559.1646 1.08026e-15
 5562.1566 1.05404e-15
 5565.1486 1.03014e-15
 5568.1407 1.05961e-15
 5571.1327 1.03898e-15
 5574.1247 1.02974e-15
 5577.1168 1.02247e-15
 5580.1088 1.03556e-15
 5583.1008 1.02159e-15
 5586.0929 1.01382e-15
 5589.0849 1.03513e-15
 5592.0769 9.86407e-16
 5595.0690 1.01059e-15
 5598.0610 9.92897e-16
 5601.0531 9.50824e-16
 5604.0451 9.53779e-16
 5607.0371 9.61860e-16
 5610.0292 9.51806e-16
 5613.0212 9.29522e-16
 5616.0132 9.20619e-16
 5619.0053 8.99120e-16
 5621.9973 8.88718e-16
 5624.9893 8.98098e-16
 5627.9814 8.68927e-16
 5630.9734 8.71818e-16
 5633.9654 8.70418e-16
 5636.9575 8.49384e-16
 5639.9495 8.36907e-16
 5642.9415 8.07746e-16
 5645.9336 8.05418e-16
 5648.9256 7.86394e-16
 5651.9176 7.76619e-16
 5654.9097 7.94044e-16
 5657.9017 7.52038e-16
 5660.8937 7.36664e-16
 5663.8858 7.39669e-16
 5666.8778 7.39694e-16
 5669.8699 7.22669e-16
 5672.8619 7.04327e-16
 5675.8539 6.77636e-16
 5678.8460 6.81595e-16
 5681.8380 7.09105e-16
 5684.8300 6.95132e-16
 5687.8221 6.51982e-16
 5690.8141 6.54468e-16
 5693.8061 6.55701e-16
 5696.7982 6.72391e-16
 5699.7902 6.72528e-16
 5702.7822 6.56359e-16
 5705.7743 6.59859e-16
 5708.7663 6.48864e-16
 5711.7583 6.41247e-16
 5714.7504 6.61502e-16
 5717.7424 6.72389e-16
 5720.7345 6.54115e-16
 5723.7265 6.73424e-16
 5726.7185 6.53689e-16
 5729.7106 6.43736e-16
 5732.7026 6.71190e-16
 5735.6946 6.69543e-16
 5738.6867 6.81598e-16
 5741.6787 6.84162e-16
 5744.6707 6.80293e-16
 5747.6628 6.74938e-16
 5750.6548 6.68140e-16
 5753.6468 6.75145e-16
 5756.6389 6.92797e-16
 5759.6309 7.07931e-16
 5762.6229 7.20349e-16
 5765.6150 7.20226e-16
 5768.6070 7.11276e-16
 5771.5990 7.12965e-16
 5774.5911 7.13981e-16
 5777.5831 7.18670e-16
 5780.5751 7.30916e-16
 5783.5672 7.10851e-16
 5786.5592 6.98274e-16
 5789.5513 7.44715e-16
 5792.5433 7.24356e-16
 5795.5353 7.34766e-16
 5798.5274 7.38502e-16
 5801.5194 7.26491e-16
 5804.5114 7.41827e-16
 5807.5035 7.52332e-16
 5810.4955 7.55824e-16
 5813.4875 7.35647e-16
 5816.4796 7.30475e-16
 5819.4716 7.33434e-16
 5822.4636 7.71510e-16
 5825.4557 7.88193e-16
 5828.4477 7.69219e-16
 5831.4397 7.69028e-16
 5834.4318 8.10139e-16
 5837.4238 8.16823e-16
 5840.4158 8.08247e-16
 5843.4079 8.00881e-16
 5846.3999 8.31599e-16
 5849.3919 8.17820e-16
 5852.3840 8.37889e-16
 5855.3760 8.24586e-16
 5858.3680 8.07853e-16
 5861.3601 8.30394e-16
 5864.3521 8.26183e-16
 5867.3442 8.41625e-16
 5870.3362 8.10610e-16
 5873.3282 8.11605e-16
 5876.3203 8.43075e-16
 5879.3123 8.49052e-16
 5882.3043 8.23012e-16
 5885.2964 8.25466e-16
 5888.2884 7.86559e-16
 5891.2804 7.23584e-16
 5894.2725 7.06537e-16
 5897.2645 7.10636e-16
 5900.2565 7.16161e-16
 5903.2486 7.88461e-16
 5906.2406 7.91351e-16
 5909.2326 7.91592e-16
 5912.2247 7.89703e-16
 5915.2167 7.61378e-16
 5918.2087 7.76633e-16
 5921.2008 7.71902e-16
 5924.1928 7.54407e-16
 5927.1848 7.40938e-16
 5930.1769 6.91202e-16
 5933.1689 6.64479e-16
 5936.1610 6.64290e-16
 5939.1530 6.27852e-16
 5942.1450 6.21950e-16
 5945.1371 5.92666e-16
 5948.1291 5.72991e-16
 5951.1211 5.63090e-16
 5954.1132 5.44822e-16
 5957.1052 5.47068e-16
 5960.0972 5.40223e-16
 5963.0893 5.17386e-16
 5966.0813 5.26280e-16
 5969.0733 5.12713e-16
 5972.0654 5.03344e-16
 5975.0574 5.03729e-16
 5978.0494 5.19446e-16
 5981.0415 5.00388e-16
 5984.0335 5.11611e-16
 5987.0256 5.22767e-16
 5990.0176 5.26537e-16
 5993.0096 5.29200e-16
 5996.0017 5.29572e-16
 5998.9937 5.21917e-16
 6001.9857 5.42598e-16
 6004.9778 5.39984e-16
 6007.9698 5.50681e-16
 6010.9618 5.36267e-16
 6013.9539 5.20427e-16
 6016.9459 5.53422e-16
 6019.9379 5.18589e-16
 6022.9300 5.22351e-16
 6025.9220 5.18084e-16
 6028.9140 4.90670e-16
 6031.9061 4.94333e-16
 6034.8981 4.78525e-16
 6037.8901 4.41440e-16
 6040.8822 4.52084e-16
 6043.8742 4.48299e-16
 6046.8662 4.50890e-16
 6049.8583 4.55497e-16
 6052.8503 4.29532e-16
 6055.8423 4.54155e-16
 6058.8344 4.37743e-16
 6061.8264 4.43487e-16
 6064.8185 4.51728e-16
 6067.8105 4.59057e-16
 6070.8025 4.64807e-16
 6073.7946 4.60616e-16
 6076.7866 4.54346e-16
 6079.7786 4.65278e-16
 6082.7707 4.72289e-16
 6085.7627 4.91146e-16
 6088.7547 4.86399e-16
 6091.7468 4.89564e-16
 6094.7388 4.93411e-16
 6097.7308 5.13724e-16
 6100.7229 5.31282e-16
 6103.7149 5.28258e-16
 6106.7069 5.24422e-16
 6109.6990 5.20949e-16
 6112.6910 5.15534e-16
 6115.6830 5.32300e-16
 6118.6751 5.14787e-16
 6121.6671 5.14911e-16
 6124.6591 4.87366e-16
 6127.6512 4.98312e-16
 6130.6432 4.75535e-16
 6133.6353 4.94848e-16
 6136.6273 4.82656e-16
 6139.6193 4.82253e-16
 6142.6114 4.99732e-16
 6145.6034 4.94982e-16
 6148.5954 4.99631e-16
 6151.5875 4.65010e-16
 6154.5795 4.50281e-16
 6157.5715 4.68562e-16
 6160.5636 4.74279e-16
 6163.5556 4.71585e-16
 6166.5476 4.95401e-16
 6169.5397 5.25960e-16
 6172.5317 5.10483e-16
 6175.5237 5.06286e-16
 6178.5158 5.17911e-16
 6181.5078 5.60797e-16
 6184.4999 5.66087e-16
 6187.4919 5.76716e-16
 6190.4839 5.83291e-16
 6193.4760 5.62575e-16
 6196.4680 5.83652e-16
 6199.4600 5.72560e-16
 6202.4521 5.60485e-16
 6205.4441 5.73699e-16
 6208.4361 5.64542e-16
 6211.4282 5.69317e-16
 6214.4202 5.49385e-16
 6217.4122 5.36719e-16
 6220.4043 5.32901e-16
 6223.3963 5.44475e-16
 6226.3883 5.38315e-16
 6229.3804 5.06510e-16
 6232.3724 4.87963e-16
 6235.3644 5.01413e-16
 6238.3565 5.03256e-16
 6241.3485 4.91091e-16
 6244.3405 4.76026e-16
 6247.3326 4.48894e-16
 6250.3246 4.57162e-16
 6253.3167 4.58878e-16
 6256.3087 4.51070e-16
 6259.3007 4.48918e-16
 6262.2928 4.53852e-16
 6265.2848 4.78422e-16
 6268.2768 4.43204e-16
 6271.2689 4.62487e-16
 6274.2609 4.47078e-16
 6277.2529 4.59444e-16
 6280.2450 4.99075e-16
 6283.2370 4.62891e-16
 6286.2290 4.58483e-16
 6289.2211 4.70707e-16
 6292.2131 4.66942e-16
 6295.2051 4.61358e-16
 6298.1972 4.80991e-16
 6301.1892 4.94844e-16
 6304.1812 4.93005e-16
 6307.1733 5.00194e-16
 6310.1653 4.99798e-16
 6313.1573 5.20664e-16
 6316.1494 4.98164e-16
 6319.1414 4.91364e-16
 6322.1334 4.87970e-16
 6325.1255 5.00140e-16
 6328.1175 5.18834e-16
 6331.1096 5.17748e-16
 6334.1016 5.30055e-16
 6337.0936 5.48009e-16
 6340.0857 5.61833e-16
 6343.0777 5.56909e-16
 6346.0697 5.68342e-16
 6349.0618 5.69923e-16
 6352.0538 5.89862e-16
 6355.0458 5.97586e-16
 6358.0379 6.01732e-16
 6361.0299 6.39459e-16
 6364.0219 6.34084e-16
 6367.0140 6.18651e-16
 6370.0060 6.46211e-16
 6372.9980 6.82092e-16
 6375.9901 6.69497e-16
 6378.9821 6.65938e-16
 6381.9742 6.92672e-16
 6384.9662 7.27606e-16
 6387.9582 7.16419e-16
 6390.9502 7.18177e-16
 6393.9423 7.28191e-16
 6396.9343 7.16790e-16
 6399.9264 7.12759e-16
 6402.9184 7.35487e-16
 6405.9104 7.38398e-16
 6408.9025 7.50182e-16
 6411.8945 7.78838e-16
 6414.8865 7.66693e-16
 6417.8786 7.88687e-16
 6420.8706 7.93090e-16
 6423.8626 7.98897e-16
 6426.8547 8.11241e-16
 6429.8467 8.23144e-16
 6432.8387 8.39112e-16
 6435.8308 8.45047e-16
 6438.8228 8.55767e-16
 6441.8148 8.72543e-16
 6444.8069 8.72045e-16
 6447.7989 8.69584e-16
 6450.7910 8.63237e-16
 6453.7830 8.63380e-16
 6456.7750 8.89141e-16
 6459.7671 9.07145e-16
 6462.7591 9.06829e-16
 6465.7511 9.28481e-16
 6468.7432 9.19391e-16
 6471.7352 9.21420e-16
 6474.7272 9.15257e-16
 6477.7193 9.39959e-16
 6480.7113 9.98378e-16
 6483.7033 9.73020e-16
 6486.6954 9.47066e-16
 6489.6874 9.48073e-16
 6492.6794 9.45514e-16
 6495.6715 9.83283e-16
 6498.6635 9.76003e-16
 6501.6555 9.70466e-16
 6504.6476 9.46230e-16
 6507.6396 9.60253e-16
 6510.6316 9.87640e-16
 6513.6237 9.86268e-16
 6516.6157 1.01215e-15
 6519.6078 9.83789e-16
 6522.5998 9.84672e-16
 6525.5918 1.00225e-15
 6528.5839 1.01744e-15
 6531.5759 1.00650e-15
 6534.5679 9.85031e-16
 6537.5600 1.00901e-15
 6540.5520 9.98205e-16
 6543.5440 9.91241e-16
 6546.5361 1.02583e-15
 6549.5281 1.04766e-15
 6552.5201 1.02681e-15
 6555.5122 1.03000e-15
 6558.5042 1.10229e-15
 6561.4962 1.35489e-15
 6564.4883 1.46867e-15
 6567.4803 1.21194e-15
 6570.4723 1.00907e-15
 6573.4644 9.61351e-16
 6576.4564 9.57055e-16
 6579.4484 9.71468e-16
 6582.4405 1.04780e-15
 6585.4325 1.06562e-15
 6588.4245 9.91141e-16
 6591.4166 9.43037e-16
 6594.4086 9.11476e-16
 6597.4007 9.14983e-16
 6600.3927 9.02733e-16
 6603.3847 9.19670e-16
 6606.3768 9.10587e-16
 6609.3688 8.89057e-16
 6612.3608 8.74713e-16
 6615.3529 8.44495e-16
 6618.3449 8.47036e-16
 6621.3369 8.70487e-16
 6624.3290 8.43116e-16
 6627.3210 8.31805e-16
 6630.3130 8.49484e-16
 6633.3051 8.23835e-16
 6636.2971 8.11437e-16
 6639.2891 7.98225e-16
 6642.2812 7.88631e-16
 6645.2732 7.53293e-16
 6648.2653 7.76914e-16
 6651.2573 7.79014e-16
 6654.2493 7.66356e-16
 6657.2414 7.64831e-16
 6660.2334 7.47711e-16
 6663.2254 7.33827e-16
 6666.2175 7.35228e-16
 6669.2095 7.28345e-16
 6672.2015 7.19505e-16
 6675.1936 7.14620e-16
 6678.1856 6.92860e-16
 6681.1776 6.67321e-16
 6684.1697 6.85855e-16
 6687.1617 6.53308e-16
 6690.1537 6.31855e-16
 6693.1458 6.46919e-16
 6696.1378 6.37106e-16
 6699.1298 6.58030e-16
 6702.1219 6.34435e-16
 6705.1139 6.36656e-16
 6708.1059 6.12990e-16
 6711.0980 5.98807e-16
 6714.0900 6.37837e-16
 6717.0821 6.56547e-16
 6720.0741 6.35606e-16
 6723.0661 5.87924e-16
 6726.0582 5.49051e-16
 6729.0502 5.79373e-16
 6732.0422 5.94209e-16
 6735.0343 5.63272e-16
 6738.0263 5.40254e-16
 6741.0183 5.30724e-16
 6744.0104 5.09117e-16
 6747.0024 5.03620e-16
 6749.9944 5.34487e-16
 6752.9865 5.12564e-16
 6755.9785 4.85477e-16
 6758.9705 4.95805e-16
 6761.9626 4.83452e-16
 6764.9546 4.83004e-16
 6767.9466 4.79472e-16
 6770.9387 5.05651e-16
 6773.9307 4.84835e-16
 6776.9227 4.74021e-16
 6779.9148 4.47383e-16
 6782.9068 4.62578e-16
 6785.8989 4.94319e-16
 6788.8909 4.73578e-16
 6791.8829 4.83410e-16
 6794.8750 5.13389e-16
 6797.8670 4.93990e-16
 6800.8590 4.85743e-16
 6803.8511 4.75336e-16
 6806.8431 4.82297e-16
 6809.8351 4.93409e-16
 6812.8272 4.74755e-16
 6815.8192 4.72727e-16
 6818.8112 4.83648e-16
 6821.8033 5.06190e-16
 6824.7953 5.01213e-16
 6827.7873 5.04521e-16
 6830.7794 4.89830e-16
 6833.7714 4.87066e-16
 6836.7634 4.75960e-16
 6839.7555 4.85961e-16
 6842.7475 4.90256e-16
 6845.7396 4.81156e-16
 6848.7316 4.56589e-16
 6851.7236 4.67668e-16
 6854.7157 4.83401e-16
 6857.7077 4.75176e-16
 6860.6997 4.94764e-16
 6863.6918 4.95135e-16
 6866.6838 4.79042e-16
 6869.6758 4.82823e-16
 6872.6679 4.74388e-16
 6875.6599 4.75275e-16
 6878.6519 4.64279e-16
 6881.6440 4.76976e-16
 6884.6360 4.91877e-16
 6887.6280 4.86903e-16
 6890.6201 4.74755e-16
 6893.6121 4.75052e-16
 6896.6041 4.94528e-16
 6899.5962 4.87014e-16
 6902.5882 4.94438e-16
 6905.5802 4.88879e-16
 6908.5723 4.84916e-16
 6911.5643 4.59395e-16
 6914.5564 4.49059e-16
 6917.5484 4.60201e-16
 6920.5404 4.49766e-16
 6923.5325 4.48448e-16
 6926.5245 4.40652e-16
 6929.5165 4.40990e-16
 6932.5086 4.68982e-16
 6935.5006 4.55497e-16
 6938.4926 4.69614e-16
 6941.4847 4.38106e-16
 6944.4767 4.32273e-16
 6947.4687 4.48836e-16
 6950.4608 4.15401e-16
 6953.4528 4.21568e-16
 6956.4448 4.15755e-16
 6959.4369 4.20183e-16
 6962.4289 4.02627e-16
 6965.4209 4.14350e-16
 6968.4130 4.26599e-16
 6971.4050 4.25162e-16
 6974.3970 4.25946e-16
 6977.3891 4.05911e-16
 6980.3811 4.05854e-16
 6983.3732 3.90530e-16
 6986.3652 4.03371e-16
 6989.3572 3.88551e-16
 6992.3493 3.90032e-16
 6995.3413 4.01598e-16
 6998.3333 3.81388e-16
 7001.3254 3.77700e-16
 7004.3174 3.92446e-16
 7007.3094 3.86452e-16
 7010.3015 3.78888e-16
 7013.2935 3.69109e-16
 7016.2855 3.77454e-16
 7019.2776 3.75285e-16
 7022.2696 3.94239e-16
 7025.2616 3.99322e-16
 7028.2537 3.92319e-16
 7031.2457 3.88089e-16
 7034.2378 3.84684e-16
 7037.2298 4.03135e-16
 7040.2218 4.02714e-16
 7043.2139 3.97793e-16
 7046.2059 3.91388e-16
 7049.1979 3.93094e-16
 7052.1900 4.00385e-16
 7055.1820 3.63076e-16
 7058.1740 3.57607e-16
 7061.1661 3.58867e-16
 7064.1581 3.40250e-16
 7067.1501 3.55851e-16
 7070.1422 3.63354e-16
 7073.1342 3.63475e-16
 7076.1262 3.63840e-16
 7079.1183 3.54716e-16
 7082.1103 3.44256e-16
 7085.1023 3.52438e-16
 7088.0944 3.54698e-16
 7091.0864 3.39059e-16
 7094.0784 3.60137e-16
 7097.0705 3.54473e-16
 7100.0625 3.53564e-16
 7103.0545 3.61315e-16
 7106.0466 3.51611e-16
 7109.0386 3.53838e-16
 7112.0307 3.71273e-16
 7115.0227 3.88337e-16
 7118.0147 3.85628e-16
 7121.0068 3.67189e-16
 7123.9988 4.13746e-16
 7126.9908 4.00547e-16
 7129.9829 3.96617e-16
 7132.9749 4.11492e-16
 7135.9669 4.18189e-16
 7138.9590 4.14103e-16
 7141.9510 4.17385e-16
 7144.9430 4.03788e-16
 7147.9351 4.20603e-16
 7150.9271 3.94903e-16
 7153.9191 4.34834e-16
 7156.9112 4.36510e-16
 7159.9032 4.40796e-16
 7162.8952 4.38715e-16
 7165.8873 4.44217e-16
 7168.8793 4.67334e-16
 7171.8713 4.57913e-16
 7174.8634 4.64424e-16
 7177.8554 4.75577e-16
 7180.8475 4.49760e-16
 7183.8395 4.73385e-16
 7186.8315 4.75622e-16
 7189.8236 4.26424e-16
 7192.8156 4.49114e-16
 7195.8076 4.42512e-16
 7198.7997 4.30529e-16
 7201.7917 4.55495e-16
 7204.7837 4.54987e-16
 7207.7758 4.47526e-16
 7210.7678 4.37189e-16
 7213.7598 4.34716e-16
 7216.7519 4.42099e-16
 7219.7439 4.42305e-16
 7222.7359 4.68018e-16
 7225.7280 4.51157e-16
 7228.7200 4.59559e-16
 7231.7120 4.44538e-16
 7234.7041 4.46652e-16
 7237.6961 4.54393e-16
 7240.6881 4.89328e-16
 7243.6802 4.61604e-16
 7246.6722 4.43112e-16
 7249.6643 4.41175e-16
 7252.6563 4.64742e-16
 7255.6483 4.64513e-16
 7258.6404 4.81910e-16
 7261.6324 4.75860e-16
 7264.6244 4.38541e-16
 7267.6165 4.27260e-16
 7270.6085 4.42278e-16
 7273.6005 4.74434e-16
 7276.5926 4.67402e-16
 7279.5846 4.69731e-16
 7282.5766 4.92209e-16
 7285.5687 5.19480e-16
 7288.5607 4.97035e-16
 7291.5527 4.91676e-16
 7294.5448 5.22915e-16
 7297.5368 5.07135e-16
 7300.5289 5.06181e-16
 7303.5209 5.33718e-16
 7306.5129 5.36942e-16
 7309.5050 5.45505e-16
 7312.4970 5.23666e-16
 7315.4890 5.02144e-16
 7318.4811 5.11411e-16
 7321.4731 5.51165e-16
 7324.4651 5.32655e-16
 7327.4572 5.16603e-16
 7330.4492 5.16183e-16
 7333.4412 5.40278e-16
 7336.4333 5.34478e-16
 7339.4253 5.32339e-16
 7342.4173 5.58171e-16
 7345.4094 5.60268e-16
 7348.4014 5.32048e-16
 7351.3934 5.59820e-16
 7354.3855 5.88735e-16
 7357.3775 5.88649e-16
 7360.3695 5.49319e-16
 7363.3616 5.67609e-16
 7366.3536 5.82743e-16
 7369.3456 6.07499e-16
 7372.3377 6.08179e-16
 7375.3297 6.01399e-16
 7378.3218 5.86084e-16
 7381.3138 5.83566e-16
 7384.3058 5.65081e-16
 7387.2979 5.93217e-16
 7390.2899 5.56352e-16
 7393.2819 6.02217e-16
 7396.2740 6.30600e-16
 7399.2660 6.24342e-16
 7402.2580 6.15859e-16
 7405.2501 6.20134e-16
 7408.2421 6.29094e-16
 7411.2341 6.25980e-16
 7414.2262 5.98926e-16
 7417.2182 5.95663e-16
 7420.2102 6.20346e-16
 7423.2023 6.31582e-16
 7426.1943 6.10428e-16
 7429.1863 6.24516e-16
 7432.1784 6.25331e-16
 7435.1704 5.89033e-16
 7438.1624 6.10475e-16
 7441.1545 5.87122e-16
 7444.1465 5.96530e-16
 7447.1386 5.86512e-16
 7450.1306 5.83397e-16
 7453.1226 5.55713e-16
 7456.1147 5.38669e-16
 7459.1067 5.35917e-16
 7462.0987 5.25777e-16
 7465.0908 5.19678e-16
 7468.0828 5.00818e-16
 7471.0748 5.08353e-16
 7474.0669 5.26477e-16
 7477.0589 5.25392e-16
 7480.0509 5.02597e-16
 7483.0430 4.98464e-16
 7486.0350 5.01424e-16
 7489.0270 4.88576e-16
 7492.0191 4.92874e-16
 7495.0111 4.95471e-16
 7498.0032 4.92464e-16
 7500.9952 4.72817e-16
 7503.9872 5.13854e-16
 7506.9793 5.02195e-16
 7509.9713 4.92956e-16
 7512.9633 4.65375e-16
 7515.9554 5.20421e-16
 7518.9474 5.60181e-16
 7521.9394 5.05250e-16
 7524.9315 5.32970e-16
 7527.9235 5.42913e-16
 7530.9155 5.15398e-16
 7533.9076 5.36669e-16
 7536.8996 5.63205e-16
 7539.8916 5.24218e-16
 7542.8837 5.06196e-16
 7545.8757 5.23922e-16
 7548.8677 5.26903e-16
 7551.8598 5.25085e-16
 7554.8518 5.32241e-16
 7557.8438 5.21747e-16
 7560.8359 5.38958e-16
 7563.8279 5.64608e-16
 7566.8200 5.38022e-16
 7569.8120 5.20272e-16
 7572.8040 5.27263e-16
 7575.7961 5.41318e-16
 7578.7881 5.55079e-16
 7581.7801 5.29698e-16
 7584.7722 5.32394e-16
 7587.7642 5.71241e-16
 7590.7562 5.99012e-16
 7593.7483 5.73414e-16
 7596.7403 5.47501e-16
 7599.7323 5.63745e-16
 7602.7244 5.71899e-16
 7605.7164 5.59312e-16
 7608.7084 5.64718e-16
 7611.7005 5.42274e-16
 7614.6925 5.72896e-16
 7617.6845 5.78307e-16
 7620.6766 6.08421e-16
 7623.6686 5.80602e-16
 7626.6606 5.89967e-16
 7629.6527 6.06389e-16
 7632.6447 5.84109e-16
 7635.6367 6.16025e-16
 7638.6288 6.16708e-16
 7641.6208 5.95550e-16
 7644.6129 5.55417e-16
 7647.6049 5.84234e-16
 7650.5969 5.99524e-16
 7653.5890 6.10539e-16
 7656.5810 6.16460e-16
 7659.5730 5.94177e-16
 7662.5651 5.81844e-16
 7665.5571 6.11032e-16
 7668.5491 5.97157e-16
 7671.5412 6.19589e-16
 7674.5332 6.99149e-16
 7677.5252 6.91110e-16
 7680.5173 7.23945e-16
 7683.5093 7.05120e-16
 7686.5013 6.96069e-16
 7689.4934 7.06207e-16
 7692.4854 6.69833e-16
 7695.4775 6.83787e-16
 7698.4695 6.79162e-16
 7701.4615 6.58843e-16
 7704.4536 6.63503e-16
 7707.4456 7.00120e-16
 7710.4376 6.99751e-16
 7713.4297 7.03335e-16
 7716.4217 6.60928e-16
 7719.4137 6.58065e-16
 7722.4058 6.57007e-16
 7725.3978 6.74748e-16
 7728.3898 6.78471e-16
 7731.3819 6.54428e-16
 7734.3739 7.00670e-16
 7737.3659 7.24617e-16
 7740.3580 7.25804e-16
 7743.3500 7.23398e-16
 7746.3420 7.03412e-16
 7749.3341 7.20526e-16
 7752.3261 7.17957e-16
 7755.3181 7.21808e-16
 7758.3102 7.12844e-16
 7761.3022 6.98641e-16
 7764.2943 6.90805e-16
 7767.2863 6.88797e-16
 7770.2783 6.54135e-16
 7773.2704 6.71632e-16
 7776.2624 6.92689e-16
 7779.2544 6.58817e-16
 7782.2465 6.71169e-16
 7785.2385 6.88223e-16
 7788.2305 6.39461e-16
 7791.2226 6.42816e-16
 7794.2146 6.33007e-16
 7797.2066 6.69253e-16
 7800.1987 6.97878e-16
 7803.1907 6.81183e-16
 7806.1827 6.32507e-16
 7809.1748 6.70534e-16
 7812.1668 7.08071e-16
 7815.1588 6.76467e-16
 7818.1509 6.89889e-16
 7821.1429 6.48530e-16
 7824.1349 6.08062e-16
 7827.1270 6.31005e-16
 7830.1190 6.32046e-16
 7833.1111 6.42612e-16
 7836.1031 6.38020e-16
 7839.0951 6.41988e-16
 7842.0872 6.54589e-16
 7845.0792 6.07521e-16
 7848.0712 5.74550e-16
 7851.0633 5.85809e-16
 7854.0553 5.87371e-16
 7857.0473 5.93220e-16
 7860.0394 5.66589e-16
 7863.0314 5.39105e-16
 7866.0234 5.40282e-16
 7869.0155 5.82493e-16
 7872.0075 5.52760e-16
 7874.9995 5.82119e-16
 7877.9916 5.65182e-16
 7880.9836 5.92714e-16
 7883.9756 5.99378e-16
 7886.9677 5.41354e-16
 7889.9597 5.11539e-16
 7892.9517 5.47839e-16
 7895.9438 5.03299e-16
 7898.9358 4.98268e-16
 7901.9278 5.01224e-16
 7904.9199 4.92288e-16
 7907.9119 4.72012e-16
 7910.9040 4.60573e-16
 7913.8960 4.83959e-16
 7916.8880 4.88988e-16
 7919.8801 4.60964e-16
 7922.8721 4.19512e-16
 7925.8641 4.68417e-16
 7928.8562 4.58165e-16
 7931.8482 4.31505e-16
 7934.8402 4.02847e-16
 7937.8323 4.00907e-16
 7940.8243 4.62172e-16
 7943.8163 4.91340e-16
 7946.8084 4.59446e-16
 7949.8004 4.36798e-16
 7952.7924 4.34292e-16
 7955.7845 4.26958e-16
 7958.7765 4.14263e-16
 7961.7686 4.28154e-16
 7964.7606 3.99887e-16
 7967.7526 4.23998e-16
 7970.7447 4.04073e-16
 7973.7367 3.65083e-16
 7976.7287 4.02711e-16
 7979.7208 4.12225e-16
 7982.7128 4.06830e-16
 7985.7048 3.87198e-16
 7988.6969 3.80802e-16
 7991.6889 3.54346e-16
 7994.6809 3.75483e-16
 7997.6730 3.37558e-16
 8000.6650 3.39437e-16
 8003.6570 3.45948e-16
 8006.6491 3.58835e-16
 8009.6411 3.72880e-16
 8012.6331 3.83360e-16
 8015.6252 3.85611e-16
 8018.6172 3.79720e-16
 8021.6092 3.68779e-16
 8024.6013 3.62032e-16
 8027.5933 3.58028e-16
 8030.5854 3.68403e-16
 8033.5774 3.69625e-16
 8036.5694 3.34606e-16
 8039.5615 3.61210e-16
 8042.5535 3.68994e-16
 8045.5455 3.27067e-16
 8048.5376 3.25212e-16
 8051.5296 3.22745e-16
 8054.5216 3.36124e-16
 8057.5137 3.30590e-16
 8060.5057 3.33676e-16
 8063.4977 3.41247e-16
 8066.4898 3.43435e-16
 8069.4818 3.49946e-16
 8072.4738 3.59606e-16
 8075.4659 3.08457e-16
 8078.4579 3.60908e-16
 8081.4499 3.24875e-16
 8084.4420 3.05960e-16
 8087.4340 3.52962e-16
 8090.4260 3.31505e-16
 8093.4181 3.22080e-16
 8096.4101 2.97860e-16
 8099.4021 3.19562e-16
 8102.3942 2.78390e-16
 8105.3862 2.87024e-16
 8108.3783 2.79791e-16
 8111.3703 2.92000e-16
 8114.3623 3.25591e-16
 8117.3544 3.12518e-16
 8120.3464 3.15251e-16
 8123.3384 2.58722e-16
 8126.3305 2.89729e-16
 8129.3225 2.57686e-16
 8132.3145 2.57066e-16
 8135.3066 2.75012e-16
 8138.2986 2.90056e-16
 8141.2906 3.09668e-16
 8144.2827 2.61793e-16
 8147.2747 2.40426e-16
 8150.2667 2.46246e-16
 8153.2588 2.66280e-16
 8156.2508 2.53218e-16
 8159.2429 2.24446e-16
 8162.2349 2.04297e-16
 8165.2269 1.62631e-16
 8168.2190 1.52483e-16
 8171.2110 1.67531e-16
 8174.2030 1.64628e-16
 8177.1951 1.74052e-16
 8180.1871 1.72828e-16
 8183.1791 2.09960e-16
 8186.1712 2.20496e-16
 8189.1632 2.07525e-16
 8192.1552 1.63649e-16
 8195.1473 1.93444e-16
 8198.1393 1.72532e-16
 8201.1313 1.87627e-16
 8204.1234 1.62158e-16
 8207.1154 1.84335e-16
 8210.1074 1.42363e-16
 8213.0995 1.59858e-16
 8216.0915 1.35310e-16
 8219.0835 1.67247e-16
 8222.0756 1.58068e-16
 8225.0676 1.34571e-16
 8228.0597 1.76167e-16
 8231.0517 1.74076e-16
 8234.0437 1.30316e-16
 8237.0358 1.14578e-16
 8240.0278 7.69815e-17
 8243.0198 9.48272e-17
 8246.0119 1.10477e-16
 8249.0039 1.52226e-16
 8251.9959 1.43313e-16
 8254.9880 1.07487e-16
 8257.9800 1.21964e-16
 8260.9720 1.46088e-16
 8263.9641 1.50863e-16
 8266.9561 1.52414e-16
 8269.9481 1.26841e-16
 8272.9402 1.61321e-16
 8275.9322 1.38675e-16
 8278.9242 1.73118e-16
 8281.9163 1.47317e-16
 8284.9083 2.29216e-16
 8287.9003 1.91922e-16
 8290.8924 1.62706e-16
 8293.8844 2.17135e-16
 8296.8765 2.14081e-16
 8299.8685 1.89072e-16
 8302.8605 1.66547e-16
 8305.8526 2.15865e-16
 8308.8446 2.25252e-16
 8311.8366 2.55398e-16
 8314.8287 2.41604e-16
 8317.8207 2.69815e-16
 8320.8127 2.57857e-16
 8323.8048 2.65188e-16
 8326.7968 2.84956e-16
 8329.7888 2.93272e-16
 8332.7809 2.66954e-16
 8335.7729 2.79660e-16
 8338.7649 3.06445e-16
 8341.7570 3.10585e-16
 8344.7490 2.75249e-16
 8347.7410 2.80425e-16
 8350.7331 2.97482e-16
 8353.7251 2.61315e-16
 8356.7172 2.65290e-16
 8359.7092 2.59502e-16
 8362.7012 2.22902e-16
 8365.6932 2.16869e-16
 8368.6853 2.15193e-16
 8371.6773 2.27514e-16
 8374.6694 2.42952e-16
 8377.6614 1.76378e-16
 8380.6534 1.80246e-16
 8383.6455 2.37107e-16
 8386.6375 2.57530e-16
 8389.6295 2.63445e-16
 8392.6216 2.66337e-16
 8395.6136 2.18917e-16
 8398.6056 2.28835e-16
 8401.5977 2.74447e-16
 8404.5897 2.89472e-16
 8407.5817 3.21447e-16
 8410.5738 3.06227e-16
 8413.5658 3.51869e-16
 8416.5578 4.06330e-16
 8419.5499 3.57898e-16
 8422.5419 3.75489e-16
 8425.5340 4.40497e-16
 8428.5260 4.31257e-16
 8431.5180 4.27707e-16
 8434.5101 4.95131e-16
 8437.5021 5.17134e-16
 8440.4941 5.15043e-16
 8443.4862 4.88903e-16
 8446.4782 5.36103e-16
 8449.4702 5.40732e-16
 8452.4623 4.78712e-16
 8455.4543 5.21545e-16
 8458.4463 5.27597e-16
 8461.4384 4.87716e-16
 8464.4304 5.06483e-16
 8467.4224 5.00735e-16
 8470.4145 5.31310e-16
 8473.4065 5.40369e-16
 8476.3985 5.48023e-16
 8479.3906 5.97122e-16
 8482.3826 5.91940e-16
 8485.3746 6.08651e-16
 8488.3667 6.04771e-16
 8491.3587 5.96687e-16
 8494.3508 6.13390e-16
 8497.3428 5.97688e-16
 8500.3348 5.85596e-16
 8503.3269 5.87372e-16
 8506.3189 5.53467e-16
 8509.3109 4.72181e-16
 8512.3030 5.42364e-16
 8515.2950 5.59977e-16
 8518.2870 5.65179e-16
 8521.2791 5.49311e-16
 8524.2711 5.93584e-16
 8527.2631 6.38755e-16
 8530.2552 6.32502e-16
 8533.2472 6.45984e-16
 8536.2392 6.48667e-16
 8539.2313 6.09904e-16
 8542.2233 6.30493e-16
 8545.2153 6.51417e-16
 8548.2074 6.04897e-16
 8551.1994 5.48754e-16
 8554.1914 5.66438e-16
 8557.1835 5.37953e-16
 8560.1755 5.85150e-16
 8563.1676 5.49576e-16
 8566.1596 5.51112e-16
 8569.1516 5.53193e-16
 8572.1437 5.96997e-16
 8575.1357 6.27547e-16
 8578.1277 6.38530e-16
 8581.1198 5.95656e-16
 8584.1118 6.51574e-16
 8587.1038 6.53374e-16
 8590.0959 5.92822e-16
 8593.0879 6.27780e-16
 8596.0799 5.73660e-16
 8599.0720 5.71747e-16
 8602.0640 5.61102e-16
 8605.0560 5.50478e-16
 8608.0481 5.67158e-16
 8611.0401 5.51417e-16
 8614.0321 5.45133e-16
 8617.0242 5.77680e-16
 8620.0162 5.99700e-16
 8623.0083 6.06419e-16
 8626.0003 6.11413e-16
 8628.9923 6.26817e-16
 8631.9844 6.01122e-16
 8634.9764 6.34124e-16
 8637.9684 7.09440e-16
 8640.9605 6.30774e-16
 8643.9525 6.20457e-16
 8646.9445 5.75178e-16
 8649.9366 5.56724e-16
 8652.9286 5.69284e-16
 8655.9206 5.65899e-16
 8658.9127 5.91787e-16
 8661.9047 6.18708e-16
 8664.8967 6.00442e-16
 8667.8888 5.38692e-16
 8670.8808 5.27103e-16
 8673.8728 5.91565e-16
 8676.8649 5.82586e-16
 8679.8569 5.25132e-16
 8682.8489 5.37027e-16
 8685.8410 5.95506e-16
 8688.8330 6.05994e-16
 8691.8251 6.25227e-16
 8694.8171 6.25803e-16
 8697.8091 6.54848e-16
 8700.8012 5.94252e-16
 8703.7932 6.26040e-16
 8706.7852 5.56519e-16
 8709.7773 4.58727e-16
 8712.7693 5.38307e-16
 8715.7613 5.59100e-16
 8718.7534 5.60398e-16
 8721.7454 6.41255e-16
 8724.7374 6.55567e-16
 8727.7295 6.19841e-16
 8730.7215 6.34009e-16
 8733.7135 6.34608e-16
 8736.7056 6.29943e-16
 8739.6976 6.19806e-16
 8742.6896 5.90173e-16
 8745.6817 5.77395e-16
 8748.6737 6.12780e-16
 8751.6657 6.06154e-16
 8754.6578 6.32915e-16
 8757.6498 6.31391e-16
 8760.6419 6.38511e-16
 8763.6339 6.21187e-16
 8766.6259 6.41090e-16
 8769.6180 5.61573e-16
 8772.6100 5.94817e-16
 8775.6020 5.85472e-16
 8778.5941 6.58216e-16
 8781.5861 6.08942e-16
 8784.5781 6.02469e-16
 8787.5702 6.46330e-16
 8790.5622 6.19422e-16
 8793.5542 6.26153e-16
 8796.5463 5.46079e-16
 8799.5383 5.04294e-16
 8802.5303 5.92091e-16
 8805.5224 6.39518e-16
 8808.5144 5.75119e-16
 8811.5065 5.94765e-16
 8814.4985 6.77315e-16
 8817.4905 6.69901e-16
 8820.4826 6.40418e-16
 8823.4746 5.37548e-16
 8826.4666 5.84281e-16
 8829.4587 6.00905e-16
 8832.4507 5.70663e-16
 8835.4427 6.46938e-16
 8838.4348 5.57911e-16
 8841.4268 5.81432e-16
 8844.4188 5.55530e-16
 8847.4109 5.18854e-16
 8850.4029 5.04034e-16
 8853.3949 5.30200e-16
 8856.3870 5.11391e-16
 8859.3790 4.44673e-16
 8862.3710 5.12602e-16
 8865.3631 5.00285e-16
 8868.3551 4.85567e-16
 8871.3471 4.99757e-16
 8874.3392 5.06225e-16
 8877.3312 5.57680e-16
 8880.3232 5.50248e-16
 8883.3153 5.25430e-16
 8886.3073 5.40229e-16
 8889.2994 5.39534e-16
 8892.2914 5.64589e-16
 8895.2834 5.49668e-16
 8898.2755 5.16739e-16
 8901.2675 5.29396e-16
 8904.2595 5.18230e-16
 8907.2516 5.11047e-16
 8910.2436 4.89205e-16
 8913.2356 5.17180e-16
 8916.2277 4.78295e-16
 8919.2197 4.76383e-16
 8922.2117 4.86307e-16
 8925.2038 4.63840e-16
 8928.1958 4.64555e-16
 8931.1878 4.70968e-16
 8934.1799 4.16473e-16
 8937.1719 4.23059e-16
 8940.1639 4.21343e-16
 8943.1560 4.34324e-16
 8946.1480 4.37859e-16
 8949.1400 3.92594e-16
 8952.1321 3.35355e-16
 8955.1241 3.98461e-16
 8958.1162 4.43232e-16
 8961.1082 4.21405e-16
 8964.1002 4.10423e-16
 8967.0923 4.15350e-16
 8970.0843 3.92220e-16
 8973.0763 4.13644e-16
 8976.0684 4.68281e-16
 8979.0604 3.79285e-16
 8982.0524 3.44431e-16
 8985.0445 3.69815e-16
 8988.0365 3.60697e-16
 8991.0285 3.61915e-16
 8994.0206 3.73290e-16
 8997.0126 3.80800e-16
 9000.0046 3.78511e-16
 9002.9967 3.54065e-16
 9005.9887 3.91909e-16
 9008.9808 3.47138e-16
 9011.9728 3.30272e-16
 9014.9648 3.92730e-16
 9017.9569 3.47873e-16
 9020.9489 3.72242e-16
 9023.9409 3.77502e-16
 9026.9330 4.02291e-16
 9029.9250 3.49829e-16
 9032.9170 3.04481e-16
 9035.9091 3.15504e-16
 9038.9011 3.19970e-16
 9041.8931 3.33000e-16
 9044.8852 3.20476e-16
 9047.8772 3.70040e-16
 9050.8692 3.72295e-16
 9053.8613 3.84034e-16
 9056.8533 3.33969e-16
 9059.8453 3.54410e-16
 9062.8374 3.98938e-16
 9065.8294 3.97491e-16
 9068.8214 4.53168e-16
 9071.8135 4.13547e-16
 9074.8055 3.72745e-16
 9077.7976 3.58227e-16
 9080.7896 3.50836e-16
 9083.7816 3.69642e-16
 9086.7737 3.64966e-16
 9089.7657 2.88353e-16
 9092.7577 3.28850e-16
 9095.7498 3.41046e-16
 9098.7418 3.57536e-16
 9101.7338 2.31415e-16
 9104.7259 2.65013e-16
 9107.7179 3.60289e-16
 9110.7099 3.55134e-16
 9113.7020 3.35602e-16
 9116.6940 3.76067e-16
 9119.6860 3.72020e-16
 9122.6781 3.57648e-16
 9125.6701 3.29661e-16
 9128.6621 3.19154e-16
 9131.6542 3.53106e-16
 9134.6462 3.95521e-16
 9137.6382 3.64158e-16
 9140.6303 3.42927e-16
 9143.6223 3.32317e-16
 9146.6143 3.23052e-16
 9149.6064 3.45044e-16
 9152.5984 3.03114e-16
 9155.5905 2.04854e-16
 9158.5825 2.46599e-16
 9161.5745 2.92801e-16
 9164.5666 3.13096e-16
 9167.5586 3.53667e-16
 9170.5506 3.00826e-16
 9173.5427 3.33120e-16
 9176.5347 3.62583e-16
 9179.5267 3.23493e-16
 9182.5188 3.12040e-16
 9185.5108 2.50336e-16
 9188.5028 2.31710e-16
 9191.4949 2.24257e-16
 9194.4869 2.31434e-16
 9197.4789 3.32107e-16
 9200.4710 4.18398e-16
 9203.4630 3.30313e-16
 9206.4550 2.14324e-16
 9209.4471 2.64784e-16
 9212.4391 1.91747e-16
 9215.4311 3.80593e-16
 9218.4232 2.82507e-16
 9221.4152 2.21497e-16
 9224.4073 2.40553e-16
 9227.3993 3.57653e-16
 9230.3913 1.99873e-16
 9233.3834 1.80011e-16
 9236.3754 2.37762e-16
 9239.3674 2.12455e-16
 9242.3595 1.95011e-16
 9245.3515 1.81491e-16
 9248.3435 1.50403e-16
 9251.3356 2.12758e-16
 9254.3276 1.95791e-16
 9257.3196 1.19156e-16
 9260.3117 1.59885e-16
 9263.3037 2.15229e-16
 9266.2957 2.46060e-16
 9269.2878 2.39773e-16
 9272.2798 1.89768e-16
 9275.2719 2.47804e-16
 9278.2639 1.55336e-16
 9281.2559 2.63204e-16
 9284.2480 3.15354e-16
 9287.2400 2.34723e-16
 9290.2320 2.09077e-16
 9293.2241 2.31388e-16
 9296.2161 2.29616e-16
 9299.2081 2.42373e-16
 9302.2002 2.05676e-16
 9305.1922 1.88585e-16
 9308.1842 2.74792e-16
 9311.1763 3.13300e-16
 9314.1683 2.89770e-16
 9317.1603 2.82883e-16
 9320.1524 2.58488e-16
 9323.1444 2.56824e-16
 9326.1364 1.54203e-16
 9329.1285 1.33739e-16
 9332.1205 1.84537e-16
 9335.1125 2.06511e-16
 9338.1046 1.62955e-16
 9341.0966 1.79578e-16
 9344.0887 1.75555e-16
 9347.0807 1.84627e-16
 9350.0727 1.52630e-16
 9353.0648 1.47595e-16
 9356.0568 2.31724e-16
 9359.0488 1.79470e-16
 9362.0409 1.81631e-16
 9365.0329 1.77869e-16
 9368.0249 1.40295e-16
 9371.0170 1.54101e-16
 9374.0090 1.88813e-16
 9377.0010 1.54644e-16
 9379.9931 1.93384e-16
 9382.9851 1.67113e-16
 9385.9771 1.44666e-16
 9388.9692 1.14944e-16
 9391.9612 1.03841e-16
 9394.9532 7.89406e-17
 9397.9453 1.29042e-16
 9400.9373 1.81448e-16
 9403.9293 1.44446e-16
 9406.9214 1.05958e-16
 9409.9134 1.27820e-16
 9412.9054 1.88749e-16
 9415.8975 2.22289e-16
 9418.8895 1.40081e-16
 9421.8816 1.78789e-16
 9424.8736 1.85076e-16
 9427.8656 1.42097e-16
 9430.8577 1.79287e-16
 9433.8497 1.40323e-16
 9436.8417 1.52912e-16
 9439.8338 1.10735e-16
 9442.8258 1.92299e-16
 9445.8178 2.07027e-16
 9448.8099 2.24154e-16
 9451.8019 1.60147e-16
 9454.7939 1.34913e-16
 9457.7860 1.87803e-16
 9460.7780 1.37945e-16
 9463.7700 2.02912e-16
 9466.7621 1.98334e-16
 9469.7541 1.60337e-16
 9472.7462 2.46970e-16
 9475.7382 2.01329e-16
 9478.7302 1.96826e-16
 9481.7223 1.88571e-16
 9484.7143 1.65275e-16
 9487.7063 1.91573e-16
 9490.6984 8.84089e-17
 9493.6904 1.74945e-16
 9496.6824 2.38906e-16
