#Object:               SN2008bq
#FITS_file:            SN08bq_b01_DUP_WF_11may08.fits
#Redshift:             0.03400
#JDate_of_max:         2454562.90
#JDate_of_observation: 2454597.48
#Epoch:                33.44     
#
 3675.0475 2.37829e-17
 3677.9889 6.32888e-17
 3680.9303 7.01149e-17
 3683.8717 4.85449e-17
 3686.8131 2.63484e-17
 3689.7545 5.06700e-17
 3692.6959 2.52841e-17
 3695.6373 3.32386e-17
 3698.5787 3.19253e-17
 3701.5201 1.88671e-17
 3704.4615 1.67524e-17
 3707.4029 1.78602e-17
 3710.3443 4.90082e-17
 3713.2857 2.54464e-17
 3716.2271 4.45165e-17
 3719.1685 2.77578e-17
 3722.1099 2.88224e-17
 3725.0513 2.87538e-17
 3727.9927 3.61238e-17
 3730.9341 2.22631e-17
 3733.8755 1.50794e-17
 3736.8169 2.07532e-17
 3739.7583 2.47890e-17
 3742.6997 1.15411e-17
 3745.6411 2.59387e-17
 3748.5825 6.11837e-18
 3751.5239 1.16585e-17
 3754.4653 1.81460e-17
 3757.4068 6.73614e-18
 3760.3482 1.80087e-17
 3763.2896 2.17096e-17
 3766.2310 1.94275e-17
 3769.1724 1.73062e-17
 3772.1138 2.05801e-17
 3775.0552 1.06497e-17
 3777.9966 2.56255e-17
 3780.9380 2.01861e-17
 3783.8794 9.05087e-18
 3786.8208 2.24685e-17
 3789.7622 2.47575e-17
 3792.7036 8.78443e-18
 3795.6450 1.64835e-17
 3798.5864 2.38871e-17
 3801.5278 1.93089e-17
 3804.4692 2.24031e-17
 3807.4106 2.89749e-17
 3810.3520 1.81423e-17
 3813.2934 2.01045e-17
 3816.2348 3.09304e-17
 3819.1762 3.00862e-17
 3822.1176 3.54513e-17
 3825.0590 4.52905e-17
 3828.0004 3.15520e-17
 3830.9418 2.96609e-17
 3833.8832 4.03136e-17
 3836.8246 3.50759e-17
 3839.7660 3.48442e-17
 3842.7074 3.30067e-17
 3845.6488 5.86744e-17
 3848.5902 4.87253e-17
 3851.5316 2.59047e-17
 3854.4730 4.28406e-17
 3857.4144 4.80606e-17
 3860.3558 4.28817e-17
 3863.2972 4.47821e-17
 3866.2386 4.47961e-17
 3869.1800 6.99170e-17
 3872.1214 5.79974e-17
 3875.0628 6.46848e-17
 3878.0042 5.65830e-17
 3880.9456 7.55816e-17
 3883.8870 7.93136e-17
 3886.8284 5.91796e-17
 3889.7698 7.70738e-17
 3892.7112 4.92948e-17
 3895.6526 5.40388e-17
 3898.5940 6.54648e-17
 3901.5354 6.56734e-17
 3904.4768 7.07722e-17
 3907.4182 6.37638e-17
 3910.3596 6.95441e-17
 3913.3010 7.45545e-17
 3916.2425 6.10373e-17
 3919.1839 7.00534e-17
 3922.1253 7.65599e-17
 3925.0667 7.66457e-17
 3928.0081 6.64556e-17
 3930.9495 8.06431e-17
 3933.8909 7.19336e-17
 3936.8323 6.61597e-17
 3939.7737 8.01507e-17
 3942.7151 8.04617e-17
 3945.6565 7.66795e-17
 3948.5979 8.77015e-17
 3951.5393 8.61763e-17
 3954.4807 8.46511e-17
 3957.4221 8.31260e-17
 3960.3635 8.16008e-17
 3963.3049 8.00758e-17
 3966.2463 7.82260e-17
 3969.1877 7.91342e-17
 3972.1291 8.05543e-17
 3975.0705 9.14529e-17
 3978.0119 8.73988e-17
 3980.9533 7.46937e-17
 3983.8947 7.32903e-17
 3986.8361 8.91815e-17
 3989.7775 6.81425e-17
 3992.7189 6.52746e-17
 3995.6603 5.12113e-17
 3998.6017 8.12933e-17
 4001.5431 8.37878e-17
 4004.4845 8.91224e-17
 4007.4259 7.72107e-17
 4010.3673 6.39244e-17
 4013.3087 7.38719e-17
 4016.2501 6.37309e-17
 4019.1915 6.77030e-17
 4022.1329 7.11988e-17
 4025.0743 5.72199e-17
 4028.0157 7.25342e-17
 4030.9571 6.05189e-17
 4033.8985 5.83621e-17
 4036.8399 6.17415e-17
 4039.7813 5.81828e-17
 4042.7227 4.60343e-17
 4045.6641 5.91939e-17
 4048.6055 5.90777e-17
 4051.5469 5.10250e-17
 4054.4883 6.27611e-17
 4057.4297 6.85513e-17
 4060.3711 6.11487e-17
 4063.3125 6.19939e-17
 4066.2539 5.01572e-17
 4069.1953 6.30756e-17
 4072.1367 5.84827e-17
 4075.0782 4.89043e-17
 4078.0196 5.68350e-17
 4080.9610 6.28846e-17
 4083.9024 5.86112e-17
 4086.8438 5.57993e-17
 4089.7852 5.30160e-17
 4092.7266 4.52687e-17
 4095.6680 4.40440e-17
 4098.6094 4.77340e-17
 4101.5508 5.20530e-17
 4104.4922 5.20918e-17
 4107.4336 5.21307e-17
 4110.3750 4.95656e-17
 4113.3164 4.96617e-17
 4116.2578 4.71033e-17
 4119.1992 6.03598e-17
 4122.1406 5.17244e-17
 4125.0820 6.02832e-17
 4128.0234 5.58527e-17
 4130.9648 4.28005e-17
 4133.9062 5.12098e-17
 4136.8476 4.93516e-17
 4139.7890 5.26903e-17
 4142.7304 5.74389e-17
 4145.6718 5.08419e-17
 4148.6132 4.36813e-17
 4151.5546 5.31989e-17
 4154.4960 4.51921e-17
 4157.4374 5.59750e-17
 4160.3788 5.80331e-17
 4163.3202 4.51963e-17
 4166.2616 5.60467e-17
 4169.2030 5.50351e-17
 4172.1444 7.38046e-17
 4175.0858 5.01901e-17
 4178.0272 5.60356e-17
 4180.9686 6.50022e-17
 4183.9100 5.73259e-17
 4186.8514 5.89862e-17
 4189.7928 6.40162e-17
 4192.7342 6.77986e-17
 4195.6756 6.29952e-17
 4198.6170 6.85141e-17
 4201.5584 6.09399e-17
 4204.4998 5.89233e-17
 4207.4412 5.59818e-17
 4210.3826 4.66757e-17
 4213.3240 5.31321e-17
 4216.2654 4.90303e-17
 4219.2068 5.96508e-17
 4222.1482 6.22713e-17
 4225.0896 5.26843e-17
 4228.0310 5.68089e-17
 4230.9724 6.16684e-17
 4233.9139 5.99073e-17
 4236.8553 5.16770e-17
 4239.7967 6.06510e-17
 4242.7381 5.71979e-17
 4245.6795 5.64989e-17
 4248.6209 4.85666e-17
 4251.5623 5.95802e-17
 4254.5037 5.68085e-17
 4257.4451 5.48499e-17
 4260.3865 5.66995e-17
 4263.3279 5.41744e-17
 4266.2693 5.29214e-17
 4269.2107 6.38840e-17
 4272.1521 5.17891e-17
 4275.0935 5.61412e-17
 4278.0349 5.19618e-17
 4280.9763 6.26300e-17
 4283.9177 6.19204e-17
 4286.8591 5.89671e-17
 4289.8005 6.17103e-17
 4292.7419 5.44437e-17
 4295.6833 5.69184e-17
 4298.6247 6.87591e-17
 4301.5661 6.24040e-17
 4304.5075 6.48267e-17
 4307.4489 6.85647e-17
 4310.3903 5.79922e-17
 4313.3317 6.63511e-17
 4316.2731 6.52847e-17
 4319.2145 7.06073e-17
 4322.1559 6.95601e-17
 4325.0973 6.52146e-17
 4328.0387 6.80195e-17
 4330.9801 6.95692e-17
 4333.9215 6.32324e-17
 4336.8629 6.57595e-17
 4339.8043 5.76655e-17
 4342.7457 5.80635e-17
 4345.6871 5.43008e-17
 4348.6285 6.10388e-17
 4351.5699 4.87419e-17
 4354.5113 5.27785e-17
 4357.4527 5.62510e-17
 4360.3941 5.18624e-17
 4363.3355 5.08739e-17
 4366.2769 4.18939e-17
 4369.2183 5.12914e-17
 4372.1597 4.86585e-17
 4375.1011 4.15515e-17
 4378.0425 4.82882e-17
 4380.9839 4.04562e-17
 4383.9253 4.57564e-17
 4386.8667 4.81595e-17
 4389.8081 3.49005e-17
 4392.7496 4.43055e-17
 4395.6910 4.26614e-17
 4398.6324 3.86791e-17
 4401.5738 5.04188e-17
 4404.5152 3.94132e-17
 4407.4566 3.86283e-17
 4410.3980 4.28592e-17
 4413.3394 3.36092e-17
 4416.2808 3.47430e-17
 4419.2222 3.68205e-17
 4422.1636 4.83167e-17
 4425.1050 3.82044e-17
 4428.0464 3.66557e-17
 4430.9878 4.69019e-17
 4433.9292 3.99116e-17
 4436.8706 3.49621e-17
 4439.8120 3.76804e-17
 4442.7534 4.96422e-17
 4445.6948 5.01141e-17
 4448.6362 3.87283e-17
 4451.5776 3.80471e-17
 4454.5190 4.12790e-17
 4457.4604 4.14927e-17
 4460.4018 4.10450e-17
 4463.3432 4.43525e-17
 4466.2846 4.85249e-17
 4469.2260 3.95774e-17
 4472.1674 4.00396e-17
 4475.1088 4.55571e-17
 4478.0502 5.24922e-17
 4480.9916 5.00921e-17
 4483.9330 4.48875e-17
 4486.8744 6.20696e-17
 4489.8158 5.44638e-17
 4492.7572 5.70277e-17
 4495.6986 5.29886e-17
 4498.6400 5.16718e-17
 4501.5814 5.09149e-17
 4504.5228 5.31394e-17
 4507.4642 6.05735e-17
 4510.4056 6.28180e-17
 4513.3470 6.24572e-17
 4516.2884 6.89430e-17
 4519.2298 7.53106e-17
 4522.1712 6.32114e-17
 4525.1126 7.07701e-17
 4528.0540 7.44012e-17
 4530.9954 7.73313e-17
 4533.9368 8.02242e-17
 4536.8782 7.52909e-17
 4539.8196 8.57036e-17
 4542.7610 8.79446e-17
 4545.7024 8.45083e-17
 4548.6438 9.46763e-17
 4551.5852 9.58610e-17
 4554.5267 1.07251e-16
 4557.4681 1.04095e-16
 4560.4095 1.17272e-16
 4563.3509 1.08659e-16
 4566.2923 1.05748e-16
 4569.2337 1.09351e-16
 4572.1751 1.09697e-16
 4575.1165 1.24107e-16
 4578.0579 1.17959e-16
 4580.9993 1.03955e-16
 4583.9407 1.05394e-16
 4586.8821 1.05881e-16
 4589.8235 1.05176e-16
 4592.7649 1.19982e-16
 4595.7063 1.20374e-16
 4598.6477 1.22798e-16
 4601.5891 1.15940e-16
 4604.5305 1.12915e-16
 4607.4719 1.16575e-16
 4610.4133 1.27298e-16
 4613.3547 1.26463e-16
 4616.2961 1.29713e-16
 4619.2375 1.34144e-16
 4622.1789 1.30935e-16
 4625.1203 1.37234e-16
 4628.0617 1.31270e-16
 4631.0031 1.33992e-16
 4633.9445 1.40850e-16
 4636.8859 1.36818e-16
 4639.8273 1.41917e-16
 4642.7687 1.33791e-16
 4645.7101 1.33481e-16
 4648.6515 1.28608e-16
 4651.5929 1.22838e-16
 4654.5343 1.21616e-16
 4657.4757 1.07070e-16
 4660.4171 9.98923e-17
 4663.3585 1.02640e-16
 4666.2999 9.61585e-17
 4669.2413 1.02646e-16
 4672.1827 9.02380e-17
 4675.1241 8.99814e-17
 4678.0655 8.89235e-17
 4681.0069 7.93473e-17
 4683.9483 7.71752e-17
 4686.8897 8.09773e-17
 4689.8311 7.56053e-17
 4692.7725 7.92486e-17
 4695.7139 7.52980e-17
 4698.6553 5.96580e-17
 4701.5967 5.99921e-17
 4704.5381 6.55599e-17
 4707.4795 6.43940e-17
 4710.4209 6.37802e-17
 4713.3623 6.41374e-17
 4716.3037 6.02588e-17
 4719.2452 6.80999e-17
 4722.1866 5.42132e-17
 4725.1280 6.01090e-17
 4728.0694 6.30512e-17
 4731.0108 6.19388e-17
 4733.9522 5.54870e-17
 4736.8936 5.96594e-17
 4739.8350 6.01250e-17
 4742.7764 4.76515e-17
 4745.7178 5.64250e-17
 4748.6592 5.67664e-17
 4751.6006 5.29783e-17
 4754.5420 5.78042e-17
 4757.4834 6.21475e-17
 4760.4248 6.31525e-17
 4763.3662 5.38268e-17
 4766.3076 5.67462e-17
 4769.2490 4.95041e-17
 4772.1904 6.16865e-17
 4775.1318 5.93121e-17
 4778.0732 6.02154e-17
 4781.0146 5.88499e-17
 4783.9560 5.90469e-17
 4786.8974 6.53540e-17
 4789.8388 6.80976e-17
 4792.7802 6.96437e-17
 4795.7216 7.92531e-17
 4798.6630 6.99315e-17
 4801.6044 7.59870e-17
 4804.5458 8.77876e-17
 4807.4872 8.01433e-17
 4810.4286 8.49432e-17
 4813.3700 8.20908e-17
 4816.3114 9.05483e-17
 4819.2528 8.94616e-17
 4822.1942 8.54169e-17
 4825.1356 7.17830e-17
 4828.0770 8.75498e-17
 4831.0184 7.99247e-17
 4833.9598 8.18130e-17
 4836.9012 7.64224e-17
 4839.8426 7.81273e-17
 4842.7840 8.39044e-17
 4845.7254 7.46520e-17
 4848.6668 7.04808e-17
 4851.6082 6.65526e-17
 4854.5496 6.83398e-17
 4857.4910 6.41722e-17
 4860.4324 6.95716e-17
 4863.3738 7.83155e-17
 4866.3152 7.41348e-17
 4869.2566 7.04943e-17
 4872.1980 8.34735e-17
 4875.1394 7.41161e-17
 4878.0808 8.06474e-17
 4881.0223 8.81818e-17
 4883.9637 8.35773e-17
 4886.9051 9.64056e-17
 4889.8465 9.05345e-17
 4892.7879 8.65440e-17
 4895.7293 9.86841e-17
 4898.6707 9.34884e-17
 4901.6121 1.01397e-16
 4904.5535 1.02548e-16
 4907.4949 1.04950e-16
 4910.4363 1.16372e-16
 4913.3777 1.13178e-16
 4916.3191 1.19175e-16
 4919.2605 1.16718e-16
 4922.2019 1.23559e-16
 4925.1433 1.24101e-16
 4928.0847 1.14357e-16
 4931.0261 1.22716e-16
 4933.9675 1.21726e-16
 4936.9089 1.15182e-16
 4939.8503 1.26487e-16
 4942.7917 1.30224e-16
 4945.7331 1.24545e-16
 4948.6745 1.21476e-16
 4951.6159 1.14478e-16
 4954.5573 1.26423e-16
 4957.4987 1.19007e-16
 4960.4401 1.12163e-16
 4963.3815 1.08216e-16
 4966.3229 1.10338e-16
 4969.2643 1.11885e-16
 4972.2057 9.88244e-17
 4975.1471 9.70370e-17
 4978.0885 9.77709e-17
 4981.0299 9.55488e-17
 4983.9713 9.01644e-17
 4986.9127 9.27930e-17
 4989.8541 8.63313e-17
 4992.7955 7.99324e-17
 4995.7369 8.17290e-17
 4998.6783 8.07678e-17
 5001.6197 6.99892e-17
 5004.5611 7.57084e-17
 5007.5025 7.94462e-17
 5010.4439 7.76058e-17
 5013.3853 7.48964e-17
 5016.3267 7.48361e-17
 5019.2681 7.11582e-17
 5022.2095 7.16958e-17
 5025.1509 6.87425e-17
 5028.0923 6.72634e-17
 5031.0337 7.08860e-17
 5033.9751 7.33260e-17
 5036.9165 5.96624e-17
 5039.8579 6.11412e-17
 5042.7994 6.27148e-17
 5045.7408 6.88462e-17
 5048.6822 6.15176e-17
 5051.6236 5.82983e-17
 5054.5650 5.64216e-17
 5057.5064 6.42152e-17
 5060.4478 6.36844e-17
 5063.3892 5.80646e-17
 5066.3306 5.98432e-17
 5069.2720 5.78294e-17
 5072.2134 6.27832e-17
 5075.1548 6.39665e-17
 5078.0962 6.08820e-17
 5081.0376 5.86947e-17
 5083.9790 6.42774e-17
 5086.9204 6.44662e-17
 5089.8618 6.15848e-17
 5092.8032 5.96776e-17
 5095.7446 5.48209e-17
 5098.6860 5.51337e-17
 5101.6274 5.37071e-17
 5104.5688 5.35665e-17
 5107.5102 5.68685e-17
 5110.4516 5.12347e-17
 5113.3930 5.65585e-17
 5116.3344 5.89831e-17
 5119.2758 5.84517e-17
 5122.2172 5.17190e-17
 5125.1586 5.54027e-17
 5128.1000 5.70792e-17
 5131.0414 5.79430e-17
 5133.9828 5.87693e-17
 5136.9242 6.29978e-17
 5139.8656 6.44208e-17
 5142.8070 6.60502e-17
 5145.7484 5.97805e-17
 5148.6898 6.13317e-17
 5151.6312 6.37100e-17
 5154.5726 6.84203e-17
 5157.5140 5.97355e-17
 5160.4554 6.04314e-17
 5163.3968 6.89648e-17
 5166.3382 6.33286e-17
 5169.2796 6.93775e-17
 5172.2210 6.59372e-17
 5175.1624 7.13481e-17
 5178.1038 7.44215e-17
 5181.0452 6.91328e-17
 5183.9866 7.56470e-17
 5186.9280 7.22468e-17
 5189.8694 6.83622e-17
 5192.8108 7.44572e-17
 5195.7522 7.93609e-17
 5198.6936 7.74024e-17
 5201.6350 7.33942e-17
 5204.5765 8.18477e-17
 5207.5179 7.93867e-17
 5210.4593 8.41033e-17
 5213.4007 8.42118e-17
 5216.3421 8.62683e-17
 5219.2835 9.22199e-17
 5222.2249 9.37633e-17
 5225.1663 8.91708e-17
 5228.1077 9.44850e-17
 5231.0491 9.53963e-17
 5233.9905 9.13758e-17
 5236.9319 8.82155e-17
 5239.8733 8.05659e-17
 5242.8147 8.76137e-17
 5245.7561 9.51263e-17
 5248.6975 9.21403e-17
 5251.6389 9.07453e-17
 5254.5803 9.96447e-17
 5257.5217 1.07244e-16
 5260.4631 9.32775e-17
 5263.4045 1.07394e-16
 5266.3459 1.06125e-16
 5269.2873 1.09902e-16
 5272.2287 1.16908e-16
 5275.1701 1.13810e-16
 5278.1115 1.15766e-16
 5281.0529 1.19228e-16
 5283.9943 1.13297e-16
 5286.9357 1.13000e-16
 5289.8771 1.23023e-16
 5292.8185 1.25818e-16
 5295.7599 1.24603e-16
 5298.7013 1.21956e-16
 5301.6427 1.16042e-16
 5304.5841 1.15674e-16
 5307.5255 1.14562e-16
 5310.4669 1.07936e-16
 5313.4083 1.16588e-16
 5316.3497 1.13735e-16
 5319.2911 1.17448e-16
 5322.2325 1.18227e-16
 5325.1739 1.20070e-16
 5328.1153 1.10171e-16
 5331.0567 1.19719e-16
 5333.9981 1.00779e-16
 5336.9395 1.20553e-16
 5339.8809 1.25630e-16
 5342.8223 1.22186e-16
 5345.7637 1.09755e-16
 5348.7051 1.14434e-16
 5351.6465 1.05957e-16
 5354.5879 1.08272e-16
 5357.5293 1.12382e-16
 5360.4707 1.10148e-16
 5363.4121 1.05061e-16
 5366.3536 1.16642e-16
 5369.2950 1.17435e-16
 5372.2364 1.12720e-16
 5375.1778 1.19685e-16
 5378.1192 1.20802e-16
 5381.0606 1.29635e-16
 5384.0020 1.27357e-16
 5386.9434 1.20768e-16
 5389.8848 1.20549e-16
 5392.8262 1.33966e-16
 5395.7676 1.34618e-16
 5398.7090 1.34691e-16
 5401.6504 1.42912e-16
 5404.5918 1.49941e-16
 5407.5332 1.43772e-16
 5410.4746 1.44589e-16
 5413.4160 1.41436e-16
 5416.3574 1.39919e-16
 5419.2988 1.47144e-16
 5422.2402 1.57078e-16
 5425.1816 1.59758e-16
 5428.1230 1.52721e-16
 5431.0644 1.58903e-16
 5434.0058 1.56108e-16
 5436.9472 1.56972e-16
 5439.8886 1.51490e-16
 5442.8300 1.56622e-16
 5445.7714 1.66422e-16
 5448.7128 1.66634e-16
 5451.6542 1.65091e-16
 5454.5956 1.75302e-16
 5457.5370 1.74654e-16
 5460.4784 1.74003e-16
 5463.4198 1.83914e-16
 5466.3612 1.88720e-16
 5469.3026 1.87275e-16
 5472.2440 1.95489e-16
 5475.1854 1.98072e-16
 5478.1268 1.99429e-16
 5481.0682 1.97651e-16
 5484.0096 1.98689e-16
 5486.9510 1.96781e-16
 5489.8924 2.03456e-16
 5492.8338 2.04288e-16
 5495.7752 2.02988e-16
 5498.7166 2.09193e-16
 5501.6580 2.14695e-16
 5504.5994 2.21623e-16
 5507.5408 2.24392e-16
 5510.4822 2.17072e-16
 5513.4236 2.19984e-16
 5516.3650 2.25282e-16
 5519.3064 2.21958e-16
 5522.2478 2.16613e-16
 5525.1892 2.29780e-16
 5528.1307 2.38942e-16
 5531.0721 2.38659e-16
 5534.0135 2.36230e-16
 5536.9549 2.35988e-16
 5539.8963 2.29147e-16
 5542.8377 2.30814e-16
 5545.7791 2.23173e-16
 5548.7205 2.32911e-16
 5551.6619 2.38887e-16
 5554.6033 2.31064e-16
 5557.5447 2.24817e-16
 5560.4861 2.26748e-16
 5563.4275 2.25297e-16
 5566.3689 2.30531e-16
 5569.3103 2.36983e-16
 5572.2517 2.21689e-16
 5575.1931 2.31881e-16
 5578.1345 2.21345e-16
 5581.0759 2.21905e-16
 5584.0173 2.22549e-16
 5586.9587 2.27226e-16
 5589.9001 2.30507e-16
 5592.8415 2.08558e-16
 5595.7829 2.06712e-16
 5598.7243 2.07009e-16
 5601.6657 2.08658e-16
 5604.6071 1.98998e-16
 5607.5485 2.01871e-16
 5610.4899 1.99104e-16
 5613.4313 2.02923e-16
 5616.3727 2.00238e-16
 5619.3141 1.91791e-16
 5622.2555 1.93680e-16
 5625.1969 1.89205e-16
 5628.1383 1.85976e-16
 5631.0797 1.80283e-16
 5634.0211 1.78652e-16
 5636.9625 1.79324e-16
 5639.9039 1.77912e-16
 5642.8453 1.69089e-16
 5645.7867 1.66384e-16
 5648.7281 1.62067e-16
 5651.6695 1.63157e-16
 5654.6109 1.59940e-16
 5657.5523 1.55323e-16
 5660.4937 1.55307e-16
 5663.4351 1.60455e-16
 5666.3765 1.46510e-16
 5669.3179 1.42782e-16
 5672.2593 1.42683e-16
 5675.2007 1.47717e-16
 5678.1421 1.43367e-16
 5681.0835 1.38552e-16
 5684.0249 1.36006e-16
 5686.9663 1.39189e-16
 5689.9077 1.35204e-16
 5692.8492 1.42545e-16
 5695.7906 1.24337e-16
 5698.7320 1.24905e-16
 5701.6734 1.27048e-16
 5704.6148 1.23898e-16
 5707.5562 1.25982e-16
 5710.4976 1.34306e-16
 5713.4390 1.33854e-16
 5716.3804 1.28628e-16
 5719.3218 1.24410e-16
 5722.2632 1.31890e-16
 5725.2046 1.36802e-16
 5728.1460 1.38061e-16
 5731.0874 1.33335e-16
 5734.0288 1.41328e-16
 5736.9702 1.43688e-16
 5739.9116 1.38540e-16
 5742.8530 1.37462e-16
 5745.7944 1.34113e-16
 5748.7358 1.31357e-16
 5751.6772 1.30044e-16
 5754.6186 1.30830e-16
 5757.5600 1.40397e-16
 5760.5014 1.45002e-16
 5763.4428 1.41533e-16
 5766.3842 1.45212e-16
 5769.3256 1.41566e-16
 5772.2670 1.45901e-16
 5775.2084 1.48482e-16
 5778.1498 1.43751e-16
 5781.0912 1.43539e-16
 5784.0326 1.39290e-16
 5786.9740 1.50357e-16
 5789.9154 1.52806e-16
 5792.8568 1.47349e-16
 5795.7982 1.47242e-16
 5798.7396 1.48687e-16
 5801.6810 1.39727e-16
 5804.6224 1.41876e-16
 5807.5638 1.45350e-16
 5810.5052 1.48769e-16
 5813.4466 1.52226e-16
 5816.3880 1.55300e-16
 5819.3294 1.58879e-16
 5822.2708 1.60995e-16
 5825.2122 1.63788e-16
 5828.1536 1.59893e-16
 5831.0950 1.59823e-16
 5834.0364 1.59826e-16
 5836.9778 1.63068e-16
 5839.9192 1.63218e-16
 5842.8606 1.64620e-16
 5845.8020 1.63486e-16
 5848.7434 1.57351e-16
 5851.6848 1.60190e-16
 5854.6263 1.61094e-16
 5857.5677 1.53403e-16
 5860.5091 1.58605e-16
 5863.4505 1.62477e-16
 5866.3919 1.54811e-16
 5869.3333 1.58964e-16
 5872.2747 1.58168e-16
 5875.2161 1.58543e-16
 5878.1575 1.56722e-16
 5881.0989 1.53183e-16
 5884.0403 1.51385e-16
 5886.9817 1.43554e-16
 5889.9231 1.41209e-16
 5892.8645 1.47872e-16
 5895.8059 1.41936e-16
 5898.7473 1.43834e-16
 5901.6887 1.40133e-16
 5904.6301 1.37182e-16
 5907.5715 1.44683e-16
 5910.5129 1.47360e-16
 5913.4543 1.42120e-16
 5916.3957 1.39442e-16
 5919.3371 1.32189e-16
 5922.2785 1.35506e-16
 5925.2199 1.33010e-16
 5928.1613 1.35923e-16
 5931.1027 1.23380e-16
 5934.0441 1.23952e-16
 5936.9855 1.16158e-16
 5939.9269 1.20716e-16
 5942.8683 1.12971e-16
 5945.8097 1.04804e-16
 5948.7511 1.03091e-16
 5951.6925 1.01358e-16
 5954.6339 9.85354e-17
 5957.5753 9.75532e-17
 5960.5167 1.00685e-16
 5963.4581 9.59580e-17
 5966.3995 9.96310e-17
 5969.3409 8.93560e-17
 5972.2823 9.21627e-17
 5975.2237 9.21933e-17
 5978.1651 9.63592e-17
 5981.1065 9.33635e-17
 5984.0479 9.18180e-17
 5986.9893 9.30943e-17
 5989.9307 9.33133e-17
 5992.8721 8.70595e-17
 5995.8135 8.79944e-17
 5998.7549 9.05142e-17
 6001.6963 8.87668e-17
 6004.6377 9.35622e-17
 6007.5791 9.56094e-17
 6010.5205 9.33417e-17
 6013.4619 9.22045e-17
 6016.4034 8.73157e-17
 6019.3448 8.84479e-17
 6022.2862 8.29685e-17
 6025.2276 8.24125e-17
 6028.1690 8.78054e-17
 6031.1104 8.48785e-17
 6034.0518 7.94421e-17
 6036.9932 8.79507e-17
 6039.9346 8.05444e-17
 6042.8760 8.16938e-17
 6045.8174 8.06605e-17
 6048.7588 8.13932e-17
 6051.7002 8.17363e-17
 6054.6416 7.65479e-17
 6057.5830 7.64765e-17
 6060.5244 8.26247e-17
 6063.4658 8.37553e-17
 6066.4072 8.06240e-17
 6069.3486 8.16326e-17
 6072.2900 7.88707e-17
 6075.2314 7.37599e-17
 6078.1728 9.01785e-17
 6081.1142 8.72073e-17
 6084.0556 8.42986e-17
 6086.9970 7.82781e-17
 6089.9384 8.75583e-17
 6092.8798 8.26836e-17
 6095.8212 9.11653e-17
 6098.7626 9.63618e-17
 6101.7040 9.20675e-17
 6104.6454 9.02442e-17
 6107.5868 9.30173e-17
 6110.5282 9.01021e-17
 6113.4696 8.75925e-17
 6116.4110 8.91804e-17
 6119.3524 8.67413e-17
 6122.2938 8.86239e-17
 6125.2352 8.85942e-17
 6128.1766 8.28014e-17
 6131.1180 8.09110e-17
 6134.0594 8.36688e-17
 6137.0008 7.77000e-17
 6139.9422 7.51258e-17
 6142.8836 7.40999e-17
 6145.8250 7.87401e-17
 6148.7664 7.61919e-17
 6151.7078 8.48583e-17
 6154.6492 7.10352e-17
 6157.5906 6.69461e-17
 6160.5320 7.41923e-17
 6163.4734 7.36416e-17
 6166.4148 7.06322e-17
 6169.3562 7.90524e-17
 6172.2976 8.90530e-17
 6175.2390 8.59917e-17
 6178.1805 8.16715e-17
 6181.1219 8.83742e-17
 6184.0633 8.45441e-17
 6187.0047 9.59504e-17
 6189.9461 9.47389e-17
 6192.8875 9.32427e-17
 6195.8289 1.04144e-16
 6198.7703 1.05294e-16
 6201.7117 9.93814e-17
 6204.6531 9.99640e-17
 6207.5945 9.95926e-17
 6210.5359 9.91630e-17
 6213.4773 9.81172e-17
 6216.4187 8.95401e-17
 6219.3601 9.30697e-17
 6222.3015 9.51161e-17
 6225.2429 1.01901e-16
 6228.1843 9.60169e-17
 6231.1257 9.26765e-17
 6234.0671 8.73290e-17
 6237.0085 9.42120e-17
 6239.9499 8.43491e-17
 6242.8913 8.41169e-17
 6245.8327 8.81416e-17
 6248.7741 8.15062e-17
 6251.7155 8.65418e-17
 6254.6569 9.01206e-17
 6257.5983 9.56270e-17
 6260.5397 8.87911e-17
 6263.4811 8.37727e-17
 6266.4225 7.95889e-17
 6269.3639 9.18317e-17
 6272.3053 8.57331e-17
 6275.2467 8.09043e-17
 6278.1881 8.69137e-17
 6281.1295 9.18482e-17
 6284.0709 8.35196e-17
 6287.0123 8.64120e-17
 6289.9537 9.11733e-17
 6292.8951 8.79189e-17
 6295.8365 9.11505e-17
 6298.7779 9.11068e-17
 6301.7193 9.11841e-17
 6304.6607 8.89351e-17
 6307.6021 9.48787e-17
 6310.5435 9.44153e-17
 6313.4849 9.33034e-17
 6316.4263 9.29645e-17
 6319.3677 9.80236e-17
 6322.3091 1.02177e-16
 6325.2505 9.61276e-17
 6328.1919 9.33358e-17
 6331.1333 9.96456e-17
 6334.0747 1.04103e-16
 6337.0161 1.07579e-16
 6339.9576 1.05800e-16
 6342.8990 1.02146e-16
 6345.8404 1.10676e-16
 6348.7818 1.12022e-16
 6351.7232 1.13422e-16
 6354.6646 1.14692e-16
 6357.6060 1.14989e-16
 6360.5474 1.20087e-16
 6363.4888 1.18411e-16
 6366.4302 1.20551e-16
 6369.3716 1.24383e-16
 6372.3130 1.22268e-16
 6375.2544 1.34708e-16
 6378.1958 1.34801e-16
 6381.1372 1.36091e-16
 6384.0786 1.39131e-16
 6387.0200 1.44437e-16
 6389.9614 1.33120e-16
 6392.9028 1.37690e-16
 6395.8442 1.46450e-16
 6398.7856 1.45494e-16
 6401.7270 1.44775e-16
 6404.6684 1.47388e-16
 6407.6098 1.50711e-16
 6410.5512 1.60616e-16
 6413.4926 1.61710e-16
 6416.4340 1.62968e-16
 6419.3754 1.58787e-16
 6422.3168 1.60016e-16
 6425.2582 1.55916e-16
 6428.1996 1.58536e-16
 6431.1410 1.66890e-16
 6434.0824 1.65991e-16
 6437.0238 1.66368e-16
 6439.9652 1.63590e-16
 6442.9066 1.66081e-16
 6445.8480 1.73856e-16
 6448.7894 1.68428e-16
 6451.7308 1.69010e-16
 6454.6722 1.77601e-16
 6457.6136 1.80153e-16
 6460.5550 1.75097e-16
 6463.4964 1.73959e-16
 6466.4378 1.82769e-16
 6469.3792 1.87564e-16
 6472.3206 1.78953e-16
 6475.2620 1.84058e-16
 6478.2034 1.87423e-16
 6481.1448 1.83881e-16
 6484.0862 1.88392e-16
 6487.0276 1.95597e-16
 6489.9690 1.94019e-16
 6492.9104 1.86817e-16
 6495.8518 1.90853e-16
 6498.7932 1.76866e-16
 6501.7347 1.81533e-16
 6504.6761 1.88186e-16
 6507.6175 1.88277e-16
 6510.5589 1.89857e-16
 6513.5003 1.94021e-16
 6516.4417 1.86228e-16
 6519.3831 1.90983e-16
 6522.3245 1.86679e-16
 6525.2659 1.89608e-16
 6528.2073 1.90766e-16
 6531.1487 1.82975e-16
 6534.0901 1.91971e-16
 6537.0315 1.97854e-16
 6539.9729 1.92138e-16
 6542.9143 1.93536e-16
 6545.8557 1.79838e-16
 6548.7971 1.86035e-16
 6551.7385 1.94047e-16
 6554.6799 1.80436e-16
 6557.6213 1.63181e-16
 6560.5627 1.67099e-16
 6563.5041 1.71017e-16
 6566.4455 1.74935e-16
 6569.3869 1.78853e-16
 6572.3283 1.80685e-16
 6575.2697 1.70156e-16
 6578.2111 1.65327e-16
 6581.1525 1.80821e-16
 6584.0939 1.97704e-16
 6587.0353 1.93939e-16
 6589.9767 1.82992e-16
 6592.9181 1.75819e-16
 6595.8595 1.70250e-16
 6598.8009 1.72971e-16
 6601.7423 1.73651e-16
 6604.6837 1.66118e-16
 6607.6251 1.63462e-16
 6610.5665 1.64960e-16
 6613.5079 1.64894e-16
 6616.4493 1.64102e-16
 6619.3907 1.61519e-16
 6622.3321 1.60287e-16
 6625.2735 1.59009e-16
 6628.2149 1.55489e-16
 6631.1563 1.61335e-16
 6634.0977 1.55242e-16
 6637.0391 1.38240e-16
 6639.9805 1.41812e-16
 6642.9219 1.37312e-16
 6645.8633 1.42432e-16
 6648.8047 1.43118e-16
 6651.7461 1.45525e-16
 6654.6875 1.34116e-16
 6657.6289 1.33756e-16
 6660.5703 1.37445e-16
 6663.5118 1.32617e-16
 6666.4532 1.27281e-16
 6669.3946 1.26216e-16
 6672.3360 1.28661e-16
 6675.2774 1.27875e-16
 6678.2188 1.26006e-16
 6681.1602 1.24454e-16
 6684.1016 1.24853e-16
 6687.0430 1.23500e-16
 6689.9844 1.18544e-16
 6692.9258 1.22914e-16
 6695.8672 1.14318e-16
 6698.8086 1.14534e-16
 6701.7500 1.08830e-16
 6704.6914 1.04144e-16
 6707.6328 1.05669e-16
 6710.5742 9.81076e-17
 6713.5156 9.85036e-17
 6716.4570 1.09389e-16
 6719.3984 1.04608e-16
 6722.3398 1.00486e-16
 6725.2812 9.43011e-17
 6728.2226 9.31225e-17
 6731.1640 1.00345e-16
 6734.1054 9.75452e-17
 6737.0468 9.14281e-17
 6739.9882 9.44377e-17
 6742.9296 8.69620e-17
 6745.8710 8.81683e-17
 6748.8124 9.15195e-17
 6751.7538 8.94493e-17
 6754.6952 9.00341e-17
 6757.6366 9.31075e-17
 6760.5780 9.12408e-17
 6763.5194 8.98709e-17
 6766.4608 8.57086e-17
 6769.4022 9.00420e-17
 6772.3436 8.55587e-17
 6775.2850 8.59303e-17
 6778.2264 9.02054e-17
 6781.1678 8.92047e-17
 6784.1092 8.43777e-17
 6787.0506 8.78705e-17
 6789.9920 9.07578e-17
 6792.9334 8.50862e-17
 6795.8748 8.61554e-17
 6798.8162 9.32552e-17
 6801.7576 9.29330e-17
 6804.6990 8.67311e-17
 6807.6404 8.69954e-17
 6810.5818 8.93216e-17
 6813.5232 8.38212e-17
 6816.4646 8.93929e-17
 6819.4060 9.29061e-17
 6822.3474 9.14229e-17
 6825.2888 9.59795e-17
 6828.2303 9.43066e-17
 6831.1717 9.24009e-17
 6834.1131 9.46138e-17
 6837.0545 9.53507e-17
 6839.9959 8.80530e-17
 6842.9373 9.07410e-17
 6845.8787 9.29687e-17
 6848.8201 8.92919e-17
 6851.7615 9.12054e-17
 6854.7029 8.79976e-17
 6857.6443 8.64142e-17
 6860.5857 8.39547e-17
 6863.5271 8.61368e-17
 6866.4685 8.51745e-17
 6869.4099 8.57442e-17
 6872.3513 8.98240e-17
 6875.2927 9.06725e-17
 6878.2341 9.13512e-17
 6881.1755 9.09351e-17
 6884.1169 8.00660e-17
 6887.0583 8.45623e-17
 6889.9997 8.75859e-17
 6892.9411 8.48919e-17
 6895.8825 8.60384e-17
 6898.8239 8.27949e-17
 6901.7653 8.42018e-17
 6904.7067 8.32292e-17
 6907.6481 8.56588e-17
 6910.5895 8.48856e-17
 6913.5309 8.23793e-17
 6916.4723 7.90622e-17
 6919.4137 8.44478e-17
 6922.3551 8.31827e-17
 6925.2965 7.87544e-17
 6928.2379 7.98254e-17
 6931.1793 8.58320e-17
 6934.1207 8.07866e-17
 6937.0621 7.98049e-17
 6940.0035 7.63292e-17
 6942.9449 7.74124e-17
 6945.8863 7.67925e-17
 6948.8277 6.91059e-17
 6951.7691 7.25048e-17
 6954.7105 7.06606e-17
 6957.6519 8.13555e-17
 6960.5933 7.92543e-17
 6963.5347 7.86540e-17
 6966.4761 7.41588e-17
 6969.4175 7.13238e-17
 6972.3589 7.51193e-17
 6975.3003 7.19141e-17
 6978.2417 7.10239e-17
 6981.1831 7.00810e-17
 6984.1245 7.01171e-17
 6987.0659 7.41237e-17
 6990.0074 7.18044e-17
 6992.9488 6.13592e-17
 6995.8902 6.46665e-17
 6998.8316 6.28492e-17
 7001.7730 6.91203e-17
 7004.7144 6.89141e-17
 7007.6558 7.29821e-17
 7010.5972 7.50765e-17
 7013.5386 7.19459e-17
 7016.4800 6.63049e-17
 7019.4214 7.00855e-17
 7022.3628 6.56824e-17
 7025.3042 6.43419e-17
 7028.2456 6.62528e-17
 7031.1870 6.29380e-17
 7034.1284 5.60962e-17
 7037.0698 6.26621e-17
 7040.0112 6.68197e-17
 7042.9526 6.77902e-17
 7045.8940 6.45852e-17
 7048.8354 6.41034e-17
 7051.7768 6.14499e-17
 7054.7182 6.70277e-17
 7057.6596 6.32124e-17
 7060.6010 5.89801e-17
 7063.5424 6.16889e-17
 7066.4838 6.18490e-17
 7069.4252 5.75859e-17
 7072.3666 5.69869e-17
 7075.3080 5.61822e-17
 7078.2494 5.23877e-17
 7081.1908 5.56522e-17
 7084.1322 6.18045e-17
 7087.0736 5.94249e-17
 7090.0150 5.86125e-17
 7092.9564 6.12588e-17
 7095.8978 6.73551e-17
 7098.8392 6.29940e-17
 7101.7806 5.70985e-17
 7104.7220 6.63150e-17
 7107.6634 5.87487e-17
 7110.6048 6.19757e-17
 7113.5462 5.79216e-17
 7116.4876 6.05503e-17
 7119.4290 6.75354e-17
 7122.3704 5.88409e-17
 7125.3118 7.02560e-17
 7128.2532 7.60261e-17
 7131.1946 6.94888e-17
 7134.1360 6.28306e-17
 7137.0774 6.30220e-17
 7140.0188 7.48722e-17
 7142.9602 7.39268e-17
 7145.9016 7.70961e-17
 7148.8430 7.21336e-17
 7151.7845 6.96142e-17
 7154.7259 6.66109e-17
 7157.6673 7.22301e-17
 7160.6087 7.40659e-17
 7163.5501 7.45901e-17
 7166.4915 6.50885e-17
 7169.4329 7.28003e-17
 7172.3743 7.67139e-17
 7175.3157 7.41768e-17
 7178.2571 7.48250e-17
 7181.1985 7.50949e-17
 7184.1399 7.50628e-17
 7187.0813 7.66612e-17
 7190.0227 7.47503e-17
 7192.9641 7.34407e-17
 7195.9055 7.43529e-17
 7198.8469 7.17326e-17
 7201.7883 7.73682e-17
 7204.7297 7.92328e-17
 7207.6711 7.67269e-17
 7210.6125 8.31826e-17
 7213.5539 8.33256e-17
 7216.4953 6.81759e-17
 7219.4367 6.80994e-17
 7222.3781 7.35671e-17
 7225.3195 7.55074e-17
 7228.2609 7.38857e-17
 7231.2023 7.47529e-17
 7234.1437 7.64748e-17
 7237.0851 7.92981e-17
 7240.0265 7.62475e-17
 7242.9679 7.35032e-17
 7245.9093 7.88044e-17
 7248.8507 7.53124e-17
 7251.7921 7.56271e-17
 7254.7335 7.66341e-17
 7257.6749 7.80528e-17
 7260.6163 8.20341e-17
 7263.5577 8.38145e-17
 7266.4991 8.24838e-17
 7269.4405 7.65250e-17
 7272.3819 7.72073e-17
 7275.3233 8.02251e-17
 7278.2647 7.91728e-17
 7281.2061 8.47003e-17
 7284.1475 8.39395e-17
 7287.0889 8.15326e-17
 7290.0303 7.59468e-17
 7292.9717 7.55253e-17
 7295.9131 8.20423e-17
 7298.8545 8.18537e-17
 7301.7959 8.53386e-17
 7304.7373 8.30311e-17
 7307.6787 8.82418e-17
 7310.6201 8.42328e-17
 7313.5616 8.75004e-17
 7316.5030 8.49071e-17
 7319.4444 8.37788e-17
 7322.3858 8.43897e-17
 7325.3272 8.26877e-17
 7328.2686 8.33128e-17
 7331.2100 8.64588e-17
 7334.1514 8.91345e-17
 7337.0928 8.18621e-17
 7340.0342 8.15698e-17
 7342.9756 8.12797e-17
 7345.9170 7.62906e-17
 7348.8584 7.32739e-17
 7351.7998 7.34306e-17
 7354.7412 6.67788e-17
 7357.6826 6.13899e-17
 7360.6240 7.40836e-17
 7363.5654 8.11687e-17
 7366.5068 1.02006e-16
 7369.4482 9.59267e-17
 7372.3896 7.11203e-17
 7375.3310 7.94081e-17
 7378.2724 9.32506e-17
 7381.2138 9.19733e-17
 7384.1552 9.05900e-17
 7387.0966 9.43800e-17
 7390.0380 9.70180e-17
 7392.9794 9.48024e-17
 7395.9208 9.07201e-17
 7398.8622 9.16054e-17
 7401.8036 1.03700e-16
 7404.7450 1.03095e-16
 7407.6864 9.19498e-17
 7410.6278 1.08039e-16
 7413.5692 1.05462e-16
 7416.5106 1.05796e-16
 7419.4520 9.92894e-17
 7422.3934 1.08196e-16
 7425.3348 1.06552e-16
 7428.2762 1.08213e-16
 7431.2176 1.07831e-16
 7434.1590 1.04201e-16
 7437.1004 1.03382e-16
 7440.0418 9.83985e-17
 7442.9832 1.01777e-16
 7445.9246 9.46159e-17
 7448.8660 1.00001e-16
 7451.8074 9.86952e-17
 7454.7488 9.29599e-17
 7457.6902 9.23347e-17
 7460.6316 7.63632e-17
 7463.5730 8.86823e-17
 7466.5144 9.32454e-17
 7469.4558 8.26362e-17
 7472.3972 8.68727e-17
 7475.3387 8.74042e-17
 7478.2801 8.43900e-17
 7481.2215 9.07351e-17
 7484.1629 9.10779e-17
 7487.1043 8.42562e-17
 7490.0457 7.43776e-17
 7492.9871 7.26401e-17
 7495.9285 7.47379e-17
 7498.8699 8.61949e-17
 7501.8113 8.02518e-17
 7504.7527 8.54165e-17
 7507.6941 8.55322e-17
 7510.6355 9.23182e-17
 7513.5769 8.76647e-17
 7516.5183 8.19180e-17
 7519.4597 8.13664e-17
 7522.4011 8.14681e-17
 7525.3425 8.72462e-17
 7528.2839 8.94555e-17
 7531.2253 8.71999e-17
 7534.1667 8.43569e-17
 7537.1081 8.55765e-17
 7540.0495 8.81302e-17
 7542.9909 8.70929e-17
 7545.9323 8.77883e-17
 7548.8737 8.68465e-17
 7551.8151 8.66535e-17
 7554.7565 8.24498e-17
 7557.6979 8.30475e-17
 7560.6393 9.27545e-17
 7563.5807 9.49811e-17
 7566.5221 9.09420e-17
 7569.4635 7.93719e-17
 7572.4049 7.82915e-17
 7575.3463 8.37949e-17
 7578.2877 8.56326e-17
 7581.2291 8.52293e-17
 7584.1705 8.82649e-17
 7587.1119 8.69583e-17
 7590.0533 9.03854e-17
 7592.9947 8.82182e-17
 7595.9361 8.80356e-17
 7598.8775 8.45134e-17
 7601.8189 1.04655e-16
 7604.7603 1.01754e-16
 7607.7017 9.22460e-17
 7610.6431 1.15326e-16
 7613.5845 1.02223e-16
 7616.5259 8.54694e-17
 7619.4673 9.19133e-17
 7622.4087 1.03016e-16
 7625.3501 1.01556e-16
 7628.2915 9.41706e-17
 7631.2329 1.14821e-16
 7634.1743 1.02943e-16
 7637.1158 1.07391e-16
 7640.0572 1.06467e-16
 7642.9986 1.19124e-16
 7645.9400 1.02689e-16
 7648.8814 9.97602e-17
 7651.8228 1.02993e-16
 7654.7642 1.12618e-16
 7657.7056 1.14178e-16
 7660.6470 9.85769e-17
 7663.5884 1.15354e-16
 7666.5298 1.20654e-16
 7669.4712 1.18200e-16
 7672.4126 1.15431e-16
 7675.3540 1.09822e-16
 7678.2954 1.11706e-16
 7681.2368 1.15247e-16
 7684.1782 1.12364e-16
 7687.1196 1.14813e-16
 7690.0610 1.18347e-16
 7693.0024 1.22644e-16
 7695.9438 1.10806e-16
 7698.8852 1.12714e-16
 7701.8266 1.22263e-16
 7704.7680 1.35677e-16
 7707.7094 1.32049e-16
 7710.6508 1.22530e-16
 7713.5922 1.17694e-16
 7716.5336 1.34338e-16
 7719.4750 1.28018e-16
 7722.4164 1.22604e-16
 7725.3578 1.34941e-16
 7728.2992 1.31691e-16
 7731.2406 1.22597e-16
 7734.1820 1.25218e-16
 7737.1234 1.31118e-16
 7740.0648 1.28932e-16
 7743.0062 1.18756e-16
 7745.9476 1.24495e-16
 7748.8890 1.31841e-16
 7751.8304 1.21797e-16
 7754.7718 1.22776e-16
 7757.7132 1.20593e-16
 7760.6546 1.22130e-16
 7763.5960 1.13755e-16
 7766.5374 1.17026e-16
 7769.4788 1.12111e-16
 7772.4202 1.24093e-16
 7775.3616 1.17916e-16
 7778.3030 1.21466e-16
 7781.2444 1.26551e-16
 7784.1858 1.17577e-16
 7787.1272 1.27216e-16
 7790.0686 1.26534e-16
 7793.0100 1.20727e-16
 7795.9514 1.18384e-16
 7798.8929 1.23878e-16
 7801.8343 1.16570e-16
 7804.7757 1.20345e-16
 7807.7171 1.19797e-16
 7810.6585 1.12808e-16
 7813.5999 1.10669e-16
 7816.5413 1.23515e-16
 7819.4827 1.17776e-16
 7822.4241 1.09460e-16
 7825.3655 1.08678e-16
 7828.3069 1.11021e-16
 7831.2483 1.12382e-16
 7834.1897 1.06077e-16
 7837.1311 1.02573e-16
 7840.0725 1.07833e-16
 7843.0139 1.08439e-16
 7845.9553 1.06363e-16
 7848.8967 9.94508e-17
 7851.8381 1.01786e-16
 7854.7795 9.63180e-17
 7857.7209 9.92335e-17
 7860.6623 1.00171e-16
 7863.6037 9.69551e-17
 7866.5451 1.01615e-16
 7869.4865 8.88591e-17
 7872.4279 9.06929e-17
 7875.3693 9.19306e-17
 7878.3107 9.15515e-17
 7881.2521 9.52359e-17
 7884.1935 8.93555e-17
 7887.1349 8.38627e-17
 7890.0763 8.55587e-17
 7893.0177 8.24673e-17
 7895.9591 8.27953e-17
 7898.9005 8.87202e-17
 7901.8419 8.52861e-17
 7904.7833 8.07283e-17
 7907.7247 7.70155e-17
 7910.6661 7.73550e-17
 7913.6075 7.74370e-17
 7916.5489 7.11106e-17
 7919.4903 8.18036e-17
 7922.4317 8.31756e-17
 7925.3731 7.72915e-17
 7928.3145 7.00969e-17
 7931.2559 7.87227e-17
 7934.1973 7.34532e-17
 7937.1387 7.62744e-17
 7940.0801 6.87864e-17
 7943.0215 6.18499e-17
 7945.9629 7.53126e-17
 7948.9043 7.01356e-17
 7951.8457 6.52512e-17
 7954.7871 6.22193e-17
 7957.7285 5.94881e-17
 7960.6699 6.62067e-17
 7963.6114 6.60403e-17
 7966.5528 6.68557e-17
 7969.4942 7.07962e-17
 7972.4356 7.38938e-17
 7975.3770 7.46502e-17
 7978.3184 6.69319e-17
 7981.2598 6.55800e-17
 7984.2012 6.70594e-17
 7987.1426 6.33562e-17
 7990.0840 6.41788e-17
 7993.0254 6.13734e-17
 7995.9668 5.79954e-17
 7998.9082 6.12813e-17
 8001.8496 6.22284e-17
 8004.7910 6.71300e-17
 8007.7324 5.61952e-17
 8010.6738 6.42924e-17
 8013.6152 6.93769e-17
 8016.5566 7.46300e-17
 8019.4980 5.84124e-17
 8022.4394 5.17157e-17
 8025.3808 5.85480e-17
 8028.3222 4.74503e-17
 8031.2636 4.95009e-17
 8034.2050 6.40819e-17
 8037.1464 6.57005e-17
 8040.0878 6.58738e-17
 8043.0292 6.15859e-17
 8045.9706 5.58337e-17
 8048.9120 5.60101e-17
 8051.8534 6.17730e-17
 8054.7948 6.72584e-17
 8057.7362 6.28826e-17
 8060.6776 5.76047e-17
 8063.6190 5.71701e-17
 8066.5604 5.67356e-17
 8069.5018 5.63010e-17
 8072.4432 5.58664e-17
 8075.3846 5.54320e-17
 8078.3260 5.49973e-17
 8081.2674 5.45628e-17
 8084.2088 6.22542e-17
 8087.1502 4.91132e-17
 8090.0916 5.38778e-17
 8093.0330 4.68562e-17
 8095.9744 5.46742e-17
 8098.9158 5.78862e-17
 8101.8572 6.01898e-17
 8104.7986 5.14820e-17
 8107.7400 4.46549e-17
 8110.6814 4.80605e-17
 8113.6228 5.78606e-17
 8116.5642 6.42340e-17
 8119.5056 5.26047e-17
 8122.4470 5.55292e-17
 8125.3885 5.97422e-17
 8128.3299 5.69401e-17
 8131.2713 4.29055e-17
 8134.2127 4.39527e-17
 8137.1541 4.94448e-17
 8140.0955 4.93208e-17
 8143.0369 4.25875e-17
 8145.9783 4.25981e-17
 8148.9197 4.26087e-17
 8151.8611 4.26192e-17
 8154.8025 4.59341e-17
 8157.7439 3.76497e-17
 8160.6853 3.26379e-17
 8163.6267 3.60403e-17
 8166.5681 3.36676e-17
 8169.5095 3.20731e-17
 8172.4509 3.49579e-17
 8175.3923 3.12444e-17
 8178.3337 2.94608e-17
 8181.2751 9.82675e-18
 8184.2165 1.67949e-17
 8187.1579 3.02725e-17
 8190.0993 3.28322e-17
 8193.0407 2.11683e-17
 8195.9821 2.33550e-17
 8198.9235 2.29598e-17
 8201.8649 1.94144e-17
 8204.8063 2.02183e-17
 8207.7477 1.80168e-17
 8210.6891 2.31058e-17
 8213.6305 3.15997e-17
 8216.5719 1.47386e-17
 8219.5133 6.19622e-18
 8222.4547 1.24804e-17
 8225.3961 1.43752e-17
 8228.3375 2.38062e-17
 8231.2789 1.78194e-17
 8234.2203 1.45768e-17
 8237.1617 1.90451e-17
 8240.1031 2.55577e-17
 8243.0445 2.31714e-17
 8245.9859 2.26880e-17
 8248.9273 2.03327e-17
 8251.8687 1.90718e-17
 8254.8101 2.35431e-17
 8257.7515 2.04235e-17
 8260.6929 1.90055e-17
 8263.6343 1.96548e-17
 8266.5757 8.05335e-18
 8269.5171 3.73781e-19
 8272.4585 2.01321e-17
 8275.3999 2.25552e-17
 8278.3413 1.62379e-17
 8281.2827 3.36211e-17
 8284.2241 2.05579e-17
 8287.1656 1.40204e-17
 8290.1070 3.07218e-17
 8293.0484 2.56303e-17
 8295.9898 3.07534e-17
 8298.9312 2.60104e-17
 8301.8726 2.68164e-17
 8304.8140 3.96210e-17
 8307.7554 2.39106e-17
 8310.6968 2.62763e-17
 8313.6382 2.15768e-17
 8316.5796 3.10373e-17
 8319.5210 2.57330e-17
 8322.4624 2.64936e-17
 8325.4038 3.13672e-17
 8328.3452 2.72497e-17
 8331.2866 3.56208e-17
 8334.2280 2.94235e-17
 8337.1694 4.00264e-17
 8340.1108 4.16091e-17
 8343.0522 3.21935e-17
 8345.9936 4.21823e-17
 8348.9350 4.48796e-17
 8351.8764 3.21977e-17
 8354.8178 3.57533e-17
 8357.7592 4.03180e-17
 8360.7006 2.91448e-17
 8363.6420 2.97209e-17
 8366.5834 4.26596e-17
 8369.5248 4.10839e-17
 8372.4662 3.75345e-17
 8375.4076 1.90750e-17
 8378.3490 3.64002e-17
 8381.2904 3.67738e-17
 8384.2318 3.65410e-17
 8387.1732 4.27491e-17
 8390.1146 3.31664e-17
 8393.0560 3.34088e-17
 8395.9974 3.61672e-17
 8398.9388 3.00159e-17
 8401.8802 3.55601e-17
 8404.8216 4.68191e-17
 8407.7630 4.44096e-17
 8410.7044 4.94370e-17
 8413.6458 3.13719e-17
 8416.5872 3.81943e-17
 8419.5286 4.50513e-17
 8422.4700 4.92210e-17
 8425.4114 5.42692e-17
 8428.3528 5.17141e-17
 8431.2942 6.13237e-17
 8434.2356 5.12618e-17
 8437.1770 6.03766e-17
 8440.1184 7.65836e-17
 8443.0598 6.87514e-17
 8446.0012 6.33247e-17
 8448.9427 6.42010e-17
 8451.8841 7.35945e-17
 8454.8255 7.01763e-17
 8457.7669 6.72998e-17
 8460.7083 8.35079e-17
 8463.6497 8.46544e-17
 8466.5911 8.94282e-17
 8469.5325 8.13171e-17
 8472.4739 8.29740e-17
 8475.4153 1.11503e-16
 8478.3567 9.91169e-17
 8481.2981 9.29255e-17
 8484.2395 9.24358e-17
 8487.1809 9.92827e-17
 8490.1223 7.76139e-17
 8493.0637 7.73882e-17
 8496.0051 1.07849e-16
 8498.9465 1.02421e-16
 8501.8879 1.13836e-16
 8504.8293 1.19270e-16
 8507.7707 9.42341e-17
 8510.7121 1.10212e-16
 8513.6535 1.00059e-16
 8516.5949 9.13948e-17
 8519.5363 1.12206e-16
 8522.4777 9.88354e-17
 8525.4191 9.40201e-17
 8528.3605 1.05243e-16
 8531.3019 1.21493e-16
 8534.2433 1.15796e-16
 8537.1847 7.65166e-17
 8540.1261 6.99778e-17
 8543.0675 8.26821e-17
 8546.0089 1.02312e-16
 8548.9503 1.05987e-16
 8551.8917 9.77198e-17
 8554.8331 1.11787e-16
 8557.7745 1.02833e-16
 8560.7159 9.54781e-17
 8563.6573 9.51635e-17
 8566.5987 9.62359e-17
 8569.5401 1.05620e-16
 8572.4815 1.14891e-16
 8575.4229 1.10408e-16
 8578.3643 9.33262e-17
 8581.3057 1.11418e-16
 8584.2471 9.73598e-17
 8587.1885 1.04582e-16
 8590.1299 9.49566e-17
 8593.0713 1.03476e-16
 8596.0127 9.90369e-17
 8598.9541 1.09091e-16
 8601.8955 1.06075e-16
 8604.8369 1.15869e-16
 8607.7783 1.02849e-16
 8610.7198 1.05763e-16
 8613.6612 1.06745e-16
 8616.6026 7.81859e-17
 8619.5440 9.88385e-17
 8622.4854 1.21252e-16
 8625.4268 9.15393e-17
 8628.3682 9.31881e-17
 8631.3096 7.51401e-17
 8634.2510 9.97789e-17
 8637.1924 1.00715e-16
 8640.1338 9.64873e-17
 8643.0752 8.97928e-17
 8646.0166 9.27667e-17
 8648.9580 8.44419e-17
 8651.8994 9.40638e-17
 8654.8408 1.07199e-16
 8657.7822 1.02254e-16
 8660.7236 9.65952e-17
 8663.6650 1.03055e-16
 8666.6064 1.18262e-16
 8669.5478 1.28059e-16
 8672.4892 1.09676e-16
 8675.4306 1.08509e-16
 8678.3720 9.63349e-17
 8681.3134 1.05812e-16
 8684.2548 9.06666e-17
 8687.1962 8.09015e-17
 8690.1376 9.99671e-17
 8693.0790 9.55935e-17
 8696.0204 9.51893e-17
 8698.9618 1.08714e-16
 8701.9032 1.20489e-16
 8704.8446 9.14916e-17
 8707.7860 8.36297e-17
 8710.7274 9.78328e-17
 8713.6688 8.88670e-17
 8716.6102 1.05730e-16
 8719.5516 1.13413e-16
 8722.4930 1.15189e-16
 8725.4344 1.22758e-16
 8728.3758 1.16305e-16
 8731.3172 8.68201e-17
 8734.2586 9.63103e-17
 8737.2000 9.90868e-17
 8740.1414 1.08967e-16
 8743.0828 1.08734e-16
 8746.0242 9.42880e-17
 8748.9656 9.56538e-17
 8751.9070 1.10091e-16
 8754.8484 9.76504e-17
 8757.7898 8.64065e-17
 8760.7312 9.57970e-17
 8763.6726 9.30040e-17
 8766.6140 9.08311e-17
 8769.5554 1.00283e-16
 8772.4969 1.02097e-16
 8775.4383 1.04131e-16
 8778.3797 1.00079e-16
 8781.3211 1.12384e-16
 8784.2625 1.13452e-16
 8787.2039 1.02770e-16
 8790.1453 9.84644e-17
 8793.0867 8.92131e-17
 8796.0281 9.52819e-17
 8798.9695 9.38226e-17
 8801.9109 1.03498e-16
 8804.8523 8.42855e-17
 8807.7937 9.09941e-17
 8810.7351 8.46311e-17
 8813.6765 7.65841e-17
 8816.6179 8.59090e-17
 8819.5593 9.01399e-17
 8822.5007 9.12392e-17
 8825.4421 9.30983e-17
 8828.3835 9.05547e-17
 8831.3249 9.18001e-17
 8834.2663 1.12881e-16
 8837.2077 1.15580e-16
 8840.1491 9.71710e-17
 8843.0905 9.29420e-17
 8846.0319 8.15249e-17
 8848.9733 8.45356e-17
 8851.9147 9.63020e-17
 8854.8561 9.48475e-17
 8857.7975 1.12060e-16
 8860.7389 9.79680e-17
 8863.6803 8.62052e-17
 8866.6217 9.72589e-17
 8869.5631 9.35289e-17
 8872.5045 8.47255e-17
 8875.4459 9.41210e-17
 8878.3873 8.04291e-17
 8881.3287 7.96294e-17
 8884.2701 8.93202e-17
 8887.2115 9.11634e-17
 8890.1529 8.94322e-17
 8893.0943 8.79661e-17
 8896.0357 8.14666e-17
 8898.9771 7.88390e-17
 8901.9185 8.77954e-17
 8904.8599 9.48099e-17
 8907.8013 8.08306e-17
 8910.7427 7.03815e-17
 8913.6841 6.57818e-17
 8916.6255 8.35233e-17
 8919.5669 8.59481e-17
 8922.5083 9.46184e-17
 8925.4497 7.41586e-17
 8928.3911 7.24264e-17
 8931.3325 8.56433e-17
