#Object:               SN2008bc
#FITS_file:            SN08bc_g01_NTT_EM_28mar08.fits
#Redshift:             0.01509
#JDate_of_max:         2454548.69
#JDate_of_observation: 2454553.70
#Epoch:                4.94      
#
 3940.5484 3.40443e-15
 3943.8199 3.45177e-15
 3947.0914 3.12232e-15
 3950.3629 3.25592e-15
 3953.6344 3.50184e-15
 3956.9058 3.37030e-15
 3960.1773 3.20615e-15
 3963.4488 3.09318e-15
 3966.7203 3.03461e-15
 3969.9917 2.91917e-15
 3973.2632 3.19503e-15
 3976.5347 3.09530e-15
 3979.8062 2.84134e-15
 3983.0777 2.83277e-15
 3986.3491 2.84115e-15
 3989.6206 2.91037e-15
 3992.8921 2.88609e-15
 3996.1636 2.96842e-15
 3999.4351 2.80588e-15
 4002.7065 2.80454e-15
 4005.9780 2.88650e-15
 4009.2495 3.16201e-15
 4012.5210 3.14925e-15
 4015.7924 3.10501e-15
 4019.0639 3.19630e-15
 4022.3354 3.32162e-15
 4025.6069 3.27193e-15
 4028.8784 3.34359e-15
 4032.1498 3.34200e-15
 4035.4213 3.19038e-15
 4038.6928 3.30260e-15
 4041.9643 3.39878e-15
 4045.2358 3.46579e-15
 4048.5072 3.60141e-15
 4051.7787 3.32082e-15
 4055.0502 3.41371e-15
 4058.3217 3.34924e-15
 4061.5931 3.40705e-15
 4064.8646 3.47321e-15
 4068.1361 3.58662e-15
 4071.4076 3.52464e-15
 4074.6791 3.63354e-15
 4077.9505 3.71462e-15
 4081.2220 3.50033e-15
 4084.4935 3.46580e-15
 4087.7650 3.26862e-15
 4091.0365 3.43312e-15
 4094.3079 3.52185e-15
 4097.5794 3.34672e-15
 4100.8509 3.24006e-15
 4104.1224 3.40261e-15
 4107.3938 3.32004e-15
 4110.6653 3.21337e-15
 4113.9368 3.15398e-15
 4117.2083 3.15923e-15
 4120.4798 3.09439e-15
 4123.7512 3.00361e-15
 4127.0227 2.99894e-15
 4130.2942 2.99118e-15
 4133.5657 3.05363e-15
 4136.8371 2.90898e-15
 4140.1086 2.96803e-15
 4143.3801 2.89226e-15
 4146.6516 2.94620e-15
 4149.9231 2.93066e-15
 4153.1945 2.79540e-15
 4156.4660 3.00352e-15
 4159.7375 3.03600e-15
 4163.0090 3.04566e-15
 4166.2804 3.03111e-15
 4169.5519 3.08942e-15
 4172.8234 3.15318e-15
 4176.0949 3.17724e-15
 4179.3664 3.06801e-15
 4182.6378 3.07503e-15
 4185.9093 3.07102e-15
 4189.1808 2.98534e-15
 4192.4523 2.78265e-15
 4195.7238 2.76369e-15
 4198.9952 2.86111e-15
 4202.2667 2.91378e-15
 4205.5382 2.79337e-15
 4208.8097 2.65285e-15
 4212.0811 2.64803e-15
 4215.3526 2.72963e-15
 4218.6241 2.69374e-15
 4221.8956 2.54584e-15
 4225.1671 2.63647e-15
 4228.4385 2.57822e-15
 4231.7100 2.43533e-15
 4234.9815 2.52526e-15
 4238.2530 2.41188e-15
 4241.5245 2.42104e-15
 4244.7959 2.25919e-15
 4248.0674 2.19216e-15
 4251.3389 2.30785e-15
 4254.6104 2.19313e-15
 4257.8818 2.05662e-15
 4261.1533 2.24600e-15
 4264.4248 2.17665e-15
 4267.6963 2.01114e-15
 4270.9678 1.99983e-15
 4274.2392 1.94455e-15
 4277.5107 2.07171e-15
 4280.7822 2.02883e-15
 4284.0537 1.94621e-15
 4287.3252 1.84359e-15
 4290.5966 1.92827e-15
 4293.8681 1.96411e-15
 4297.1396 1.77648e-15
 4300.4111 1.74923e-15
 4303.6825 1.88704e-15
 4306.9540 1.81671e-15
 4310.2255 1.80641e-15
 4313.4970 1.85169e-15
 4316.7685 1.81988e-15
 4320.0399 1.88724e-15
 4323.3114 1.81008e-15
 4326.5829 1.90901e-15
 4329.8544 1.93866e-15
 4333.1258 1.95762e-15
 4336.3973 2.05823e-15
 4339.6688 2.02456e-15
 4342.9403 1.93479e-15
 4346.2118 2.01102e-15
 4349.4832 2.02541e-15
 4352.7547 2.01243e-15
 4356.0262 2.01464e-15
 4359.2977 1.90249e-15
 4362.5692 1.94932e-15
 4365.8406 1.92719e-15
 4369.1121 2.04728e-15
 4372.3836 2.02404e-15
 4375.6551 2.05808e-15
 4378.9265 2.13773e-15
 4382.1980 2.15951e-15
 4385.4695 2.19076e-15
 4388.7410 2.16495e-15
 4392.0125 2.29120e-15
 4395.2839 2.39571e-15
 4398.5554 2.29055e-15
 4401.8269 2.38871e-15
 4405.0984 2.46220e-15
 4408.3699 2.34201e-15
 4411.6413 2.41053e-15
 4414.9128 2.52866e-15
 4418.1843 2.54143e-15
 4421.4558 2.53812e-15
 4424.7272 2.56385e-15
 4427.9987 2.47787e-15
 4431.2702 2.60333e-15
 4434.5417 2.66183e-15
 4437.8132 2.55094e-15
 4441.0846 2.63099e-15
 4444.3561 2.65397e-15
 4447.6276 2.63692e-15
 4450.8991 2.65225e-15
 4454.1705 2.55517e-15
 4457.4420 2.62104e-15
 4460.7135 2.71097e-15
 4463.9850 2.78950e-15
 4467.2565 2.87325e-15
 4470.5279 2.77845e-15
 4473.7994 2.88578e-15
 4477.0709 2.93991e-15
 4480.3424 2.92578e-15
 4483.6138 2.92427e-15
 4486.8853 2.88819e-15
 4490.1568 2.92372e-15
 4493.4283 3.04651e-15
 4496.6998 3.02271e-15
 4499.9712 3.05017e-15
 4503.2427 2.99986e-15
 4506.5142 2.94563e-15
 4509.7857 2.96767e-15
 4513.0572 2.98578e-15
 4516.3286 2.99496e-15
 4519.6001 2.89707e-15
 4522.8716 2.87492e-15
 4526.1431 2.98848e-15
 4529.4145 2.90688e-15
 4532.6860 2.83040e-15
 4535.9575 2.81216e-15
 4539.2290 2.86430e-15
 4542.5005 2.77850e-15
 4545.7719 2.77759e-15
 4549.0434 2.92396e-15
 4552.3149 2.83773e-15
 4555.5864 2.76877e-15
 4558.8579 2.70136e-15
 4562.1293 2.61294e-15
 4565.4008 2.76618e-15
 4568.6723 2.75928e-15
 4571.9438 2.75947e-15
 4575.2152 2.72052e-15
 4578.4867 2.81512e-15
 4581.7582 2.82221e-15
 4585.0297 2.76395e-15
 4588.3012 2.88970e-15
 4591.5726 2.85062e-15
 4594.8441 2.75840e-15
 4598.1156 2.79963e-15
 4601.3871 2.84823e-15
 4604.6586 2.88421e-15
 4607.9300 2.80132e-15
 4611.2015 2.90952e-15
 4614.4730 2.85637e-15
 4617.7445 2.79866e-15
 4621.0159 2.76974e-15
 4624.2874 2.63888e-15
 4627.5589 2.69650e-15
 4630.8304 2.72393e-15
 4634.1019 2.54980e-15
 4637.3733 2.61800e-15
 4640.6448 2.55189e-15
 4643.9163 2.54602e-15
 4647.1878 2.49288e-15
 4650.4593 2.53803e-15
 4653.7307 2.43364e-15
 4657.0022 2.42113e-15
 4660.2737 2.47737e-15
 4663.5452 2.35658e-15
 4666.8166 2.36858e-15
 4670.0881 2.32675e-15
 4673.3596 2.28617e-15
 4676.6311 2.24894e-15
 4679.9026 2.12594e-15
 4683.1740 2.10972e-15
 4686.4455 2.06230e-15
 4689.7170 1.99001e-15
 4692.9885 2.04881e-15
 4696.2599 1.97017e-15
 4699.5314 1.98731e-15
 4702.8029 1.93017e-15
 4706.0744 1.95484e-15
 4709.3459 2.01403e-15
 4712.6173 1.92946e-15
 4715.8888 1.95638e-15
 4719.1603 1.90687e-15
 4722.4318 1.93227e-15
 4725.7033 1.92249e-15
 4728.9747 1.93055e-15
 4732.2462 1.93246e-15
 4735.5177 1.80364e-15
 4738.7892 1.82696e-15
 4742.0606 1.98230e-15
 4745.3321 1.91693e-15
 4748.6036 1.77311e-15
 4751.8751 1.75991e-15
 4755.1466 1.79791e-15
 4758.4180 1.82339e-15
 4761.6895 1.82421e-15
 4764.9610 1.77707e-15
 4768.2325 1.75614e-15
 4771.5039 1.75025e-15
 4774.7754 1.73990e-15
 4778.0469 1.70035e-15
 4781.3184 1.69905e-15
 4784.5899 1.68248e-15
 4787.8613 1.64817e-15
 4791.1328 1.65208e-15
 4794.4043 1.73125e-15
 4797.6758 1.68992e-15
 4800.9472 1.64208e-15
 4804.2187 1.59067e-15
 4807.4902 1.66050e-15
 4810.7617 1.53575e-15
 4814.0332 1.48479e-15
 4817.3046 1.57746e-15
 4820.5761 1.53323e-15
 4823.8476 1.53454e-15
 4827.1191 1.47600e-15
 4830.3906 1.48733e-15
 4833.6620 1.45985e-15
 4836.9335 1.50713e-15
 4840.2050 1.47733e-15
 4843.4765 1.50862e-15
 4846.7479 1.50825e-15
 4850.0194 1.48884e-15
 4853.2909 1.44989e-15
 4856.5624 1.48962e-15
 4859.8339 1.56781e-15
 4863.1053 1.63266e-15
 4866.3768 1.61819e-15
 4869.6483 1.58746e-15
 4872.9198 1.67666e-15
 4876.1913 1.75681e-15
 4879.4627 1.71835e-15
 4882.7342 1.76799e-15
 4886.0057 1.82743e-15
 4889.2772 1.88920e-15
 4892.5486 1.85956e-15
 4895.8201 1.87098e-15
 4899.0916 1.90319e-15
 4902.3631 1.88647e-15
 4905.6346 1.88621e-15
 4908.9060 1.80547e-15
 4912.1775 1.85447e-15
 4915.4490 1.78851e-15
 4918.7205 1.69751e-15
 4921.9920 1.69022e-15
 4925.2634 1.63172e-15
 4928.5349 1.60745e-15
 4931.8064 1.58953e-15
 4935.0779 1.60667e-15
 4938.3493 1.53942e-15
 4941.6208 1.47885e-15
 4944.8923 1.52636e-15
 4948.1638 1.50304e-15
 4951.4353 1.53188e-15
 4954.7067 1.52332e-15
 4957.9782 1.51005e-15
 4961.2497 1.47024e-15
 4964.5212 1.50297e-15
 4967.7927 1.52283e-15
 4971.0641 1.48728e-15
 4974.3356 1.49421e-15
 4977.6071 1.50354e-15
 4980.8786 1.48464e-15
 4984.1500 1.50609e-15
 4987.4215 1.45265e-15
 4990.6930 1.45020e-15
 4993.9645 1.45343e-15
 4997.2360 1.49538e-15
 5000.5074 1.57995e-15
 5003.7789 1.53203e-15
 5007.0504 1.57724e-15
 5010.3219 1.62189e-15
 5013.5934 1.66162e-15
 5016.8648 1.56725e-15
 5020.1363 1.67040e-15
 5023.4078 1.66799e-15
 5026.6793 1.73136e-15
 5029.9507 1.67895e-15
 5033.2222 1.66175e-15
 5036.4937 1.71610e-15
 5039.7652 1.76211e-15
 5043.0367 1.76454e-15
 5046.3081 1.80024e-15
 5049.5796 1.80632e-15
 5052.8511 1.84508e-15
 5056.1226 1.92796e-15
 5059.3940 1.93367e-15
 5062.6655 1.88925e-15
 5065.9370 1.91756e-15
 5069.2085 1.99332e-15
 5072.4800 2.08419e-15
 5075.7514 2.06359e-15
 5079.0229 2.12495e-15
 5082.2944 2.13543e-15
 5085.5659 2.17480e-15
 5088.8373 2.21482e-15
 5092.1088 2.21166e-15
 5095.3803 2.24199e-15
 5098.6518 2.23849e-15
 5101.9233 2.32187e-15
 5105.1947 2.41041e-15
 5108.4662 2.33037e-15
 5111.7377 2.39045e-15
 5115.0092 2.44560e-15
 5118.2806 2.39233e-15
 5121.5521 2.34255e-15
 5124.8236 2.33802e-15
 5128.0951 2.34953e-15
 5131.3666 2.34571e-15
 5134.6380 2.35379e-15
 5137.9095 2.34493e-15
 5141.1810 2.35627e-15
 5144.4525 2.36546e-15
 5147.7240 2.29930e-15
 5150.9954 2.35769e-15
 5154.2669 2.32535e-15
 5157.5384 2.26882e-15
 5160.8099 2.35274e-15
 5164.0813 2.43365e-15
 5167.3528 2.37198e-15
 5170.6243 2.40081e-15
 5173.8958 2.39973e-15
 5177.1673 2.36145e-15
 5180.4387 2.31195e-15
 5183.7102 2.33623e-15
 5186.9817 2.32536e-15
 5190.2532 2.31395e-15
 5193.5247 2.33499e-15
 5196.7961 2.29678e-15
 5200.0676 2.28118e-15
 5203.3391 2.33121e-15
 5206.6106 2.27020e-15
 5209.8820 2.23668e-15
 5213.1535 2.18178e-15
 5216.4250 2.19692e-15
 5219.6965 2.14760e-15
 5222.9680 2.12633e-15
 5226.2394 2.07237e-15
 5229.5109 1.89987e-15
 5232.7824 1.86026e-15
 5236.0539 1.80071e-15
 5239.3254 1.77428e-15
 5242.5968 1.72003e-15
 5245.8683 1.75201e-15
 5249.1398 1.68899e-15
 5252.4113 1.63728e-15
 5255.6827 1.61610e-15
 5258.9542 1.54735e-15
 5262.2257 1.56031e-15
 5265.4972 1.59529e-15
 5268.7687 1.55822e-15
 5272.0401 1.50779e-15
 5275.3116 1.55415e-15
 5278.5831 1.55517e-15
 5281.8546 1.58413e-15
 5285.1261 1.54528e-15
 5288.3975 1.56934e-15
 5291.6690 1.58780e-15
 5294.9405 1.55103e-15
 5298.2120 1.58151e-15
 5301.4834 1.59543e-15
 5304.7549 1.59162e-15
 5308.0264 1.56106e-15
 5311.2979 1.52508e-15
 5314.5694 1.52757e-15
 5317.8408 1.55664e-15
 5321.1123 1.65549e-15
 5324.3838 1.65959e-15
 5327.6553 1.61730e-15
 5330.9268 1.65437e-15
 5334.1982 1.69550e-15
 5337.4697 1.71391e-15
 5340.7412 1.68393e-15
 5344.0127 1.72358e-15
 5347.2841 1.72647e-15
 5350.5556 1.66854e-15
 5353.8271 1.69570e-15
 5357.0986 1.75927e-15
 5360.3701 1.69467e-15
 5363.6415 1.70607e-15
 5366.9130 1.77989e-15
 5370.1845 1.76746e-15
 5373.4560 1.76664e-15
 5376.7274 1.72840e-15
 5379.9989 1.69304e-15
 5383.2704 1.74927e-15
 5386.5419 1.72369e-15
 5389.8134 1.71848e-15
 5393.0848 1.74406e-15
 5396.3563 1.72892e-15
 5399.6278 1.65805e-15
 5402.8993 1.64182e-15
 5406.1707 1.65822e-15
 5409.4422 1.59027e-15
 5412.7137 1.60325e-15
 5415.9852 1.62551e-15
 5419.2567 1.57320e-15
 5422.5281 1.47688e-15
 5425.7996 1.48478e-15
 5429.0711 1.47556e-15
 5432.3426 1.50499e-15
 5435.6141 1.49194e-15
 5438.8855 1.42267e-15
 5442.1570 1.36449e-15
 5445.4285 1.38110e-15
 5448.7000 1.36275e-15
 5451.9714 1.39669e-15
 5455.2429 1.37133e-15
 5458.5144 1.38520e-15
 5461.7859 1.39643e-15
 5465.0574 1.46698e-15
 5468.3288 1.44927e-15
 5471.6003 1.48151e-15
 5474.8718 1.54752e-15
 5478.1433 1.60992e-15
 5481.4147 1.65308e-15
 5484.6862 1.60348e-15
 5487.9577 1.67074e-15
 5491.2292 1.62802e-15
 5494.5007 1.67501e-15
 5497.7721 1.77642e-15
 5501.0436 1.79690e-15
 5504.3151 1.83867e-15
 5507.5866 1.90560e-15
 5510.8581 1.86269e-15
 5514.1295 1.91345e-15
 5517.4010 1.92967e-15
 5520.6725 1.88185e-15
 5523.9440 1.93623e-15
 5527.2154 1.94642e-15
 5530.4869 1.97829e-15
 5533.7584 1.94542e-15
 5537.0299 1.97723e-15
 5540.3014 2.01257e-15
 5543.5728 2.02848e-15
 5546.8443 2.02985e-15
 5550.1158 2.01711e-15
 5553.3873 2.02663e-15
 5556.6588 2.11349e-15
 5559.9302 2.07499e-15
 5563.2017 2.05777e-15
 5566.4732 2.01584e-15
 5569.7447 2.10100e-15
 5573.0161 2.12545e-15
 5576.2876 2.13884e-15
 5579.5591 2.15180e-15
 5582.8306 2.07448e-15
 5586.1021 2.12821e-15
 5589.3735 2.16948e-15
 5592.6450 2.09485e-15
 5595.9165 2.18140e-15
 5599.1880 2.18537e-15
 5602.4595 2.07923e-15
 5605.7309 2.12252e-15
 5609.0024 2.20953e-15
 5612.2739 2.13421e-15
 5615.5454 2.18808e-15
 5618.8168 2.11186e-15
 5622.0883 2.11610e-15
 5625.3598 2.10237e-15
 5628.6313 2.10520e-15
 5631.9028 2.07444e-15
 5635.1742 2.12345e-15
 5638.4457 2.12760e-15
 5641.7172 2.09367e-15
 5644.9887 2.07763e-15
 5648.2601 2.05710e-15
 5651.5316 2.05798e-15
 5654.8031 2.04630e-15
 5658.0746 2.02101e-15
 5661.3461 2.01450e-15
 5664.6175 1.97010e-15
 5667.8890 2.02287e-15
 5671.1605 1.99574e-15
 5674.4320 1.93013e-15
 5677.7035 1.92519e-15
 5680.9749 1.87580e-15
 5684.2464 1.90186e-15
 5687.5179 1.85397e-15
 5690.7894 1.85433e-15
 5694.0608 1.80827e-15
 5697.3323 1.75816e-15
 5700.6038 1.88821e-15
 5703.8753 1.83720e-15
 5707.1468 1.79438e-15
 5710.4182 1.88129e-15
 5713.6897 1.81693e-15
 5716.9612 1.81991e-15
 5720.2327 1.86657e-15
 5723.5041 1.88941e-15
 5726.7756 1.81421e-15
 5730.0471 1.90053e-15
 5733.3186 1.85636e-15
 5736.5901 1.81515e-15
 5739.8615 1.76317e-15
 5743.1330 1.77763e-15
 5746.4045 1.80436e-15
 5749.6760 1.83644e-15
 5752.9475 1.81242e-15
 5756.2189 1.79618e-15
 5759.4904 1.75950e-15
 5762.7619 1.79293e-15
 5766.0334 1.79879e-15
 5769.3048 1.85514e-15
 5772.5763 1.81506e-15
 5775.8478 1.86603e-15
 5779.1193 1.89237e-15
 5782.3908 1.88131e-15
 5785.6622 1.82445e-15
 5788.9337 1.85084e-15
 5792.2052 1.88108e-15
 5795.4767 1.90052e-15
 5798.7481 1.86398e-15
 5802.0196 1.77862e-15
 5805.2911 1.81855e-15
 5808.5626 1.83066e-15
 5811.8341 1.83147e-15
 5815.1055 1.87254e-15
 5818.3770 1.94695e-15
 5821.6485 1.97649e-15
 5824.9200 1.92933e-15
 5828.1915 1.94105e-15
 5831.4629 1.90542e-15
 5834.7344 1.93164e-15
 5838.0059 1.91301e-15
 5841.2774 1.94201e-15
 5844.5488 1.89261e-15
 5847.8203 1.94286e-15
 5851.0918 1.92996e-15
 5854.3633 1.91815e-15
 5857.6348 1.88048e-15
 5860.9062 1.85054e-15
 5864.1777 1.90789e-15
 5867.4492 1.92137e-15
 5870.7207 1.94828e-15
 5873.9922 1.88519e-15
 5877.2636 1.86442e-15
 5880.5351 1.95289e-15
 5883.8066 1.88464e-15
 5887.0781 1.84803e-15
 5890.3495 1.81972e-15
 5893.6210 1.83363e-15
 5896.8925 1.85525e-15
 5900.1640 1.89238e-15
 5903.4355 1.88028e-15
 5906.7069 1.85153e-15
 5909.9784 1.90693e-15
 5913.2499 1.89518e-15
 5916.5214 1.88670e-15
 5919.7929 1.83927e-15
 5923.0643 1.84960e-15
 5926.3358 1.86169e-15
 5929.6073 1.87759e-15
 5932.8788 1.89440e-15
 5936.1502 1.82744e-15
 5939.4217 1.83472e-15
 5942.6932 1.84732e-15
 5945.9647 1.82842e-15
 5949.2362 1.83907e-15
 5952.5076 1.81102e-15
 5955.7791 1.81991e-15
 5959.0506 1.82006e-15
 5962.3221 1.81111e-15
 5965.5935 1.80724e-15
 5968.8650 1.80399e-15
 5972.1365 1.76987e-15
 5975.4080 1.80850e-15
 5978.6795 1.81330e-15
 5981.9509 1.79381e-15
 5985.2224 1.74182e-15
 5988.4939 1.73189e-15
 5991.7654 1.77209e-15
 5995.0368 1.75613e-15
 5998.3083 1.73427e-15
 6001.5798 1.72203e-15
 6004.8513 1.72434e-15
 6008.1228 1.67784e-15
 6011.3942 1.63763e-15
 6014.6657 1.61576e-15
 6017.9372 1.56034e-15
 6021.2087 1.48633e-15
 6024.4802 1.46346e-15
 6027.7516 1.38934e-15
 6031.0231 1.35169e-15
 6034.2946 1.30206e-15
 6037.5661 1.26264e-15
 6040.8375 1.20045e-15
 6044.1090 1.13706e-15
 6047.3805 1.08514e-15
 6050.6520 9.87951e-16
 6053.9235 9.76843e-16
 6057.1949 9.27680e-16
 6060.4664 8.62141e-16
 6063.7379 8.47745e-16
 6067.0094 8.18078e-16
 6070.2809 7.57835e-16
 6073.5523 7.58416e-16
 6076.8238 7.30532e-16
 6080.0953 7.26901e-16
 6083.3668 6.88047e-16
 6086.6382 6.39938e-16
 6089.9097 6.22253e-16
 6093.1812 6.19026e-16
 6096.4527 5.91359e-16
 6099.7242 5.67858e-16
 6102.9956 5.64687e-16
 6106.2671 5.36754e-16
 6109.5386 5.50871e-16
 6112.8101 5.46177e-16
 6116.0816 5.22515e-16
 6119.3530 5.38341e-16
 6122.6245 5.38176e-16
 6125.8960 5.37788e-16
 6129.1675 5.66580e-16
 6132.4389 6.00899e-16
 6135.7104 6.06982e-16
 6138.9819 5.94168e-16
 6142.2534 6.05720e-16
 6145.5249 6.20792e-16
 6148.7963 6.73723e-16
 6152.0678 7.10526e-16
 6155.3393 7.15731e-16
 6158.6108 7.45283e-16
 6161.8822 8.05055e-16
 6165.1537 8.44823e-16
 6168.4252 8.88515e-16
 6171.6967 9.39752e-16
 6174.9682 9.88238e-16
 6178.2396 1.03585e-15
 6181.5111 1.01154e-15
 6184.7826 1.02026e-15
 6188.0541 1.07329e-15
 6191.3256 1.06766e-15
 6194.5970 1.15651e-15
 6197.8685 1.23971e-15
 6201.1400 1.23258e-15
 6204.4115 1.25984e-15
 6207.6829 1.25778e-15
 6210.9544 1.34133e-15
 6214.2259 1.31618e-15
 6217.4974 1.35299e-15
 6220.7689 1.39317e-15
 6224.0403 1.41346e-15
 6227.3118 1.46550e-15
 6230.5833 1.45083e-15
 6233.8548 1.47193e-15
 6237.1263 1.47351e-15
 6240.3977 1.51418e-15
 6243.6692 1.50173e-15
 6246.9407 1.54280e-15
 6250.2122 1.56263e-15
 6253.4836 1.56698e-15
 6256.7551 1.56758e-15
 6260.0266 1.56060e-15
 6263.2981 1.55297e-15
 6266.5696 1.55372e-15
 6269.8410 1.56583e-15
 6273.1125 1.59643e-15
 6276.3840 1.58715e-15
 6279.6555 1.63272e-15
 6282.9269 1.66744e-15
 6286.1984 1.61207e-15
 6289.4699 1.60604e-15
 6292.7414 1.59701e-15
 6296.0129 1.57827e-15
 6299.2843 1.63331e-15
 6302.5558 1.62330e-15
 6305.8273 1.61331e-15
 6309.0988 1.63804e-15
 6312.3702 1.60728e-15
 6315.6417 1.56327e-15
 6318.9132 1.57555e-15
 6322.1847 1.58738e-15
 6325.4562 1.60552e-15
 6328.7276 1.65133e-15
 6331.9991 1.55654e-15
 6335.2706 1.48674e-15
 6338.5421 1.58792e-15
 6341.8136 1.58135e-15
 6345.0850 1.56050e-15
 6348.3565 1.55909e-15
 6351.6280 1.52975e-15
 6354.8995 1.53898e-15
 6358.1709 1.51693e-15
 6361.4424 1.50932e-15
 6364.7139 1.59402e-15
 6367.9854 1.53039e-15
 6371.2569 1.50834e-15
 6374.5283 1.52311e-15
 6377.7998 1.51349e-15
 6381.0713 1.46976e-15
 6384.3428 1.54919e-15
 6387.6143 1.49429e-15
 6390.8857 1.52367e-15
 6394.1572 1.51425e-15
 6397.4287 1.52216e-15
 6400.7002 1.49227e-15
 6403.9716 1.44884e-15
 6407.2431 1.50384e-15
 6410.5146 1.46802e-15
 6413.7861 1.51648e-15
 6417.0576 1.45452e-15
 6420.3290 1.48155e-15
 6423.6005 1.47006e-15
 6426.8720 1.47923e-15
 6430.1435 1.46971e-15
 6433.4150 1.44750e-15
 6436.6864 1.46633e-15
 6439.9579 1.44640e-15
 6443.2294 1.43792e-15
 6446.5009 1.41368e-15
 6449.7723 1.43029e-15
 6453.0438 1.40304e-15
 6456.3153 1.44308e-15
 6459.5868 1.44929e-15
 6462.8583 1.41336e-15
 6466.1297 1.40235e-15
 6469.4012 1.43699e-15
 6472.6727 1.41054e-15
 6475.9442 1.44083e-15
 6479.2157 1.39843e-15
 6482.4871 1.40868e-15
 6485.7586 1.38141e-15
 6489.0301 1.38738e-15
 6492.3016 1.39595e-15
 6495.5730 1.39082e-15
 6498.8445 1.38351e-15
 6502.1160 1.34620e-15
 6505.3875 1.33805e-15
 6508.6590 1.29247e-15
 6511.9304 1.30600e-15
 6515.2019 1.25628e-15
 6518.4734 1.29200e-15
 6521.7449 1.31862e-15
 6525.0163 1.36700e-15
 6528.2878 1.37187e-15
 6531.5593 1.33939e-15
 6534.8308 1.30009e-15
 6538.1023 1.29226e-15
 6541.3737 1.31882e-15
 6544.6452 1.31720e-15
 6547.9167 1.29412e-15
 6551.1882 1.23449e-15
 6554.4597 1.17903e-15
 6557.7311 1.19384e-15
 6561.0026 1.22637e-15
 6564.2741 1.24531e-15
 6567.5456 1.21593e-15
 6570.8170 1.25097e-15
 6574.0885 1.24044e-15
 6577.3600 1.22516e-15
 6580.6315 1.21891e-15
 6583.9030 1.26164e-15
 6587.1744 1.21667e-15
 6590.4459 1.22216e-15
 6593.7174 1.20605e-15
 6596.9889 1.17947e-15
 6600.2603 1.17592e-15
 6603.5318 1.20387e-15
 6606.8033 1.19305e-15
 6610.0748 1.19144e-15
 6613.3463 1.15498e-15
 6616.6177 1.12126e-15
 6619.8892 1.13185e-15
 6623.1607 1.12428e-15
 6626.4322 1.07751e-15
 6629.7036 1.05970e-15
 6632.9751 1.07989e-15
 6636.2466 1.07250e-15
 6639.5181 1.08175e-15
 6642.7896 1.04122e-15
 6646.0610 1.06606e-15
 6649.3325 1.05173e-15
 6652.6040 1.06951e-15
 6655.8755 1.05130e-15
 6659.1470 1.01795e-15
 6662.4184 9.94381e-16
 6665.6899 1.02212e-15
 6668.9614 1.00150e-15
 6672.2329 1.01645e-15
 6675.5043 1.01217e-15
 6678.7758 9.98391e-16
 6682.0473 9.84792e-16
 6685.3188 9.89979e-16
 6688.5903 1.00611e-15
 6691.8617 9.72598e-16
 6695.1332 9.80184e-16
 6698.4047 9.71215e-16
 6701.6762 9.55604e-16
 6704.9477 9.74077e-16
 6708.2191 9.54659e-16
 6711.4906 9.49378e-16
 6714.7621 9.68659e-16
 6718.0336 9.73512e-16
 6721.3050 9.57972e-16
 6724.5765 9.54756e-16
 6727.8480 9.30155e-16
 6731.1195 9.19049e-16
 6734.3910 9.28610e-16
 6737.6624 9.54381e-16
 6740.9339 9.51626e-16
 6744.2054 9.04446e-16
 6747.4769 9.14368e-16
 6750.7484 8.93148e-16
 6754.0198 9.11677e-16
 6757.2913 9.24735e-16
 6760.5628 9.42777e-16
 6763.8343 9.51296e-16
 6767.1057 9.46701e-16
 6770.3772 9.20430e-16
 6773.6487 9.05253e-16
 6776.9202 8.90511e-16
 6780.1917 8.99794e-16
 6783.4631 8.67528e-16
 6786.7346 8.73073e-16
 6790.0061 9.09821e-16
 6793.2776 8.92830e-16
 6796.5491 8.80285e-16
 6799.8205 8.73784e-16
 6803.0920 8.48244e-16
 6806.3635 8.58296e-16
 6809.6350 8.85482e-16
 6812.9064 8.60855e-16
 6816.1779 8.54410e-16
 6819.4494 8.37545e-16
 6822.7209 8.27017e-16
 6825.9924 8.22770e-16
 6829.2638 8.05634e-16
 6832.5353 8.11455e-16
 6835.8068 8.25417e-16
 6839.0783 8.36113e-16
 6842.3497 8.28304e-16
 6845.6212 8.07425e-16
 6848.8927 8.03427e-16
 6852.1642 8.10622e-16
 6855.4357 8.16442e-16
 6858.7071 7.83756e-16
 6861.9786 7.83222e-16
 6865.2501 8.02031e-16
 6868.5216 7.97361e-16
 6871.7931 7.98707e-16
 6875.0645 7.99781e-16
 6878.3360 7.93546e-16
 6881.6075 7.55651e-16
 6884.8790 7.79972e-16
 6888.1504 7.88500e-16
 6891.4219 7.89125e-16
 6894.6934 8.04133e-16
 6897.9649 7.88691e-16
 6901.2364 7.46718e-16
 6904.5078 7.45950e-16
 6907.7793 7.94332e-16
 6911.0508 7.70865e-16
 6914.3223 7.37692e-16
 6917.5937 7.20337e-16
 6920.8652 7.60708e-16
 6924.1367 7.44292e-16
 6927.4082 7.49860e-16
 6930.6797 7.50590e-16
 6933.9511 7.34343e-16
 6937.2226 7.57293e-16
 6940.4941 7.49394e-16
 6943.7656 7.42362e-16
 6947.0370 7.01359e-16
 6950.3085 7.01072e-16
 6953.5800 7.16601e-16
 6956.8515 7.15386e-16
 6960.1230 7.40277e-16
 6963.3944 7.10752e-16
 6966.6659 6.90033e-16
 6969.9374 7.00864e-16
 6973.2089 7.05161e-16
 6976.4804 7.02525e-16
 6979.7518 7.03828e-16
 6983.0233 6.88031e-16
 6986.2948 7.07985e-16
 6989.5663 6.64774e-16
 6992.8377 6.77885e-16
 6996.1092 6.96674e-16
 6999.3807 7.09807e-16
 7002.6522 6.95888e-16
 7005.9237 7.04890e-16
 7009.1951 7.16141e-16
 7012.4666 6.80172e-16
 7015.7381 6.88452e-16
 7019.0096 6.87531e-16
 7022.2811 6.48104e-16
 7025.5525 6.87752e-16
 7028.8240 6.65539e-16
 7032.0955 6.85822e-16
 7035.3670 6.61638e-16
 7038.6384 6.38440e-16
 7041.9099 6.77452e-16
 7045.1814 6.75403e-16
 7048.4529 6.60571e-16
 7051.7244 6.68918e-16
 7054.9958 6.42300e-16
 7058.2673 6.27018e-16
 7061.5388 6.50105e-16
 7064.8103 6.64594e-16
 7068.0818 6.79103e-16
 7071.3532 6.69497e-16
 7074.6247 6.42613e-16
 7077.8962 6.40352e-16
 7081.1677 6.54648e-16
 7084.4391 6.78712e-16
 7087.7106 6.58298e-16
 7090.9821 6.68306e-16
 7094.2536 6.51880e-16
 7097.5251 5.92360e-16
 7100.7965 6.42574e-16
 7104.0680 6.53527e-16
 7107.3395 6.51335e-16
 7110.6110 6.42378e-16
 7113.8825 6.48651e-16
 7117.1539 6.35499e-16
 7120.4254 6.51724e-16
 7123.6969 6.66443e-16
 7126.9684 6.69787e-16
 7130.2398 6.60775e-16
 7133.5113 6.41603e-16
 7136.7828 6.32976e-16
 7140.0543 6.24492e-16
 7143.3258 6.40654e-16
 7146.5972 6.38031e-16
 7149.8687 6.62395e-16
 7153.1402 6.51849e-16
 7156.4117 6.32485e-16
 7159.6832 6.39401e-16
 7162.9546 6.54645e-16
 7166.2261 6.09527e-16
 7169.4976 6.06578e-16
 7172.7691 6.09181e-16
 7176.0405 6.32239e-16
 7179.3120 6.86234e-16
 7182.5835 6.49983e-16
 7185.8550 6.41624e-16
 7189.1265 6.02278e-16
 7192.3979 6.27047e-16
 7195.6694 6.34022e-16
 7198.9409 6.18379e-16
 7202.2124 6.23344e-16
 7205.4838 6.23159e-16
 7208.7553 6.40007e-16
 7212.0268 6.25590e-16
 7215.2983 6.15502e-16
 7218.5698 6.28982e-16
 7221.8412 6.54173e-16
 7225.1127 6.21882e-16
 7228.3842 6.01145e-16
 7231.6557 6.00085e-16
 7234.9271 6.01846e-16
 7238.1986 6.17621e-16
 7241.4701 5.95762e-16
 7244.7416 6.20515e-16
 7248.0131 6.34438e-16
 7251.2845 6.02152e-16
 7254.5560 6.17971e-16
 7257.8275 5.90608e-16
 7261.0990 6.16516e-16
 7264.3704 5.73241e-16
 7267.6419 6.21495e-16
 7270.9134 5.78536e-16
 7274.1849 5.66888e-16
 7277.4564 5.66003e-16
 7280.7278 5.70128e-16
 7283.9993 5.75802e-16
 7287.2708 5.86151e-16
 7290.5423 5.57388e-16
 7293.8138 5.61727e-16
 7297.0852 5.36608e-16
 7300.3567 5.45790e-16
 7303.6282 5.35676e-16
 7306.8997 5.38661e-16
 7310.1711 5.34852e-16
 7313.4426 5.18021e-16
 7316.7141 5.30055e-16
 7319.9856 5.16389e-16
 7323.2571 5.32821e-16
 7326.5285 5.26846e-16
 7329.8000 4.91407e-16
 7333.0715 5.14706e-16
 7336.3430 5.10618e-16
 7339.6145 5.22430e-16
 7342.8859 5.11031e-16
 7346.1574 5.57272e-16
 7349.4289 5.29426e-16
 7352.7004 5.16134e-16
 7355.9718 5.08141e-16
 7359.2433 5.13281e-16
 7362.5148 5.20709e-16
 7365.7863 4.72343e-16
 7369.0578 4.83935e-16
 7372.3292 4.82768e-16
 7375.6007 4.68959e-16
 7378.8722 4.50134e-16
 7382.1437 4.88140e-16
 7385.4152 4.87574e-16
 7388.6866 4.67155e-16
 7391.9581 4.05985e-16
 7395.2296 4.42101e-16
 7398.5011 4.27510e-16
 7401.7725 4.20701e-16
 7405.0440 4.34093e-16
 7408.3155 4.35618e-16
 7411.5870 4.17570e-16
 7414.8585 4.09543e-16
 7418.1299 4.13918e-16
 7421.4014 4.16431e-16
 7424.6729 4.24476e-16
 7427.9444 4.16052e-16
 7431.2159 4.01160e-16
 7434.4873 4.32836e-16
 7437.7588 4.04620e-16
 7441.0303 4.09528e-16
 7444.3018 4.07343e-16
 7447.5732 4.27228e-16
 7450.8447 3.98174e-16
 7454.1162 3.99495e-16
 7457.3877 4.25549e-16
 7460.6592 4.03050e-16
 7463.9306 4.08429e-16
 7467.2021 4.29458e-16
 7470.4736 4.15907e-16
 7473.7451 4.00304e-16
 7477.0166 4.03109e-16
 7480.2880 4.20336e-16
 7483.5595 3.92854e-16
 7486.8310 3.50921e-16
 7490.1025 4.97169e-16
 7493.3739 4.70683e-16
 7496.6454 3.48674e-16
 7499.9169 3.98150e-16
 7503.1884 3.82875e-16
 7506.4599 4.10806e-16
 7509.7313 4.20543e-16
 7513.0028 4.11841e-16
 7516.2743 4.00178e-16
 7519.5458 4.10560e-16
 7522.8172 4.19694e-16
 7526.0887 4.20328e-16
 7529.3602 4.10698e-16
 7532.6317 3.92636e-16
 7535.9032 4.38134e-16
 7539.1746 4.36175e-16
 7542.4461 4.37729e-16
 7545.7176 4.32827e-16
 7548.9891 4.09409e-16
 7552.2605 4.04846e-16
 7555.5320 4.08301e-16
 7558.8035 4.20385e-16
 7562.0750 4.52490e-16
 7565.3465 4.03791e-16
 7568.6179 4.04395e-16
 7571.8894 4.37049e-16
 7575.1609 4.30916e-16
 7578.4324 4.21272e-16
 7581.7039 3.82694e-16
 7584.9753 4.09858e-16
 7588.2468 4.17675e-16
 7591.5183 4.40783e-16
 7594.7898 4.01422e-16
 7598.0612 3.97643e-16
 7601.3327 4.18912e-16
 7604.6042 4.21177e-16
 7607.8757 4.27824e-16
 7611.1472 3.98183e-16
 7614.4186 3.96615e-16
 7617.6901 4.19409e-16
 7620.9616 3.98897e-16
 7624.2331 3.98029e-16
 7627.5045 3.90316e-16
 7630.7760 4.20178e-16
 7634.0475 4.22691e-16
 7637.3190 4.29235e-16
 7640.5905 4.07966e-16
 7643.8619 4.22753e-16
 7647.1334 4.23016e-16
 7650.4049 3.94619e-16
 7653.6764 4.13726e-16
 7656.9479 4.16509e-16
 7660.2193 4.11188e-16
 7663.4908 4.20387e-16
 7666.7623 4.10845e-16
 7670.0338 4.11132e-16
 7673.3052 3.85061e-16
 7676.5767 4.04801e-16
 7679.8482 3.93444e-16
 7683.1197 4.25349e-16
 7686.3912 4.31190e-16
 7689.6626 4.13105e-16
 7692.9341 3.84239e-16
 7696.2056 3.92683e-16
 7699.4771 4.12497e-16
 7702.7486 4.51790e-16
 7706.0200 4.43225e-16
 7709.2915 4.31140e-16
 7712.5630 4.39265e-16
 7715.8345 4.27648e-16
 7719.1059 4.41853e-16
 7722.3774 4.50853e-16
 7725.6489 4.42422e-16
 7728.9204 4.36582e-16
 7732.1919 4.33321e-16
 7735.4633 4.32986e-16
 7738.7348 4.64178e-16
 7742.0063 4.69882e-16
 7745.2778 4.47300e-16
 7748.5493 4.53331e-16
 7751.8207 4.53108e-16
 7755.0922 4.93542e-16
 7758.3637 4.75888e-16
 7761.6352 4.48451e-16
 7764.9066 4.52343e-16
 7768.1781 4.77809e-16
 7771.4496 4.54625e-16
 7774.7211 4.78681e-16
 7777.9926 4.82482e-16
 7781.2640 4.69422e-16
 7784.5355 4.57761e-16
 7787.8070 4.88876e-16
 7791.0785 5.18311e-16
 7794.3500 4.89318e-16
 7797.6214 4.88227e-16
 7800.8929 5.13883e-16
 7804.1644 4.64977e-16
 7807.4359 5.11467e-16
 7810.7073 5.00523e-16
 7813.9788 5.05867e-16
 7817.2503 5.01150e-16
 7820.5218 5.16024e-16
 7823.7933 5.11213e-16
 7827.0647 4.94251e-16
 7830.3362 4.97875e-16
 7833.6077 4.98722e-16
 7836.8792 5.28837e-16
 7840.1506 5.01947e-16
 7843.4221 5.10594e-16
 7846.6936 5.39242e-16
 7849.9651 5.17712e-16
 7853.2366 5.24667e-16
 7856.5080 5.39951e-16
 7859.7795 5.00647e-16
 7863.0510 5.33919e-16
 7866.3225 5.39459e-16
 7869.5939 5.33117e-16
 7872.8654 5.21548e-16
 7876.1369 4.89329e-16
 7879.4084 5.19716e-16
 7882.6799 5.29682e-16
 7885.9513 5.14289e-16
 7889.2228 5.19952e-16
 7892.4943 5.34703e-16
 7895.7658 5.40256e-16
 7899.0373 4.78805e-16
 7902.3087 5.09566e-16
 7905.5802 5.31486e-16
 7908.8517 5.24835e-16
 7912.1232 5.31006e-16
 7915.3946 5.13390e-16
 7918.6661 5.48961e-16
 7921.9376 5.12906e-16
 7925.2091 5.04951e-16
 7928.4806 4.93176e-16
 7931.7520 5.19050e-16
 7935.0235 5.36203e-16
 7938.2950 5.10021e-16
 7941.5665 5.07334e-16
 7944.8380 5.10771e-16
 7948.1094 5.11215e-16
 7951.3809 4.94092e-16
 7954.6524 5.12476e-16
 7957.9239 5.08538e-16
 7961.1953 4.88789e-16
 7964.4668 4.96885e-16
 7967.7383 4.83791e-16
 7971.0098 4.71040e-16
 7974.2813 4.89756e-16
 7977.5527 4.78384e-16
 7980.8242 4.55054e-16
 7984.0957 4.70805e-16
 7987.3672 4.71460e-16
 7990.6386 4.63313e-16
 7993.9101 4.38961e-16
 7997.1816 4.62504e-16
 8000.4531 4.95230e-16
 8003.7246 4.58266e-16
 8006.9960 4.37915e-16
 8010.2675 4.42337e-16
 8013.5390 4.44740e-16
 8016.8105 4.12648e-16
 8020.0820 3.92831e-16
 8023.3534 4.40123e-16
 8026.6249 4.44462e-16
 8029.8964 4.53030e-16
 8033.1679 4.34114e-16
 8036.4393 4.37494e-16
 8039.7108 4.53124e-16
 8042.9823 4.38663e-16
 8046.2538 4.36597e-16
 8049.5253 4.26757e-16
 8052.7967 4.25839e-16
 8056.0682 4.11450e-16
 8059.3397 4.05417e-16
 8062.6112 4.09515e-16
 8065.8827 4.20844e-16
 8069.1541 4.10633e-16
 8072.4256 3.62756e-16
 8075.6971 3.98021e-16
 8078.9686 3.80269e-16
 8082.2400 3.98733e-16
 8085.5115 3.97243e-16
 8088.7830 3.75982e-16
 8092.0545 3.70717e-16
 8095.3260 3.68654e-16
 8098.5974 3.56192e-16
 8101.8689 3.60067e-16
 8105.1404 3.71911e-16
 8108.4119 3.50839e-16
 8111.6834 3.42280e-16
 8114.9548 3.39027e-16
 8118.2263 3.48045e-16
 8121.4978 3.55973e-16
 8124.7693 3.35289e-16
 8128.0407 3.04628e-16
 8131.3122 3.30776e-16
 8134.5837 3.35257e-16
 8137.8552 2.87900e-16
 8141.1267 2.87691e-16
 8144.3981 3.39921e-16
 8147.6696 2.87163e-16
 8150.9411 3.03984e-16
 8154.2126 2.89345e-16
 8157.4840 3.00254e-16
 8160.7555 2.86865e-16
 8164.0270 3.21335e-16
 8167.2985 2.82484e-16
 8170.5700 2.97611e-16
 8173.8414 2.87294e-16
 8177.1129 2.59511e-16
 8180.3844 3.10566e-16
 8183.6559 2.54456e-16
 8186.9273 2.65559e-16
 8190.1988 2.85901e-16
 8193.4703 2.72028e-16
 8196.7418 2.91720e-16
 8200.0133 2.73805e-16
 8203.2847 2.50308e-16
 8206.5562 2.76418e-16
 8209.8277 3.01573e-16
 8213.0992 2.65786e-16
 8216.3707 2.87016e-16
 8219.6421 2.66365e-16
 8222.9136 2.73218e-16
 8226.1851 2.78174e-16
 8229.4566 2.75851e-16
 8232.7280 2.57638e-16
 8235.9995 2.90056e-16
 8239.2710 2.72969e-16
 8242.5425 2.05310e-16
 8245.8140 2.38807e-16
 8249.0854 2.69828e-16
 8252.3569 2.27422e-16
 8255.6284 2.17389e-16
 8258.8999 2.59713e-16
 8262.1714 2.50656e-16
 8265.4428 2.52980e-16
 8268.7143 2.89239e-16
 8271.9858 2.68142e-16
 8275.2573 2.82371e-16
 8278.5287 2.88895e-16
 8281.8002 2.94811e-16
 8285.0717 2.98089e-16
 8288.3432 2.94161e-16
 8291.6147 3.04159e-16
 8294.8861 3.11006e-16
 8298.1576 3.45022e-16
 8301.4291 3.29909e-16
 8304.7006 3.14005e-16
 8307.9720 3.18016e-16
 8311.2435 3.33551e-16
 8314.5150 3.33654e-16
 8317.7865 3.32556e-16
 8321.0580 3.43949e-16
 8324.3294 3.75810e-16
 8327.6009 3.52008e-16
 8330.8724 3.35187e-16
 8334.1439 3.62929e-16
 8337.4154 3.32811e-16
 8340.6868 3.92988e-16
 8343.9583 3.95743e-16
 8347.2298 3.83859e-16
 8350.5013 3.95759e-16
 8353.7727 4.16088e-16
 8357.0442 4.28511e-16
 8360.3157 4.31459e-16
 8363.5872 4.24869e-16
 8366.8587 4.20695e-16
 8370.1301 4.08417e-16
 8373.4016 4.34680e-16
 8376.6731 4.26954e-16
 8379.9446 4.35285e-16
 8383.2161 4.80781e-16
 8386.4875 4.89484e-16
 8389.7590 5.00972e-16
 8393.0305 4.62501e-16
 8396.3020 4.84431e-16
 8399.5734 4.64967e-16
 8402.8449 5.00314e-16
 8406.1164 4.95766e-16
 8409.3879 5.22641e-16
 8412.6594 5.41679e-16
 8415.9308 5.09462e-16
 8419.2023 5.01612e-16
 8422.4738 5.33372e-16
 8425.7453 5.31823e-16
 8429.0168 5.27054e-16
 8432.2882 5.60688e-16
 8435.5597 5.35686e-16
 8438.8312 5.40483e-16
 8442.1027 5.47021e-16
 8445.3741 5.78777e-16
 8448.6456 5.57301e-16
 8451.9171 5.65743e-16
 8455.1886 5.47136e-16
 8458.4601 5.53996e-16
 8461.7315 5.66896e-16
 8465.0030 5.60589e-16
 8468.2745 5.57794e-16
 8471.5460 5.68291e-16
 8474.8174 5.80913e-16
 8478.0889 5.88124e-16
 8481.3604 5.90210e-16
 8484.6319 5.85897e-16
 8487.9034 5.83378e-16
 8491.1748 5.77647e-16
 8494.4463 5.88628e-16
 8497.7178 5.91012e-16
 8500.9893 5.59456e-16
 8504.2607 5.66730e-16
 8507.5322 5.88516e-16
 8510.8037 6.00943e-16
 8514.0752 6.08215e-16
 8517.3467 6.09212e-16
 8520.6181 5.67291e-16
 8523.8896 5.86011e-16
 8527.1611 6.16044e-16
 8530.4326 5.72426e-16
 8533.7041 5.68251e-16
 8536.9755 6.14919e-16
 8540.2470 6.02054e-16
 8543.5185 5.69048e-16
 8546.7900 5.97188e-16
 8550.0614 5.88890e-16
 8553.3329 5.69259e-16
 8556.6044 5.73947e-16
 8559.8759 5.88497e-16
 8563.1474 5.85672e-16
 8566.4188 5.82202e-16
 8569.6903 5.79454e-16
 8572.9618 6.00102e-16
 8576.2333 6.05059e-16
 8579.5048 5.80784e-16
 8582.7762 6.18289e-16
 8586.0477 5.97127e-16
 8589.3192 5.93834e-16
 8592.5907 5.77831e-16
 8595.8621 5.83419e-16
 8599.1336 5.61014e-16
 8602.4051 5.39834e-16
 8605.6766 5.73342e-16
 8608.9481 5.95617e-16
 8612.2195 5.93625e-16
 8615.4910 5.76437e-16
 8618.7625 5.68634e-16
 8622.0340 5.67818e-16
 8625.3055 5.74124e-16
 8628.5769 5.72544e-16
 8631.8484 5.25663e-16
 8635.1199 5.48693e-16
 8638.3914 5.53201e-16
 8641.6628 5.48626e-16
 8644.9343 5.46043e-16
 8648.2058 5.65763e-16
 8651.4773 5.51598e-16
 8654.7488 5.59850e-16
 8658.0202 5.29108e-16
 8661.2917 5.55885e-16
 8664.5632 5.52621e-16
 8667.8347 5.64778e-16
 8671.1061 5.55897e-16
 8674.3776 5.54126e-16
 8677.6491 5.61145e-16
 8680.9206 5.38357e-16
 8684.1921 5.40528e-16
 8687.4635 5.19415e-16
 8690.7350 5.28843e-16
 8694.0065 5.12487e-16
 8697.2780 5.49772e-16
 8700.5495 5.40900e-16
 8703.8209 5.39595e-16
 8707.0924 5.42240e-16
 8710.3639 5.08961e-16
 8713.6354 5.49269e-16
 8716.9068 5.25338e-16
 8720.1783 5.11245e-16
 8723.4498 5.15467e-16
 8726.7213 4.95887e-16
 8729.9928 5.52776e-16
 8733.2642 5.57474e-16
 8736.5357 5.05546e-16
 8739.8072 4.92129e-16
 8743.0787 4.73273e-16
 8746.3502 5.01155e-16
 8749.6216 4.67996e-16
 8752.8931 4.93394e-16
 8756.1646 5.02289e-16
 8759.4361 5.24221e-16
 8762.7075 4.75612e-16
 8765.9790 4.79675e-16
 8769.2505 4.37908e-16
 8772.5220 4.61677e-16
 8775.7935 4.89872e-16
 8779.0649 4.28932e-16
 8782.3364 4.34729e-16
 8785.6079 4.61840e-16
 8788.8794 4.61606e-16
 8792.1508 4.19007e-16
 8795.4223 4.43653e-16
 8798.6938 4.57216e-16
 8801.9653 4.16261e-16
 8805.2368 4.13595e-16
 8808.5082 4.28478e-16
 8811.7797 4.43905e-16
 8815.0512 4.43326e-16
 8818.3227 4.47562e-16
 8821.5941 4.62040e-16
 8824.8656 4.30838e-16
 8828.1371 4.06167e-16
 8831.4086 4.29939e-16
 8834.6801 4.56199e-16
 8837.9515 4.08688e-16
 8841.2230 4.17253e-16
 8844.4945 4.23155e-16
 8847.7660 4.27433e-16
 8851.0375 4.22564e-16
 8854.3089 3.97444e-16
 8857.5804 3.96562e-16
 8860.8519 4.03515e-16
 8864.1234 4.00687e-16
 8867.3948 4.00187e-16
 8870.6663 4.14501e-16
 8873.9378 4.03712e-16
 8877.2093 3.75138e-16
 8880.4808 4.01548e-16
 8883.7522 4.12016e-16
 8887.0237 3.62089e-16
 8890.2952 3.90195e-16
 8893.5667 3.84489e-16
 8896.8382 3.60041e-16
 8900.1096 3.62466e-16
 8903.3811 3.87512e-16
 8906.6526 3.95434e-16
 8909.9241 3.83232e-16
 8913.1955 3.54127e-16
 8916.4670 3.38625e-16
 8919.7385 3.38293e-16
 8923.0100 3.62289e-16
 8926.2815 3.63063e-16
 8929.5529 3.69148e-16
 8932.8244 3.70638e-16
 8936.0959 3.77568e-16
 8939.3674 3.59397e-16
 8942.6389 3.56896e-16
 8945.9103 3.56758e-16
 8949.1818 3.32419e-16
 8952.4533 3.86541e-16
 8955.7248 3.49663e-16
 8958.9962 3.39880e-16
 8962.2677 3.29100e-16
 8965.5392 3.40476e-16
 8968.8107 3.47599e-16
 8972.0822 3.62219e-16
 8975.3536 3.54773e-16
 8978.6251 3.40580e-16
 8981.8966 3.40885e-16
 8985.1681 3.45248e-16
 8988.4396 3.38312e-16
 8991.7110 3.41044e-16
 8994.9825 3.47914e-16
 8998.2540 3.31086e-16
 9001.5255 3.38042e-16
 9004.7969 3.42573e-16
 9008.0684 3.03925e-16
 9011.3399 3.27531e-16
 9014.6114 3.38755e-16
 9017.8829 3.27869e-16
 9021.1543 3.06504e-16
 9024.4258 3.06409e-16
 9027.6973 2.91274e-16
 9030.9688 3.33072e-16
 9034.2402 3.43483e-16
 9037.5117 3.29034e-16
 9040.7832 3.26833e-16
 9044.0547 2.90909e-16
 9047.3262 2.98214e-16
 9050.5976 3.02057e-16
 9053.8691 3.34582e-16
 9057.1406 2.88588e-16
 9060.4121 2.83749e-16
 9063.6835 2.91543e-16
 9066.9550 3.04289e-16
 9070.2265 2.79084e-16
 9073.4980 2.93082e-16
 9076.7695 3.13668e-16
 9080.0409 2.89169e-16
 9083.3124 2.80841e-16
 9086.5839 2.76762e-16
 9089.8554 2.92970e-16
 9093.1268 2.69924e-16
 9096.3983 2.48271e-16
 9099.6698 2.90879e-16
 9102.9413 2.80297e-16
 9106.2128 2.52831e-16
 9109.4842 2.78259e-16
 9112.7557 2.93602e-16
 9116.0272 2.75465e-16
 9119.2987 2.60198e-16
 9122.5702 2.25749e-16
 9125.8416 2.62653e-16
 9129.1131 3.13688e-16
 9132.3846 2.78195e-16
 9135.6561 2.60557e-16
 9138.9275 2.84640e-16
 9142.1990 2.93387e-16
 9145.4705 2.54112e-16
 9148.7420 2.62620e-16
 9152.0135 2.96682e-16
 9155.2849 2.75906e-16
 9158.5564 2.44686e-16
 9161.8279 2.50648e-16
 9165.0994 2.81487e-16
 9168.3709 2.90811e-16
 9171.6423 2.71389e-16
 9174.9138 3.05936e-16
 9178.1853 2.72178e-16
 9181.4568 2.56612e-16
 9184.7282 2.50670e-16
 9187.9997 2.47538e-16
 9191.2712 2.73969e-16
 9194.5427 2.44680e-16
 9197.8142 2.72944e-16
 9201.0856 2.43102e-16
 9204.3571 2.56265e-16
 9207.6286 2.62680e-16
 9210.9001 2.71596e-16
 9214.1716 2.92515e-16
 9217.4430 2.76125e-16
 9220.7145 2.71367e-16
 9223.9860 2.61681e-16
 9227.2575 2.65474e-16
 9230.5289 2.60312e-16
 9233.8004 2.80790e-16
 9237.0719 2.93749e-16
 9240.3434 3.01604e-16
 9243.6149 2.54604e-16
 9246.8863 2.26227e-16
 9250.1578 2.36732e-16
 9253.4293 2.36868e-16
 9256.7008 2.54869e-16
 9259.9723 2.37351e-16
 9263.2437 2.29088e-16
 9266.5152 2.22555e-16
 9269.7867 2.40256e-16
 9273.0582 2.77040e-16
 9276.3296 2.18792e-16
 9279.6011 2.28011e-16
 9282.8726 2.55264e-16
 9286.1441 2.37106e-16
 9289.4156 2.64319e-16
 9292.6870 2.53235e-16
 9295.9585 2.15609e-16
 9299.2300 1.78516e-16
 9302.5015 1.63457e-16
 9305.7730 2.16576e-16
 9309.0444 2.57782e-16
 9312.3159 2.42448e-16
 9315.5874 2.51369e-16
 9318.8589 2.64920e-16
 9322.1303 2.46769e-16
 9325.4018 2.08473e-16
 9328.6733 2.25006e-16
 9331.9448 2.07128e-16
 9335.2163 2.30568e-16
 9338.4877 2.81715e-16
 9341.7592 2.22489e-16
 9345.0307 1.95912e-16
 9348.3022 2.04829e-16
 9351.5736 2.25328e-16
 9354.8451 2.06468e-16
 9358.1166 2.21232e-16
 9361.3881 2.41059e-16
 9364.6596 2.10736e-16
 9367.9310 2.29811e-16
 9371.2025 2.18570e-16
 9374.4740 2.35751e-16
 9377.7455 2.13704e-16
 9381.0169 2.09846e-16
 9384.2884 2.44664e-16
 9387.5599 2.27626e-16
 9390.8314 2.31497e-16
 9394.1029 2.39909e-16
 9397.3743 2.31473e-16
 9400.6458 2.37923e-16
 9403.9173 2.42947e-16
 9407.1888 1.88431e-16
 9410.4603 1.82931e-16
 9413.7317 1.85110e-16
 9417.0032 2.20624e-16
 9420.2747 1.88818e-16
 9423.5462 1.81824e-16
 9426.8176 1.82123e-16
 9430.0891 2.07267e-16
 9433.3606 2.01791e-16
 9436.6321 1.77877e-16
 9439.9036 2.12210e-16
 9443.1750 2.40978e-16
 9446.4465 1.95082e-16
 9449.7180 1.69889e-16
 9452.9895 1.31068e-16
 9456.2609 1.46258e-16
 9459.5324 1.75986e-16
 9462.8039 1.91617e-16
 9466.0754 1.46328e-16
 9469.3469 1.97927e-16
 9472.6183 1.95919e-16
 9475.8898 1.83362e-16
 9479.1613 2.16642e-16
 9482.4328 1.79031e-16
 9485.7043 1.77765e-16
 9488.9757 1.72480e-16
 9492.2472 2.21639e-16
 9495.5187 2.05470e-16
 9498.7902 2.07385e-16
 9502.0616 2.37861e-16
 9505.3331 1.51097e-16
 9508.6046 1.60198e-16
 9511.8761 1.97997e-16
 9515.1476 1.71027e-16
 9518.4190 2.03127e-16
 9521.6905 1.57613e-16
 9524.9620 1.76340e-16
 9528.2335 1.58296e-16
 9531.5050 1.75471e-16
 9534.7764 1.75798e-16
 9538.0479 2.00723e-16
 9541.3194 2.20195e-16
 9544.5909 1.88291e-16
 9547.8623 2.00435e-16
 9551.1338 1.77125e-16
 9554.4053 1.80906e-16
 9557.6768 2.10015e-16
 9560.9483 1.62559e-16
 9564.2197 1.79073e-16
 9567.4912 1.82605e-16
 9570.7627 2.15722e-16
 9574.0342 2.00960e-16
 9577.3057 2.06472e-16
 9580.5771 2.17287e-16
 9583.8486 1.69786e-16
 9587.1201 1.94167e-16
 9590.3916 2.36192e-16
 9593.6630 2.34136e-16
 9596.9345 2.29408e-16
 9600.2060 1.86822e-16
 9603.4775 2.29027e-16
 9606.7490 2.34046e-16
 9610.0204 2.03496e-16
 9613.2919 1.69248e-16
 9616.5634 1.82674e-16
 9619.8349 1.64192e-16
 9623.1064 1.99587e-16
 9626.3778 2.10752e-16
 9629.6493 2.13418e-16
 9632.9208 1.42519e-16
 9636.1923 1.01405e-16
 9639.4637 1.72607e-16
 9642.7352 1.68580e-16
 9646.0067 1.81549e-16
 9649.2782 1.08359e-16
 9652.5497 2.28056e-16
 9655.8211 1.46208e-16
 9659.0926 1.56750e-16
 9662.3641 1.31930e-16
 9665.6356 1.38039e-16
 9668.9070 1.72840e-16
 9672.1785 2.30800e-16
 9675.4500 2.41100e-16
 9678.7215 1.89054e-16
 9681.9930 2.19430e-16
 9685.2644 2.56204e-16
 9688.5359 2.08166e-16
 9691.8074 2.08505e-16
 9695.0789 1.88872e-16
 9698.3503 1.65826e-16
 9701.6218 1.39302e-16
 9704.8933 1.32498e-16
 9708.1648 1.77153e-16
 9711.4363 1.35418e-16
 9714.7077 1.06620e-16
 9717.9792 2.05183e-16
 9721.2507 2.20447e-16
 9724.5222 2.50640e-16
 9727.7937 2.20635e-16
 9731.0651 1.55773e-16
 9734.3366 1.21759e-16
 9737.6081 1.96754e-16
 9740.8796 2.51547e-16
 9744.1510 2.02938e-16
 9747.4225 2.15386e-16
 9750.6940 1.88034e-16
 9753.9655 1.81973e-16
 9757.2370 2.28613e-16
 9760.5084 2.08034e-16
 9763.7799 1.38598e-16
 9767.0514 1.63366e-16
 9770.3229 2.26336e-16
 9773.5944 1.93626e-16
 9776.8658 2.21932e-16
 9780.1373 2.01863e-16
 9783.4088 2.13284e-16
 9786.6803 2.15298e-16
 9789.9517 2.40858e-16
 9793.2232 1.95763e-16
 9796.4947 1.66469e-16
 9799.7662 2.03350e-16
 9803.0377 2.77949e-16
 9806.3091 2.58068e-16
 9809.5806 2.28980e-16
 9812.8521 3.18574e-16
 9816.1236 2.52061e-16
 9819.3950 1.81959e-16
 9822.6665 2.02581e-16
 9825.9380 2.31823e-16
 9829.2095 1.87312e-16
 9832.4810 1.76309e-16
 9835.7524 2.11159e-16
 9839.0239 2.15551e-16
 9842.2954 2.92828e-16
 9845.5669 1.93067e-16
 9848.8384 2.15677e-16
 9852.1098 1.87960e-16
 9855.3813 2.05589e-16
 9858.6528 1.81351e-16
 9861.9243 1.83113e-16
 9865.1957 1.78879e-16
 9868.4672 1.94396e-16
 9871.7387 2.09435e-16
 9875.0102 1.31346e-16
 9878.2817 1.47049e-16
 9881.5531 1.51183e-16
 9884.8246 1.53353e-16
 9888.0961 1.49984e-16
 9891.3676 1.79301e-16
 9894.6391 1.69542e-16
 9897.9105 1.40404e-16
 9901.1820 1.56582e-16
 9904.4535 1.76397e-16
 9907.7250 1.39405e-16
 9910.9964 2.22971e-16
 9914.2679 2.15284e-16
 9917.5394 1.85971e-16
 9920.8109 2.41830e-16
 9924.0824 1.81558e-16
 9927.3538 2.97272e-16
 9930.6253 1.97660e-16
 9933.8968 1.52473e-16
 9937.1683 2.10697e-16
 9940.4398 1.20443e-16
 9943.7112 7.48352e-17
 9946.9827 -3.07208e-17
 9950.2542 1.15385e-16
 9953.5257 2.00089e-16
 9956.7971 1.66156e-16
 9960.0686 5.85991e-17
 9963.3401 6.44827e-17
 9966.6116 1.71397e-16
 9969.8831 2.26568e-16
 9973.1545 1.73733e-16
 9976.4260 1.31544e-16
 9979.6975 1.14304e-16
 9982.9690 2.13896e-16
 9986.2404 1.96396e-16
 9989.5119 1.23895e-16
 9992.7834 1.89439e-16
 9996.0549 2.26211e-16
 9999.3264 1.09453e-16
10002.5978 1.35220e-16
10005.8693 7.78117e-17
10009.1408 1.27148e-16
10012.4123 2.14437e-16
10015.6837 1.04900e-16
10018.9552 1.41609e-16
10022.2267 1.11813e-16
10025.4982 5.43563e-17
10028.7697 1.19010e-16
10032.0411 4.87405e-17
10035.3126 9.01156e-17
10038.5841 1.91050e-16
10041.8556 2.05264e-16
10045.1271 2.04299e-16
10048.3985 1.84750e-16
