#Object:               SN2008hv
#FITS_file:            SN08hv_b01_DUP_WF_24dec08.fits
#Redshift:             0.01255
#JDate_of_max:         2454816.85
#JDate_of_observation: 2454824.74
#Epoch:                7.79      
#
 3752.9059 2.78037e-15
 3755.9096 2.75923e-15
 3758.9133 2.66542e-15
 3761.9171 2.72675e-15
 3764.9208 2.70736e-15
 3767.9245 2.82169e-15
 3770.9282 2.76820e-15
 3773.9319 2.71062e-15
 3776.9356 2.75668e-15
 3779.9394 2.78104e-15
 3782.9431 2.77565e-15
 3785.9468 2.71696e-15
 3788.9505 2.67443e-15
 3791.9542 2.69036e-15
 3794.9579 2.74259e-15
 3797.9617 2.64994e-15
 3800.9654 2.62965e-15
 3803.9691 2.68789e-15
 3806.9728 2.73198e-15
 3809.9765 2.64010e-15
 3812.9803 2.70993e-15
 3815.9840 2.79926e-15
 3818.9877 2.88233e-15
 3821.9914 2.91938e-15
 3824.9951 2.93796e-15
 3827.9988 2.90625e-15
 3831.0026 3.21015e-15
 3834.0063 3.21781e-15
 3837.0100 3.08203e-15
 3840.0137 3.29270e-15
 3843.0174 3.38182e-15
 3846.0212 3.49622e-15
 3849.0249 3.63489e-15
 3852.0286 3.69841e-15
 3855.0323 3.85949e-15
 3858.0360 3.96968e-15
 3861.0397 4.19069e-15
 3864.0435 4.23993e-15
 3867.0472 4.39772e-15
 3870.0509 4.76778e-15
 3873.0546 4.76207e-15
 3876.0583 4.94018e-15
 3879.0620 5.14822e-15
 3882.0658 5.26587e-15
 3885.0695 5.26231e-15
 3888.0732 5.20460e-15
 3891.0769 5.52702e-15
 3894.0806 5.74429e-15
 3897.0843 5.81921e-15
 3900.0881 5.87234e-15
 3903.0918 6.01618e-15
 3906.0955 5.81780e-15
 3909.0992 5.85015e-15
 3912.1029 5.79654e-15
 3915.1066 5.92132e-15
 3918.1104 5.95699e-15
 3921.1141 5.85433e-15
 3924.1178 5.95713e-15
 3927.1215 5.91053e-15
 3930.1252 6.07228e-15
 3933.1290 6.28587e-15
 3936.1327 6.15812e-15
 3939.1364 6.16976e-15
 3942.1401 6.38344e-15
 3945.1438 6.32438e-15
 3948.1475 6.34073e-15
 3951.1513 6.25245e-15
 3954.1550 6.30955e-15
 3957.1587 6.04583e-15
 3960.1624 5.93528e-15
 3963.1661 5.70609e-15
 3966.1698 5.56229e-15
 3969.1736 5.37527e-15
 3972.1773 5.26576e-15
 3975.1810 5.35809e-15
 3978.1847 5.00887e-15
 3981.1884 4.96779e-15
 3984.1921 4.88467e-15
 3987.1959 4.96784e-15
 3990.1996 4.66289e-15
 3993.2033 4.60202e-15
 3996.2070 4.46946e-15
 3999.2107 4.40441e-15
 4002.2145 4.24725e-15
 4005.2182 4.24261e-15
 4008.2219 4.21999e-15
 4011.2256 4.26806e-15
 4014.2293 4.29866e-15
 4017.2330 4.31190e-15
 4020.2368 4.30701e-15
 4023.2405 4.22853e-15
 4026.2442 4.23180e-15
 4029.2479 4.41773e-15
 4032.2516 4.58348e-15
 4035.2553 4.67670e-15
 4038.2591 4.73445e-15
 4041.2628 4.88458e-15
 4044.2665 4.95090e-15
 4047.2702 5.04844e-15
 4050.2739 5.07811e-15
 4053.2777 5.23691e-15
 4056.2814 5.33356e-15
 4059.2851 5.34066e-15
 4062.2888 5.21606e-15
 4065.2925 5.26212e-15
 4068.2962 5.10135e-15
 4071.3000 5.14120e-15
 4074.3037 5.05021e-15
 4077.3074 5.13202e-15
 4080.3111 5.14837e-15
 4083.3148 5.21194e-15
 4086.3185 5.17742e-15
 4089.3223 5.11719e-15
 4092.3260 5.25016e-15
 4095.3297 5.37923e-15
 4098.3334 5.03879e-15
 4101.3371 5.11368e-15
 4104.3408 5.00484e-15
 4107.3446 4.97988e-15
 4110.3483 5.18032e-15
 4113.3520 5.08584e-15
 4116.3557 5.15747e-15
 4119.3594 5.07246e-15
 4122.3631 5.04957e-15
 4125.3669 4.95143e-15
 4128.3706 4.95874e-15
 4131.3743 4.94051e-15
 4134.3780 4.89412e-15
 4137.3817 5.04878e-15
 4140.3855 5.07348e-15
 4143.3892 5.16990e-15
 4146.3929 5.17580e-15
 4149.3966 5.08237e-15
 4152.4003 5.11190e-15
 4155.4040 5.17581e-15
 4158.4078 5.23087e-15
 4161.4115 5.38796e-15
 4164.4152 5.37002e-15
 4167.4189 5.34754e-15
 4170.4226 5.41901e-15
 4173.4264 5.37847e-15
 4176.4301 5.40159e-15
 4179.4338 5.35004e-15
 4182.4375 5.45511e-15
 4185.4412 5.44254e-15
 4188.4449 5.34752e-15
 4191.4487 5.46335e-15
 4194.4524 5.35488e-15
 4197.4561 5.34109e-15
 4200.4598 5.23023e-15
 4203.4635 5.24138e-15
 4206.4672 5.34488e-15
 4209.4710 5.33536e-15
 4212.4747 5.23816e-15
 4215.4784 5.25232e-15
 4218.4821 5.28941e-15
 4221.4858 5.22001e-15
 4224.4895 5.13712e-15
 4227.4933 5.10117e-15
 4230.4970 5.04453e-15
 4233.5007 5.08116e-15
 4236.5044 4.96497e-15
 4239.5081 4.92904e-15
 4242.5118 4.82056e-15
 4245.5156 4.83131e-15
 4248.5193 4.86206e-15
 4251.5230 4.78448e-15
 4254.5267 4.76812e-15
 4257.5304 4.67794e-15
 4260.5342 4.69722e-15
 4263.5379 4.59935e-15
 4266.5416 4.64811e-15
 4269.5453 4.66201e-15
 4272.5490 4.67596e-15
 4275.5527 4.58970e-15
 4278.5565 4.52431e-15
 4281.5602 4.44715e-15
 4284.5639 4.28319e-15
 4287.5676 4.24993e-15
 4290.5713 4.15280e-15
 4293.5750 4.01347e-15
 4296.5788 3.98466e-15
 4299.5825 3.91961e-15
 4302.5862 3.87226e-15
 4305.5899 3.91251e-15
 4308.5936 3.86248e-15
 4311.5973 3.93667e-15
 4314.6011 3.87973e-15
 4317.6048 3.82123e-15
 4320.6085 3.79409e-15
 4323.6122 3.81284e-15
 4326.6159 3.80256e-15
 4329.6197 3.80964e-15
 4332.6234 3.76718e-15
 4335.6271 3.72194e-15
 4338.6308 3.60170e-15
 4341.6345 3.54595e-15
 4344.6382 3.67108e-15
 4347.6420 3.56190e-15
 4350.6457 3.59831e-15
 4353.6494 3.59122e-15
 4356.6531 3.55615e-15
 4359.6568 3.55683e-15
 4362.6605 3.56507e-15
 4365.6643 3.52332e-15
 4368.6680 3.48964e-15
 4371.6717 3.55809e-15
 4374.6754 3.43468e-15
 4377.6791 3.30428e-15
 4380.6829 3.31689e-15
 4383.6866 3.28093e-15
 4386.6903 3.32862e-15
 4389.6940 3.29249e-15
 4392.6977 3.29135e-15
 4395.7014 3.30072e-15
 4398.7052 3.21362e-15
 4401.7089 3.15276e-15
 4404.7126 3.20165e-15
 4407.7163 3.25224e-15
 4410.7200 3.26117e-15
 4413.7237 3.38617e-15
 4416.7275 3.34098e-15
 4419.7312 3.40454e-15
 4422.7349 3.49584e-15
 4425.7386 3.59316e-15
 4428.7423 3.56940e-15
 4431.7460 3.63494e-15
 4434.7498 3.73072e-15
 4437.7535 3.77424e-15
 4440.7572 3.79264e-15
 4443.7609 3.80661e-15
 4446.7646 3.81750e-15
 4449.7683 3.93690e-15
 4452.7721 4.10227e-15
 4455.7758 4.19968e-15
 4458.7795 4.16066e-15
 4461.7832 4.18902e-15
 4464.7869 4.29007e-15
 4467.7907 4.29943e-15
 4470.7944 4.32911e-15
 4473.7981 4.37678e-15
 4476.8018 4.34426e-15
 4479.8055 4.41380e-15
 4482.8092 4.47756e-15
 4485.8130 4.52928e-15
 4488.8167 4.60957e-15
 4491.8204 4.62924e-15
 4494.8241 4.68284e-15
 4497.8278 4.77142e-15
 4500.8316 4.73844e-15
 4503.8353 4.85821e-15
 4506.8390 4.89330e-15
 4509.8427 4.94618e-15
 4512.8464 5.07909e-15
 4515.8501 5.12682e-15
 4518.8539 5.05878e-15
 4521.8576 5.09518e-15
 4524.8613 5.15460e-15
 4527.8650 5.24558e-15
 4530.8687 5.47002e-15
 4533.8724 5.29943e-15
 4536.8762 5.29100e-15
 4539.8799 5.46147e-15
 4542.8836 5.50205e-15
 4545.8873 5.51570e-15
 4548.8910 5.44544e-15
 4551.8947 5.48691e-15
 4554.8985 5.58281e-15
 4557.9022 5.44399e-15
 4560.9059 5.45229e-15
 4563.9096 5.37209e-15
 4566.9133 5.40417e-15
 4569.9170 5.49133e-15
 4572.9208 5.38339e-15
 4575.9245 5.51614e-15
 4578.9282 5.59824e-15
 4581.9319 5.56891e-15
 4584.9356 5.59893e-15
 4587.9394 5.64999e-15
 4590.9431 5.60611e-15
 4593.9468 5.66332e-15
 4596.9505 5.62912e-15
 4599.9542 5.67515e-15
 4602.9579 5.80352e-15
 4605.9617 5.75882e-15
 4608.9654 5.71350e-15
 4611.9691 5.68765e-15
 4614.9728 5.66253e-15
 4617.9765 5.66367e-15
 4620.9802 5.57729e-15
 4623.9840 5.52335e-15
 4626.9877 5.48893e-15
 4629.9914 5.37465e-15
 4632.9951 5.31304e-15
 4635.9988 5.16228e-15
 4639.0025 5.11831e-15
 4642.0063 5.02630e-15
 4645.0100 4.94483e-15
 4648.0137 4.80888e-15
 4651.0174 4.71752e-15
 4654.0211 4.54827e-15
 4657.0249 4.44980e-15
 4660.0286 4.38384e-15
 4663.0323 4.28770e-15
 4666.0360 4.26359e-15
 4669.0397 4.19362e-15
 4672.0434 4.10783e-15
 4675.0472 4.08706e-15
 4678.0509 4.08477e-15
 4681.0546 4.12518e-15
 4684.0583 4.14051e-15
 4687.0620 4.11033e-15
 4690.0657 4.17170e-15
 4693.0695 4.08878e-15
 4696.0732 4.04545e-15
 4699.0769 4.06770e-15
 4702.0806 4.02996e-15
 4705.0843 4.02433e-15
 4708.0881 4.06862e-15
 4711.0918 3.97833e-15
 4714.0955 3.88292e-15
 4717.0992 3.83754e-15
 4720.1029 3.71037e-15
 4723.1066 3.57723e-15
 4726.1104 3.53918e-15
 4729.1141 3.42299e-15
 4732.1178 3.35383e-15
 4735.1215 3.19035e-15
 4738.1252 3.18713e-15
 4741.1289 3.10848e-15
 4744.1327 3.01248e-15
 4747.1364 2.99750e-15
 4750.1401 3.01588e-15
 4753.1438 3.00759e-15
 4756.1475 2.95596e-15
 4759.1512 2.93356e-15
 4762.1550 2.93237e-15
 4765.1587 2.92548e-15
 4768.1624 2.94458e-15
 4771.1661 2.99265e-15
 4774.1698 3.03982e-15
 4777.1736 3.09094e-15
 4780.1773 3.15998e-15
 4783.1810 3.20675e-15
 4786.1847 3.23050e-15
 4789.1884 3.24970e-15
 4792.1921 3.32646e-15
 4795.1959 3.36156e-15
 4798.1996 3.42204e-15
 4801.2033 3.45540e-15
 4804.2070 3.45339e-15
 4807.2107 3.41324e-15
 4810.2144 3.36670e-15
 4813.2182 3.24404e-15
 4816.2219 3.20308e-15
 4819.2256 3.12167e-15
 4822.2293 3.04734e-15
 4825.2330 2.96616e-15
 4828.2368 2.90711e-15
 4831.2405 2.82620e-15
 4834.2442 2.72488e-15
 4837.2479 2.69871e-15
 4840.2516 2.66035e-15
 4843.2553 2.64313e-15
 4846.2591 2.59878e-15
 4849.2628 2.59633e-15
 4852.2665 2.54637e-15
 4855.2702 2.54543e-15
 4858.2739 2.55035e-15
 4861.2776 2.53321e-15
 4864.2814 2.47552e-15
 4867.2851 2.50611e-15
 4870.2888 2.53310e-15
 4873.2925 2.54455e-15
 4876.2962 2.53217e-15
 4879.2999 2.59685e-15
 4882.3037 2.66787e-15
 4885.3074 2.69912e-15
 4888.3111 2.71794e-15
 4891.3148 2.79857e-15
 4894.3185 2.89026e-15
 4897.3223 2.94660e-15
 4900.3260 3.04292e-15
 4903.3297 3.17229e-15
 4906.3334 3.35932e-15
 4909.3371 3.32744e-15
 4912.3408 3.30508e-15
 4915.3446 3.43494e-15
 4918.3483 3.54337e-15
 4921.3520 3.52718e-15
 4924.3557 3.53902e-15
 4927.3594 3.55227e-15
 4930.3631 3.58561e-15
 4933.3669 3.55597e-15
 4936.3706 3.51179e-15
 4939.3743 3.48241e-15
 4942.3780 3.47713e-15
 4945.3817 3.49475e-15
 4948.3854 3.40078e-15
 4951.3892 3.43595e-15
 4954.3929 3.43878e-15
 4957.3966 3.32524e-15
 4960.4003 3.29274e-15
 4963.4040 3.27053e-15
 4966.4077 3.17069e-15
 4969.4115 3.20516e-15
 4972.4152 3.14347e-15
 4975.4189 3.06446e-15
 4978.4226 2.95857e-15
 4981.4263 2.95717e-15
 4984.4301 2.98108e-15
 4987.4338 2.95536e-15
 4990.4375 2.95020e-15
 4993.4412 2.91320e-15
 4996.4449 2.88117e-15
 4999.4486 2.87065e-15
 5002.4524 2.89154e-15
 5005.4561 2.89285e-15
 5008.4598 2.86305e-15
 5011.4635 2.88042e-15
 5014.4672 2.93955e-15
 5017.4710 2.94117e-15
 5020.4747 2.88412e-15
 5023.4784 2.86399e-15
 5026.4821 2.88704e-15
 5029.4858 2.90273e-15
 5032.4895 2.90827e-15
 5035.4933 2.94466e-15
 5038.4970 2.93426e-15
 5041.5007 2.94695e-15
 5044.5044 2.98834e-15
 5047.5081 3.07229e-15
 5050.5118 3.05201e-15
 5053.5156 3.10303e-15
 5056.5193 3.14792e-15
 5059.5230 3.10460e-15
 5062.5267 3.09868e-15
 5065.5304 3.11801e-15
 5068.5341 3.16424e-15
 5071.5379 3.24688e-15
 5074.5416 3.30026e-15
 5077.5453 3.28282e-15
 5080.5490 3.33709e-15
 5083.5527 3.42472e-15
 5086.5564 3.42908e-15
 5089.5602 3.41594e-15
 5092.5639 3.42302e-15
 5095.5676 3.42532e-15
 5098.5713 3.42009e-15
 5101.5750 3.41597e-15
 5104.5788 3.43409e-15
 5107.5825 3.50865e-15
 5110.5862 3.50482e-15
 5113.5899 3.46717e-15
 5116.5936 3.47810e-15
 5119.5973 3.51817e-15
 5122.6011 3.57064e-15
 5125.6048 3.56111e-15
 5128.6085 3.70383e-15
 5131.6122 3.72815e-15
 5134.6159 3.69488e-15
 5137.6197 3.68969e-15
 5140.6234 3.75348e-15
 5143.6271 3.68180e-15
 5146.6308 3.72203e-15
 5149.6345 3.81263e-15
 5152.6382 3.80656e-15
 5155.6420 3.83291e-15
 5158.6457 3.80736e-15
 5161.6494 3.82136e-15
 5164.6531 3.87138e-15
 5167.6568 3.93315e-15
 5170.6605 3.89963e-15
 5173.6643 3.84099e-15
 5176.6680 3.91986e-15
 5179.6717 3.99500e-15
 5182.6754 3.97906e-15
 5185.6791 4.01915e-15
 5188.6828 3.99926e-15
 5191.6866 4.12859e-15
 5194.6903 4.19111e-15
 5197.6940 4.15272e-15
 5200.6977 4.24218e-15
 5203.7014 4.18580e-15
 5206.7051 4.15760e-15
 5209.7089 4.15086e-15
 5212.7126 4.22030e-15
 5215.7163 4.19708e-15
 5218.7200 4.23152e-15
 5221.7237 4.16246e-15
 5224.7275 4.17405e-15
 5227.7312 4.16077e-15
 5230.7349 4.10572e-15
 5233.7386 3.96733e-15
 5236.7423 4.02988e-15
 5239.7460 4.04481e-15
 5242.7498 3.85802e-15
 5245.7535 3.73755e-15
 5248.7572 3.59838e-15
 5251.7609 3.55613e-15
 5254.7646 3.52183e-15
 5257.7683 3.48754e-15
 5260.7721 3.37154e-15
 5263.7758 3.23212e-15
 5266.7795 3.24302e-15
 5269.7832 3.10393e-15
 5272.7869 3.02693e-15
 5275.7906 2.97883e-15
 5278.7944 2.97536e-15
 5281.7981 2.95722e-15
 5284.8018 3.01492e-15
 5287.8055 2.96637e-15
 5290.8092 2.95655e-15
 5293.8129 3.01185e-15
 5296.8167 2.99258e-15
 5299.8204 2.98665e-15
 5302.8241 3.09594e-15
 5305.8278 3.00324e-15
 5308.8315 3.06322e-15
 5311.8353 3.08759e-15
 5314.8390 3.12101e-15
 5317.8427 3.10179e-15
 5320.8464 3.12618e-15
 5323.8501 3.08540e-15
 5326.8538 3.09773e-15
 5329.8576 3.08464e-15
 5332.8613 3.08952e-15
 5335.8650 3.04055e-15
 5338.8687 3.07841e-15
 5341.8724 3.11575e-15
 5344.8762 3.10100e-15
 5347.8799 3.03322e-15
 5350.8836 3.06632e-15
 5353.8873 3.12392e-15
 5356.8910 3.14778e-15
 5359.8947 3.13884e-15
 5362.8985 3.19196e-15
 5365.9022 3.20509e-15
 5368.9059 3.20780e-15
 5371.9096 3.25261e-15
 5374.9133 3.14357e-15
 5377.9170 3.05527e-15
 5380.9208 3.12831e-15
 5383.9245 3.06304e-15
 5386.9282 3.09709e-15
 5389.9319 3.05488e-15
 5392.9356 3.06372e-15
 5395.9393 3.01028e-15
 5398.9431 3.10291e-15
 5401.9468 3.06922e-15
 5404.9505 3.01404e-15
 5407.9542 3.03306e-15
 5410.9579 2.97208e-15
 5413.9616 2.97455e-15
 5416.9654 2.97040e-15
 5419.9691 2.95951e-15
 5422.9728 2.86095e-15
 5425.9765 2.83239e-15
 5428.9802 2.78484e-15
 5431.9840 2.71768e-15
 5434.9877 2.69294e-15
 5437.9914 2.63032e-15
 5440.9951 2.64414e-15
 5443.9988 2.58661e-15
 5447.0025 2.56383e-15
 5450.0063 2.50992e-15
 5453.0100 2.44384e-15
 5456.0137 2.49221e-15
 5459.0174 2.47228e-15
 5462.0211 2.36225e-15
 5465.0249 2.31435e-15
 5468.0286 2.34095e-15
 5471.0323 2.35457e-15
 5474.0360 2.35972e-15
 5477.0397 2.30523e-15
 5480.0434 2.34787e-15
 5483.0472 2.46912e-15
 5486.0509 2.44533e-15
 5489.0546 2.44311e-15
 5492.0583 2.56803e-15
 5495.0620 2.56718e-15
 5498.0657 2.67152e-15
 5501.0695 2.78068e-15
 5504.0732 2.81518e-15
 5507.0769 2.91404e-15
 5510.0806 2.91839e-15
 5513.0843 2.89550e-15
 5516.0880 2.91713e-15
 5519.0918 2.94842e-15
 5522.0955 2.93788e-15
 5525.0992 2.98613e-15
 5528.1029 3.05917e-15
 5531.1066 3.04310e-15
 5534.1103 2.98612e-15
 5537.1141 3.04179e-15
 5540.1178 3.07991e-15
 5543.1215 3.13996e-15
 5546.1252 3.13514e-15
 5549.1289 3.15349e-15
 5552.1327 3.13536e-15
 5555.1364 3.14658e-15
 5558.1401 3.14745e-15
 5561.1438 3.11043e-15
 5564.1475 3.07993e-15
 5567.1512 3.02721e-15
 5570.1550 3.04756e-15
 5573.1587 3.06351e-15
 5576.1624 3.09880e-15
 5579.1661 3.09092e-15
 5582.1698 2.99710e-15
 5585.1735 3.03795e-15
 5588.1773 3.06270e-15
 5591.1810 2.96398e-15
 5594.1847 3.00352e-15
 5597.1884 2.93099e-15
 5600.1921 2.86736e-15
 5603.1958 2.93646e-15
 5606.1996 3.01963e-15
 5609.2033 2.95372e-15
 5612.2070 2.95070e-15
 5615.2107 2.90489e-15
 5618.2144 2.88154e-15
 5621.2181 2.83360e-15
 5624.2219 2.85888e-15
 5627.2256 2.78354e-15
 5630.2293 2.79503e-15
 5633.2330 2.82911e-15
 5636.2367 2.74632e-15
 5639.2405 2.82649e-15
 5642.2442 2.74941e-15
 5645.2479 2.68568e-15
 5648.2516 2.71625e-15
 5651.2553 2.76638e-15
 5654.2590 2.72061e-15
 5657.2628 2.67933e-15
 5660.2665 2.69487e-15
 5663.2702 2.66419e-15
 5666.2739 2.62118e-15
 5669.2776 2.68683e-15
 5672.2814 2.74555e-15
 5675.2851 2.66180e-15
 5678.2888 2.58560e-15
 5681.2925 2.66113e-15
 5684.2962 2.61864e-15
 5687.2999 2.57397e-15
 5690.3037 2.60218e-15
 5693.3074 2.62370e-15
 5696.3111 2.57671e-15
 5699.3148 2.52160e-15
 5702.3185 2.51369e-15
 5705.3222 2.53145e-15
 5708.3260 2.53779e-15
 5711.3297 2.46210e-15
 5714.3334 2.40523e-15
 5717.3371 2.40905e-15
 5720.3408 2.44388e-15
 5723.3445 2.40128e-15
 5726.3483 2.34249e-15
 5729.3520 2.34604e-15
 5732.3557 2.30384e-15
 5735.3594 2.27572e-15
 5738.3631 2.25862e-15
 5741.3668 2.27483e-15
 5744.3706 2.30180e-15
 5747.3743 2.23601e-15
 5750.3780 2.29210e-15
 5753.3817 2.30939e-15
 5756.3854 2.30059e-15
 5759.3892 2.29930e-15
 5762.3929 2.34072e-15
 5765.3966 2.36302e-15
 5768.4003 2.34656e-15
 5771.4040 2.35844e-15
 5774.4077 2.38496e-15
 5777.4115 2.46759e-15
 5780.4152 2.45814e-15
 5783.4189 2.49820e-15
 5786.4226 2.56119e-15
 5789.4263 2.58634e-15
 5792.4301 2.63193e-15
 5795.4338 2.56894e-15
 5798.4375 2.67978e-15
 5801.4412 2.73744e-15
 5804.4449 2.77264e-15
 5807.4486 2.84492e-15
 5810.4524 2.87837e-15
 5813.4561 2.82176e-15
 5816.4598 2.76894e-15
 5819.4635 2.90113e-15
 5822.4672 2.93871e-15
 5825.4709 2.96407e-15
 5828.4747 2.98432e-15
 5831.4784 3.05042e-15
 5834.4821 3.05956e-15
 5837.4858 3.08278e-15
 5840.4895 3.18906e-15
 5843.4932 3.06931e-15
 5846.4970 3.06484e-15
 5849.5007 3.14729e-15
 5852.5044 3.13269e-15
 5855.5081 3.13638e-15
 5858.5118 3.15305e-15
 5861.5155 3.20323e-15
 5864.5193 3.18249e-15
 5867.5230 3.23878e-15
 5870.5267 3.14838e-15
 5873.5304 3.09631e-15
 5876.5341 3.17249e-15
 5879.5379 3.18938e-15
 5882.5416 3.11461e-15
 5885.5453 3.07348e-15
 5888.5490 3.06045e-15
 5891.5527 3.08718e-15
 5894.5564 3.01087e-15
 5897.5602 2.98803e-15
 5900.5639 2.96496e-15
 5903.5676 2.95256e-15
 5906.5713 2.94415e-15
 5909.5750 2.92456e-15
 5912.5787 2.95757e-15
 5915.5825 2.92871e-15
 5918.5862 2.88256e-15
 5921.5899 2.81005e-15
 5924.5936 2.87249e-15
 5927.5973 2.93283e-15
 5930.6010 2.89735e-15
 5933.6048 2.88280e-15
 5936.6085 2.86852e-15
 5939.6122 2.85448e-15
 5942.6159 2.83774e-15
 5945.6196 2.82748e-15
 5948.6233 2.74484e-15
 5951.6271 2.67990e-15
 5954.6308 2.73173e-15
 5957.6345 2.77904e-15
 5960.6382 2.74763e-15
 5963.6419 2.81616e-15
 5966.6457 2.74339e-15
 5969.6494 2.70312e-15
 5972.6531 2.71966e-15
 5975.6568 2.66939e-15
 5978.6605 2.72085e-15
 5981.6642 2.71260e-15
 5984.6680 2.58699e-15
 5987.6717 2.60994e-15
 5990.6754 2.57366e-15
 5993.6791 2.48879e-15
 5996.6828 2.50445e-15
 5999.6866 2.51768e-15
 6002.6903 2.40409e-15
 6005.6940 2.46698e-15
 6008.6977 2.47065e-15
 6011.7014 2.44257e-15
 6014.7051 2.40194e-15
 6017.7089 2.49493e-15
 6020.7126 2.46104e-15
 6023.7163 2.45889e-15
 6026.7200 2.41904e-15
 6029.7237 2.33210e-15
 6032.7274 2.42099e-15
 6035.7312 2.40330e-15
 6038.7349 2.32573e-15
 6041.7386 2.36597e-15
 6044.7423 2.34482e-15
 6047.7460 2.30210e-15
 6050.7497 2.23334e-15
 6053.7535 2.16284e-15
 6056.7572 2.08363e-15
 6059.7609 1.93189e-15
 6062.7646 1.84937e-15
 6065.7683 1.78039e-15
 6068.7720 1.68807e-15
 6071.7758 1.63873e-15
 6074.7795 1.57271e-15
 6077.7832 1.46662e-15
 6080.7869 1.39936e-15
 6083.7906 1.34425e-15
 6086.7944 1.25377e-15
 6089.7981 1.25248e-15
 6092.8018 1.23872e-15
 6095.8055 1.19536e-15
 6098.8092 1.13592e-15
 6101.8129 1.09397e-15
 6104.8167 1.09466e-15
 6107.8204 1.05651e-15
 6110.8241 9.89752e-16
 6113.8278 9.72732e-16
 6116.8315 9.87366e-16
 6119.8353 9.60077e-16
 6122.8390 9.42625e-16
 6125.8427 9.09014e-16
 6128.8464 9.05808e-16
 6131.8501 9.06347e-16
 6134.8538 9.17200e-16
 6137.8576 9.13061e-16
 6140.8613 9.10484e-16
 6143.8650 9.21109e-16
 6146.8687 8.95318e-16
 6149.8724 9.25308e-16
 6152.8761 9.56988e-16
 6155.8799 9.52883e-16
 6158.8836 9.65949e-16
 6161.8873 9.95742e-16
 6164.8910 1.04695e-15
 6167.8947 1.05518e-15
 6170.8984 1.06663e-15
 6173.9022 1.10029e-15
 6176.9059 1.18294e-15
 6179.9096 1.18782e-15
 6182.9133 1.20106e-15
 6185.9170 1.25354e-15
 6188.9207 1.27054e-15
 6191.9245 1.34289e-15
 6194.9282 1.43510e-15
 6197.9319 1.48251e-15
 6200.9356 1.50319e-15
 6203.9393 1.49581e-15
 6206.9431 1.51997e-15
 6209.9468 1.67220e-15
 6212.9505 1.64787e-15
 6215.9542 1.64787e-15
 6218.9579 1.72703e-15
 6221.9616 1.78283e-15
 6224.9654 1.79237e-15
 6227.9691 1.78444e-15
 6230.9728 1.82074e-15
 6233.9765 1.86789e-15
 6236.9802 1.86883e-15
 6239.9839 1.91641e-15
 6242.9877 1.98829e-15
 6245.9914 1.95148e-15
 6248.9951 1.93117e-15
 6251.9988 2.00830e-15
 6255.0025 2.02586e-15
 6258.0062 1.99690e-15
 6261.0100 2.01712e-15
 6264.0137 1.99815e-15
 6267.0174 2.04294e-15
 6270.0211 2.05098e-15
 6273.0248 2.09988e-15
 6276.0286 2.12770e-15
 6279.0323 2.06474e-15
 6282.0360 2.06996e-15
 6285.0397 2.10780e-15
 6288.0434 2.08507e-15
 6291.0471 2.04170e-15
 6294.0509 2.10707e-15
 6297.0546 2.13394e-15
 6300.0583 2.13765e-15
 6303.0620 2.13311e-15
 6306.0657 2.12628e-15
 6309.0694 2.10347e-15
 6312.0732 2.08006e-15
 6315.0769 2.07238e-15
 6318.0806 2.10525e-15
 6321.0843 2.06632e-15
 6324.0880 2.08665e-15
 6327.0918 2.00585e-15
 6330.0955 2.03742e-15
 6333.0992 2.07393e-15
 6336.1029 2.08034e-15
 6339.1066 2.03531e-15
 6342.1103 2.07732e-15
 6345.1141 2.06503e-15
 6348.1178 2.07902e-15
 6351.1215 2.08597e-15
 6354.1252 2.09131e-15
 6357.1289 2.04878e-15
 6360.1326 2.05218e-15
 6363.1364 2.06440e-15
 6366.1401 2.01722e-15
 6369.1438 2.04708e-15
 6372.1475 2.07533e-15
 6375.1512 2.03921e-15
 6378.1549 2.01424e-15
 6381.1587 2.02783e-15
 6384.1624 2.09247e-15
 6387.1661 2.03980e-15
 6390.1698 1.99815e-15
 6393.1735 1.99507e-15
 6396.1772 2.02329e-15
 6399.1810 2.08600e-15
 6402.1847 2.13071e-15
 6405.1884 2.09979e-15
 6408.1921 2.07930e-15
 6411.1958 2.06349e-15
 6414.1996 2.05204e-15
 6417.2033 2.02145e-15
 6420.2070 2.03171e-15
 6423.2107 2.11409e-15
 6426.2144 2.08282e-15
 6429.2181 2.08138e-15
 6432.2219 2.05780e-15
 6435.2256 2.01744e-15
 6438.2293 2.02973e-15
 6441.2330 2.02450e-15
 6444.2367 2.05885e-15
 6447.2405 2.05595e-15
 6450.2442 2.02176e-15
 6453.2479 2.01685e-15
 6456.2516 1.99250e-15
 6459.2553 1.97351e-15
 6462.2590 1.90391e-15
 6465.2628 1.95463e-15
 6468.2665 1.99156e-15
 6471.2702 1.96535e-15
 6474.2739 1.95001e-15
 6477.2776 1.97806e-15
 6480.2813 1.98077e-15
 6483.2851 1.97103e-15
 6486.2888 1.92997e-15
 6489.2925 1.94312e-15
 6492.2962 1.98618e-15
 6495.2999 1.96647e-15
 6498.3036 1.93449e-15
 6501.3074 1.92416e-15
 6504.3111 1.94724e-15
 6507.3148 1.93174e-15
 6510.3185 1.90527e-15
 6513.3222 1.90931e-15
 6516.3259 1.84756e-15
 6519.3297 1.84288e-15
 6522.3334 1.84346e-15
 6525.3371 1.81374e-15
 6528.3408 1.82922e-15
 6531.3445 1.84420e-15
 6534.3483 1.84355e-15
 6537.3520 1.79182e-15
 6540.3557 1.75366e-15
 6543.3594 1.76237e-15
 6546.3631 1.78613e-15
 6549.3668 1.78206e-15
 6552.3706 1.73611e-15
 6555.3743 1.74181e-15
 6558.3780 1.73324e-15
 6561.3817 1.66069e-15
 6564.3854 1.66652e-15
 6567.3891 1.72895e-15
 6570.3929 1.72537e-15
 6573.3966 1.66331e-15
 6576.4003 1.59736e-15
 6579.4040 1.65462e-15
 6582.4077 1.59686e-15
 6585.4114 1.53660e-15
 6588.4152 1.52314e-15
 6591.4189 1.56763e-15
 6594.4226 1.57515e-15
 6597.4263 1.56268e-15
 6600.4300 1.57106e-15
 6603.4338 1.53697e-15
 6606.4375 1.53715e-15
 6609.4412 1.49128e-15
 6612.4449 1.47752e-15
 6615.4486 1.48923e-15
 6618.4523 1.47836e-15
 6621.4561 1.48414e-15
 6624.4598 1.46120e-15
 6627.4635 1.44117e-15
 6630.4672 1.45470e-15
 6633.4709 1.44140e-15
 6636.4746 1.43904e-15
 6639.4784 1.40313e-15
 6642.4821 1.44005e-15
 6645.4858 1.44086e-15
 6648.4895 1.43836e-15
 6651.4932 1.40293e-15
 6654.4970 1.36002e-15
 6657.5007 1.32914e-15
 6660.5044 1.32383e-15
 6663.5081 1.31364e-15
 6666.5118 1.30969e-15
 6669.5155 1.34151e-15
 6672.5193 1.32840e-15
 6675.5230 1.28987e-15
 6678.5267 1.27899e-15
 6681.5304 1.28279e-15
 6684.5341 1.27389e-15
 6687.5378 1.24651e-15
 6690.5416 1.23970e-15
 6693.5453 1.25821e-15
 6696.5490 1.25749e-15
 6699.5527 1.21186e-15
 6702.5564 1.21904e-15
 6705.5601 1.23742e-15
 6708.5639 1.17324e-15
 6711.5676 1.19065e-15
 6714.5713 1.24292e-15
 6717.5750 1.18579e-15
 6720.5787 1.16537e-15
 6723.5824 1.17867e-15
 6726.5862 1.14659e-15
 6729.5899 1.14094e-15
 6732.5936 1.19566e-15
 6735.5973 1.17699e-15
 6738.6010 1.09671e-15
 6741.6048 1.11804e-15
 6744.6085 1.15204e-15
 6747.6122 1.11193e-15
 6750.6159 1.04935e-15
 6753.6196 1.05270e-15
 6756.6233 1.07112e-15
 6759.6271 1.10308e-15
 6762.6308 1.15033e-15
 6765.6345 1.11386e-15
 6768.6382 1.10100e-15
 6771.6419 1.04118e-15
 6774.6457 1.05677e-15
 6777.6494 1.05569e-15
 6780.6531 1.05460e-15
 6783.6568 1.05352e-15
 6786.6605 1.05244e-15
 6789.6642 1.05136e-15
 6792.6680 1.05028e-15
 6795.6717 1.06634e-15
 6798.6754 1.09158e-15
 6801.6791 1.08043e-15
 6804.6828 1.05068e-15
 6807.6865 1.01206e-15
 6810.6903 9.83356e-16
 6813.6940 1.01145e-15
 6816.6977 1.01196e-15
 6819.7014 9.88172e-16
 6822.7051 9.97621e-16
 6825.7088 9.96007e-16
 6828.7126 1.02929e-15
 6831.7163 1.01987e-15
 6834.7200 1.04089e-15
 6837.7237 1.04411e-15
 6840.7274 1.01975e-15
 6843.7311 1.01754e-15
 6846.7349 1.03707e-15
 6849.7386 1.03125e-15
 6852.7423 9.92341e-16
 6855.7460 9.93278e-16
 6858.7497 9.89281e-16
 6861.7535 9.70718e-16
 6864.7572 9.84423e-16
 6867.7609 9.81990e-16
 6870.7646 9.66607e-16
 6873.7683 9.68978e-16
 6876.7720 9.93393e-16
 6879.7758 1.02405e-15
 6882.7795 9.67676e-16
 6885.7832 9.53530e-16
 6888.7869 9.37554e-16
 6891.7906 9.53555e-16
 6894.7943 9.46639e-16
 6897.7981 9.47654e-16
 6900.8018 9.52866e-16
 6903.8055 9.55615e-16
 6906.8092 9.20556e-16
 6909.8129 9.13449e-16
 6912.8166 9.27845e-16
 6915.8204 9.34852e-16
 6918.8241 9.08900e-16
 6921.8278 9.30470e-16
 6924.8315 9.13842e-16
 6927.8352 9.15173e-16
 6930.8390 9.35516e-16
 6933.8427 8.83626e-16
 6936.8464 9.08198e-16
 6939.8501 9.20408e-16
 6942.8538 9.09874e-16
 6945.8575 8.80184e-16
 6948.8613 8.97886e-16
 6951.8650 8.86314e-16
 6954.8687 8.65567e-16
 6957.8724 9.07585e-16
 6960.8761 8.91234e-16
 6963.8798 8.65608e-16
 6966.8836 8.89485e-16
 6969.8873 8.75909e-16
 6972.8910 8.77931e-16
 6975.8947 8.35177e-16
 6978.8984 8.43257e-16
 6981.9022 8.78447e-16
 6984.9059 8.64700e-16
 6987.9096 8.52247e-16
 6990.9133 8.68572e-16
 6993.9170 8.53402e-16
 6996.9207 8.33157e-16
 6999.9245 8.22805e-16
 7002.9282 7.97033e-16
 7005.9319 8.24318e-16
 7008.9356 8.44328e-16
 7011.9393 8.73200e-16
 7014.9430 8.24147e-16
 7017.9468 8.06105e-16
 7020.9505 8.14333e-16
 7023.9542 8.39893e-16
 7026.9579 7.87777e-16
 7029.9616 7.92042e-16
 7032.9653 7.86304e-16
 7035.9691 8.04289e-16
 7038.9728 8.22967e-16
 7041.9765 8.11223e-16
 7044.9802 8.30374e-16
 7047.9839 8.40859e-16
 7050.9876 7.88811e-16
 7053.9914 7.83836e-16
 7056.9951 8.07229e-16
 7059.9988 8.13376e-16
 7063.0025 7.72827e-16
 7066.0062 7.43369e-16
 7069.0100 7.83221e-16
 7072.0137 7.69217e-16
 7075.0174 7.80844e-16
 7078.0211 7.88834e-16
 7081.0248 7.72667e-16
 7084.0285 7.58732e-16
 7087.0323 7.44766e-16
 7090.0360 7.99847e-16
 7093.0397 8.20807e-16
 7096.0434 7.57622e-16
 7099.0471 7.47990e-16
 7102.0509 7.83429e-16
 7105.0546 7.76739e-16
 7108.0583 7.81062e-16
 7111.0620 7.61931e-16
 7114.0657 7.61784e-16
 7117.0694 7.25256e-16
 7120.0732 7.17031e-16
 7123.0769 7.54278e-16
 7126.0806 7.57985e-16
 7129.0843 7.90614e-16
 7132.0880 7.83378e-16
 7135.0917 7.63171e-16
 7138.0955 7.40682e-16
 7141.0992 7.79102e-16
 7144.1029 7.51700e-16
 7147.1066 7.32567e-16
 7150.1103 7.60624e-16
 7153.1140 7.37101e-16
 7156.1178 7.28975e-16
 7159.1215 7.39447e-16
 7162.1252 7.07116e-16
 7165.1289 7.02140e-16
 7168.1326 7.08813e-16
 7171.1363 7.31279e-16
 7174.1401 7.10094e-16
 7177.1438 7.31280e-16
 7180.1475 6.95916e-16
 7183.1512 7.32353e-16
 7186.1549 6.98621e-16
 7189.1587 6.74524e-16
 7192.1624 7.13868e-16
 7195.1661 7.31875e-16
 7198.1698 7.12309e-16
 7201.1735 7.05165e-16
 7204.1772 7.24060e-16
 7207.1810 7.24409e-16
 7210.1847 6.94022e-16
 7213.1884 7.09028e-16
 7216.1921 7.06448e-16
 7219.1958 7.10933e-16
 7222.1995 7.04245e-16
 7225.2033 7.22460e-16
 7228.2070 7.09194e-16
 7231.2107 7.05552e-16
 7234.2144 7.26961e-16
 7237.2181 7.37094e-16
 7240.2218 6.96560e-16
 7243.2256 6.82677e-16
 7246.2293 7.16161e-16
 7249.2330 7.25254e-16
 7252.2367 7.13784e-16
 7255.2404 6.90149e-16
 7258.2442 7.14824e-16
 7261.2479 7.12780e-16
 7264.2516 6.86127e-16
 7267.2553 7.07779e-16
 7270.2590 6.93661e-16
 7273.2627 7.07256e-16
 7276.2665 7.14364e-16
 7279.2702 7.03646e-16
 7282.2739 6.91175e-16
 7285.2776 6.74440e-16
 7288.2813 6.99105e-16
 7291.2850 7.14626e-16
 7294.2888 6.76515e-16
 7297.2925 6.92083e-16
 7300.2962 6.84191e-16
 7303.2999 6.74883e-16
 7306.3036 6.79945e-16
 7309.3074 6.77203e-16
 7312.3111 6.59290e-16
 7315.3148 6.30570e-16
 7318.3185 6.55465e-16
 7321.3222 6.56631e-16
 7324.3259 6.35511e-16
 7327.3297 6.38901e-16
 7330.3334 5.99458e-16
 7333.3371 6.09644e-16
 7336.3408 6.07894e-16
 7339.3445 6.01427e-16
 7342.3482 5.99054e-16
 7345.3520 6.11824e-16
 7348.3557 5.96052e-16
 7351.3594 5.87557e-16
 7354.3631 5.98951e-16
 7357.3668 6.07527e-16
 7360.3705 5.91105e-16
 7363.3743 6.06186e-16
 7366.3780 5.82624e-16
 7369.3817 5.77520e-16
 7372.3854 5.81442e-16
 7375.3891 5.80034e-16
 7378.3928 5.82398e-16
 7381.3966 5.80499e-16
 7384.4003 5.61645e-16
 7387.4040 5.59353e-16
 7390.4077 5.54005e-16
 7393.4114 5.52991e-16
 7396.4152 5.50912e-16
 7399.4189 5.82746e-16
 7402.4226 5.63717e-16
 7405.4263 5.53530e-16
 7408.4300 5.23854e-16
 7411.4337 5.43718e-16
 7414.4375 5.50034e-16
 7417.4412 5.26560e-16
 7420.4449 4.96625e-16
 7423.4486 5.17239e-16
 7426.4523 4.96058e-16
 7429.4561 4.54521e-16
 7432.4598 4.39680e-16
 7435.4635 4.35970e-16
 7438.4672 4.50714e-16
 7441.4709 4.20711e-16
 7444.4746 4.23444e-16
 7447.4784 4.28122e-16
 7450.4821 4.12630e-16
 7453.4858 4.15790e-16
 7456.4895 4.14036e-16
 7459.4932 4.09920e-16
 7462.4969 4.14152e-16
 7465.5007 4.11969e-16
 7468.5044 4.23455e-16
 7471.5081 4.42250e-16
 7474.5118 4.22484e-16
 7477.5155 4.13235e-16
 7480.5192 4.40708e-16
 7483.5230 4.18389e-16
 7486.5267 4.35044e-16
 7489.5304 4.54451e-16
 7492.5341 4.39542e-16
 7495.5378 4.80660e-16
 7498.5415 4.59456e-16
 7501.5453 3.61887e-16
 7504.5490 3.22751e-16
 7507.5527 2.71009e-16
 7510.5564 2.36817e-16
 7513.5601 2.42941e-16
 7516.5639 2.75473e-16
 7519.5676 3.31839e-16
 7522.5713 4.16489e-16
 7525.5750 4.61796e-16
 7528.5787 3.95858e-16
 7531.5824 3.65261e-16
 7534.5862 3.43988e-16
 7537.5899 3.61278e-16
 7540.5936 3.61580e-16
 7543.5973 3.71396e-16
 7546.6010 4.00358e-16
 7549.6047 3.85834e-16
 7552.6085 4.34859e-16
 7555.6122 4.35862e-16
 7558.6159 4.42918e-16
 7561.6196 4.54641e-16
 7564.6233 4.66237e-16
 7567.6270 4.76182e-16
 7570.6308 5.06308e-16
 7573.6345 5.27142e-16
 7576.6382 5.08313e-16
 7579.6419 5.06493e-16
 7582.6456 4.97045e-16
 7585.6494 5.12989e-16
 7588.6531 5.21615e-16
 7591.6568 5.31453e-16
 7594.6605 5.36601e-16
 7597.6642 5.66993e-16
 7600.6679 5.81393e-16
 7603.6717 5.43532e-16
 7606.6754 5.62649e-16
 7609.6791 5.52107e-16
 7612.6828 5.35691e-16
 7615.6865 5.58457e-16
 7618.6902 5.37525e-16
 7621.6940 5.37505e-16
 7624.6977 5.63949e-16
 7627.7014 5.75604e-16
 7630.7051 5.71649e-16
 7633.7088 5.58630e-16
 7636.7126 5.70075e-16
 7639.7163 5.80674e-16
 7642.7200 5.61318e-16
 7645.7237 5.70419e-16
 7648.7274 5.67329e-16
 7651.7311 5.68997e-16
 7654.7349 6.04723e-16
 7657.7386 5.72960e-16
 7660.7423 5.87948e-16
 7663.7460 5.69067e-16
 7666.7497 5.87990e-16
 7669.7534 6.26527e-16
 7672.7572 5.78055e-16
 7675.7609 5.58703e-16
 7678.7646 5.80494e-16
 7681.7683 5.60465e-16
 7684.7720 5.90624e-16
 7687.7757 5.95014e-16
 7690.7795 5.88637e-16
 7693.7832 5.86017e-16
 7696.7869 5.85483e-16
 7699.7906 5.67140e-16
 7702.7943 6.02181e-16
 7705.7980 6.00502e-16
 7708.8018 5.78330e-16
 7711.8055 6.07774e-16
 7714.8092 6.00515e-16
 7717.8129 5.91315e-16
 7720.8166 5.73617e-16
 7723.8204 6.04622e-16
 7726.8241 6.11172e-16
 7729.8278 5.76111e-16
 7732.8315 6.03262e-16
 7735.8352 5.94276e-16
 7738.8389 5.89713e-16
 7741.8427 5.95219e-16
 7744.8464 5.82902e-16
 7747.8501 6.08271e-16
 7750.8538 6.49931e-16
 7753.8575 6.16341e-16
 7756.8613 6.02560e-16
 7759.8650 6.62182e-16
 7762.8687 6.38892e-16
 7765.8724 5.72743e-16
 7768.8761 5.75968e-16
 7771.8798 6.18697e-16
 7774.8836 6.05061e-16
 7777.8873 6.30599e-16
 7780.8910 6.17203e-16
 7783.8947 6.37101e-16
 7786.8984 6.11497e-16
 7789.9021 6.30825e-16
 7792.9059 6.15928e-16
 7795.9096 6.02279e-16
 7798.9133 6.07185e-16
 7801.9170 5.93944e-16
 7804.9207 6.37040e-16
 7807.9244 6.34293e-16
 7810.9282 6.28362e-16
 7813.9319 6.64120e-16
 7816.9356 6.60114e-16
 7819.9393 6.72741e-16
 7822.9430 6.40110e-16
 7825.9467 6.36591e-16
 7828.9505 6.07556e-16
 7831.9542 6.35700e-16
 7834.9579 6.56156e-16
 7837.9616 6.34166e-16
 7840.9653 6.19531e-16
 7843.9691 6.07128e-16
 7846.9728 6.26192e-16
 7849.9765 6.66566e-16
 7852.9802 6.32842e-16
 7855.9839 6.28659e-16
 7858.9876 6.66910e-16
 7861.9914 6.48651e-16
 7864.9951 6.08895e-16
 7867.9988 6.21873e-16
 7871.0025 6.23255e-16
 7874.0062 6.44862e-16
 7877.0099 6.79871e-16
 7880.0137 6.24423e-16
 7883.0174 6.29207e-16
 7886.0211 6.16741e-16
 7889.0248 6.20204e-16
 7892.0285 6.41458e-16
 7895.0322 6.55525e-16
 7898.0360 6.09359e-16
 7901.0397 6.18301e-16
 7904.0434 6.49424e-16
 7907.0471 6.19224e-16
 7910.0508 6.44577e-16
 7913.0546 6.45569e-16
 7916.0583 6.33099e-16
 7919.0620 6.21225e-16
 7922.0657 6.26318e-16
 7925.0694 6.09216e-16
 7928.0731 5.90916e-16
 7931.0769 6.12945e-16
 7934.0806 6.02961e-16
 7937.0843 5.58989e-16
 7940.0880 5.74654e-16
 7943.0917 5.72397e-16
 7946.0954 6.01043e-16
 7949.0992 6.52084e-16
 7952.1029 6.23212e-16
 7955.1066 6.03509e-16
 7958.1103 5.84130e-16
 7961.1140 5.98705e-16
 7964.1178 5.61507e-16
 7967.1215 5.61892e-16
 7970.1252 5.65168e-16
 7973.1289 6.07906e-16
 7976.1326 5.76280e-16
 7979.1363 5.65151e-16
 7982.1401 6.03803e-16
 7985.1438 5.77821e-16
 7988.1475 5.66428e-16
 7991.1512 5.55192e-16
 7994.1549 6.09524e-16
 7997.1586 5.59710e-16
 8000.1624 4.96099e-16
 8003.1661 5.34815e-16
 8006.1698 5.76048e-16
 8009.1735 5.08864e-16
 8012.1772 5.25859e-16
 8015.1809 5.26537e-16
 8018.1847 5.26999e-16
 8021.1884 5.58947e-16
 8024.1921 5.50865e-16
 8027.1958 4.96782e-16
 8030.1995 5.01790e-16
 8033.2032 4.96519e-16
 8036.2070 5.26616e-16
 8039.2107 4.97221e-16
 8042.2144 5.09751e-16
 8045.2181 5.01498e-16
 8048.2218 4.81771e-16
 8051.2256 4.83084e-16
 8054.2293 4.72404e-16
 8057.2330 5.05074e-16
 8060.2367 4.78639e-16
 8063.2404 4.48376e-16
 8066.2441 4.63638e-16
 8069.2479 4.79810e-16
 8072.2516 4.88931e-16
 8075.2553 4.79583e-16
 8078.2590 4.69259e-16
 8081.2627 4.61823e-16
 8084.2665 4.82556e-16
 8087.2702 4.51269e-16
 8090.2739 4.68591e-16
 8093.2776 4.73027e-16
 8096.2813 4.63052e-16
 8099.2850 4.62724e-16
 8102.2888 4.90116e-16
 8105.2925 4.82818e-16
 8108.2962 4.69761e-16
 8111.2999 4.60275e-16
 8114.3036 4.48585e-16
 8117.3073 4.36505e-16
 8120.3111 4.60353e-16
 8123.3148 4.37997e-16
 8126.3185 4.28379e-16
 8129.3222 4.12283e-16
 8132.3259 4.34462e-16
 8135.3296 4.39158e-16
 8138.3334 4.34232e-16
 8141.3371 4.29461e-16
 8144.3408 3.91669e-16
 8147.3445 4.17065e-16
 8150.3482 4.60525e-16
 8153.3519 3.88272e-16
 8156.3557 3.61777e-16
 8159.3594 3.96229e-16
 8162.3631 3.72886e-16
 8165.3668 3.87951e-16
 8168.3705 4.13726e-16
 8171.3743 3.31826e-16
 8174.3780 3.42211e-16
 8177.3817 3.66968e-16
 8180.3854 3.49388e-16
 8183.3891 3.36615e-16
 8186.3928 3.08596e-16
 8189.3966 3.21353e-16
 8192.4003 3.28309e-16
 8195.4040 3.29085e-16
 8198.4077 3.16594e-16
 8201.4114 3.46272e-16
 8204.4151 3.21840e-16
 8207.4189 3.09892e-16
 8210.4226 3.32188e-16
 8213.4263 3.31746e-16
 8216.4300 3.07674e-16
 8219.4337 3.01276e-16
 8222.4374 3.30900e-16
 8225.4412 3.25302e-16
 8228.4449 3.08979e-16
 8231.4486 3.15256e-16
 8234.4523 3.31656e-16
 8237.4560 3.24706e-16
 8240.4598 3.23778e-16
 8243.4635 3.27235e-16
 8246.4672 3.09223e-16
 8249.4709 3.23055e-16
 8252.4746 3.17339e-16
 8255.4783 3.54830e-16
 8258.4821 3.53452e-16
 8261.4858 3.59769e-16
 8264.4895 3.33031e-16
 8267.4932 3.17844e-16
 8270.4969 3.44288e-16
 8273.5006 3.25028e-16
 8276.5044 3.33322e-16
 8279.5081 3.93098e-16
 8282.5118 3.74951e-16
 8285.5155 3.53334e-16
 8288.5192 3.36567e-16
 8291.5230 3.48967e-16
 8294.5267 3.76532e-16
 8297.5304 3.52066e-16
 8300.5341 3.41041e-16
 8303.5378 3.38084e-16
 8306.5415 3.73073e-16
 8309.5453 3.61647e-16
 8312.5490 3.32604e-16
 8315.5527 3.46708e-16
 8318.5564 3.19223e-16
 8321.5601 3.35863e-16
 8324.5638 3.67697e-16
 8327.5676 3.64693e-16
 8330.5713 3.71109e-16
 8333.5750 3.66490e-16
 8336.5787 3.29584e-16
 8339.5824 3.23868e-16
 8342.5861 3.47717e-16
 8345.5899 3.72383e-16
 8348.5936 3.62846e-16
 8351.5973 3.86963e-16
 8354.6010 3.72000e-16
 8357.6047 3.61527e-16
 8360.6084 3.76924e-16
 8363.6122 4.15184e-16
 8366.6159 3.85794e-16
 8369.6196 3.32966e-16
 8372.6233 3.55370e-16
 8375.6270 3.83093e-16
 8378.6308 3.79602e-16
 8381.6345 3.72545e-16
 8384.6382 4.18536e-16
 8387.6419 3.82556e-16
 8390.6456 4.08556e-16
 8393.6493 4.14312e-16
 8396.6531 4.22574e-16
 8399.6568 4.37456e-16
 8402.6605 4.55474e-16
 8405.6642 4.20234e-16
 8408.6679 4.14882e-16
 8411.6717 4.24439e-16
 8414.6754 4.76213e-16
 8417.6791 4.53468e-16
 8420.6828 4.89023e-16
 8423.6865 4.79698e-16
 8426.6902 4.73036e-16
 8429.6940 5.19973e-16
 8432.6977 4.88228e-16
 8435.7014 5.14027e-16
 8438.7051 5.24332e-16
 8441.7088 5.18614e-16
 8444.7125 5.40265e-16
 8447.7163 5.72987e-16
 8450.7200 5.33750e-16
 8453.7237 5.58538e-16
 8456.7274 5.71646e-16
 8459.7311 5.53644e-16
 8462.7348 5.53912e-16
 8465.7386 5.40529e-16
 8468.7423 5.77479e-16
 8471.7460 5.72224e-16
 8474.7497 5.37897e-16
 8477.7534 5.32098e-16
 8480.7571 5.52437e-16
 8483.7609 5.59771e-16
 8486.7646 5.99161e-16
 8489.7683 6.04485e-16
 8492.7720 6.11926e-16
 8495.7757 5.63155e-16
 8498.7795 5.95864e-16
 8501.7832 6.24958e-16
 8504.7869 6.53674e-16
 8507.7906 6.10135e-16
 8510.7943 6.11021e-16
 8513.7980 6.07873e-16
 8516.8018 6.06752e-16
 8519.8055 6.36283e-16
 8522.8092 6.27908e-16
 8525.8129 6.63786e-16
 8528.8166 6.92562e-16
 8531.8203 6.67399e-16
 8534.8241 6.71365e-16
 8537.8278 7.81420e-16
 8540.8315 7.89233e-16
 8543.8352 6.45102e-16
 8546.8389 6.73266e-16
 8549.8426 6.50961e-16
 8552.8464 5.96231e-16
 8555.8501 6.09969e-16
 8558.8538 6.51011e-16
 8561.8575 6.16723e-16
 8564.8612 5.76815e-16
 8567.8650 6.20892e-16
 8570.8687 6.84863e-16
 8573.8724 6.25737e-16
 8576.8761 6.53832e-16
 8579.8798 6.52377e-16
 8582.8835 6.55498e-16
 8585.8873 7.24851e-16
 8588.8910 7.60571e-16
 8591.8947 6.11283e-16
 8594.8984 5.65838e-16
 8597.9021 6.22190e-16
 8600.9058 7.54668e-16
 8603.9096 7.30677e-16
 8606.9133 6.59398e-16
 8609.9170 6.70591e-16
 8612.9207 6.76908e-16
 8615.9244 5.84794e-16
 8618.9282 6.12462e-16
 8621.9319 7.36456e-16
 8624.9356 7.26619e-16
 8627.9393 7.29580e-16
 8630.9430 7.33244e-16
 8633.9467 7.17083e-16
 8636.9505 7.17160e-16
 8639.9542 6.37713e-16
 8642.9579 6.33373e-16
 8645.9616 6.58535e-16
 8648.9653 7.22240e-16
 8651.9690 7.24644e-16
 8654.9728 7.50091e-16
 8657.9765 8.25013e-16
 8660.9802 7.01973e-16
 8663.9839 6.40582e-16
 8666.9876 6.79061e-16
 8669.9913 6.96202e-16
 8672.9951 6.23956e-16
 8675.9988 6.39293e-16
 8679.0025 6.85834e-16
 8682.0062 7.10947e-16
 8685.0099 6.25142e-16
 8688.0136 6.52688e-16
 8691.0174 6.88884e-16
 8694.0211 6.80452e-16
 8697.0248 7.41825e-16
 8700.0285 6.89885e-16
 8703.0322 6.28666e-16
 8706.0360 6.55072e-16
 8709.0397 6.82673e-16
 8712.0434 6.27088e-16
 8715.0471 6.14957e-16
 8718.0508 6.50602e-16
 8721.0545 6.10757e-16
 8724.0583 6.24308e-16
 8727.0620 6.29241e-16
 8730.0657 6.54314e-16
 8733.0694 5.84746e-16
 8736.0731 6.78716e-16
 8739.0769 6.70085e-16
 8742.0806 7.06846e-16
 8745.0843 6.55235e-16
 8748.0880 6.82693e-16
 8751.0917 6.14287e-16
 8754.0954 5.88583e-16
 8757.0992 6.01987e-16
 8760.1029 6.98893e-16
 8763.1066 6.79810e-16
 8766.1103 6.26759e-16
 8769.1140 6.69471e-16
 8772.1177 6.18125e-16
 8775.1215 5.80489e-16
 8778.1252 5.79583e-16
 8781.1289 6.51426e-16
 8784.1326 5.81073e-16
 8787.1363 5.82308e-16
 8790.1400 5.73860e-16
 8793.1438 5.94211e-16
 8796.1475 5.93082e-16
 8799.1512 5.12485e-16
 8802.1549 5.29401e-16
 8805.1586 5.91402e-16
 8808.1623 6.21344e-16
 8811.1661 7.31972e-16
 8814.1698 6.53442e-16
 8817.1735 5.27119e-16
 8820.1772 5.01969e-16
 8823.1809 5.57223e-16
 8826.1847 5.93337e-16
 8829.1884 5.24101e-16
 8832.1921 5.35474e-16
 8835.1958 5.55250e-16
 8838.1995 4.86674e-16
 8841.2032 5.00149e-16
 8844.2070 4.70566e-16
 8847.2107 3.95828e-16
 8850.2144 3.83537e-16
 8853.2181 4.05345e-16
 8856.2218 4.70982e-16
 8859.2255 4.83082e-16
 8862.2293 4.33183e-16
 8865.2330 4.35943e-16
 8868.2367 4.77731e-16
 8871.2404 5.23422e-16
 8874.2441 5.10316e-16
 8877.2479 4.21296e-16
 8880.2516 3.62522e-16
 8883.2553 4.08388e-16
 8886.2590 4.78443e-16
 8889.2627 4.10806e-16
 8892.2664 4.27974e-16
 8895.2702 3.90867e-16
 8898.2739 4.40362e-16
 8901.2776 4.29144e-16
 8904.2813 4.25227e-16
 8907.2850 4.35719e-16
 8910.2887 4.10256e-16
 8913.2925 3.85099e-16
 8916.2962 3.82350e-16
 8919.2999 4.45338e-16
 8922.3036 4.84936e-16
 8925.3073 4.47338e-16
 8928.3110 4.32715e-16
 8931.3148 4.72888e-16
 8934.3185 4.65212e-16
 8937.3222 4.16981e-16
 8940.3259 3.26292e-16
 8943.3296 3.96576e-16
 8946.3334 4.38104e-16
 8949.3371 4.25557e-16
 8952.3408 4.56889e-16
 8955.3445 3.47918e-16
 8958.3482 3.26840e-16
 8961.3519 4.04996e-16
 8964.3557 3.64393e-16
 8967.3594 3.43757e-16
 8970.3631 3.88024e-16
 8973.3668 3.97383e-16
 8976.3705 3.77465e-16
 8979.3742 3.81186e-16
 8982.3780 3.90415e-16
 8985.3817 3.79878e-16
 8988.3854 4.11985e-16
 8991.3891 3.48108e-16
 8994.3928 4.60848e-16
 8997.3965 3.67954e-16
 9000.4003 4.45520e-16
 9003.4040 3.69528e-16
 9006.4077 3.08817e-16
 9009.4114 4.23957e-16
 9012.4151 4.34313e-16
 9015.4188 3.60469e-16
 9018.4226 3.78663e-16
 9021.4263 4.05732e-16
 9024.4300 4.71214e-16
 9027.4337 5.01763e-16
 9030.4374 3.87631e-16
 9033.4412 3.37257e-16
 9036.4449 4.13608e-16
 9039.4486 3.69338e-16
 9042.4523 2.96384e-16
 9045.4560 3.19863e-16
 9048.4597 4.03848e-16
 9051.4635 3.48634e-16
 9054.4672 3.65486e-16
 9057.4709 4.33499e-16
 9060.4746 3.68341e-16
 9063.4783 3.46666e-16
 9066.4821 4.17583e-16
 9069.4858 4.72904e-16
 9072.4895 4.27608e-16
 9075.4932 3.98904e-16
 9078.4969 4.07092e-16
 9081.5006 3.89888e-16
 9084.5044 2.92795e-16
 9087.5081 3.43731e-16
 9090.5118 3.68703e-16
 9093.5155 3.68687e-16
 9096.5192 3.47622e-16
 9099.5229 3.88097e-16
 9102.5267 3.18303e-16
 9105.5304 3.58098e-16
 9108.5341 3.99782e-16
 9111.5378 3.57885e-16
 9114.5415 2.83547e-16
 9117.5452 3.82258e-16
 9120.5490 3.81807e-16
