#Object:               SN2009aa
#FITS_file:            SN09aa_r01_BAA_IM_11feb09.fits
#Redshift:             0.02731
#JDate_of_max:         2454878.73
#JDate_of_observation: 2454873.76
#Epoch:                -4.84     
#
 6377.8283 4.10803e-16
 6379.7616 4.05993e-16
 6381.6949 4.00873e-16
 6383.6282 4.05822e-16
 6385.5615 4.06967e-16
 6387.4948 4.05639e-16
 6389.4281 4.02241e-16
 6391.3614 4.02752e-16
 6393.2947 4.10969e-16
 6395.2280 4.03595e-16
 6397.1614 3.98974e-16
 6399.0947 3.99996e-16
 6401.0280 3.93441e-16
 6402.9613 3.98013e-16
 6404.8946 3.98570e-16
 6406.8279 3.92238e-16
 6408.7612 3.91161e-16
 6410.6945 3.91824e-16
 6412.6278 3.91443e-16
 6414.5611 3.89586e-16
 6416.4944 3.92101e-16
 6418.4277 3.88528e-16
 6420.3610 3.82077e-16
 6422.2943 3.85844e-16
 6424.2276 3.87989e-16
 6426.1609 3.87621e-16
 6428.0942 3.82577e-16
 6430.0275 3.81534e-16
 6431.9608 3.88300e-16
 6433.8941 3.80458e-16
 6435.8274 3.81861e-16
 6437.7607 3.85071e-16
 6439.6940 3.84434e-16
 6441.6274 3.81811e-16
 6443.5607 3.78252e-16
 6445.4940 3.75221e-16
 6447.4273 3.74362e-16
 6449.3606 3.77951e-16
 6451.2939 3.77837e-16
 6453.2272 3.75429e-16
 6455.1605 3.73309e-16
 6457.0938 3.78670e-16
 6459.0271 3.79953e-16
 6460.9604 3.77181e-16
 6462.8937 3.81075e-16
 6464.8270 3.73813e-16
 6466.7603 3.75514e-16
 6468.6936 3.72196e-16
 6470.6269 3.76108e-16
 6472.5602 3.70467e-16
 6474.4935 3.71649e-16
 6476.4268 3.74283e-16
 6478.3601 3.68993e-16
 6480.2934 3.66210e-16
 6482.2267 3.68259e-16
 6484.1600 3.67234e-16
 6486.0934 3.65440e-16
 6488.0267 3.66757e-16
 6489.9600 3.66930e-16
 6491.8933 3.70051e-16
 6493.8266 3.68356e-16
 6495.7599 3.61540e-16
 6497.6932 3.63272e-16
 6499.6265 3.65801e-16
 6501.5598 3.65158e-16
 6503.4931 3.61829e-16
 6505.4264 3.61123e-16
 6507.3597 3.56346e-16
 6509.2930 3.58620e-16
 6511.2263 3.59354e-16
 6513.1596 3.56383e-16
 6515.0929 3.54817e-16
 6517.0262 3.58716e-16
 6518.9595 3.56146e-16
 6520.8928 3.51809e-16
 6522.8261 3.54111e-16
 6524.7594 3.54517e-16
 6526.6927 3.52863e-16
 6528.6260 3.50007e-16
 6530.5593 3.51393e-16
 6532.4927 3.54763e-16
 6534.4260 3.49799e-16
 6536.3593 3.51098e-16
 6538.2926 3.50769e-16
 6540.2259 3.48673e-16
 6542.1592 3.49478e-16
 6544.0925 3.49178e-16
 6546.0258 3.52744e-16
 6547.9591 3.48637e-16
 6549.8924 3.45846e-16
 6551.8257 3.51921e-16
 6553.7590 3.46963e-16
 6555.6923 3.45180e-16
 6557.6256 3.44515e-16
 6559.5589 3.49921e-16
 6561.4922 3.47759e-16
 6563.4255 3.44774e-16
 6565.3588 3.40149e-16
 6567.2921 3.37002e-16
 6569.2254 3.33574e-16
 6571.1587 3.37963e-16
 6573.0920 3.39258e-16
 6575.0253 3.36465e-16
 6576.9586 3.34215e-16
 6578.8920 3.37368e-16
 6580.8253 3.38936e-16
 6582.7586 3.37713e-16
 6584.6919 3.32316e-16
 6586.6252 3.29419e-16
 6588.5585 3.35538e-16
 6590.4918 3.41018e-16
 6592.4251 3.38870e-16
 6594.3584 3.36481e-16
 6596.2917 3.32829e-16
 6598.2250 3.25264e-16
 6600.1583 3.26805e-16
 6602.0916 3.27046e-16
 6604.0249 3.31477e-16
 6605.9582 3.24974e-16
 6607.8915 3.28024e-16
 6609.8248 3.31071e-16
 6611.7581 3.22747e-16
 6613.6914 3.19174e-16
 6615.6247 3.18825e-16
 6617.5580 3.21881e-16
 6619.4913 3.21947e-16
 6621.4246 3.21841e-16
 6623.3580 3.18594e-16
 6625.2913 3.18693e-16
 6627.2246 3.15457e-16
 6629.1579 3.15833e-16
 6631.0912 3.18258e-16
 6633.0245 3.17943e-16
 6634.9578 3.12375e-16
 6636.8911 3.11128e-16
 6638.8244 3.09994e-16
 6640.7577 3.12507e-16
 6642.6910 3.09841e-16
 6644.6243 3.09315e-16
 6646.5576 3.07718e-16
 6648.4909 3.09063e-16
 6650.4242 3.08540e-16
 6652.3575 3.04205e-16
 6654.2908 3.02833e-16
 6656.2241 3.07188e-16
 6658.1574 3.07516e-16
 6660.0907 3.06216e-16
 6662.0240 3.05441e-16
 6663.9573 3.05480e-16
 6665.8907 3.04652e-16
 6667.8240 3.01742e-16
 6669.7573 3.04402e-16
 6671.6906 3.03468e-16
 6673.6239 2.99535e-16
 6675.5572 3.00842e-16
 6677.4905 3.03280e-16
 6679.4238 3.01852e-16
 6681.3571 2.88978e-16
 6683.2904 2.81271e-16
 6685.2237 2.99016e-16
 6687.1570 3.05574e-16
 6689.0903 3.07496e-16
 6691.0236 3.04753e-16
 6692.9569 3.07225e-16
 6694.8902 3.08989e-16
 6696.8235 3.06007e-16
 6698.7568 3.01073e-16
 6700.6901 2.94391e-16
 6702.6234 2.89604e-16
 6704.5567 2.93964e-16
 6706.4900 2.91038e-16
 6708.4233 2.94764e-16
 6710.3567 2.85977e-16
 6712.2900 2.89520e-16
 6714.2233 2.90397e-16
 6716.1566 2.91157e-16
 6718.0899 2.91122e-16
 6720.0232 2.86256e-16
 6721.9565 2.90590e-16
 6723.8898 2.85521e-16
 6725.8231 2.86161e-16
 6727.7564 2.86281e-16
 6729.6897 2.83752e-16
 6731.6230 2.80313e-16
 6733.5563 2.78646e-16
 6735.4896 2.79338e-16
 6737.4229 2.79152e-16
 6739.3562 2.79525e-16
 6741.2895 2.80052e-16
 6743.2228 2.78982e-16
 6745.1561 2.79898e-16
 6747.0894 2.78163e-16
 6749.0227 2.76605e-16
 6750.9560 2.75318e-16
 6752.8893 2.77940e-16
 6754.8227 2.75064e-16
 6756.7560 2.74351e-16
 6758.6893 2.81076e-16
 6760.6226 2.73772e-16
 6762.5559 2.70157e-16
 6764.4892 2.68660e-16
 6766.4225 2.75433e-16
 6768.3558 2.77428e-16
 6770.2891 2.71354e-16
 6772.2224 2.70371e-16
 6774.1557 2.69310e-16
 6776.0890 2.67251e-16
 6778.0223 2.67993e-16
 6779.9556 2.70257e-16
 6781.8889 2.68243e-16
 6783.8222 2.66805e-16
 6785.7555 2.67581e-16
 6787.6888 2.70283e-16
 6789.6221 2.68949e-16
 6791.5554 2.64314e-16
 6793.4887 2.66913e-16
 6795.4220 2.67139e-16
 6797.3554 2.66460e-16
 6799.2887 2.64086e-16
 6801.2220 2.68391e-16
 6803.1553 2.70308e-16
 6805.0886 2.69895e-16
 6807.0219 2.66343e-16
 6808.9552 2.68417e-16
 6810.8885 2.69612e-16
 6812.8218 2.67042e-16
 6814.7551 2.65499e-16
 6816.6884 2.66949e-16
 6818.6217 2.64576e-16
 6820.5550 2.66367e-16
 6822.4883 2.68982e-16
 6824.4216 2.70527e-16
 6826.3549 2.70201e-16
 6828.2882 2.69644e-16
 6830.2215 2.70657e-16
 6832.1548 2.64513e-16
 6834.0881 2.65683e-16
 6836.0214 2.62974e-16
 6837.9547 2.64163e-16
 6839.8880 2.64610e-16
 6841.8214 2.70191e-16
 6843.7547 2.68239e-16
 6845.6880 2.67852e-16
 6847.6213 2.65961e-16
 6849.5546 2.64881e-16
 6851.4879 2.65803e-16
 6853.4212 2.66687e-16
 6855.3545 2.62857e-16
 6857.2878 2.67282e-16
 6859.2211 2.63625e-16
 6861.1544 2.63876e-16
 6863.0877 2.58414e-16
 6865.0210 2.59782e-16
 6866.9543 2.63872e-16
 6868.8876 2.58546e-16
 6870.8209 2.54413e-16
 6872.7542 2.55947e-16
 6874.6875 2.56272e-16
 6876.6208 2.57791e-16
 6878.5541 2.60232e-16
 6880.4874 2.59903e-16
 6882.4207 2.52936e-16
 6884.3540 2.52327e-16
 6886.2874 2.54555e-16
 6888.2207 2.59779e-16
 6890.1540 2.55694e-16
 6892.0873 2.58742e-16
 6894.0206 2.54379e-16
 6895.9539 2.55167e-16
 6897.8872 2.57043e-16
 6899.8205 2.56433e-16
 6901.7538 2.55041e-16
 6903.6871 2.52688e-16
 6905.6204 2.51616e-16
 6907.5537 2.50723e-16
 6909.4870 2.52946e-16
 6911.4203 2.50869e-16
 6913.3536 2.54642e-16
 6915.2869 2.55863e-16
 6917.2202 2.53465e-16
 6919.1535 2.54452e-16
 6921.0868 2.51602e-16
 6923.0201 2.49805e-16
 6924.9534 2.49941e-16
 6926.8867 2.51679e-16
 6928.8200 2.50558e-16
 6930.7533 2.49709e-16
 6932.6867 2.53813e-16
 6934.6200 2.52928e-16
 6936.5533 2.50346e-16
 6938.4866 2.55531e-16
 6940.4199 2.49710e-16
 6942.3532 2.47982e-16
 6944.2865 2.52580e-16
 6946.2198 2.53237e-16
 6948.1531 2.50565e-16
 6950.0864 2.51250e-16
 6952.0197 2.51806e-16
 6953.9530 2.49622e-16
 6955.8863 2.49036e-16
 6957.8196 2.49578e-16
 6959.7529 2.45622e-16
 6961.6862 2.47939e-16
 6963.6195 2.47197e-16
 6965.5528 2.45315e-16
 6967.4861 2.47014e-16
 6969.4194 2.46487e-16
 6971.3527 2.47238e-16
 6973.2860 2.42917e-16
 6975.2193 2.46555e-16
 6977.1526 2.47266e-16
 6979.0860 2.46267e-16
 6981.0193 2.46510e-16
 6982.9526 2.44695e-16
 6984.8859 2.43194e-16
 6986.8192 2.45021e-16
 6988.7525 2.42318e-16
 6990.6858 2.41494e-16
 6992.6191 2.42468e-16
 6994.5524 2.43861e-16
 6996.4857 2.43121e-16
 6998.4190 2.40801e-16
 7000.3523 2.40137e-16
 7002.2856 2.39674e-16
 7004.2189 2.36113e-16
 7006.1522 2.38066e-16
 7008.0855 2.40111e-16
 7010.0188 2.38213e-16
 7011.9521 2.38115e-16
 7013.8854 2.40562e-16
 7015.8187 2.41890e-16
 7017.7520 2.41111e-16
 7019.6853 2.36623e-16
 7021.6186 2.34916e-16
 7023.5520 2.40083e-16
 7025.4853 2.38462e-16
 7027.4186 2.35872e-16
 7029.3519 2.35083e-16
 7031.2852 2.35519e-16
 7033.2185 2.36498e-16
 7035.1518 2.36100e-16
 7037.0851 2.36170e-16
 7039.0184 2.32382e-16
 7040.9517 2.33559e-16
 7042.8850 2.38693e-16
 7044.8183 2.35531e-16
 7046.7516 2.35491e-16
 7048.6849 2.37951e-16
 7050.6182 2.38693e-16
 7052.5515 2.38418e-16
 7054.4848 2.33318e-16
 7056.4181 2.32220e-16
 7058.3514 2.37824e-16
 7060.2847 2.38378e-16
 7062.2180 2.37814e-16
 7064.1513 2.39458e-16
 7066.0846 2.37500e-16
 7068.0180 2.36373e-16
 7069.9513 2.33393e-16
 7071.8846 2.34243e-16
 7073.8179 2.39667e-16
 7075.7512 2.38398e-16
 7077.6845 2.34552e-16
 7079.6178 2.33253e-16
 7081.5511 2.37128e-16
 7083.4844 2.37928e-16
 7085.4177 2.36151e-16
 7087.3510 2.40218e-16
 7089.2843 2.38722e-16
 7091.2176 2.34671e-16
 7093.1509 2.34785e-16
 7095.0842 2.38023e-16
 7097.0175 2.38715e-16
 7098.9508 2.37923e-16
 7100.8841 2.35546e-16
 7102.8174 2.41461e-16
 7104.7507 2.35292e-16
 7106.6840 2.38198e-16
 7108.6173 2.39165e-16
 7110.5507 2.39641e-16
 7112.4840 2.37456e-16
 7114.4173 2.33237e-16
 7116.3506 2.39694e-16
 7118.2839 2.38708e-16
 7120.2172 2.36270e-16
 7122.1505 2.33321e-16
 7124.0838 2.35611e-16
 7126.0171 2.37217e-16
 7127.9504 2.36322e-16
 7129.8837 2.32971e-16
 7131.8170 2.35830e-16
 7133.7503 2.33366e-16
 7135.6836 2.38250e-16
 7137.6169 2.37515e-16
 7139.5502 2.40666e-16
 7141.4835 2.38236e-16
 7143.4168 2.38364e-16
 7145.3501 2.33425e-16
 7147.2834 2.36929e-16
 7149.2167 2.36977e-16
 7151.1500 2.35949e-16
 7153.0833 2.36673e-16
 7155.0167 2.37629e-16
 7156.9500 2.34687e-16
 7158.8833 2.35149e-16
 7160.8166 2.34972e-16
 7162.7499 2.35596e-16
 7164.6832 2.34023e-16
 7166.6165 2.32406e-16
 7168.5498 2.34698e-16
 7170.4831 2.37786e-16
 7172.4164 2.35282e-16
 7174.3497 2.36597e-16
 7176.2830 2.40194e-16
 7178.2163 2.35653e-16
 7180.1496 2.34062e-16
 7182.0829 2.35651e-16
 7184.0162 2.38884e-16
 7185.9495 2.36157e-16
 7187.8828 2.34463e-16
 7189.8161 2.37591e-16
 7191.7494 2.36667e-16
 7193.6827 2.34219e-16
 7195.6160 2.37991e-16
 7197.5493 2.38058e-16
 7199.4827 2.35853e-16
 7201.4160 2.32019e-16
 7203.3493 2.35355e-16
 7205.2826 2.38088e-16
 7207.2159 2.34927e-16
 7209.1492 2.33595e-16
 7211.0825 2.32857e-16
 7213.0158 2.34119e-16
 7214.9491 2.36724e-16
 7216.8824 2.37513e-16
 7218.8157 2.36048e-16
 7220.7490 2.33833e-16
 7222.6823 2.35300e-16
 7224.6156 2.34155e-16
 7226.5489 2.31182e-16
 7228.4822 2.29164e-16
 7230.4155 2.32812e-16
 7232.3488 2.32705e-16
 7234.2821 2.25736e-16
 7236.2154 2.27877e-16
 7238.1487 2.30759e-16
 7240.0820 2.31544e-16
 7242.0153 2.30508e-16
 7243.9487 2.30167e-16
 7245.8820 2.29649e-16
 7247.8153 2.28988e-16
 7249.7486 2.27726e-16
 7251.6819 2.32068e-16
 7253.6152 2.32497e-16
 7255.5485 2.34787e-16
 7257.4818 2.31401e-16
 7259.4151 2.28474e-16
 7261.3484 2.25737e-16
 7263.2817 2.26561e-16
 7265.2150 2.31619e-16
 7267.1483 2.29559e-16
 7269.0816 2.25440e-16
 7271.0149 2.25981e-16
 7272.9482 2.27299e-16
 7274.8815 2.25687e-16
 7276.8148 2.25925e-16
 7278.7481 2.22936e-16
 7280.6814 2.21323e-16
 7282.6147 2.21590e-16
 7284.5480 2.24814e-16
 7286.4814 2.26560e-16
 7288.4147 2.25371e-16
 7290.3480 2.23957e-16
 7292.2813 2.22886e-16
 7294.2146 2.21796e-16
 7296.1479 2.25078e-16
 7298.0812 2.23265e-16
 7300.0145 2.20136e-16
 7301.9478 2.16628e-16
 7303.8811 2.22463e-16
 7305.8144 2.20929e-16
 7307.7477 2.16755e-16
 7309.6810 2.17741e-16
 7311.6143 2.18414e-16
 7313.5476 2.19351e-16
 7315.4809 2.17118e-16
 7317.4142 2.13607e-16
 7319.3475 2.14643e-16
 7321.2808 2.16509e-16
 7323.2141 2.16991e-16
 7325.1474 2.14949e-16
 7327.0807 2.12272e-16
 7329.0140 2.12412e-16
 7330.9473 2.10173e-16
 7332.8807 2.11672e-16
 7334.8140 2.09906e-16
 7336.7473 2.09324e-16
 7338.6806 2.07877e-16
 7340.6139 2.03585e-16
 7342.5472 2.06939e-16
 7344.4805 2.07981e-16
 7346.4138 2.07453e-16
 7348.3471 2.07903e-16
 7350.2804 2.10665e-16
 7352.2137 2.06216e-16
 7354.1470 2.06169e-16
 7356.0803 2.08426e-16
 7358.0136 2.07196e-16
 7359.9469 2.05133e-16
 7361.8802 2.06214e-16
 7363.8135 2.07008e-16
 7365.7468 2.06591e-16
 7367.6801 2.07246e-16
 7369.6134 2.04325e-16
 7371.5467 2.04186e-16
 7373.4800 2.06115e-16
 7375.4133 2.05757e-16
 7377.3466 2.02379e-16
 7379.2799 2.04121e-16
 7381.2133 2.06469e-16
 7383.1466 2.06571e-16
 7385.0799 2.06789e-16
 7387.0132 2.08095e-16
 7388.9465 1.97296e-16
 7390.8798 1.91315e-16
 7392.8131 1.87567e-16
 7394.7464 1.94767e-16
 7396.6797 2.09219e-16
 7398.6130 2.06758e-16
 7400.5463 2.25375e-16
 7402.4796 2.43048e-16
 7404.4129 2.56088e-16
 7406.3462 2.74496e-16
 7408.2795 2.66904e-16
 7410.2128 2.58337e-16
 7412.1461 2.48482e-16
 7414.0794 2.34681e-16
 7416.0127 2.17911e-16
 7417.9460 2.02022e-16
 7419.8793 2.05678e-16
 7421.8126 2.12399e-16
 7423.7460 2.12412e-16
 7425.6793 2.16071e-16
 7427.6126 2.20476e-16
 7429.5459 2.22853e-16
 7431.4792 2.25107e-16
 7433.4125 2.19292e-16
 7435.3458 2.24112e-16
 7437.2791 2.19464e-16
 7439.2124 2.19807e-16
 7441.1457 2.17657e-16
 7443.0790 2.14187e-16
 7445.0123 2.08675e-16
 7446.9456 2.11331e-16
 7448.8789 2.12808e-16
 7450.8122 2.05761e-16
 7452.7455 2.04277e-16
 7454.6788 2.05802e-16
 7456.6121 2.05834e-16
 7458.5454 2.00423e-16
 7460.4787 1.97785e-16
 7462.4120 1.97088e-16
 7464.3453 1.97064e-16
 7466.2786 1.98812e-16
 7468.2120 1.93624e-16
 7470.1453 1.96779e-16
 7472.0786 1.96860e-16
 7474.0119 1.95779e-16
 7475.9452 1.95075e-16
 7477.8785 1.95988e-16
 7479.8118 1.96388e-16
 7481.7451 1.97321e-16
 7483.6784 1.94997e-16
 7485.6117 1.93959e-16
 7487.5450 1.89240e-16
 7489.4783 1.89379e-16
 7491.4116 1.87607e-16
 7493.3449 1.87296e-16
 7495.2782 1.86614e-16
 7497.2115 1.86102e-16
 7499.1448 1.90172e-16
 7501.0781 1.92344e-16
 7503.0114 1.93384e-16
 7504.9447 1.93670e-16
 7506.8780 1.89428e-16
 7508.8113 1.95510e-16
 7510.7446 1.96089e-16
 7512.6780 1.92353e-16
 7514.6113 1.96089e-16
 7516.5446 1.94656e-16
 7518.4779 1.98913e-16
 7520.4112 1.98833e-16
 7522.3445 1.98875e-16
 7524.2778 2.00469e-16
 7526.2111 1.97954e-16
 7528.1444 2.01317e-16
 7530.0777 1.98308e-16
 7532.0110 1.99534e-16
 7533.9443 1.99719e-16
 7535.8776 2.03932e-16
 7537.8109 2.04263e-16
 7539.7442 2.03389e-16
 7541.6775 2.01308e-16
 7543.6108 2.04113e-16
 7545.5441 2.06022e-16
 7547.4774 2.03231e-16
 7549.4107 2.04432e-16
 7551.3440 2.03281e-16
 7553.2773 2.04125e-16
 7555.2106 2.06046e-16
 7557.1440 2.06599e-16
 7559.0773 2.05236e-16
 7561.0106 2.07780e-16
 7562.9439 2.09700e-16
 7564.8772 2.09262e-16
 7566.8105 2.06792e-16
 7568.7438 2.06759e-16
 7570.6771 2.07677e-16
 7572.6104 2.11213e-16
 7574.5437 2.12986e-16
 7576.4770 2.12782e-16
 7578.4103 2.12816e-16
 7580.3436 2.11058e-16
 7582.2769 2.12190e-16
 7584.2102 2.15170e-16
 7586.1435 2.17480e-16
 7588.0768 2.17232e-16
 7590.0101 2.17613e-16
 7591.9434 2.18269e-16
 7593.8767 2.18410e-16
 7595.8100 2.18441e-16
 7597.7433 2.20603e-16
 7599.6767 2.21970e-16
 7601.6100 2.20733e-16
 7603.5433 2.21469e-16
 7605.4766 2.22317e-16
 7607.4099 2.25727e-16
 7609.3432 2.29132e-16
 7611.2765 2.29102e-16
 7613.2098 2.27403e-16
 7615.1431 2.27553e-16
 7617.0764 2.29930e-16
 7619.0097 2.32163e-16
 7620.9430 2.34424e-16
 7622.8763 2.32630e-16
 7624.8096 2.33631e-16
 7626.7429 2.31280e-16
 7628.6762 2.30848e-16
 7630.6095 2.32845e-16
 7632.5428 2.33784e-16
 7634.4761 2.37148e-16
 7636.4094 2.40137e-16
 7638.3427 2.38945e-16
 7640.2760 2.40516e-16
 7642.2093 2.36390e-16
 7644.1427 2.38655e-16
 7646.0760 2.42335e-16
 7648.0093 2.38214e-16
 7649.9426 2.39435e-16
 7651.8759 2.39471e-16
 7653.8092 2.38163e-16
 7655.7425 2.37673e-16
 7657.6758 2.41199e-16
 7659.6091 2.36735e-16
 7661.5424 2.38655e-16
 7663.4757 2.37028e-16
 7665.4090 2.33968e-16
 7667.3423 2.32269e-16
 7669.2756 2.39374e-16
 7671.2089 2.38846e-16
 7673.1422 2.36845e-16
 7675.0755 2.35024e-16
 7677.0088 2.33129e-16
 7678.9421 2.36588e-16
 7680.8754 2.36568e-16
 7682.8087 2.32002e-16
 7684.7420 2.35764e-16
 7686.6753 2.30858e-16
 7688.6087 2.36867e-16
 7690.5420 2.30466e-16
 7692.4753 2.33404e-16
 7694.4086 2.35017e-16
 7696.3419 2.35271e-16
 7698.2752 2.32467e-16
 7700.2085 2.32181e-16
 7702.1418 2.34122e-16
 7704.0751 2.30766e-16
 7706.0084 2.31695e-16
 7707.9417 2.33508e-16
 7709.8750 2.31954e-16
 7711.8083 2.30570e-16
 7713.7416 2.33740e-16
 7715.6749 2.31222e-16
 7717.6082 2.31016e-16
 7719.5415 2.31076e-16
 7721.4748 2.32189e-16
 7723.4081 2.30358e-16
 7725.3414 2.30664e-16
 7727.2747 2.29617e-16
 7729.2080 2.29610e-16
 7731.1413 2.29128e-16
 7733.0746 2.32396e-16
 7735.0080 2.31590e-16
 7736.9413 2.28000e-16
 7738.8746 2.29730e-16
 7740.8079 2.28755e-16
 7742.7412 2.28076e-16
 7744.6745 2.27840e-16
 7746.6078 2.27625e-16
 7748.5411 2.29552e-16
 7750.4744 2.28193e-16
 7752.4077 2.29705e-16
 7754.3410 2.27307e-16
 7756.2743 2.31333e-16
 7758.2076 2.31429e-16
 7760.1409 2.31746e-16
 7762.0742 2.30810e-16
 7764.0075 2.31353e-16
 7765.9408 2.34810e-16
 7767.8741 2.30259e-16
 7769.8074 2.28272e-16
 7771.7407 2.34900e-16
 7773.6740 2.32136e-16
 7775.6073 2.31283e-16
 7777.5406 2.32898e-16
 7779.4739 2.32366e-16
 7781.4073 2.34264e-16
 7783.3406 2.32958e-16
 7785.2739 2.33997e-16
 7787.2072 2.30305e-16
 7789.1405 2.33247e-16
 7791.0738 2.30397e-16
 7793.0071 2.33486e-16
 7794.9404 2.35084e-16
 7796.8737 2.35474e-16
 7798.8070 2.29603e-16
 7800.7403 2.32176e-16
 7802.6736 2.32319e-16
 7804.6069 2.34558e-16
 7806.5402 2.34120e-16
 7808.4735 2.35338e-16
 7810.4068 2.36572e-16
 7812.3401 2.34036e-16
 7814.2734 2.34316e-16
 7816.2067 2.32513e-16
 7818.1400 2.33237e-16
 7820.0733 2.34707e-16
 7822.0066 2.35091e-16
 7823.9399 2.32705e-16
 7825.8733 2.32676e-16
 7827.8066 2.34172e-16
 7829.7399 2.34101e-16
 7831.6732 2.33455e-16
 7833.6065 2.32544e-16
 7835.5398 2.29678e-16
 7837.4731 2.32298e-16
 7839.4064 2.29895e-16
 7841.3397 2.28420e-16
 7843.2730 2.27554e-16
 7845.2063 2.29729e-16
 7847.1396 2.31152e-16
 7849.0729 2.31268e-16
 7851.0062 2.29349e-16
 7852.9395 2.26311e-16
 7854.8728 2.27911e-16
 7856.8061 2.29556e-16
 7858.7394 2.27730e-16
 7860.6727 2.28871e-16
 7862.6060 2.29361e-16
 7864.5393 2.24363e-16
 7866.4726 2.24214e-16
 7868.4059 2.26351e-16
 7870.3393 2.26515e-16
 7872.2726 2.32008e-16
 7874.2059 2.29976e-16
 7876.1392 2.28619e-16
 7878.0725 2.28455e-16
 7880.0058 2.29253e-16
 7881.9391 2.29767e-16
 7883.8724 2.28553e-16
 7885.8057 2.30364e-16
 7887.7390 2.27186e-16
 7889.6723 2.23773e-16
 7891.6056 2.23257e-16
 7893.5389 2.26943e-16
 7895.4722 2.27342e-16
 7897.4055 2.29131e-16
 7899.3388 2.25522e-16
 7901.2721 2.23484e-16
 7903.2054 2.25529e-16
 7905.1387 2.29601e-16
 7907.0720 2.23634e-16
 7909.0053 2.27651e-16
 7910.9386 2.25107e-16
 7912.8720 2.25665e-16
 7914.8053 2.26686e-16
 7916.7386 2.28698e-16
 7918.6719 2.27867e-16
 7920.6052 2.24961e-16
 7922.5385 2.25790e-16
 7924.4718 2.25081e-16
 7926.4051 2.24507e-16
 7928.3384 2.21277e-16
 7930.2717 2.22332e-16
 7932.2050 2.24795e-16
 7934.1383 2.22976e-16
 7936.0716 2.23608e-16
 7938.0049 2.27340e-16
 7939.9382 2.27911e-16
 7941.8715 2.23542e-16
 7943.8048 2.25386e-16
 7945.7381 2.28779e-16
 7947.6714 2.28508e-16
 7949.6047 2.23791e-16
 7951.5380 2.22640e-16
 7953.4713 2.28366e-16
 7955.4046 2.19621e-16
 7957.3380 2.15609e-16
 7959.2713 2.19895e-16
 7961.2046 2.27584e-16
 7963.1379 2.27227e-16
 7965.0712 2.25322e-16
 7967.0045 2.24623e-16
 7968.9378 2.21011e-16
 7970.8711 2.17365e-16
 7972.8044 2.16247e-16
 7974.7377 2.20273e-16
 7976.6710 2.19919e-16
 7978.6043 2.20615e-16
 7980.5376 2.24592e-16
 7982.4709 2.21613e-16
 7984.4042 2.20273e-16
 7986.3375 2.17771e-16
 7988.2708 2.12211e-16
 7990.2041 2.11438e-16
 7992.1374 2.08936e-16
 7994.0707 2.09156e-16
 7996.0040 2.08642e-16
 7997.9373 2.10568e-16
 7999.8706 2.06773e-16
 8001.8040 2.12989e-16
 8003.7373 2.07951e-16
 8005.6706 2.03058e-16
 8007.6039 2.06763e-16
 8009.5372 2.11513e-16
 8011.4705 2.15698e-16
 8013.4038 2.11353e-16
 8015.3371 2.06333e-16
 8017.2704 2.07247e-16
 8019.2037 2.05804e-16
 8021.1370 2.03522e-16
 8023.0703 2.07140e-16
 8025.0036 2.09489e-16
 8026.9369 2.04091e-16
 8028.8702 1.98896e-16
 8030.8035 2.01693e-16
 8032.7368 2.01428e-16
 8034.6701 2.05826e-16
 8036.6034 2.08806e-16
 8038.5367 2.11088e-16
 8040.4700 2.10352e-16
 8042.4033 2.09809e-16
 8044.3366 2.07949e-16
 8046.2700 2.02650e-16
 8048.2033 2.02299e-16
 8050.1366 2.07334e-16
 8052.0699 2.04409e-16
 8054.0032 2.08340e-16
 8055.9365 2.12183e-16
 8057.8698 2.09944e-16
 8059.8031 2.09557e-16
 8061.7364 2.06141e-16
 8063.6697 2.05816e-16
 8065.6030 2.06641e-16
 8067.5363 2.03873e-16
 8069.4696 2.11697e-16
 8071.4029 2.15345e-16
 8073.3362 2.10777e-16
 8075.2695 2.11891e-16
 8077.2028 2.10898e-16
 8079.1361 2.06036e-16
 8081.0694 2.09309e-16
 8083.0027 2.05404e-16
 8084.9360 2.05738e-16
 8086.8693 2.09158e-16
 8088.8027 2.07356e-16
 8090.7360 2.10403e-16
 8092.6693 2.10392e-16
 8094.6026 2.08822e-16
 8096.5359 2.08192e-16
 8098.4692 2.06588e-16
 8100.4025 2.04457e-16
 8102.3358 2.08981e-16
 8104.2691 2.05784e-16
 8106.2024 2.05459e-16
 8108.1357 2.06509e-16
 8110.0690 2.08778e-16
 8112.0023 2.09774e-16
 8113.9356 2.05356e-16
 8115.8689 2.05359e-16
 8117.8022 2.08054e-16
 8119.7355 2.08501e-16
 8121.6688 2.08191e-16
 8123.6021 2.02901e-16
 8125.5354 2.02581e-16
 8127.4687 2.05627e-16
 8129.4020 2.05244e-16
 8131.3353 2.02364e-16
 8133.2686 2.02370e-16
 8135.2020 2.00222e-16
 8137.1353 2.00603e-16
 8139.0686 2.00987e-16
 8141.0019 1.94897e-16
 8142.9352 1.94748e-16
 8144.8685 1.96183e-16
 8146.8018 1.93245e-16
 8148.7351 1.96995e-16
 8150.6684 1.96405e-16
 8152.6017 1.94279e-16
 8154.5350 1.94811e-16
 8156.4683 1.91429e-16
 8158.4016 1.90996e-16
 8160.3349 1.88200e-16
 8162.2682 1.86195e-16
 8164.2015 1.84073e-16
 8166.1348 1.85235e-16
 8168.0681 1.84044e-16
 8170.0014 1.81995e-16
 8171.9347 1.82743e-16
 8173.8680 1.82164e-16
 8175.8013 1.84180e-16
 8177.7346 1.78905e-16
 8179.6679 1.75328e-16
 8181.6013 1.74313e-16
 8183.5346 1.71191e-16
 8185.4679 1.68883e-16
 8187.4012 1.67258e-16
 8189.3345 1.68746e-16
 8191.2678 1.68981e-16
 8193.2011 1.70086e-16
 8195.1344 1.68713e-16
 8197.0677 1.65936e-16
 8199.0010 1.65704e-16
 8200.9343 1.62303e-16
 8202.8676 1.61908e-16
 8204.8009 1.53071e-16
 8206.7342 1.54163e-16
 8208.6675 1.56104e-16
 8210.6008 1.59759e-16
 8212.5341 1.60526e-16
 8214.4674 1.59056e-16
 8216.4007 1.58662e-16
 8218.3340 1.57158e-16
 8220.2673 1.55655e-16
 8222.2006 1.52867e-16
 8224.1339 1.52092e-16
 8226.0673 1.49328e-16
 8228.0006 1.51705e-16
 8229.9339 1.53233e-16
 8231.8672 1.53326e-16
 8233.8005 1.52969e-16
 8235.7338 1.53608e-16
 8237.6671 1.52376e-16
 8239.6004 1.53805e-16
 8241.5337 1.49763e-16
 8243.4670 1.53740e-16
 8245.4003 1.55719e-16
 8247.3336 1.50232e-16
 8249.2669 1.50508e-16
 8251.2002 1.52363e-16
 8253.1335 1.50769e-16
 8255.0668 1.54015e-16
 8257.0001 1.56283e-16
 8258.9334 1.55143e-16
 8260.8667 1.54701e-16
 8262.8000 1.54916e-16
 8264.7333 1.51306e-16
 8266.6666 1.52383e-16
 8268.5999 1.53056e-16
 8270.5333 1.54484e-16
 8272.4666 1.55485e-16
 8274.3999 1.57113e-16
 8276.3332 1.56778e-16
 8278.2665 1.58396e-16
 8280.1998 1.59592e-16
 8282.1331 1.57560e-16
 8284.0664 1.57808e-16
 8285.9997 1.55726e-16
 8287.9330 1.52323e-16
 8289.8663 1.55757e-16
 8291.7996 1.53839e-16
 8293.7329 1.53541e-16
 8295.6662 1.54758e-16
 8297.5995 1.56545e-16
 8299.5328 1.57121e-16
 8301.4661 1.59742e-16
 8303.3994 1.56380e-16
 8305.3327 1.51182e-16
 8307.2660 1.50084e-16
 8309.1993 1.49393e-16
 8311.1326 1.51692e-16
 8313.0659 1.50802e-16
 8314.9993 1.51177e-16
 8316.9326 1.54729e-16
 8318.8659 1.53028e-16
 8320.7992 1.51240e-16
 8322.7325 1.48349e-16
 8324.6658 1.49138e-16
 8326.5991 1.49810e-16
 8328.5324 1.45866e-16
 8330.4657 1.46448e-16
 8332.3990 1.45355e-16
 8334.3323 1.44175e-16
 8336.2656 1.46309e-16
 8338.1989 1.47035e-16
 8340.1322 1.46597e-16
 8342.0655 1.48703e-16
 8343.9988 1.47886e-16
 8345.9321 1.45163e-16
 8347.8654 1.44200e-16
 8349.7987 1.46383e-16
 8351.7320 1.45695e-16
 8353.6653 1.44434e-16
 8355.5986 1.43611e-16
 8357.5319 1.46154e-16
 8359.4653 1.50948e-16
 8361.3986 1.46312e-16
 8363.3319 1.47382e-16
 8365.2652 1.49985e-16
 8367.1985 1.48690e-16
 8369.1318 1.49994e-16
 8371.0651 1.50946e-16
 8372.9984 1.47850e-16
 8374.9317 1.47151e-16
 8376.8650 1.48460e-16
 8378.7983 1.52464e-16
 8380.7316 1.50406e-16
 8382.6649 1.54888e-16
 8384.5982 1.54111e-16
 8386.5315 1.54947e-16
 8388.4648 1.54910e-16
 8390.3981 1.55249e-16
 8392.3314 1.53367e-16
 8394.2647 1.53673e-16
 8396.1980 1.53435e-16
 8398.1313 1.54262e-16
 8400.0646 1.54545e-16
 8401.9980 1.57959e-16
 8403.9313 1.57283e-16
 8405.8646 1.58731e-16
 8407.7979 1.62906e-16
 8409.7312 1.66007e-16
 8411.6645 1.64259e-16
 8413.5978 1.63559e-16
 8415.5311 1.65201e-16
 8417.4644 1.65245e-16
 8419.3977 1.63886e-16
 8421.3310 1.62956e-16
 8423.2643 1.66043e-16
 8425.1976 1.61788e-16
 8427.1309 1.62858e-16
 8429.0642 1.68809e-16
 8430.9975 1.68414e-16
 8432.9308 1.69656e-16
 8434.8641 1.75166e-16
 8436.7974 1.75066e-16
 8438.7307 1.69092e-16
 8440.6640 1.73362e-16
 8442.5973 1.70640e-16
 8444.5306 1.71017e-16
 8446.4640 1.75783e-16
 8448.3973 1.73353e-16
 8450.3306 1.72413e-16
 8452.2639 1.72393e-16
 8454.1972 1.74277e-16
 8456.1305 1.79971e-16
 8458.0638 1.82411e-16
 8459.9971 1.80084e-16
 8461.9304 1.79551e-16
 8463.8637 1.83316e-16
 8465.7970 1.83329e-16
 8467.7303 1.81475e-16
 8469.6636 1.81937e-16
 8471.5969 1.80920e-16
 8473.5302 1.82604e-16
 8475.4635 1.82230e-16
 8477.3968 1.82639e-16
 8479.3301 1.85639e-16
 8481.2634 1.83923e-16
 8483.1967 1.84811e-16
 8485.1300 1.86008e-16
 8487.0633 1.87079e-16
 8488.9966 1.91043e-16
 8490.9300 1.85039e-16
 8492.8633 1.87609e-16
 8494.7966 1.88660e-16
 8496.7299 1.87361e-16
 8498.6632 1.85463e-16
 8500.5965 1.87107e-16
 8502.5298 1.86661e-16
 8504.4631 1.91116e-16
 8506.3964 1.92112e-16
 8508.3297 1.89658e-16
 8510.2630 1.90413e-16
 8512.1963 1.85295e-16
 8514.1296 1.89070e-16
 8516.0629 1.88692e-16
 8517.9962 1.85072e-16
 8519.9295 1.86970e-16
 8521.8628 1.88500e-16
 8523.7961 1.88254e-16
 8525.7294 1.85292e-16
 8527.6627 1.87189e-16
 8529.5960 1.93179e-16
 8531.5293 1.88741e-16
 8533.4626 1.97266e-16
 8535.3960 1.95187e-16
 8537.3293 1.96085e-16
 8539.2626 1.97601e-16
 8541.1959 1.91409e-16
 8543.1292 1.88394e-16
 8545.0625 1.85469e-16
 8546.9958 1.83676e-16
 8548.9291 1.84920e-16
 8550.8624 1.86141e-16
 8552.7957 1.87020e-16
 8554.7290 1.88725e-16
 8556.6623 1.98240e-16
 8558.5956 1.98851e-16
 8560.5289 1.91442e-16
 8562.4622 1.92587e-16
 8564.3955 1.91782e-16
 8566.3288 1.84452e-16
 8568.2621 1.82983e-16
 8570.1954 1.84858e-16
 8572.1287 1.84714e-16
 8574.0620 1.86223e-16
 8575.9953 1.90560e-16
 8577.9286 1.90247e-16
 8579.8619 1.94465e-16
 8581.7952 1.90229e-16
 8583.7286 1.89715e-16
 8585.6619 1.86021e-16
 8587.5952 1.83126e-16
 8589.5285 1.78637e-16
 8591.4618 1.74093e-16
 8593.3951 1.68010e-16
 8595.3284 1.77299e-16
 8597.2617 1.82304e-16
 8599.1950 1.84199e-16
 8601.1283 1.86890e-16
 8603.0616 1.87293e-16
 8604.9949 1.84428e-16
 8606.9282 1.83686e-16
 8608.8615 1.82259e-16
 8610.7948 1.77199e-16
 8612.7281 1.77829e-16
 8614.6614 1.77307e-16
 8616.5947 1.73596e-16
 8618.5280 1.74784e-16
 8620.4613 1.77604e-16
 8622.3946 1.76287e-16
 8624.3279 1.79459e-16
 8626.2612 1.80030e-16
 8628.1946 1.79763e-16
 8630.1279 1.81869e-16
 8632.0612 1.79581e-16
 8633.9945 1.78046e-16
 8635.9278 1.78950e-16
 8637.8611 1.75999e-16
 8639.7944 1.74162e-16
 8641.7277 1.74343e-16
 8643.6610 1.74750e-16
 8645.5943 1.73307e-16
 8647.5276 1.74678e-16
 8649.4609 1.76921e-16
 8651.3942 1.77169e-16
 8653.3275 1.78440e-16
 8655.2608 1.77211e-16
 8657.1941 1.79019e-16
 8659.1274 1.76320e-16
 8661.0607 1.75171e-16
 8662.9940 1.73279e-16
 8664.9273 1.73203e-16
 8666.8606 1.71691e-16
 8668.7939 1.69627e-16
 8670.7273 1.72830e-16
 8672.6606 1.71860e-16
 8674.5939 1.72187e-16
 8676.5272 1.77594e-16
 8678.4605 1.82763e-16
 8680.3938 1.83326e-16
 8682.3271 1.81177e-16
 8684.2604 1.84207e-16
 8686.1937 1.77393e-16
 8688.1270 1.77023e-16
 8690.0603 1.73062e-16
 8691.9936 1.72944e-16
 8693.9269 1.72707e-16
 8695.8602 1.75164e-16
 8697.7935 1.77040e-16
 8699.7268 1.78405e-16
 8701.6601 1.79313e-16
 8703.5934 1.77607e-16
 8705.5267 1.82219e-16
 8707.4600 1.86423e-16
 8709.3933 1.81955e-16
 8711.3266 1.78361e-16
 8713.2599 1.77075e-16
 8715.1933 1.81753e-16
 8717.1266 1.81546e-16
 8719.0599 1.75350e-16
 8720.9932 1.78508e-16
 8722.9265 1.77984e-16
 8724.8598 1.84280e-16
 8726.7931 1.88213e-16
 8728.7264 1.86250e-16
 8730.6597 1.79158e-16
 8732.5930 1.78575e-16
 8734.5263 1.86802e-16
 8736.4596 1.85513e-16
 8738.3929 1.80791e-16
 8740.3262 1.77786e-16
 8742.2595 1.80633e-16
 8744.1928 1.77662e-16
 8746.1261 1.75051e-16
 8748.0594 1.79441e-16
 8749.9927 1.87819e-16
 8751.9260 1.93461e-16
 8753.8593 1.95198e-16
 8755.7926 1.83772e-16
 8757.7259 1.81410e-16
 8759.6593 1.82188e-16
 8761.5926 1.83785e-16
 8763.5259 1.83005e-16
 8765.4592 1.72091e-16
 8767.3925 1.74387e-16
 8769.3258 1.71690e-16
 8771.2591 1.77637e-16
 8773.1924 1.81036e-16
 8775.1257 1.81571e-16
 8777.0590 1.88142e-16
 8778.9923 1.88810e-16
 8780.9256 1.82352e-16
 8782.8589 1.78595e-16
 8784.7922 1.82038e-16
 8786.7255 1.81353e-16
 8788.6588 1.73654e-16
 8790.5921 1.74497e-16
 8792.5254 1.76747e-16
 8794.4587 1.72328e-16
 8796.3920 1.73480e-16
 8798.3253 1.74812e-16
 8800.2586 1.77905e-16
 8802.1919 1.83267e-16
 8804.1253 1.83734e-16
 8806.0586 1.81146e-16
 8807.9919 1.75377e-16
 8809.9252 1.73297e-16
 8811.8585 1.75837e-16
 8813.7918 1.71162e-16
 8815.7251 1.72693e-16
 8817.6584 1.69637e-16
 8819.5917 1.71915e-16
 8821.5250 1.78132e-16
 8823.4583 1.81155e-16
 8825.3916 1.73776e-16
 8827.3249 1.74759e-16
 8829.2582 1.81474e-16
 8831.1915 1.80127e-16
 8833.1248 1.79289e-16
 8835.0581 1.74333e-16
 8836.9914 1.71145e-16
 8838.9247 1.78339e-16
 8840.8580 1.76287e-16
 8842.7913 1.71951e-16
 8844.7246 1.73229e-16
 8846.6580 1.73920e-16
 8848.5913 1.71634e-16
 8850.5246 1.74007e-16
 8852.4579 1.76144e-16
 8854.3912 1.71938e-16
 8856.3245 1.71329e-16
 8858.2578 1.75898e-16
 8860.1911 1.78441e-16
 8862.1244 1.71788e-16
 8864.0577 1.69567e-16
 8865.9910 1.78158e-16
 8867.9243 1.71624e-16
 8869.8576 1.66123e-16
 8871.7909 1.58860e-16
 8873.7242 1.59186e-16
 8875.6575 1.66094e-16
 8877.5908 1.69698e-16
 8879.5241 1.66318e-16
 8881.4574 1.62261e-16
 8883.3907 1.63702e-16
 8885.3240 1.64488e-16
 8887.2573 1.70860e-16
 8889.1906 1.71633e-16
 8891.1240 1.65115e-16
 8893.0573 1.65869e-16
 8894.9906 1.65342e-16
 8896.9239 1.57933e-16
 8898.8572 1.55366e-16
 8900.7905 1.57455e-16
 8902.7238 1.58230e-16
 8904.6571 1.59809e-16
 8906.5904 1.60620e-16
 8908.5237 1.66895e-16
 8910.4570 1.70526e-16
 8912.3903 1.78508e-16
 8914.3236 1.71967e-16
 8916.2569 1.57352e-16
 8918.1902 1.55981e-16
 8920.1235 1.56849e-16
 8922.0568 1.52978e-16
 8923.9901 1.52975e-16
 8925.9234 1.59228e-16
 8927.8567 1.61031e-16
 8929.7900 1.66677e-16
 8931.7233 1.78734e-16
 8933.6566 1.79026e-16
 8935.5900 1.68354e-16
 8937.5233 1.58253e-16
 8939.4566 1.63075e-16
 8941.3899 1.65426e-16
 8943.3232 1.60111e-16
 8945.2565 1.55825e-16
 8947.1898 1.54765e-16
 8949.1231 1.55789e-16
 8951.0564 1.60054e-16
 8952.9897 1.62097e-16
 8954.9230 1.69757e-16
 8956.8563 1.64827e-16
 8958.7896 1.63558e-16
 8960.7229 1.63275e-16
 8962.6562 1.60167e-16
 8964.5895 1.58639e-16
 8966.5228 1.55185e-16
 8968.4561 1.52529e-16
 8970.3894 1.55153e-16
 8972.3227 1.59496e-16
 8974.2560 1.61484e-16
 8976.1893 1.61635e-16
 8978.1226 1.66638e-16
 8980.0559 1.64567e-16
 8981.9892 1.67163e-16
 8983.9226 1.64526e-16
 8985.8559 1.63244e-16
 8987.7892 1.61855e-16
 8989.7225 1.61976e-16
 8991.6558 1.56950e-16
 8993.5891 1.58296e-16
 8995.5224 1.54691e-16
 8997.4557 1.50197e-16
 8999.3890 1.59228e-16
 9001.3223 1.60557e-16
 9003.2556 1.61197e-16
 9005.1889 1.62888e-16
 9007.1222 1.61587e-16
 9009.0555 1.60905e-16
 9010.9888 1.58348e-16
 9012.9221 1.56487e-16
 9014.8554 1.56789e-16
 9016.7887 1.57341e-16
 9018.7220 1.52272e-16
 9020.6553 1.48293e-16
 9022.5886 1.49664e-16
 9024.5219 1.49576e-16
 9026.4552 1.52226e-16
 9028.3886 1.57784e-16
 9030.3219 1.57617e-16
 9032.2552 1.61965e-16
 9034.1885 1.60964e-16
 9036.1218 1.54091e-16
 9038.0551 1.57064e-16
 9039.9884 1.59759e-16
 9041.9217 1.56172e-16
 9043.8550 1.49902e-16
 9045.7883 1.50075e-16
 9047.7216 1.51832e-16
 9049.6549 1.47485e-16
 9051.5882 1.50087e-16
 9053.5215 1.55681e-16
 9055.4548 1.56231e-16
 9057.3881 1.55458e-16
 9059.3214 1.54306e-16
 9061.2547 1.57271e-16
 9063.1880 1.61821e-16
 9065.1213 1.49570e-16
 9067.0546 1.44127e-16
 9068.9879 1.58764e-16
 9070.9212 1.60103e-16
 9072.8546 1.45792e-16
 9074.7879 1.36550e-16
 9076.7212 1.44736e-16
 9078.6545 1.49649e-16
 9080.5878 1.47692e-16
 9082.5211 1.37775e-16
 9084.4544 1.42747e-16
 9086.3877 1.53556e-16
 9088.3210 1.54757e-16
 9090.2543 1.49088e-16
 9092.1876 1.40268e-16
 9094.1209 1.39961e-16
 9096.0542 1.60812e-16
 9097.9875 1.61202e-16
 9099.9208 1.38142e-16
 9101.8541 1.19920e-16
 9103.7874 1.18911e-16
 9105.7207 1.37831e-16
 9107.6540 1.45185e-16
 9109.5873 1.47931e-16
 9111.5206 1.48219e-16
 9113.4539 1.34001e-16
 9115.3872 1.28106e-16
 9117.3206 1.36426e-16
 9119.2539 1.38674e-16
 9121.1872 1.40659e-16
 9123.1205 1.48058e-16
 9125.0538 1.27635e-16
 9126.9871 1.12112e-16
 9128.9204 1.16563e-16
 9130.8537 1.33579e-16
 9132.7870 1.36182e-16
 9134.7203 1.27296e-16
 9136.6536 1.26627e-16
 9138.5869 1.35508e-16
 9140.5202 1.35306e-16
 9142.4535 1.27664e-16
 9144.3868 1.28755e-16
 9146.3201 1.28069e-16
 9148.2534 1.24853e-16
 9150.1867 1.27611e-16
 9152.1200 1.30621e-16
 9154.0533 1.26071e-16
 9155.9866 1.24143e-16
 9157.9199 1.21411e-16
 9159.8533 1.25765e-16
 9161.7866 1.30708e-16
 9163.7199 1.27077e-16
 9165.6532 1.26716e-16
 9167.5865 1.31876e-16
 9169.5198 1.35709e-16
 9171.4531 1.29438e-16
 9173.3864 1.20691e-16
 9175.3197 1.19100e-16
 9177.2530 1.33262e-16
 9179.1863 1.41651e-16
 9181.1196 1.38866e-16
 9183.0529 1.26765e-16
 9184.9862 1.18073e-16
 9186.9195 1.23739e-16
 9188.8528 1.35719e-16
 9190.7861 1.35294e-16
 9192.7194 1.34869e-16
 9194.6527 1.34443e-16
 9196.5860 1.34018e-16
 9198.5193 1.33593e-16
 9200.4526 1.33168e-16
 9202.3859 1.32742e-16
 9204.3193 1.32317e-16
 9206.2526 1.25191e-16
 9208.1859 1.22616e-16
 9210.1192 1.39161e-16
 9212.0525 1.36108e-16
 9213.9858 1.32871e-16
 9215.9191 1.33596e-16
 9217.8524 1.39620e-16
 9219.7857 1.39629e-16
 9221.7190 1.36163e-16
 9223.6523 1.43511e-16
 9225.5856 1.38213e-16
 9227.5189 1.29771e-16
 9229.4522 1.41327e-16
 9231.3855 1.43449e-16
 9233.3188 1.29913e-16
 9235.2521 1.30786e-16
 9237.1854 1.28603e-16
 9239.1187 1.28484e-16
 9241.0520 1.33681e-16
 9242.9853 1.35083e-16
 9244.9186 1.36484e-16
 9246.8519 1.37886e-16
 9248.7853 1.39287e-16
 9250.7186 1.40689e-16
 9252.6519 1.42091e-16
 9254.5852 1.36310e-16
 9256.5185 1.33110e-16
 9258.4518 1.28155e-16
 9260.3851 1.23475e-16
 9262.3184 1.23404e-16
 9264.2517 1.27489e-16
 9266.1850 1.34951e-16
 9268.1183 1.38372e-16
 9270.0516 1.45799e-16
 9271.9849 1.45541e-16
 9273.9182 1.39898e-16
 9275.8515 1.40536e-16
 9277.7848 1.37249e-16
 9279.7181 1.34139e-16
 9281.6514 1.31967e-16
 9283.5847 1.29519e-16
 9285.5180 1.30683e-16
 9287.4513 1.24161e-16
 9289.3846 1.25182e-16
 9291.3179 1.32770e-16
 9293.2513 1.39167e-16
 9295.1846 1.35174e-16
 9297.1179 1.31344e-16
 9299.0512 1.35261e-16
 9300.9845 1.39580e-16
 9302.9178 1.38055e-16
 9304.8511 1.40995e-16
 9306.7844 1.30004e-16
 9308.7177 1.22942e-16
 9310.6510 1.24230e-16
 9312.5843 1.22263e-16
 9314.5176 1.24940e-16
 9316.4509 1.30249e-16
 9318.3842 1.33592e-16
 9320.3175 1.32245e-16
 9322.2508 1.34290e-16
 9324.1841 1.33554e-16
 9326.1174 1.41153e-16
 9328.0507 1.44997e-16
 9329.9840 1.37080e-16
 9331.9173 1.30963e-16
 9333.8506 1.33310e-16
 9335.7839 1.34774e-16
 9337.7173 1.34771e-16
 9339.6506 1.29875e-16
 9341.5839 1.27829e-16
 9343.5172 1.31479e-16
 9345.4505 1.36637e-16
 9347.3838 1.35411e-16
 9349.3171 1.38389e-16
 9351.2504 1.47889e-16
 9353.1837 1.51181e-16
 9355.1170 1.45979e-16
 9357.0503 1.44689e-16
 9358.9836 1.47466e-16
 9360.9169 1.54328e-16
 9362.8502 1.40349e-16
 9364.7835 1.34058e-16
 9366.7168 1.39875e-16
 9368.6501 1.35933e-16
 9370.5834 1.40377e-16
 9372.5167 1.39617e-16
 9374.4500 1.37856e-16
 9376.3833 1.37997e-16
 9378.3166 1.37724e-16
 9380.2499 1.47654e-16
 9382.1832 1.57953e-16
 9384.1166 1.56321e-16
 9386.0499 1.50405e-16
 9387.9832 1.48135e-16
 9389.9165 1.55447e-16
 9391.8498 1.50588e-16
 9393.7831 1.49063e-16
 9395.7164 1.42306e-16
 9397.6497 1.44275e-16
 9399.5830 1.41381e-16
 9401.5163 1.40815e-16
 9403.4496 1.44786e-16
 9405.3829 1.50127e-16
 9407.3162 1.51391e-16
 9409.2495 1.48382e-16
 9411.1828 1.49317e-16
 9413.1161 1.51771e-16
 9415.0494 1.53419e-16
 9416.9827 1.50367e-16
 9418.9160 1.48712e-16
 9420.8493 1.52686e-16
 9422.7826 1.52931e-16
 9424.7159 1.51562e-16
 9426.6492 1.47288e-16
 9428.5825 1.42011e-16
 9430.5159 1.45366e-16
 9432.4492 1.42546e-16
 9434.3825 1.40754e-16
 9436.3158 1.46200e-16
 9438.2491 1.43548e-16
 9440.1824 1.42865e-16
 9442.1157 1.47413e-16
 9444.0490 1.51522e-16
 9445.9823 1.49811e-16
 9447.9156 1.50597e-16
 9449.8489 1.48358e-16
 9451.7822 1.44764e-16
 9453.7155 1.41843e-16
 9455.6488 1.40460e-16
 9457.5821 1.42314e-16
 9459.5154 1.34403e-16
 9461.4487 1.27985e-16
 9463.3820 1.32948e-16
 9465.3153 1.39743e-16
 9467.2486 1.42805e-16
 9469.1819 1.39828e-16
 9471.1152 1.41576e-16
 9473.0486 1.38985e-16
 9474.9819 1.39750e-16
 9476.9152 1.43669e-16
 9478.8485 1.44133e-16
 9480.7818 1.37027e-16
 9482.7151 1.27252e-16
 9484.6484 1.28184e-16
 9486.5817 1.34319e-16
 9488.5150 1.28586e-16
 9490.4483 1.23701e-16
 9492.3816 1.27926e-16
 9494.3149 1.22688e-16
 9496.2482 1.26297e-16
 9498.1815 1.29096e-16
 9500.1148 1.27840e-16
 9502.0481 1.29852e-16
 9503.9814 1.30382e-16
 9505.9147 1.32271e-16
 9507.8480 1.31920e-16
 9509.7813 1.29303e-16
 9511.7146 1.25889e-16
 9513.6479 1.23859e-16
 9515.5812 1.20986e-16
 9517.5146 1.16951e-16
 9519.4479 1.18367e-16
 9521.3812 1.13658e-16
 9523.3145 1.18127e-16
 9525.2478 1.18918e-16
 9527.1811 1.19395e-16
 9529.1144 1.22975e-16
 9531.0477 1.25050e-16
 9532.9810 1.25499e-16
 9534.9143 1.26831e-16
 9536.8476 1.26525e-16
 9538.7809 1.17164e-16
 9540.7142 1.19502e-16
 9542.6475 1.17385e-16
 9544.5808 1.18483e-16
 9546.5141 1.16795e-16
 9548.4474 1.14828e-16
 9550.3807 1.12273e-16
 9552.3140 1.14224e-16
 9554.2473 1.14856e-16
 9556.1806 1.18115e-16
 9558.1139 1.17863e-16
 9560.0472 1.19068e-16
 9561.9806 1.23840e-16
 9563.9139 1.24597e-16
 9565.8472 1.22196e-16
 9567.7805 1.18837e-16
 9569.7138 1.19293e-16
 9571.6471 1.18441e-16
 9573.5804 1.17566e-16
 9575.5137 1.19546e-16
 9577.4470 1.17842e-16
 9579.3803 1.14287e-16
 9581.3136 1.17800e-16
 9583.2469 1.19854e-16
 9585.1802 1.18866e-16
 9587.1135 1.21327e-16
 9589.0468 1.26193e-16
 9590.9801 1.25912e-16
 9592.9134 1.23192e-16
 9594.8467 1.24719e-16
 9596.7800 1.22833e-16
 9598.7133 1.21194e-16
 9600.6466 1.26186e-16
 9602.5799 1.25590e-16
 9604.5132 1.22611e-16
 9606.4466 1.22679e-16
 9608.3799 1.19776e-16
 9610.3132 1.23414e-16
 9612.2465 1.24914e-16
 9614.1798 1.26951e-16
 9616.1131 1.28256e-16
 9618.0464 1.24845e-16
 9619.9797 1.31848e-16
 9621.9130 1.27209e-16
 9623.8463 1.28111e-16
 9625.7796 1.26975e-16
 9627.7129 1.26329e-16
 9629.6462 1.29879e-16
 9631.5795 1.28969e-16
 9633.5128 1.26342e-16
 9635.4461 1.24786e-16
 9637.3794 1.23316e-16
 9639.3127 1.27867e-16
 9641.2460 1.28086e-16
 9643.1793 1.25131e-16
 9645.1126 1.28287e-16
 9647.0459 1.32603e-16
 9648.9793 1.30985e-16
 9650.9126 1.30200e-16
 9652.8459 1.31075e-16
 9654.7792 1.29163e-16
 9656.7125 1.26255e-16
 9658.6458 1.30255e-16
 9660.5791 1.31517e-16
 9662.5124 1.26825e-16
 9664.4457 1.32382e-16
 9666.3790 1.32191e-16
 9668.3123 1.28016e-16
 9670.2456 1.32726e-16
 9672.1789 1.29249e-16
 9674.1122 1.31294e-16
 9676.0455 1.31909e-16
 9677.9788 1.31851e-16
 9679.9121 1.32683e-16
 9681.8454 1.34089e-16
 9683.7787 1.28389e-16
 9685.7120 1.33584e-16
 9687.6453 1.35311e-16
 9689.5786 1.30648e-16
 9691.5119 1.33239e-16
 9693.4453 1.29615e-16
 9695.3786 1.27281e-16
 9697.3119 1.32022e-16
 9699.2452 1.33639e-16
 9701.1785 1.34059e-16
 9703.1118 1.34763e-16
 9705.0451 1.37299e-16
 9706.9784 1.35448e-16
 9708.9117 1.36542e-16
 9710.8450 1.38787e-16
 9712.7783 1.31394e-16
 9714.7116 1.33384e-16
 9716.6449 1.34029e-16
 9718.5782 1.30662e-16
 9720.5115 1.33772e-16
 9722.4448 1.31487e-16
 9724.3781 1.27609e-16
 9726.3114 1.28343e-16
 9728.2447 1.31392e-16
 9730.1780 1.33350e-16
 9732.1113 1.31085e-16
 9734.0446 1.29945e-16
 9735.9779 1.33930e-16
 9737.9113 1.32630e-16
 9739.8446 1.33917e-16
 9741.7779 1.36550e-16
 9743.7112 1.37548e-16
 9745.6445 1.28769e-16
 9747.5778 1.33180e-16
 9749.5111 1.29017e-16
 9751.4444 1.31295e-16
 9753.3777 1.31260e-16
 9755.3110 1.32185e-16
 9757.2443 1.30637e-16
 9759.1776 1.28223e-16
 9761.1109 1.32170e-16
 9763.0442 1.33740e-16
 9764.9775 1.32697e-16
 9766.9108 1.28945e-16
 9768.8441 1.31438e-16
 9770.7774 1.27403e-16
 9772.7107 1.31058e-16
 9774.6440 1.35756e-16
 9776.5773 1.34088e-16
 9778.5106 1.33637e-16
 9780.4439 1.31201e-16
 9782.3772 1.41168e-16
 9784.3106 1.34668e-16
 9786.2439 1.32207e-16
 9788.1772 1.29119e-16
 9790.1105 1.25578e-16
 9792.0438 1.32410e-16
 9793.9771 1.23597e-16
 9795.9104 1.36010e-16
 9797.8437 1.37040e-16
 9799.7770 1.42089e-16
 9801.7103 1.39088e-16
 9803.6436 1.43254e-16
 9805.5769 1.39148e-16
 9807.5102 1.39585e-16
 9809.4435 1.37675e-16
 9811.3768 1.24662e-16
 9813.3101 1.29999e-16
 9815.2434 1.37653e-16
 9817.1767 1.34696e-16
 9819.1100 1.35530e-16
 9821.0433 1.32756e-16
 9822.9766 1.39627e-16
 9824.9099 1.46358e-16
 9826.8432 1.45088e-16
 9828.7765 1.46861e-16
 9830.7099 1.55983e-16
 9832.6432 1.51010e-16
 9834.5765 1.50151e-16
 9836.5098 1.48334e-16
 9838.4431 1.42320e-16
 9840.3764 1.45146e-16
 9842.3097 1.48632e-16
 9844.2430 1.45426e-16
 9846.1763 1.47529e-16
 9848.1096 1.47200e-16
 9850.0429 1.45700e-16
