#Object:               SN2009aa
#FITS_file:            SN09aa_b01_DUP_WF_23feb09.fits
#Redshift:             0.02731
#JDate_of_max:         2454878.73
#JDate_of_observation: 2454885.72
#Epoch:                6.80      
#
3698.9808334388  1.390091E-15
3701.94139080188  1.254713E-15
3704.90194816496  1.189019E-15
3707.86250552804  1.203297E-15
3710.82306289113  1.215351E-15
3713.78362025421  1.122883E-15
3716.74417761729  1.098444E-15
3719.70473498037  1.149169E-15
3722.66529234345  1.216895E-15
3725.62584970653  1.170691E-15
3728.58640706961  1.139299E-15
3731.54696443269  1.117982E-15
3734.50752179578  1.086534E-15
3737.46807915886  1.074411E-15
3740.42863652194  1.063291E-15
3743.38919388502  1.088854E-15
3746.3497512481  1.109614E-15
3749.31030861118  1.059120E-15
3752.27086597426  1.135507E-15
3755.23142333735  1.094426E-15
3758.19198070043  1.041147E-15
3761.15253806351  1.023073E-15
3764.11309542659  9.832358E-16
3767.07365278967  8.805062E-16
3770.03421015275  8.747000E-16
3772.99476751583  9.033331E-16
3775.95532487891  8.508298E-16
3778.915882242  8.890527E-16
3781.87643960508  8.631870E-16
3784.83699696816  8.165974E-16
3787.79755433124  7.774673E-16
3790.75811169432  7.909052E-16
3793.7186690574  7.779792E-16
3796.67922642048  7.323939E-16
3799.63978378356  7.526116E-16
3802.60034114665  7.401530E-16
3805.56089850973  7.257362E-16
3808.52145587281  7.197310E-16
3811.48201323589  7.454852E-16
3814.44257059897  7.536355E-16
3817.40312796205  7.417596E-16
3820.36368532513  7.461704E-16
3823.32424268821  7.577501E-16
3826.2848000513  8.028934E-16
3829.24535741438  7.745021E-16
3832.20591477746  8.334451E-16
3835.16647214054  9.067300E-16
3838.12702950362  9.062898E-16
3841.0875868667  8.989496E-16
3844.04814422978  9.645004E-16
3847.00870159287  9.740557E-16
3849.96925895595  1.045558E-15
3852.92981631903  1.068036E-15
3855.89037368211  1.078177E-15
3858.85093104519  1.086180E-15
3861.81148840827  1.144445E-15
3864.77204577135  1.173681E-15
3867.73260313443  1.207455E-15
3870.69316049752  1.301722E-15
3873.6537178606  1.315723E-15
3876.61427522368  1.304199E-15
3879.57483258676  1.483220E-15
3882.53538994984  1.508099E-15
3885.49594731292  1.513773E-15
3888.456504676  1.576888E-15
3891.41706203908  1.663135E-15
3894.37761940217  1.695460E-15
3897.33817676525  1.671569E-15
3900.29873412833  1.724155E-15
3903.25929149141  1.740301E-15
3906.21984885449  1.756442E-15
3909.18040621757  1.772581E-15
3912.14096358065  1.785815E-15
3915.10152094373  1.820410E-15
3918.06207830682  1.797476E-15
3921.0226356699  1.765427E-15
3923.98319303298  1.785620E-15
3926.94375039606  1.861727E-15
3929.90430775914  1.813253E-15
3932.86486512222  1.835419E-15
3935.8254224853  1.842576E-15
3938.78597984839  1.850526E-15
3941.74653721147  1.850776E-15
3944.70709457455  1.860046E-15
3947.66765193763  1.869314E-15
3950.62820930071  1.878578E-15
3953.58876666379  1.887842E-15
3956.54932402687  1.897104E-15
3959.50988138995  1.894716E-15
3962.47043875304  1.861925E-15
3965.43099611612  1.855231E-15
3968.3915534792  1.754949E-15
3971.35211084228  1.698915E-15
3974.31266820536  1.650471E-15
3977.27322556844  1.634371E-15
3980.23378293152  1.611081E-15
3983.1943402946  1.539057E-15
3986.15489765769  1.483939E-15
3989.11545502077  1.389746E-15
3992.07601238385  1.391742E-15
3995.03656974693  1.372508E-15
3997.99712711001  1.307428E-15
4000.95768447309  1.276122E-15
4003.91824183617  1.255211E-15
4006.87879919925  1.223872E-15
4009.83935656234  1.253096E-15
4012.79991392542  1.218673E-15
4015.7604712885  1.194753E-15
4018.72102865158  1.223409E-15
4021.68158601466  1.226985E-15
4024.64214337774  1.231395E-15
4027.60270074082  1.225251E-15
4030.56325810391  1.272002E-15
4033.52381546699  1.278031E-15
4036.48437283007  1.269766E-15
4039.44493019315  1.309358E-15
4042.40548755623  1.372538E-15
4045.36604491931  1.460667E-15
4048.32660228239  1.378179E-15
4051.28715964547  1.432519E-15
4054.24771700856  1.460233E-15
4057.20827437164  1.494333E-15
4060.16883173472  1.468691E-15
4063.1293890978  1.476864E-15
4066.08994646088  1.504849E-15
4069.05050382396  1.427668E-15
4072.01106118704  1.455187E-15
4074.97161855012  1.457438E-15
4077.93217591321  1.458441E-15
4080.89273327629  1.438160E-15
4083.85329063937  1.456427E-15
4086.81384800245  1.452874E-15
4089.77440536553  1.437248E-15
4092.73496272861  1.413480E-15
4095.69552009169  1.473363E-15
4098.65607745478  1.470937E-15
4101.61663481786  1.470148E-15
4104.57719218094  1.436710E-15
4107.53774954402  1.399372E-15
4110.4983069071  1.405932E-15
4113.45886427018  1.456042E-15
4116.41942163326  1.487448E-15
4119.37997899634  1.457132E-15
4122.34053635943  1.446263E-15
4125.30109372251  1.467023E-15
4128.26165108559  1.391906E-15
4131.22220844867  1.382888E-15
4134.18276581175  1.415862E-15
4137.14332317483  1.427920E-15
4140.10388053791  1.422570E-15
4143.064437901  1.440764E-15
4146.02499526408  1.431182E-15
4148.98555262716  1.486414E-15
4151.94610999024  1.477868E-15
4154.90666735332  1.454100E-15
4157.8672247164  1.472845E-15
4160.82778207948  1.509287E-15
4163.78833944256  1.531490E-15
4166.74889680565  1.558686E-15
4169.70945416873  1.536597E-15
4172.67001153181  1.565266E-15
4175.63056889489  1.582634E-15
4178.59112625797  1.596849E-15
4181.55168362105  1.591465E-15
4184.51224098413  1.592549E-15
4187.47279834721  1.588863E-15
4190.4333557103  1.645713E-15
4193.39391307338  1.652556E-15
4196.35447043646  1.567383E-15
4199.31502779954  1.569121E-15
4202.27558516262  1.587351E-15
4205.2361425257  1.553877E-15
4208.19669988878  1.523026E-15
4211.15725725187  1.467550E-15
4214.11781461495  1.490526E-15
4217.07837197803  1.463591E-15
4220.03892934111  1.418859E-15
4222.99948670419  1.461043E-15
4225.96004406727  1.461078E-15
4228.92060143035  1.401142E-15
4231.88115879343  1.415790E-15
4234.84171615652  1.380650E-15
4237.8022735196  1.376593E-15
4240.76283088268  1.363997E-15
4243.72338824576  1.376118E-15
4246.68394560884  1.324610E-15
4249.64450297192  1.320693E-15
4252.605060335  1.310574E-15
4255.56561769808  1.322114E-15
4258.52617506117  1.328459E-15
4261.48673242425  1.291989E-15
4264.44728978733  1.293089E-15
4267.40784715041  1.286220E-15
4270.36840451349  1.310732E-15
4273.32896187657  1.290568E-15
4276.28951923965  1.252326E-15
4279.25007660274  1.297875E-15
4282.21063396582  1.261167E-15
4285.1711913289  1.227885E-15
4288.13174869198  1.261596E-15
4291.09230605506  1.281870E-15
4294.05286341814  1.220918E-15
4297.01342078122  1.183712E-15
4299.9739781443  1.200390E-15
4302.93453550739  1.138600E-15
4305.89509287047  1.114618E-15
4308.85565023355  1.119906E-15
4311.81620759663  1.114684E-15
4314.77676495971  1.104995E-15
4317.73732232279  1.061095E-15
4320.69787968587  1.041075E-15
4323.65843704895  1.066378E-15
4326.61899441204  1.067887E-15
4329.57955177512  1.032631E-15
4332.5401091382  1.030283E-15
4335.50066650128  1.021393E-15
4338.46122386436  1.007650E-15
4341.42178122744  9.902033E-16
4344.38233859052  9.569591E-16
4347.3428959536  9.164246E-16
4350.30345331669  9.490396E-16
4353.26401067977  9.255882E-16
4356.22456804285  9.114517E-16
4359.18512540593  9.183628E-16
4362.14568276901  9.315306E-16
4365.10624013209  8.967558E-16
4368.06679749517  9.096218E-16
4371.02735485825  8.989443E-16
4373.98791222134  8.558480E-16
4376.94846958442  8.311491E-16
4379.9090269475  8.447657E-16
4382.86958431058  8.244651E-16
4385.83014167366  8.219187E-16
4388.79069903674  8.065836E-16
4391.75125639982  8.101395E-16
4394.71181376291  8.054049E-16
4397.67237112599  7.834441E-16
4400.63292848907  8.035931E-16
4403.59348585215  7.935552E-16
4406.55404321523  7.937453E-16
4409.51460057831  8.256507E-16
4412.47515794139  8.055485E-16
4415.43571530447  8.093867E-16
4418.39627266756  8.384145E-16
4421.35683003064  8.522041E-16
4424.31738739372  8.670797E-16
4427.2779447568  8.797835E-16
4430.23850211988  8.792501E-16
4433.19905948296  9.046730E-16
4436.15961684604  9.114821E-16
4439.12017420913  9.450166E-16
4442.08073157221  9.388274E-16
4445.04128893529  9.543105E-16
4448.00184629837  9.933437E-16
4450.96240366145  1.024982E-15
4453.92296102453  1.014851E-15
4456.88351838761  1.037966E-15
4459.84407575069  1.061907E-15
4462.80463311377  1.059748E-15
4465.76519047686  1.076446E-15
4468.72574783994  1.101725E-15
4471.68630520302  1.113502E-15
4474.6468625661  1.126790E-15
4477.60741992918  1.140461E-15
4480.56797729226  1.161416E-15
4483.52853465534  1.195015E-15
4486.48909201843  1.213780E-15
4489.44964938151  1.208285E-15
4492.41020674459  1.211423E-15
4495.37076410767  1.223569E-15
4498.33132147075  1.261113E-15
4501.29187883383  1.318017E-15
4504.25243619691  1.328051E-15
4507.21299356  1.358562E-15
4510.17355092308  1.367435E-15
4513.13410828616  1.386140E-15
4516.09466564924  1.407810E-15
4519.05522301232  1.431370E-15
4522.0157803754  1.483120E-15
4524.97633773848  1.493035E-15
4527.93689510156  1.516639E-15
4530.89745246465  1.493282E-15
4533.85800982773  1.543393E-15
4536.81856719081  1.556905E-15
4539.77912455389  1.577327E-15
4542.73968191697  1.601992E-15
4545.70023928005  1.596595E-15
4548.66079664313  1.610920E-15
4551.62135400621  1.610455E-15
4554.5819113693  1.614697E-15
4557.54246873238  1.630460E-15
4560.50302609546  1.663418E-15
4563.46358345854  1.655803E-15
4566.42414082162  1.651754E-15
4569.3846981847  1.647992E-15
4572.34525554778  1.629981E-15
4575.30581291086  1.627234E-15
4578.26637027395  1.611287E-15
4581.22692763703  1.612824E-15
4584.18748500011  1.610898E-15
4587.14804236319  1.596314E-15
4590.10859972627  1.595911E-15
4593.06915708935  1.606638E-15
4596.02971445243  1.631858E-15
4598.99027181552  1.629404E-15
4601.9508291786  1.627534E-15
4604.91138654168  1.651480E-15
4607.87194390476  1.685209E-15
4610.83250126784  1.668785E-15
4613.79305863092  1.610628E-15
4616.753615994  1.664215E-15
4619.71417335708  1.659824E-15
4622.67473072017  1.632919E-15
4625.63528808325  1.631090E-15
4628.59584544633  1.594976E-15
4631.55640280941  1.572095E-15
4634.51696017249  1.577301E-15
4637.47751753557  1.552216E-15
4640.43807489865  1.506008E-15
4643.39863226173  1.464824E-15
4646.35918962482  1.440120E-15
4649.3197469879  1.412372E-15
4652.28030435098  1.401223E-15
4655.24086171406  1.379801E-15
4658.20141907714  1.341109E-15
4661.16197644022  1.326000E-15
4664.1225338033  1.258595E-15
4667.08309116639  1.234828E-15
4670.04364852947  1.226099E-15
4673.00420589255  1.180309E-15
4675.96476325563  1.152544E-15
4678.92532061871  1.117864E-15
4681.88587798179  1.108384E-15
4684.84643534487  1.120812E-15
4687.80699270795  1.118779E-15
4690.76755007103  1.098372E-15
4693.72810743412  1.123434E-15
4696.6886647972  1.139925E-15
4699.64922216028  1.148042E-15
4702.60977952336  1.137918E-15
4705.57033688644  1.148933E-15
4708.53089424952  1.154935E-15
4711.4914516126  1.122975E-15
4714.45200897569  1.115040E-15
4717.41256633877  1.087566E-15
4720.37312370185  1.084487E-15
4723.33368106493  1.099039E-15
4726.29423842801  1.041931E-15
4729.25479579109  9.843026E-16
4732.21535315417  9.532340E-16
4735.17591051725  9.290562E-16
4738.13646788034  8.889082E-16
4741.09702524342  8.729582E-16
4744.0575826065  8.614937E-16
4747.01813996958  8.406914E-16
4749.97869733266  8.413861E-16
4752.93925469574  8.151047E-16
4755.89981205882  8.254280E-16
4758.86036942191  8.016099E-16
4761.82092678499  7.963033E-16
4764.78148414807  8.100158E-16
4767.74204151115  8.030954E-16
4770.70259887423  7.986094E-16
4773.66315623731  8.147531E-16
4776.62371360039  8.357887E-16
4779.58427096347  8.520775E-16
4782.54482832656  8.641149E-16
4785.50538568964  8.659963E-16
4788.46594305272  8.665216E-16
4791.4265004158  8.930398E-16
4794.38705777888  9.145889E-16
4797.34761514196  9.084402E-16
4800.30817250504  9.323744E-16
4803.26872986812  9.427632E-16
4806.22928723121  9.598366E-16
4809.18984459429  9.580000E-16
4812.15040195737  9.512827E-16
4815.11095932045  9.380189E-16
4818.07151668353  9.188269E-16
4821.03207404661  8.925947E-16
4823.99263140969  8.453881E-16
4826.95318877277  8.252449E-16
4829.91374613586  8.275288E-16
4832.87430349894  8.096140E-16
4835.83486086202  7.929955E-16
4838.7954182251  7.709604E-16
4841.75597558818  7.529806E-16
4844.71653295126  7.551086E-16
4847.67709031434  7.436702E-16
4850.63764767743  7.280699E-16
4853.59820504051  7.086526E-16
4856.55876240359  6.938308E-16
4859.51931976667  7.170373E-16
4862.47987712975  6.757342E-16
4865.44043449283  6.897243E-16
4868.40099185591  7.037643E-16
4871.36154921899  6.824895E-16
4874.32210658208  7.039166E-16
4877.28266394516  7.038150E-16
4880.24322130824  7.268416E-16
4883.20377867132  7.346925E-16
4886.1643360344  7.618858E-16
4889.12489339748  7.707367E-16
4892.08545076056  7.721260E-16
4895.04600812364  7.816463E-16
4898.00656548673  8.068023E-16
4900.96712284981  8.224528E-16
4903.92768021289  8.468811E-16
4906.88823757597  8.775101E-16
4909.84879493905  8.923129E-16
4912.80935230213  9.153900E-16
4915.76990966521  9.425054E-16
4918.73046702829  9.620640E-16
4921.69102439138  9.803678E-16
4924.65158175446  9.993023E-16
4927.61213911754  1.028277E-15
4930.57269648062  1.028729E-15
4933.5332538437  1.006869E-15
4936.49381120678  1.029123E-15
4939.45436856986  1.003271E-15
4942.41492593295  1.007128E-15
4945.37548329603  1.002606E-15
4948.33604065911  1.005180E-15
4951.29659802219  9.860164E-16
4954.25715538527  9.652228E-16
4957.21771274835  9.567456E-16
4960.17827011143  9.561187E-16
4963.13882747451  9.291407E-16
4966.0993848376  8.972663E-16
4969.05994220068  8.934573E-16
4972.02049956376  8.552229E-16
4974.98105692684  8.492100E-16
4977.94161428992  8.352863E-16
4980.902171653  8.069347E-16
4983.86272901608  7.909543E-16
4986.82328637917  7.737215E-16
4989.78384374225  7.895031E-16
4992.74440110533  7.865756E-16
4995.70495846841  7.576678E-16
4998.66551583149  7.318052E-16
5001.62607319457  7.468181E-16
5004.58663055765  7.826867E-16
5007.54718792073  7.642953E-16
5010.50774528382  7.602645E-16
5013.4683026469  7.724914E-16
5016.42886000998  7.780937E-16
5019.38941737306  7.787265E-16
5022.34997473614  7.724016E-16
5025.31053209922  7.791024E-16
5028.2710894623  7.686152E-16
5031.23164682539  7.824793E-16
5034.19220418847  8.052059E-16
5037.15276155155  7.944796E-16
5040.11331891463  7.998610E-16
5043.07387627771  8.357353E-16
5046.03443364079  8.172352E-16
5048.99499100387  8.440863E-16
5051.95554836695  8.404270E-16
5054.91610573004  8.375316E-16
5057.87666309312  8.427509E-16
5060.8372204562  8.563130E-16
5063.79777781928  8.409696E-16
5066.75833518236  8.334884E-16
5069.71889254544  8.355640E-16
5072.67944990852  8.450233E-16
5075.6400072716  8.598020E-16
5078.60056463469  8.733868E-16
5081.56112199777  8.942633E-16
5084.52167936085  8.829606E-16
5087.48223672393  8.856359E-16
5090.44279408701  9.174239E-16
5093.40335145009  9.273308E-16
5096.36390881317  9.101458E-16
5099.32446617625  9.027542E-16
5102.28502353934  9.152250E-16
5105.24558090242  9.252759E-16
5108.2061382655  9.232348E-16
5111.16669562858  9.221336E-16
5114.12725299166  9.157269E-16
5117.08781035474  9.369419E-16
5120.04836771782  9.512216E-16
5123.00892508091  9.577477E-16
5125.96948244399  9.517307E-16
5128.93003980707  9.780387E-16
5131.89059717015  1.011572E-15
5134.85115453323  1.002229E-15
5137.81171189631  1.010734E-15
5140.77226925939  1.030913E-15
5143.73282662248  1.040889E-15
5146.69338398556  1.046946E-15
5149.65394134864  1.031120E-15
5152.61449871172  1.054624E-15
5155.5750560748  1.055521E-15
5158.53561343788  1.055304E-15
5161.49617080096  1.082681E-15
5164.45672816404  1.127256E-15
5167.41728552712  1.124472E-15
5170.37784289021  1.123447E-15
5173.33840025329  1.134256E-15
5176.29895761637  1.128514E-15
5179.25951497945  1.122677E-15
5182.22007234253  1.136845E-15
5185.18062970561  1.134561E-15
5188.14118706869  1.140387E-15
5191.10174443177  1.141110E-15
5194.06230179486  1.151570E-15
5197.02285915794  1.157012E-15
5199.98341652102  1.151028E-15
5202.9439738841  1.163925E-15
5205.90453124718  1.167302E-15
5208.86508861026  1.217057E-15
5211.82564597334  1.194306E-15
5214.78620333643  1.210821E-15
5217.74676069951  1.209261E-15
5220.70731806259  1.221049E-15
5223.66787542567  1.209851E-15
5226.62843278875  1.201530E-15
5229.58899015183  1.227165E-15
5232.54954751491  1.224468E-15
5235.51010487799  1.209004E-15
5238.47066224108  1.217340E-15
5241.43121960416  1.213228E-15
5244.39177696724  1.214059E-15
5247.35233433032  1.192222E-15
5250.3128916934  1.178501E-15
5253.27344905648  1.164543E-15
5256.23400641957  1.140814E-15
5259.19456378264  1.124640E-15
5262.15512114573  1.073952E-15
5265.11567850881  1.075465E-15
5268.07623587189  1.037231E-15
5271.03679323497  1.023175E-15
5273.99735059805  9.840035E-16
5276.95790796113  9.766890E-16
5279.91846532422  9.548798E-16
5282.8790226873  9.429967E-16
5285.83958005038  9.419519E-16
5288.80013741346  9.293613E-16
5291.76069477654  8.908633E-16
5294.72125213962  8.821569E-16
5297.6818095027  8.809182E-16
5300.64236686578  8.791120E-16
5303.60292422887  8.886664E-16
5306.56348159195  8.773510E-16
5309.52403895503  8.680435E-16
5312.48459631811  8.581005E-16
5315.44515368119  8.775833E-16
5318.40571104427  8.897796E-16
5321.36626840735  8.732978E-16
5324.32682577043  8.600316E-16
5327.28738313351  8.782677E-16
5330.2479404966  8.858824E-16
5333.20849785968  8.783483E-16
5336.16905522276  8.600134E-16
5339.12961258584  8.738656E-16
5342.09016994892  8.722225E-16
5345.050727312  8.542451E-16
5348.01128467508  8.671996E-16
5350.97184203817  8.862807E-16
5353.93239940125  8.743008E-16
5356.89295676433  8.759841E-16
5359.85351412741  8.789010E-16
5362.81407149049  8.730637E-16
5365.77462885357  8.759259E-16
5368.73518621665  8.739109E-16
5371.69574357973  8.817058E-16
5374.65630094282  8.863647E-16
5377.6168583059  9.028765E-16
5380.57741566898  9.071135E-16
5383.53797303206  9.025355E-16
5386.49853039514  9.227031E-16
5389.45908775822  9.120406E-16
5392.4196451213  9.315286E-16
5395.38020248439  8.948562E-16
5398.34075984747  8.992305E-16
5401.30131721055  9.165021E-16
5404.26187457363  9.257400E-16
5407.22243193671  8.966314E-16
5410.18298929979  8.934069E-16
5413.14354666287  9.189333E-16
5416.10410402596  9.127710E-16
5419.06466138904  9.029067E-16
5422.02521875212  8.908302E-16
5424.9857761152  8.718560E-16
5427.94633347828  8.827669E-16
5430.90689084136  8.779383E-16
5433.86744820444  8.374312E-16
5436.82800556752  8.284538E-16
5439.78856293061  8.358056E-16
5442.74912029369  8.114634E-16
5445.70967765677  7.957992E-16
5448.67023501985  7.959997E-16
5451.63079238293  7.634296E-16
5454.59134974601  7.468195E-16
5457.55190710909  7.548526E-16
5460.51246447217  7.468550E-16
5463.47302183526  7.161795E-16
5466.43357919834  7.010975E-16
5469.39413656142  6.991469E-16
5472.3546939245  6.881370E-16
5475.31525128758  6.774343E-16
5478.27580865066  6.779206E-16
5481.23636601374  6.412194E-16
5484.19692337682  6.505413E-16
5487.15748073991  6.530215E-16
5490.11803810299  6.515504E-16
5493.07859546607  6.768379E-16
5496.03915282915  6.556936E-16
5498.99971019223  6.527797E-16
5501.96026755531  6.646105E-16
5504.92082491839  6.604501E-16
5507.88138228147  6.795772E-16
5510.84193964456  7.122431E-16
5513.80249700764  7.325792E-16
5516.76305437072  7.111691E-16
5519.7236117338  7.358096E-16
5522.68416909688  7.671364E-16
5525.64472645996  7.689223E-16
5528.60528382304  7.944860E-16
5531.56584118613  7.997101E-16
5534.52639854921  8.030052E-16
5537.48695591229  8.231160E-16
5540.44751327537  8.293230E-16
5543.40807063845  8.537976E-16
5546.36862800153  8.667029E-16
5549.32918536461  8.720087E-16
5552.28974272769  8.668056E-16
5555.25030009078  8.536828E-16
5558.21085745386  8.803965E-16
5561.17141481694  8.855534E-16
5564.13197218002  8.837439E-16
5567.0925295431  8.853826E-16
5570.05308690618  9.129873E-16
5573.01364426926  9.334026E-16
5575.97420163234  9.026470E-16
5578.93475899543  8.926692E-16
5581.89531635851  9.039352E-16
5584.85587372159  9.043965E-16
5587.81643108467  9.065289E-16
5590.77698844775  9.257206E-16
5593.73754581083  9.345613E-16
5596.69810317391  9.211478E-16
5599.658660537  8.853632E-16
5602.61921790008  8.926833E-16
5605.57977526316  8.926221E-16
5608.54033262624  9.054965E-16
5611.50088998932  8.911842E-16
5614.4614473524  8.874923E-16
5617.42200471548  9.021519E-16
5620.38256207856  9.117252E-16
5623.34311944164  9.038042E-16
5626.30367680473  9.081150E-16
5629.26423416781  8.986645E-16
5632.22479153089  9.007187E-16
5635.18534889397  8.803649E-16
5638.14590625705  8.809996E-16
5641.10646362013  8.789891E-16
5644.06702098321  8.861690E-16
5647.0275783463  8.536237E-16
5649.98813570938  8.719587E-16
5652.94869307246  8.579392E-16
5655.90925043554  8.444559E-16
5658.86980779862  8.404662E-16
5661.8303651617  8.429690E-16
5664.79092252478  8.416756E-16
5667.75147988787  8.205421E-16
5670.71203725095  8.150591E-16
5673.67259461403  8.113533E-16
5676.63315197711  8.170022E-16
5679.59370934019  8.064527E-16
5682.55426670327  8.027209E-16
5685.51482406635  7.958424E-16
5688.47538142943  7.954973E-16
5691.43593879252  8.075274E-16
5694.3964961556  7.919549E-16
5697.35705351868  7.694911E-16
5700.31761088176  7.656594E-16
5703.27816824484  7.659220E-16
5706.23872560792  7.558875E-16
5709.199282971  7.530535E-16
5712.15984033408  7.428837E-16
5715.12039769717  7.435346E-16
5718.08095506025  7.278517E-16
5721.04151242333  7.383157E-16
5724.00206978641  7.298231E-16
5726.96262714949  7.041324E-16
5729.92318451257  7.058696E-16
5732.88374187565  6.980013E-16
5735.84429923874  6.885425E-16
5738.80485660182  6.852129E-16
5741.7654139649  6.841221E-16
5744.72597132798  6.892391E-16
5747.68652869106  6.843288E-16
5750.64708605414  6.738247E-16
5753.60764341722  6.613056E-16
5756.5682007803  6.659991E-16
5759.52875814339  6.699233E-16
5762.48931550647  6.373408E-16
5765.44987286955  6.584204E-16
5768.41043023263  6.531124E-16
5771.37098759571  6.585853E-16
5774.33154495879  6.603862E-16
5777.29210232187  6.504813E-16
5780.25265968496  6.499969E-16
5783.21321704803  6.437322E-16
5786.17377441112  6.651304E-16
5789.1343317742  6.689496E-16
5792.09488913728  6.733161E-16
5795.05544650036  6.707722E-16
5798.01600386344  6.765470E-16
5800.97656122652  6.936295E-16
5803.9371185896  6.968608E-16
5806.89767595269  7.044883E-16
5809.85823331577  7.108482E-16
5812.81879067885  7.264189E-16
5815.77934804193  7.242477E-16
5818.73990540501  7.253970E-16
5821.70046276809  7.461207E-16
5824.66102013117  7.486539E-16
5827.62157749425  7.716310E-16
5830.58213485734  7.651358E-16
5833.54269222042  7.560959E-16
5836.5032495835  7.801212E-16
5839.46380694658  7.870809E-16
5842.42436430966  7.791490E-16
5845.38492167274  8.066316E-16
5848.34547903582  8.096264E-16
5851.30603639891  8.170131E-16
5854.26659376199  8.296033E-16
5857.22715112507  8.328273E-16
5860.18770848815  8.356683E-16
5863.14826585123  8.391374E-16
5866.10882321431  8.418747E-16
5869.06938057739  8.465275E-16
5872.02993794047  8.478202E-16
5874.99049530356  8.317466E-16
5877.95105266664  8.239373E-16
5880.91161002972  8.616590E-16
5883.8721673928  8.457569E-16
5886.83272475588  8.197243E-16
5889.79328211896  8.192745E-16
5892.75383948204  8.219478E-16
5895.71439684512  8.264775E-16
5898.67495420821  8.128395E-16
5901.63551157129  8.139662E-16
5904.59606893437  8.193690E-16
5907.55662629745  8.112669E-16
5910.51718366053  7.919097E-16
5913.47774102361  7.757344E-16
5916.43829838669  7.846861E-16
5919.39885574978  7.927210E-16
5922.35941311286  7.897326E-16
5925.31997047594  7.458805E-16
5928.28052783902  7.693924E-16
5931.2410852021  7.791798E-16
5934.20164256518  7.695190E-16
5937.16219992826  7.676742E-16
5940.12275729134  7.580830E-16
5943.08331465443  7.615107E-16
5946.04387201751  7.571382E-16
5949.00442938059  7.522122E-16
5951.96498674367  7.629515E-16
5954.92554410675  7.503518E-16
5957.88610146983  7.375964E-16
5960.84665883291  7.541133E-16
5963.80721619599  7.517254E-16
5966.76777355908  7.653899E-16
5969.72833092216  7.625256E-16
5972.68888828524  7.693771E-16
5975.64944564832  7.383515E-16
5978.6100030114  7.428010E-16
5981.57056037448  7.437274E-16
5984.53111773756  7.396121E-16
5987.49167510065  7.311498E-16
5990.45223246373  7.206025E-16
5993.41278982681  7.258508E-16
5996.37334718989  7.199006E-16
5999.33390455297  7.068684E-16
6002.29446191605  6.877832E-16
6005.25501927913  6.833287E-16
6008.21557664221  6.758472E-16
6011.1761340053  6.747327E-16
6014.13669136838  6.940711E-16
6017.09724873146  6.911072E-16
6020.05780609454  6.936459E-16
6023.01836345762  6.972140E-16
6025.9789208207  6.807886E-16
6028.93947818378  6.689675E-16
6031.90003554686  6.646671E-16
6034.86059290995  6.820138E-16
6037.82115027303  6.836689E-16
6040.78170763611  6.830498E-16
6043.74226499919  6.805985E-16
6046.70282236227  6.744616E-16
6049.66337972535  6.786563E-16
6052.62393708843  6.809360E-16
6055.58449445152  6.700432E-16
6058.5450518146  6.709330E-16
6061.50560917768  6.541056E-16
6064.46616654076  6.435568E-16
6067.42672390384  6.288816E-16
6070.38728126692  5.967334E-16
6073.34783863  5.807820E-16
6076.30839599308  5.567054E-16
6079.26895335617  5.284168E-16
6082.22951071925  4.871137E-16
6085.19006808233  4.724366E-16
6088.15062544541  4.449280E-16
6091.11118280849  4.282149E-16
6094.07174017157  3.913707E-16
6097.03229753465  3.607406E-16
6099.99285489774  3.455203E-16
6102.95341226082  3.344509E-16
6105.9139696239  3.254122E-16
6108.87452698698  3.042194E-16
6111.83508435006  2.812391E-16
6114.79564171314  2.729241E-16
6117.75619907622  2.710646E-16
6120.7167564393  2.614865E-16
6123.67731380238  2.479710E-16
6126.63787116547  2.482310E-16
6129.59842852855  2.405466E-16
6132.55898589163  2.427197E-16
6135.51954325471  2.449919E-16
6138.48010061779  2.321785E-16
6141.44065798087  2.320367E-16
6144.40121534395  2.371507E-16
6147.36177270703  2.244199E-16
6150.32233007012  2.339671E-16
6153.2828874332  2.353245E-16
6156.24344479628  2.431892E-16
6159.20400215936  2.503452E-16
6162.16455952244  2.495492E-16
6165.12511688552  2.539772E-16
6168.0856742486  2.532623E-16
6171.04623161169  2.636000E-16
6174.00678897477  2.668703E-16
6176.96734633785  2.899036E-16
6179.92790370093  2.806520E-16
6182.88846106401  2.794706E-16
6185.84901842709  3.080850E-16
6188.80957579017  3.077074E-16
6191.77013315325  3.120845E-16
6194.73069051634  3.241740E-16
6197.69124787942  3.333534E-16
6200.6518052425  3.392744E-16
6203.61236260558  3.585240E-16
6206.57291996866  3.627296E-16
6209.53347733174  3.751905E-16
6212.49403469482  3.947726E-16
6215.45459205791  4.063870E-16
6218.41514942099  4.332593E-16
6221.37570678407  4.325025E-16
6224.33626414715  4.419090E-16
6227.29682151023  4.603962E-16
6230.25737887331  4.727043E-16
6233.21793623639  4.880375E-16
6236.17849359947  4.999137E-16
6239.13905096256  5.128517E-16
6242.09960832564  5.262215E-16
6245.06016568872  5.434174E-16
6248.0207230518  5.458150E-16
6250.98128041488  5.539597E-16
6253.94183777796  5.513588E-16
6256.90239514104  5.682525E-16
6259.86295250413  5.654772E-16
6262.82350986721  5.843314E-16
6265.78406723029  5.931668E-16
6268.74462459337  6.050670E-16
6271.70518195645  6.155215E-16
6274.66573931953  6.181661E-16
6277.62629668261  6.280024E-16
6280.58685404569  6.302668E-16
6283.54741140877  6.184319E-16
6286.50796877186  6.037723E-16
6289.46852613494  6.278076E-16
6292.42908349802  6.567851E-16
6295.3896408611  6.444762E-16
6298.35019822418  6.506834E-16
6301.31075558726  6.597732E-16
6304.27131295034  6.600154E-16
6307.23187031343  6.530160E-16
6310.19242767651  6.583643E-16
6313.15298503959  6.623932E-16
6316.11354240267  6.708314E-16
6319.07409976575  6.598109E-16
6322.03465712883  6.660521E-16
6324.99521449191  6.730842E-16
6327.95577185499  6.827606E-16
6330.91632921808  6.719941E-16
6333.87688658116  6.633152E-16
6336.83744394424  6.651895E-16
6339.79800130732  6.787494E-16
6342.7585586704  6.782059E-16
6345.71911603348  6.752129E-16
6348.67967339657  6.725655E-16
6351.64023075964  6.757927E-16
6354.60078812273  6.719614E-16
6357.56134548581  6.718654E-16
6360.52190284889  6.758788E-16
6363.48246021197  6.670883E-16
6366.44301757505  6.651123E-16
6369.40357493813  6.575017E-16
6372.36413230121  6.549852E-16
6375.3246896643  6.683005E-16
6378.28524702738  6.446213E-16
6381.24580439046  6.571035E-16
6384.20636175354  6.543296E-16
6387.16691911662  6.734411E-16
6390.1274764797  6.680601E-16
6393.08803384278  6.425867E-16
6396.04859120586  6.465519E-16
6399.00914856895  6.525357E-16
6401.96970593203  6.482614E-16
6404.93026329511  6.445852E-16
6407.89082065819  6.428120E-16
6410.85137802127  6.403267E-16
6413.81193538435  6.407644E-16
6416.77249274743  6.476654E-16
6419.73305011051  6.389227E-16
6422.6936074736  6.504067E-16
6425.65416483668  6.486798E-16
6428.61472219976  6.494629E-16
6431.57527956284  6.347290E-16
6434.53583692592  6.188579E-16
6437.496394289  6.317106E-16
6440.45695165208  6.425605E-16
6443.41750901517  6.331865E-16
6446.37806637825  6.240768E-16
6449.33862374133  6.241876E-16
6452.29918110441  6.044248E-16
6455.25973846749  6.138934E-16
6458.22029583057  6.183302E-16
6461.18085319365  6.406621E-16
6464.14141055673  6.189556E-16
6467.10196791982  6.071654E-16
6470.0625252829  6.262512E-16
6473.02308264598  6.079265E-16
6475.98364000906  6.085361E-16
6478.94419737214  6.139371E-16
6481.90475473522  6.096355E-16
6484.8653120983  6.056384E-16
6487.82586946138  5.955971E-16
6490.78642682447  5.979143E-16
6493.74698418755  6.057607E-16
6496.70754155063  6.028052E-16
6499.66809891371  5.865239E-16
6502.62865627679  5.797997E-16
6505.58921363987  5.859578E-16
6508.54977100295  5.761579E-16
6511.51032836604  5.773788E-16
6514.47088572912  5.740342E-16
6517.4314430922  5.700675E-16
6520.39200045528  5.659520E-16
6523.35255781836  5.630258E-16
6526.31311518144  5.549023E-16
6529.27367254452  5.638037E-16
6532.2342299076  5.637770E-16
6535.19478727069  5.641052E-16
6538.15534463377  5.670148E-16
6541.11590199685  5.613742E-16
6544.07645935993  5.595586E-16
6547.03701672301  5.403634E-16
6549.99757408609  5.417410E-16
6552.95813144917  5.416084E-16
6555.91868881225  5.351652E-16
6558.87924617534  5.339696E-16
6561.83980353842  5.327741E-16
6564.8003609015  5.315786E-16
6567.76091826458  5.303833E-16
6570.72147562766  5.291880E-16
6573.68203299074  5.256040E-16
6576.64259035383  5.185556E-16
6579.60314771691  5.117052E-16
6582.56370507999  5.150130E-16
6585.52426244307  5.105341E-16
6588.48481980615  5.178104E-16
6591.44537716923  5.031225E-16
6594.40593453231  5.027640E-16
6597.36649189539  4.959467E-16
6600.32704925847  4.924166E-16
6603.28760662156  4.841145E-16
6606.24816398464  4.793848E-16
6609.20872134772  4.911074E-16
6612.1692787108  4.909586E-16
6615.12983607388  4.951694E-16
6618.09039343696  4.928010E-16
6621.05095080004  4.821963E-16
6624.01150816313  4.777044E-16
6626.97206552621  4.742138E-16
6629.93262288929  4.730413E-16
6632.89318025237  4.641435E-16
6635.85373761545  4.647131E-16
6638.81429497853  4.660971E-16
6641.77485234161  4.522043E-16
6644.73540970469  4.484162E-16
6647.69596706777  4.617570E-16
6650.65652443086  4.665607E-16
6653.61708179394  4.473414E-16
6656.57763915702  4.451250E-16
6659.5381965201  4.272526E-16
6662.49875388318  4.201335E-16
6665.45931124626  4.372941E-16
6668.41986860934  4.252182E-16
6671.38042597242  4.335085E-16
6674.34098333551  4.197386E-16
6677.30154069859  4.163532E-16
6680.26209806167  4.151249E-16
6683.22265542475  3.956045E-16
6686.18321278783  3.769324E-16
6689.14377015091  4.122313E-16
6692.104327514  4.160300E-16
6695.06488487708  4.155025E-16
6698.02544224016  4.117406E-16
6700.98599960324  3.981658E-16
6703.94655696632  3.929242E-16
6706.9071143294  3.973679E-16
6709.86767169248  3.870620E-16
6712.82822905556  3.873049E-16
6715.78878641865  3.877052E-16
6718.74934378173  3.989478E-16
6721.70990114481  3.776173E-16
6724.67045850789  3.808842E-16
6727.63101587097  3.784555E-16
6730.59157323405  3.742308E-16
6733.55213059713  3.849877E-16
6736.51268796021  3.899464E-16
6739.47324532329  3.747829E-16
6742.43380268638  3.675706E-16
6745.39436004946  3.838377E-16
6748.35491741254  3.794367E-16
6751.31547477562  3.725674E-16
6754.2760321387  3.694820E-16
6757.23658950178  3.761659E-16
6760.19714686486  3.744470E-16
6763.15770422795  3.667872E-16
6766.11826159103  3.659389E-16
6769.07881895411  3.495716E-16
6772.03937631719  3.594233E-16
6774.99993368027  3.581356E-16
6777.96049104335  3.614166E-16
6780.92104840643  3.567254E-16
6783.88160576951  3.453963E-16
6786.8421631326  3.436985E-16
6789.80272049568  3.438149E-16
6792.76327785876  3.469989E-16
6795.72383522184  3.370442E-16
6798.68439258492  3.358803E-16
6801.644949948  3.432732E-16
6804.60550731108  3.427211E-16
6807.56606467417  3.419435E-16
6810.52662203725  3.420089E-16
6813.48717940033  3.461582E-16
6816.44773676341  3.446008E-16
6819.40829412649  3.470349E-16
6822.36885148957  3.382614E-16
6825.32940885265  3.227430E-16
6828.28996621574  3.317302E-16
6831.25052357882  3.351652E-16
6834.2110809419  3.386520E-16
6837.17163830498  3.377385E-16
6840.13219566806  3.381544E-16
6843.09275303114  3.332679E-16
6846.05331039422  3.370162E-16
6849.0138677573  3.331139E-16
6851.97442512038  3.213458E-16
6854.93498248347  3.162491E-16
6857.89553984655  3.230638E-16
6860.85609720963  3.200984E-16
6863.81665457271  3.241597E-16
6866.77721193579  3.183669E-16
6869.73776929887  3.222802E-16
6872.69832666196  3.231881E-16
6875.65888402504  3.312138E-16
6878.61944138812  3.231446E-16
6881.5799987512  3.237580E-16
6884.54055611428  3.122727E-16
6887.50111347736  3.135063E-16
6890.46167084044  3.192868E-16
6893.42222820352  3.161611E-16
6896.3827855666  3.078011E-16
6899.34334292969  3.015470E-16
6902.30390029277  3.119340E-16
6905.26445765585  3.010308E-16
6908.22501501893  3.060381E-16
6911.18557238201  3.055627E-16
6914.14612974509  3.070400E-16
6917.10668710817  3.017827E-16
6920.06724447125  2.929856E-16
6923.02780183433  2.959104E-16
6925.98835919742  3.021932E-16
6928.9489165605  3.007093E-16
6931.90947392358  2.960471E-16
6934.87003128666  2.904525E-16
6937.83058864974  2.907135E-16
6940.79114601282  2.861208E-16
6943.7517033759  2.689302E-16
6946.71226073899  2.795083E-16
6949.67281810207  2.810971E-16
6952.63337546515  2.797545E-16
6955.59393282823  2.772007E-16
6958.55449019131  2.901322E-16
6961.51504755439  2.842912E-16
6964.47560491747  2.927229E-16
6967.43616228056  2.905165E-16
6970.39671964364  2.803441E-16
6973.35727700672  2.827823E-16
6976.3178343698  2.783437E-16
6979.27839173288  2.868649E-16
6982.23894909596  2.834267E-16
6985.19950645904  2.735546E-16
6988.16006382212  2.850641E-16
6991.12062118521  2.803191E-16
6994.08117854829  2.699551E-16
6997.04173591137  2.786942E-16
7000.00229327445  2.830115E-16
7002.96285063753  2.827588E-16
7005.92340800061  2.893723E-16
7008.88396536369  2.786834E-16
7011.84452272678  2.783100E-16
7014.80508008986  2.724318E-16
7017.76563745294  2.719602E-16
7020.72619481602  2.632281E-16
7023.6867521791  2.659128E-16
7026.64730954218  2.696224E-16
7029.60786690526  2.732210E-16
7032.56842426834  2.619268E-16
7035.52898163143  2.710249E-16
7038.48953899451  2.641558E-16
7041.45009635759  2.680335E-16
7044.41065372067  2.698512E-16
7047.37121108375  2.601917E-16
7050.33176844683  2.743036E-16
7053.29232580991  2.595281E-16
7056.252883173  2.636723E-16
7059.21344053608  2.660550E-16
7062.17399789916  2.565214E-16
7065.13455526224  2.592515E-16
7068.09511262532  2.601775E-16
7071.0556699884  2.647661E-16
7074.01622735148  2.598537E-16
7076.97678471456  2.554097E-16
7079.93734207765  2.497451E-16
7082.89789944073  2.649377E-16
7085.85845680381  2.727466E-16
7088.81901416689  2.698055E-16
7091.77957152997  2.643232E-16
7094.74012889305  2.665412E-16
7097.70068625613  2.640967E-16
7100.66124361921  2.695771E-16
7103.62180098229  2.640455E-16
7106.58235834538  2.608143E-16
7109.54291570846  2.666109E-16
7112.50347307154  2.729659E-16
7115.46403043462  2.740930E-16
7118.4245877977  2.751853E-16
7121.38514516078  2.531860E-16
7124.34570252386  2.724083E-16
7127.30625988695  2.708661E-16
7130.26681725003  2.652313E-16
7133.22737461311  2.613831E-16
7136.18793197619  2.667012E-16
7139.14848933927  2.686000E-16
7142.10904670235  2.814712E-16
7145.06960406543  2.772301E-16
7148.03016142851  2.749711E-16
7150.9907187916  2.829201E-16
7153.95127615468  2.841704E-16
7156.91183351776  2.718362E-16
7159.87239088084  2.680070E-16
7162.83294824392  2.757567E-16
7165.793505607  2.736155E-16
7168.75406297008  2.691107E-16
7171.71462033317  2.621320E-16
7174.67517769625  2.633727E-16
7177.63573505933  2.612431E-16
7180.59629242241  2.547209E-16
7183.55684978549  2.617589E-16
7186.51740714857  2.716506E-16
7189.47796451165  2.698830E-16
7192.43852187473  2.659377E-16
7195.39907923782  2.631902E-16
7198.3596366009  2.678808E-16
7201.32019396398  2.641913E-16
7204.28075132706  2.531438E-16
7207.24130869014  2.596769E-16
7210.20186605322  2.684866E-16
7213.1624234163  2.657882E-16
7216.12298077939  2.655273E-16
7219.08353814247  2.602333E-16
7222.04409550555  2.725430E-16
7225.00465286863  2.679405E-16
7227.96521023171  2.584373E-16
7230.92576759479  2.550882E-16
7233.88632495787  2.565238E-16
7236.84688232095  2.625298E-16
7239.80743968403  2.590475E-16
7242.76799704712  2.585761E-16
7245.7285544102  2.635653E-16
7248.68911177328  2.578168E-16
7251.64966913636  2.504673E-16
7254.61022649944  2.551528E-16
7257.57078386252  2.519152E-16
7260.5313412256  2.536628E-16
7263.49189858869  2.603511E-16
7266.45245595177  2.557725E-16
7269.41301331485  2.556942E-16
7272.37357067793  2.580233E-16
7275.33412804101  2.542415E-16
7278.29468540409  2.599591E-16
7281.25524276717  2.530719E-16
7284.21580013025  2.404935E-16
7287.17635749334  2.503063E-16
7290.13691485642  2.450100E-16
7293.0974722195  2.388970E-16
7296.05802958258  2.477140E-16
7299.01858694566  2.571717E-16
7301.97914430874  2.430777E-16
7304.93970167182  2.320948E-16
7307.90025903491  2.391553E-16
7310.86081639799  2.303345E-16
7313.82137376107  2.359921E-16
7316.78193112415  2.495039E-16
7319.74248848723  2.467326E-16
7322.70304585031  2.355929E-16
7325.66360321339  2.281321E-16
7328.62416057647  2.305113E-16
7331.58471793955  2.366190E-16
7334.54527530264  2.248183E-16
7337.50583266572  2.328789E-16
7340.4663900288  2.252795E-16
7343.42694739188  2.184499E-16
7346.38750475496  2.151559E-16
7349.34806211804  2.119743E-16
7352.30861948112  2.126815E-16
7355.26917684421  2.243452E-16
7358.22973420729  2.099811E-16
7361.19029157037  2.104817E-16
7364.15084893345  2.106787E-16
7367.11140629653  2.082793E-16
7370.07196365961  2.048897E-16
7373.03252102269  2.061651E-16
7375.99307838578  2.005789E-16
7378.95363574886  1.972187E-16
7381.91419311194  2.094604E-16
7384.87475047502  2.030534E-16
7387.8353078381  2.052601E-16
7390.79586520118  2.036524E-16
7393.75642256426  2.020451E-16
7396.71697992734  2.004378E-16
7399.67753729042  1.988305E-16
7402.63809465351  1.972235E-16
7405.59865201659  1.956165E-16
7408.55920937967  1.940100E-16
7411.51976674275  1.924034E-16
7414.48032410583  1.907969E-16
7417.44088146891  1.891906E-16
7420.40143883199  1.868820E-16
7423.36199619508  1.889810E-16
7426.32255355816  1.857093E-16
7429.28311092124  1.804071E-16
7432.24366828432  1.857534E-16
7435.2042256474  1.813087E-16
7438.16478301048  1.801951E-16
7441.12534037356  1.790818E-16
7444.08589773664  1.779684E-16
7447.04645509973  1.768551E-16
7450.00701246281  1.757419E-16
7452.96756982589  1.746288E-16
7455.92812718897  1.744552E-16
7458.88868455205  1.712117E-16
7461.84924191513  1.608225E-16
7464.80979927821  1.610553E-16
7467.7703566413  1.646877E-16
7470.73091400438  1.517970E-16
7473.69147136746  1.536368E-16
7476.65202873054  1.514362E-16
7479.61258609362  1.443642E-16
7482.5731434567  1.509848E-16
7485.53370081978  1.470074E-16
7488.49425818286  1.391719E-16
7491.45481554595  1.444287E-16
7494.41537290903  1.455269E-16
7497.37593027211  1.504610E-16
7500.33648763519  1.363383E-16
7503.29704499827  1.417521E-16
7506.25760236135  1.409009E-16
7509.21815972443  1.518797E-16
7512.17871708751  1.516882E-16
7515.1392744506  1.617402E-16
7518.09983181368  1.596956E-16
7521.06038917676  1.554344E-16
7524.02094653984  1.498060E-16
7526.98150390292  1.587463E-16
7529.942061266  1.627705E-16
7532.90261862908  1.579340E-16
7535.86317599217  1.484289E-16
7538.82373335525  1.484071E-16
7541.78429071833  1.498328E-16
7544.74484808141  1.671140E-16
7547.70540544449  1.684609E-16
7550.66596280757  1.720266E-16
7553.62652017065  1.616745E-16
7556.58707753373  1.715303E-16
7559.54763489682  1.589961E-16
7562.5081922599  1.670332E-16
7565.46874962298  1.641098E-16
7568.42930698606  1.852679E-16
7571.38986434914  1.855638E-16
7574.35042171222  1.824926E-16
7577.3109790753  1.708302E-16
7580.27153643838  1.717353E-16
7583.23209380147  1.872422E-16
7586.19265116455  1.816254E-16
7589.15320852763  1.854818E-16
7592.11376589071  1.855470E-16
7595.07432325379  1.807113E-16
7598.03488061687  1.806424E-16
7600.99543797995  1.856024E-16
7603.95599534303  1.789380E-16
7606.91655270612  1.838817E-16
7609.8771100692  1.939594E-16
7612.83766743228  2.007465E-16
7615.79822479536  1.866132E-16
7618.75878215844  1.881689E-16
7621.71933952152  1.888528E-16
7624.6798968846  1.760360E-16
7627.64045424769  1.942058E-16
7630.60101161077  1.995013E-16
7633.56156897385  1.837307E-16
7636.52212633693  1.874483E-16
7639.48268370001  1.921191E-16
7642.44324106309  1.804910E-16
7645.40379842617  1.928800E-16
7648.36435578925  1.925985E-16
7651.32491315234  1.885629E-16
7654.28547051542  1.880453E-16
7657.2460278785  1.986071E-16
7660.20658524158  1.889356E-16
7663.16714260466  1.997838E-16
7666.12769996774  1.997353E-16
7669.08825733083  1.949820E-16
7672.04881469391  1.961726E-16
7675.00937205699  1.961221E-16
7677.96992942007  1.950079E-16
7680.93048678315  1.865032E-16
7683.89104414623  1.889681E-16
7686.85160150931  2.027098E-16
7689.81215887239  2.057996E-16
7692.77271623547  2.020671E-16
7695.73327359855  2.133755E-16
7698.69383096164  2.072380E-16
7701.65438832472  1.974979E-16
7704.6149456878  1.813451E-16
7707.57550305088  1.928960E-16
7710.53606041396  2.049983E-16
7713.49661777704  2.050522E-16
7716.45717514012  2.065312E-16
7719.4177325032  2.019935E-16
7722.37828986629  2.073587E-16
7725.33884722937  2.040966E-16
7728.29940459245  2.021272E-16
7731.25996195553  1.996037E-16
7734.22051931861  2.005864E-16
7737.18107668169  2.005883E-16
7740.14163404477  1.998326E-16
7743.10219140786  1.834202E-16
7746.06274877094  1.849161E-16
7749.02330613402  1.875587E-16
7751.9838634971  1.860266E-16
7754.94442086018  1.993571E-16
7757.90497822326  1.980590E-16
7760.86553558634  2.073799E-16
7763.82609294942  2.091507E-16
7766.78665031251  2.052200E-16
7769.74720767559  2.114759E-16
7772.70776503867  2.062028E-16
7775.66832240175  2.101841E-16
7778.62887976483  2.119784E-16
7781.58943712791  1.911217E-16
7784.54999449099  2.007206E-16
7787.51055185407  1.954986E-16
7790.47110921716  1.945398E-16
7793.43166658024  2.086172E-16
7796.39222394332  2.165990E-16
7799.3527813064  2.155688E-16
7802.31333866948  2.130260E-16
7805.27389603256  2.124817E-16
7808.23445339564  2.129159E-16
7811.19501075873  2.116519E-16
7814.15556812181  2.064743E-16
7817.11612548489  2.190236E-16
7820.07668284797  2.203325E-16
7823.03724021105  2.279054E-16
7825.99779757413  2.234750E-16
7828.95835493721  2.199726E-16
7831.91891230029  2.160160E-16
7834.87946966338  2.177384E-16
7837.84002702646  2.155513E-16
7840.80058438954  2.236322E-16
7843.76114175262  2.250159E-16
7846.7216991157  2.085557E-16
7849.68225647878  2.048080E-16
7852.64281384187  2.087130E-16
7855.60337120495  2.031157E-16
7858.56392856803  1.984821E-16
7861.52448593111  2.170122E-16
7864.48504329419  2.113924E-16
7867.44560065727  2.130462E-16
7870.40615802035  2.220599E-16
7873.36671538343  2.132824E-16
7876.32727274651  2.051747E-16
7879.2878301096  2.062661E-16
7882.24838747268  2.142428E-16
7885.20894483576  2.153699E-16
7888.16950219884  2.157864E-16
7891.13005956192  2.203044E-16
7894.090616925  2.044086E-16
7897.05117428808  2.001485E-16
7900.01173165116  1.915522E-16
7902.97228901425  1.994413E-16
7905.93284637733  2.204141E-16
7908.89340374041  2.066880E-16
7911.85396110349  2.150626E-16
7914.81451846657  2.215033E-16
7917.77507582965  2.187377E-16
7920.73563319274  2.190325E-16
7923.69619055582  2.174646E-16
7926.6567479189  2.088458E-16
7929.61730528198  1.963994E-16
7932.57786264506  2.177246E-16
7935.53842000814  2.217055E-16
7938.49897737122  2.111262E-16
7941.4595347343  2.208876E-16
7944.42009209738  2.273828E-16
7947.38064946047  2.175401E-16
7950.34120682355  2.148754E-16
7953.30176418663  2.107492E-16
7956.26232154971  2.106348E-16
7959.22287891279  2.005491E-16
7962.18343627587  2.134069E-16
7965.14399363895  2.132373E-16
7968.10455100203  2.019789E-16
7971.06510836512  1.949975E-16
7974.0256657282  2.012176E-16
7976.98622309128  1.965241E-16
7979.94678045436  2.005310E-16
7982.90733781744  2.015709E-16
7985.86789518052  1.979026E-16
7988.8284525436  2.083227E-16
7991.78900990669  1.993397E-16
7994.74956726977  1.991202E-16
7997.71012463285  2.065659E-16
8000.67068199593  1.924281E-16
8003.63123935901  1.848755E-16
8006.59179672209  1.746856E-16
8009.55235408517  1.801483E-16
8012.51291144826  1.921021E-16
8015.47346881134  1.839652E-16
8018.43402617442  1.923210E-16
8021.3945835375  1.837029E-16
8024.35514090058  1.863639E-16
8027.31569826366  1.867848E-16
8030.27625562674  1.925258E-16
8033.23681298982  1.868425E-16
8036.19737035291  1.959714E-16
8039.15792771599  1.998159E-16
8042.11848507907  1.928046E-16
8045.07904244215  1.911685E-16
8048.03959980523  1.803135E-16
8051.00015716831  1.829258E-16
8053.96071453139  1.883611E-16
8056.92127189447  1.891305E-16
8059.88182925755  1.823324E-16
8062.84238662064  1.672295E-16
8065.80294398372  1.802267E-16
8068.7635013468  1.839224E-16
8071.72405870988  1.853776E-16
8074.68461607296  1.762875E-16
8077.64517343604  1.579470E-16
8080.60573079912  1.637072E-16
8083.56628816221  1.680075E-16
8086.52684552529  1.806812E-16
8089.48740288837  1.817410E-16
8092.44796025145  1.646968E-16
8095.40851761453  1.666417E-16
8098.36907497761  1.757256E-16
8101.32963234069  1.867326E-16
8104.29018970378  1.657746E-16
8107.25074706686  1.678113E-16
8110.21130442994  1.695906E-16
8113.17186179302  1.660691E-16
8116.1324191561  1.615677E-16
8119.09297651918  1.671172E-16
8122.05353388226  1.494900E-16
8125.01409124534  1.442018E-16
8127.97464860843  1.585662E-16
8130.93520597151  1.601558E-16
8133.89576333459  1.552982E-16
8136.85632069767  1.456989E-16
8139.81687806075  1.525648E-16
8142.77743542383  1.525630E-16
8145.73799278691  1.431357E-16
8148.69855014999  1.390053E-16
8151.65910751307  1.424340E-16
8154.61966487616  1.376913E-16
8157.58022223924  1.473395E-16
8160.54077960232  1.432384E-16
8163.5013369654  1.199957E-16
8166.46189432848  1.289928E-16
8169.42245169156  1.322671E-16
8172.38300905465  1.200602E-16
8175.34356641773  1.219985E-16
8178.30412378081  1.080102E-16
8181.26468114389  1.033071E-16
8184.22523850697  1.005880E-16
8187.18579587005  1.089500E-16
8190.14635323313  1.155654E-16
8193.10691059621  1.080053E-16
8196.06746795929  9.499016E-17
8199.02802532237  1.044941E-16
8201.98858268546  1.021793E-16
8204.94914004854  8.872695E-17
8207.90969741162  1.018430E-16
8210.8702547747  9.837355E-17
8213.83081213778  8.660537E-17
8216.79136950086  7.978160E-17
8219.75192686394  7.716839E-17
8222.71248422703  8.506589E-17
8225.67304159011  8.058478E-17
8228.63359895319  9.430791E-17
8231.59415631627  7.886915E-17
8234.55471367935  6.911244E-17
8237.51527104243  7.359206E-17
8240.47582840551  7.982755E-17
8243.43638576859  8.459652E-17
8246.39694313168  9.781466E-17
8249.35750049476  9.279055E-17
8252.31805785784  8.932714E-17
8255.27861522092  9.082511E-17
8258.239172584  1.044686E-16
8261.19972994708  8.399719E-17
8264.16028731016  7.807639E-17
8267.12084467325  9.582736E-17
8270.08140203633  9.670057E-17
8273.04195939941  1.033206E-16
8276.00251676249  7.510298E-17
8278.96307412557  9.076374E-17
8281.92363148865  1.040050E-16
8284.88418885173  1.148773E-16
8287.84474621481  1.084402E-16
8290.8053035779  1.083713E-16
8293.76586094098  1.031656E-16
8296.72641830406  9.712687E-17
8299.68697566714  9.521948E-17
8302.64753303022  1.064977E-16
8305.6080903933  9.471086E-17
8308.56864775638  9.854677E-17
8311.52920511947  9.999587E-17
8314.48976248255  8.719959E-17
8317.45031984563  9.268226E-17
8320.41087720871  7.511421E-17
8323.37143457179  9.874629E-17
8326.33199193487  1.086980E-16
8329.29254929796  9.907737E-17
8332.25310666103  1.034541E-16
8335.21366402412  9.330777E-17
8338.1742213872  9.822749E-17
8341.13477875028  1.011165E-16
8344.09533611336  1.041634E-16
8347.05589347644  8.314428E-17
8350.01645083952  8.949644E-17
8352.97700820261  1.023826E-16
8355.93756556569  1.083647E-16
8358.89812292877  9.036461E-17
8361.85868029185  9.010562E-17
8364.81923765493  9.063535E-17
8367.77979501801  9.729696E-17
8370.74035238109  1.077113E-16
8373.70090974417  1.003422E-16
8376.66146710725  1.045819E-16
8379.62202447033  1.048676E-16
8382.58258183341  1.057523E-16
8385.5431391965  1.174407E-16
8388.50369655958  1.248707E-16
8391.46425392266  1.103936E-16
8394.42481128574  1.267130E-16
8397.38536864882  1.227007E-16
8400.3459260119  1.157778E-16
8403.30648337499  1.427480E-16
8406.26704073807  1.260146E-16
8409.22759810115  1.268225E-16
8412.18815546423  1.343405E-16
8415.14871282731  1.352236E-16
8418.10927019039  1.451773E-16
8421.06982755347  1.385600E-16
8424.03038491655  1.475107E-16
8426.99094227964  1.423533E-16
8429.95149964272  1.472169E-16
8432.9120570058  1.488951E-16
8435.87261436888  1.623364E-16
8438.83317173196  1.767565E-16
8441.79372909504  1.697357E-16
8444.75428645812  1.466339E-16
8447.71484382121  1.606169E-16
8450.67540118429  1.685982E-16
8453.63595854737  1.833855E-16
8456.59651591045  1.823148E-16
8459.55707327353  1.724977E-16
8462.51763063661  1.784964E-16
8465.47818799969  1.923000E-16
8468.43874536277  1.783533E-16
8471.39930272586  1.786108E-16
8474.35986008894  1.880071E-16
8477.32041745202  2.046788E-16
8480.2809748151  1.926457E-16
8483.24153217818  1.977008E-16
8486.20208954126  2.082229E-16
8489.16264690434  2.080712E-16
8492.12320426742  2.027954E-16
8495.08376163051  2.002284E-16
8498.04431899359  2.072473E-16
8501.00487635667  2.105241E-16
8503.96543371975  2.218833E-16
8506.92599108283  2.026077E-16
8509.88654844591  2.236732E-16
8512.84710580899  2.085444E-16
8515.80766317208  2.106882E-16
8518.76822053516  1.875813E-16
8521.72877789824  1.930682E-16
8524.68933526132  2.009014E-16
8527.6498926244  2.220763E-16
8530.61044998748  2.136690E-16
8533.57100735056  1.922988E-16
8536.53156471365  2.132266E-16
8539.49212207673  2.401468E-16
8542.45267943981  2.251845E-16
8545.41323680289  2.066505E-16
8548.37379416597  1.878536E-16
8551.33435152905  2.174519E-16
8554.29490889213  2.276901E-16
8557.25546625521  2.293129E-16
8560.21602361829  2.420162E-16
8563.17658098137  2.268707E-16
8566.13713834446  2.214978E-16
8569.09769570754  2.306669E-16
8572.05825307062  2.384202E-16
8575.0188104337  2.207026E-16
8577.97936779678  2.238744E-16
8580.93992515986  2.266676E-16
8583.90048252294  2.297521E-16
8586.86103988603  2.224776E-16
8589.82159724911  1.873388E-16
8592.78215461219  1.872349E-16
8595.74271197527  2.020643E-16
8598.70326933835  2.199031E-16
8601.66382670143  2.286808E-16
8604.62438406451  2.171863E-16
8607.5849414276  2.196129E-16
8610.54549879068  2.146065E-16
8613.50605615376  2.444825E-16
8616.46661351684  2.277921E-16
8619.42717087992  2.201191E-16
8622.387728243  2.195623E-16
8625.34828560608  2.317410E-16
8628.30884296916  2.275937E-16
8631.26940033225  2.483959E-16
8634.22995769533  2.293661E-16
8637.19051505841  2.219744E-16
8640.15107242149  2.278635E-16
8643.11162978457  2.164746E-16
8646.07218714765  2.121825E-16
8649.03274451073  2.291149E-16
8651.99330187381  2.299543E-16
8654.9538592369  2.467866E-16
8657.91441659998  2.380419E-16
8660.87497396306  2.428112E-16
8663.83553132614  2.189505E-16
8666.79608868922  2.047302E-16
8669.7566460523  2.501367E-16
8672.71720341538  2.482901E-16
8675.67776077846  2.267669E-16
8678.63831814155  2.382443E-16
8681.59887550463  2.201725E-16
8684.55943286771  2.151220E-16
8687.51999023079  2.412427E-16
8690.48054759387  2.332236E-16
8693.44110495695  2.135098E-16
8696.40166232004  2.171451E-16
8699.36221968311  2.227912E-16
8702.3227770462  2.104872E-16
8705.28333440928  2.157519E-16
8708.24389177236  2.297646E-16
8711.20444913544  2.037748E-16
8714.16500649852  2.296830E-16
8717.1255638616  2.401537E-16
8720.08612122468  2.272310E-16
8723.04667858777  2.274412E-16
8726.00723595085  2.302400E-16
8728.96779331393  2.300151E-16
8731.92835067701  2.282867E-16
8734.88890804009  2.344712E-16
8737.84946540317  2.242507E-16
8740.81002276625  1.857271E-16
8743.77058012933  1.939866E-16
8746.73113749241  2.104835E-16
8749.6916948555  2.133229E-16
8752.65225221858  2.199649E-16
8755.61280958166  1.985752E-16
8758.57336694474  2.216606E-16
8761.53392430782  2.226866E-16
8764.49448167091  2.186250E-16
8767.45503903399  2.352124E-16
8770.41559639707  2.287334E-16
8773.37615376015  2.065127E-16
8776.33671112323  2.125906E-16
8779.29726848631  2.342116E-16
8782.25782584939  1.793179E-16
8785.21838321247  2.183913E-16
8788.17894057556  2.006913E-16
8791.13949793864  1.986864E-16
8794.10005530172  2.065872E-16
8797.0606126648  2.105364E-16
8800.02117002788  2.209582E-16
8802.98172739096  1.936995E-16
8805.94228475404  2.139403E-16
8808.90284211713  2.242792E-16
8811.8633994802  2.047501E-16
8814.82395684329  1.905325E-16
8817.78451420637  1.930209E-16
8820.74507156945  1.994216E-16
8823.70562893253  2.151778E-16
8826.66618629561  1.859092E-16
8829.62674365869  1.811696E-16
8832.58730102178  1.816029E-16
8835.54785838486  1.602355E-16
8838.50841574793  1.706880E-16
8841.46897311102  1.975862E-16
8844.4295304741  1.830402E-16
8847.39008783718  1.792405E-16
8850.35064520026  1.606610E-16
8853.31120256334  1.722843E-16
8856.27175992643  1.578214E-16
8859.23231728951  1.681295E-16
8862.19287465259  1.941485E-16
8865.15343201567  1.829898E-16
8868.11398937875  1.771345E-16
8871.07454674183  1.586394E-16
8874.03510410491  1.518371E-16
8876.995661468  1.551536E-16
8879.95621883108  1.661144E-16
8882.91677619415  1.386560E-16
8885.87733355724  1.535392E-16
8888.83789092032  1.830204E-16
8891.7984482834  1.780770E-16
8894.75900564648  1.642202E-16
8897.71956300956  1.550053E-16
8900.68012037265  1.387734E-16
8903.64067773573  1.359599E-16
8906.60123509881  1.458801E-16
8909.56179246189  1.484969E-16
8912.52234982497  1.482462E-16
8915.48290718805  1.383702E-16
8918.44346455113  1.370613E-16
8921.40402191421  1.357179E-16
8924.3645792773  1.188295E-16
8927.32513664037  1.179833E-16
8930.28569400346  1.267594E-16
8933.24625136654  1.419219E-16
8936.20680872962  1.329407E-16
8939.1673660927  1.597213E-16
8942.12792345578  1.478619E-16
8945.08848081886  1.303883E-16
8948.04903818195  1.388795E-16
8951.00959554503  1.435076E-16
8953.97015290811  1.432049E-16
8956.93071027119  1.491632E-16
8959.89126763427  1.254790E-16
8962.85182499735  1.121627E-16
8965.81238236043  1.506773E-16
8968.77293972352  1.739457E-16
8971.7334970866  1.695796E-16
8974.69405444968  1.315898E-16
8977.65461181276  1.358192E-16
8980.61516917584  1.642002E-16
8983.57572653892  1.507006E-16
8986.536283902  1.342337E-16
8989.49684126508  1.450918E-16
