#Object:               SN2004gc
#FITS_file:            SN04gc_b01_CLA_LD_19dec04.fits
#Redshift:             0.03070
#JDate_of_max:         2453324.57
#JDate_of_observation: 2453358.71
#Epoch:                33.12     
#
 3492.7675 -7.83737e-18
 3496.8320 -1.58635e-17
 3500.8966 -2.28224e-17
 3504.9611 -7.36049e-19
 3509.0256 -1.83683e-17
 3513.0901 -2.99565e-17
 3517.1546 -4.32132e-18
 3521.2191 -1.44836e-17
 3525.2836 -8.71027e-18
 3529.3481 -9.43454e-18
 3533.4126 -1.74951e-17
 3537.4771 -3.62753e-17
 3541.5416 -5.47587e-18
 3545.6062 5.28941e-17
 3549.6707 1.79764e-18
 3553.7352 3.02314e-18
 3557.7997 2.54758e-17
 3561.8642 -6.24881e-18
 3565.9287 1.10063e-17
 3569.9932 3.31180e-17
 3574.0577 3.53096e-18
 3578.1222 2.48452e-17
 3582.1867 -1.26175e-17
 3586.2512 -3.99153e-17
 3590.3157 1.65762e-17
 3594.3803 6.36249e-17
 3598.4448 -1.99784e-18
 3602.5093 1.35168e-17
 3606.5738 7.18414e-18
 3610.6383 -7.38584e-18
 3614.7028 1.16219e-17
 3618.7673 2.27723e-17
 3622.8318 2.01384e-17
 3626.8963 1.16170e-17
 3630.9608 1.58929e-17
 3635.0253 4.05409e-18
 3639.0898 1.79908e-17
 3643.1544 3.80744e-17
 3647.2189 2.10191e-17
 3651.2834 2.41144e-17
 3655.3479 2.14257e-17
 3659.4124 -7.77441e-18
 3663.4769 1.18918e-17
 3667.5414 4.55067e-17
 3671.6059 2.04368e-17
 3675.6704 1.35582e-17
 3679.7349 8.92991e-18
 3683.7994 1.88761e-17
 3687.8639 2.27929e-18
 3691.9285 2.37014e-18
 3695.9930 2.46777e-17
 3700.0575 -8.62195e-18
 3704.1220 9.54585e-18
 3708.1865 1.84134e-17
 3712.2510 1.27675e-17
 3716.3155 1.83456e-17
 3720.3800 1.03944e-17
 3724.4445 4.93430e-18
 3728.5090 -2.08266e-18
 3732.5735 1.58782e-18
 3736.6380 6.58802e-18
 3740.7026 6.02728e-18
 3744.7671 2.60752e-17
 3748.8316 2.55779e-17
 3752.8961 1.39769e-17
 3756.9606 2.03795e-17
 3761.0251 -7.73820e-18
 3765.0896 6.45198e-18
 3769.1541 1.15797e-17
 3773.2186 9.97681e-18
 3777.2831 4.42292e-18
 3781.3476 1.18245e-17
 3785.4121 8.07123e-18
 3789.4767 1.96422e-18
 3793.5412 1.70100e-17
 3797.6057 2.16168e-17
 3801.6702 1.08676e-17
 3805.7347 1.60866e-17
 3809.7992 6.02222e-18
 3813.8637 -3.70410e-18
 3817.9282 2.38266e-17
 3821.9927 2.22561e-17
 3826.0572 1.11981e-17
 3830.1217 1.34979e-17
 3834.1863 3.16216e-17
 3838.2508 2.01731e-17
 3842.3153 1.91931e-17
 3846.3798 2.92209e-17
 3850.4443 2.97083e-17
 3854.5088 2.62509e-17
 3858.5733 2.54655e-17
 3862.6378 2.88806e-17
 3866.7023 2.47225e-17
 3870.7668 2.65732e-17
 3874.8313 2.22676e-17
 3878.8958 2.85355e-17
 3882.9604 4.33679e-17
 3887.0249 3.54337e-17
 3891.0894 2.93896e-17
 3895.1539 2.65920e-17
 3899.2184 3.02590e-17
 3903.2829 3.98916e-17
 3907.3474 3.52459e-17
 3911.4119 3.12213e-17
 3915.4764 3.78208e-17
 3919.5409 3.33610e-17
 3923.6054 3.46191e-17
 3927.6699 4.15122e-17
 3931.7344 3.94464e-17
 3935.7990 4.45826e-17
 3939.8635 4.67411e-17
 3943.9280 4.48379e-17
 3947.9925 5.02022e-17
 3952.0570 5.05450e-17
 3956.1215 4.44691e-17
 3960.1860 3.95369e-17
 3964.2505 4.89608e-17
 3968.3150 4.07563e-17
 3972.3795 3.74046e-17
 3976.4440 3.74757e-17
 3980.5085 3.83904e-17
 3984.5731 4.23530e-17
 3988.6376 4.58310e-17
 3992.7021 3.65470e-17
 3996.7666 3.48529e-17
 4000.8311 4.01386e-17
 4004.8956 4.17489e-17
 4008.9601 4.18287e-17
 4013.0246 4.15312e-17
 4017.0891 3.69280e-17
 4021.1536 3.28433e-17
 4025.2181 3.64602e-17
 4029.2827 4.11567e-17
 4033.3472 3.80513e-17
 4037.4117 3.22905e-17
 4041.4762 2.79219e-17
 4045.5407 3.99844e-17
 4049.6052 3.48852e-17
 4053.6697 2.79137e-17
 4057.7342 2.42308e-17
 4061.7987 2.37721e-17
 4065.8632 2.14330e-17
 4069.9277 2.89773e-17
 4073.9922 3.03291e-17
 4078.0568 3.22606e-17
 4082.1213 2.84411e-17
 4086.1858 2.90984e-17
 4090.2503 2.94946e-17
 4094.3148 3.09224e-17
 4098.3793 2.66370e-17
 4102.4438 2.26158e-17
 4106.5083 2.19842e-17
 4110.5728 2.06628e-17
 4114.6373 2.81814e-17
 4118.7018 3.28508e-17
 4122.7663 2.60177e-17
 4126.8309 2.63122e-17
 4130.8954 2.79928e-17
 4134.9599 2.76245e-17
 4139.0244 2.80887e-17
 4143.0889 2.80390e-17
 4147.1534 2.66294e-17
 4151.2179 1.98736e-17
 4155.2824 2.20264e-17
 4159.3469 2.91282e-17
 4163.4114 2.73841e-17
 4167.4759 2.47612e-17
 4171.5404 2.37579e-17
 4175.6050 2.73886e-17
 4179.6695 3.24192e-17
 4183.7340 3.21011e-17
 4187.7985 2.87967e-17
 4191.8630 3.12070e-17
 4195.9275 3.24439e-17
 4199.9920 3.23597e-17
 4204.0565 3.44448e-17
 4208.1210 3.48740e-17
 4212.1855 3.04439e-17
 4216.2500 3.46418e-17
 4220.3145 3.39852e-17
 4224.3790 3.29143e-17
 4228.4436 3.13166e-17
 4232.5081 3.41790e-17
 4236.5726 3.08236e-17
 4240.6371 2.59627e-17
 4244.7016 2.80331e-17
 4248.7661 3.46795e-17
 4252.8306 2.90692e-17
 4256.8951 3.16487e-17
 4260.9596 3.37469e-17
 4265.0241 2.88735e-17
 4269.0886 3.06537e-17
 4273.1532 3.15146e-17
 4277.2177 3.03060e-17
 4281.2822 2.89895e-17
 4285.3467 3.57776e-17
 4289.4112 2.98479e-17
 4293.4757 2.66076e-17
 4297.5402 3.17468e-17
 4301.6047 3.53095e-17
 4305.6692 3.85962e-17
 4309.7337 4.16687e-17
 4313.7982 3.96675e-17
 4317.8627 3.59422e-17
 4321.9273 3.35140e-17
 4325.9918 3.79670e-17
 4330.0563 3.01112e-17
 4334.1208 3.23335e-17
 4338.1853 3.21192e-17
 4342.2498 2.70097e-17
 4346.3143 2.77362e-17
 4350.3788 3.06350e-17
 4354.4433 2.72847e-17
 4358.5078 2.34589e-17
 4362.5723 2.54875e-17
 4366.6369 3.03642e-17
 4370.7014 2.77007e-17
 4374.7659 2.41390e-17
 4378.8304 2.52160e-17
 4382.8949 2.60682e-17
 4386.9594 2.65778e-17
 4391.0239 2.30119e-17
 4395.0884 1.96109e-17
 4399.1529 2.27419e-17
 4403.2174 2.63137e-17
 4407.2819 1.81968e-17
 4411.3464 1.85577e-17
 4415.4109 1.98926e-17
 4419.4755 2.07773e-17
 4423.5400 2.36642e-17
 4427.6045 2.17475e-17
 4431.6690 2.12403e-17
 4435.7335 2.50710e-17
 4439.7980 2.12709e-17
 4443.8625 2.30283e-17
 4447.9270 2.49958e-17
 4451.9915 2.72892e-17
 4456.0560 2.66971e-17
 4460.1205 2.45789e-17
 4464.1850 2.29226e-17
 4468.2496 2.34634e-17
 4472.3141 2.98843e-17
 4476.3786 2.57867e-17
 4480.4431 2.79434e-17
 4484.5076 2.53792e-17
 4488.5721 2.66921e-17
 4492.6366 2.74967e-17
 4496.7011 2.48242e-17
 4500.7656 2.90562e-17
 4504.8301 3.08708e-17
 4508.8946 3.49001e-17
 4512.9591 3.66517e-17
 4517.0237 3.42522e-17
 4521.0882 3.42953e-17
 4525.1527 3.26082e-17
 4529.2172 3.88943e-17
 4533.2817 3.98317e-17
 4537.3462 3.92844e-17
 4541.4107 4.09171e-17
 4545.4752 4.18420e-17
 4549.5397 4.74275e-17
 4553.6042 5.29288e-17
 4557.6687 4.28173e-17
 4561.7333 4.06617e-17
 4565.7978 4.75865e-17
 4569.8623 5.23880e-17
 4573.9268 5.92717e-17
 4577.9913 5.48957e-17
 4582.0558 5.77598e-17
 4586.1203 6.28351e-17
 4590.1848 6.60133e-17
 4594.2493 6.48540e-17
 4598.3138 6.82680e-17
 4602.3783 6.42127e-17
 4606.4428 6.45780e-17
 4610.5074 6.75277e-17
 4614.5719 6.56598e-17
 4618.6364 7.06153e-17
 4622.7009 7.03445e-17
 4626.7654 7.33474e-17
 4630.8299 7.12511e-17
 4634.8944 6.22034e-17
 4638.9589 6.40777e-17
 4643.0234 7.06416e-17
 4647.0879 6.42926e-17
 4651.1524 6.22346e-17
 4655.2169 6.32760e-17
 4659.2815 5.72150e-17
 4663.3460 5.45084e-17
 4667.4105 5.13448e-17
 4671.4750 4.97386e-17
 4675.5395 4.79195e-17
 4679.6040 4.86790e-17
 4683.6685 5.19208e-17
 4687.7330 4.41602e-17
 4691.7975 4.09535e-17
 4695.8620 3.67622e-17
 4699.9265 3.94891e-17
 4703.9910 3.75286e-17
 4708.0555 3.30647e-17
 4712.1201 3.25266e-17
 4716.1846 3.69757e-17
 4720.2491 3.69986e-17
 4724.3136 3.34450e-17
 4728.3781 3.10971e-17
 4732.4426 2.36732e-17
 4736.5071 2.50317e-17
 4740.5716 2.65677e-17
 4744.6361 2.85539e-17
 4748.7006 2.93412e-17
 4752.7651 2.71513e-17
 4756.8297 2.95368e-17
 4760.8942 3.32328e-17
 4764.9587 3.26153e-17
 4769.0232 2.94536e-17
 4773.0877 2.73432e-17
 4777.1522 2.58949e-17
 4781.2167 2.84126e-17
 4785.2812 2.94456e-17
 4789.3457 3.27523e-17
 4793.4102 3.63366e-17
 4797.4747 3.63980e-17
 4801.5392 3.67256e-17
 4805.6038 3.79114e-17
 4809.6683 3.94850e-17
 4813.7328 3.99564e-17
 4817.7973 3.45101e-17
 4821.8618 3.15854e-17
 4825.9263 3.22329e-17
 4829.9908 3.93349e-17
 4834.0553 3.56013e-17
 4838.1198 3.80314e-17
 4842.1843 3.70584e-17
 4846.2488 3.77908e-17
 4850.3133 3.74731e-17
 4854.3779 3.36509e-17
 4858.4424 3.32847e-17
 4862.5069 3.58032e-17
 4866.5714 3.63358e-17
 4870.6359 3.89546e-17
 4874.7004 4.05208e-17
 4878.7649 3.92748e-17
 4882.8294 4.04998e-17
 4886.8939 4.10314e-17
 4890.9584 4.16218e-17
 4895.0229 4.17431e-17
 4899.0874 4.30064e-17
 4903.1520 4.23891e-17
 4907.2165 4.54534e-17
 4911.2810 5.36494e-17
 4915.3455 5.13164e-17
 4919.4100 5.38492e-17
 4923.4745 5.66856e-17
 4927.5390 5.84903e-17
 4931.6035 5.92607e-17
 4935.6680 5.95473e-17
 4939.7325 6.58804e-17
 4943.7970 6.22681e-17
 4947.8615 5.87360e-17
 4951.9261 6.09105e-17
 4955.9906 6.08795e-17
 4960.0551 5.76324e-17
 4964.1196 5.88359e-17
 4968.1841 5.91792e-17
 4972.2486 5.31030e-17
 4976.3131 4.91677e-17
 4980.3776 5.44900e-17
 4984.4421 5.80195e-17
 4988.5066 4.92792e-17
 4992.5711 4.97843e-17
 4996.6356 4.55556e-17
 5000.7002 4.00522e-17
 5004.7647 4.08883e-17
 5008.8292 4.06659e-17
 5012.8937 3.56816e-17
 5016.9582 3.55269e-17
 5021.0227 3.75632e-17
 5025.0872 3.84044e-17
 5029.1517 3.57252e-17
 5033.2162 3.40446e-17
 5037.2807 3.08210e-17
 5041.3452 3.26587e-17
 5045.4098 2.89012e-17
 5049.4743 2.79533e-17
 5053.5388 2.90536e-17
 5057.6033 2.71526e-17
 5061.6678 3.01895e-17
 5065.7323 3.05658e-17
 5069.7968 3.07857e-17
 5073.8613 2.97784e-17
 5077.9258 2.76281e-17
 5081.9903 3.14034e-17
 5086.0548 2.94634e-17
 5090.1193 2.69648e-17
 5094.1839 3.12002e-17
 5098.2484 2.91383e-17
 5102.3129 3.05575e-17
 5106.3774 3.21978e-17
 5110.4419 2.82685e-17
 5114.5064 2.88765e-17
 5118.5709 3.01029e-17
 5122.6354 3.37198e-17
 5126.6999 3.07946e-17
 5130.7644 3.12126e-17
 5134.8289 3.60011e-17
 5138.8934 3.28601e-17
 5142.9579 3.28124e-17
 5147.0225 3.41737e-17
 5151.0870 3.43561e-17
 5155.1515 3.11164e-17
 5159.2160 3.14857e-17
 5163.2805 3.43601e-17
 5167.3450 2.91464e-17
 5171.4095 3.08425e-17
 5175.4740 3.48459e-17
 5179.5385 3.61659e-17
 5183.6030 3.40591e-17
 5187.6675 3.52709e-17
 5191.7320 3.62815e-17
 5195.7966 3.71167e-17
 5199.8611 3.53253e-17
 5203.9256 3.34511e-17
 5207.9901 3.28236e-17
 5212.0546 4.17855e-17
 5216.1191 4.46503e-17
 5220.1836 3.87705e-17
 5224.2481 4.04084e-17
 5228.3126 4.33118e-17
 5232.3771 4.75606e-17
 5236.4416 4.82338e-17
 5240.5062 4.64037e-17
 5244.5707 4.40377e-17
 5248.6352 4.52780e-17
 5252.6997 5.13829e-17
 5256.7642 5.08084e-17
 5260.8287 5.02895e-17
 5264.8932 5.08347e-17
 5268.9577 5.31444e-17
 5273.0222 5.98451e-17
 5277.0867 6.02380e-17
 5281.1512 5.71322e-17
 5285.2157 5.54323e-17
 5289.2803 5.48371e-17
 5293.3448 5.89781e-17
 5297.4093 6.60123e-17
 5301.4738 6.06727e-17
 5305.5383 5.62399e-17
 5309.6028 5.99696e-17
 5313.6673 6.53977e-17
 5317.7318 6.27485e-17
 5321.7963 6.22654e-17
 5325.8608 6.58823e-17
 5329.9253 6.50730e-17
 5333.9898 6.00749e-17
 5338.0544 6.25018e-17
 5342.1189 6.95349e-17
 5346.1834 6.34366e-17
 5350.2479 5.94544e-17
 5354.3124 6.11647e-17
 5358.3769 5.88595e-17
 5362.4414 6.10742e-17
 5366.5059 6.59630e-17
 5370.5704 6.34718e-17
 5374.6349 5.42857e-17
 5378.6994 5.72754e-17
 5382.7639 5.90907e-17
 5386.8285 5.17179e-17
 5390.8930 5.72645e-17
 5394.9575 6.16054e-17
 5399.0220 5.84160e-17
 5403.0865 5.84994e-17
 5407.1510 6.65270e-17
 5411.2155 7.30596e-17
 5415.2800 7.54108e-17
 5419.3445 6.93797e-17
 5423.4090 6.77638e-17
 5427.4735 6.88374e-17
 5431.5380 7.35985e-17
 5435.6026 7.57677e-17
 5439.6671 7.60185e-17
 5443.7316 7.59075e-17
 5447.7961 8.00847e-17
 5451.8606 8.40624e-17
 5455.9251 8.47156e-17
 5459.9896 9.02266e-17
 5464.0541 9.12519e-17
 5468.1186 9.35573e-17
 5472.1831 9.97034e-17
 5476.2476 1.05281e-16
 5480.3121 1.08078e-16
 5484.3767 1.09521e-16
 5488.4412 1.14074e-16
 5492.5057 1.15244e-16
 5496.5702 1.15332e-16
 5500.6347 1.19937e-16
 5504.6992 1.20904e-16
 5508.7637 1.21735e-16
 5512.8282 1.21436e-16
 5516.8927 1.23018e-16
 5520.9572 1.27822e-16
 5525.0217 1.30218e-16
 5529.0863 1.28206e-16
 5533.1508 1.28731e-16
 5537.2153 1.24827e-16
 5541.2798 1.22930e-16
 5545.3443 1.27466e-16
 5549.4088 1.23326e-16
 5553.4733 1.25689e-16
 5557.5378 1.26847e-16
 5561.6023 1.26325e-16
 5565.6668 1.24122e-16
 5569.7313 1.19396e-16
 5573.7958 1.30445e-16
 5577.8604 1.33230e-16
 5581.9249 1.24982e-16
 5585.9894 1.20698e-16
 5590.0539 1.20440e-16
 5594.1184 1.13987e-16
 5598.1829 1.15784e-16
 5602.2474 1.15111e-16
 5606.3119 1.09776e-16
 5610.3764 1.07856e-16
 5614.4409 1.08682e-16
 5618.5054 1.07779e-16
 5622.5699 1.09321e-16
 5626.6344 1.05630e-16
 5630.6990 9.73609e-17
 5634.7635 9.60412e-17
 5638.8280 9.77745e-17
 5642.8925 9.66604e-17
 5646.9570 9.57024e-17
 5651.0215 9.28060e-17
 5655.0860 8.75385e-17
 5659.1505 8.74366e-17
 5663.2150 8.60985e-17
 5667.2795 7.75528e-17
 5671.3440 7.66385e-17
 5675.4085 8.22537e-17
 5679.4731 7.57850e-17
 5683.5376 7.08138e-17
 5687.6021 6.87968e-17
 5691.6666 6.76476e-17
 5695.7311 6.78385e-17
 5699.7956 6.98192e-17
 5703.8601 7.15414e-17
 5707.9246 7.30833e-17
 5711.9891 6.94433e-17
 5716.0536 6.94951e-17
 5720.1181 7.19523e-17
 5724.1827 7.06009e-17
 5728.2472 6.88522e-17
 5732.3117 7.35368e-17
 5736.3762 7.62100e-17
 5740.4407 7.38299e-17
 5744.5052 7.48521e-17
 5748.5697 7.33741e-17
 5752.6342 7.07829e-17
 5756.6987 7.05600e-17
 5760.7632 7.02066e-17
 5764.8277 7.20156e-17
 5768.8922 7.48079e-17
 5772.9568 7.60553e-17
 5777.0213 7.62124e-17
 5781.0858 7.42466e-17
 5785.1503 7.72923e-17
 5789.2148 7.94109e-17
 5793.2793 8.34613e-17
 5797.3438 8.10659e-17
 5801.4083 8.00130e-17
 5805.4728 8.25387e-17
 5809.5373 8.27242e-17
 5813.6018 8.39732e-17
 5817.6663 8.28287e-17
 5821.7309 8.36992e-17
 5825.7954 8.85572e-17
 5829.8599 9.16547e-17
 5833.9244 9.08979e-17
 5837.9889 8.98620e-17
 5842.0534 8.92947e-17
 5846.1179 8.92573e-17
 5850.1824 9.03878e-17
 5854.2469 9.24528e-17
 5858.3114 8.93184e-17
 5862.3759 8.74540e-17
 5866.4404 8.72768e-17
 5870.5050 8.51671e-17
 5874.5695 8.52438e-17
 5878.6340 8.37380e-17
 5882.6985 8.45077e-17
 5886.7630 8.26996e-17
 5890.8275 7.74914e-17
 5894.8920 7.85759e-17
 5898.9565 7.75441e-17
 5903.0210 7.53488e-17
 5907.0855 7.26541e-17
 5911.1500 7.53754e-17
 5915.2145 7.57135e-17
 5919.2790 7.50418e-17
 5923.3436 7.32422e-17
 5927.4081 7.02089e-17
 5931.4726 6.81465e-17
 5935.5371 6.86885e-17
 5939.6016 6.88398e-17
 5943.6661 6.83743e-17
 5947.7306 6.39543e-17
 5951.7951 5.93285e-17
 5955.8596 5.96166e-17
 5959.9241 6.01116e-17
 5963.9886 5.82366e-17
 5968.0532 5.66833e-17
 5972.1177 5.64375e-17
 5976.1822 5.57586e-17
 5980.2467 5.49415e-17
 5984.3112 5.53576e-17
 5988.3757 5.75554e-17
 5992.4402 5.62691e-17
 5996.5047 5.38980e-17
 6000.5692 5.01733e-17
 6004.6337 5.15568e-17
 6008.6982 4.78471e-17
 6012.7627 4.89993e-17
 6016.8273 5.22132e-17
 6020.8918 5.43382e-17
 6024.9563 5.32241e-17
 6029.0208 4.99679e-17
 6033.0853 4.77753e-17
 6037.1498 4.09583e-17
 6041.2143 4.62973e-17
 6045.2788 4.76050e-17
 6049.3433 4.69403e-17
 6053.4078 4.73992e-17
 6057.4723 4.76667e-17
 6061.5368 4.58667e-17
 6065.6014 4.54311e-17
 6069.6659 5.15344e-17
 6073.7304 4.77214e-17
 6077.7949 3.96820e-17
 6081.8594 3.95393e-17
 6085.9239 4.16795e-17
 6089.9884 4.30864e-17
 6094.0529 4.36488e-17
 6098.1174 4.58172e-17
 6102.1819 4.77653e-17
 6106.2464 4.38548e-17
 6110.3109 4.31208e-17
 6114.3755 4.09119e-17
 6118.4400 3.93640e-17
 6122.5045 4.21440e-17
 6126.5690 4.53874e-17
 6130.6335 4.18563e-17
 6134.6980 4.01096e-17
 6138.7625 4.13286e-17
 6142.8270 4.05276e-17
 6146.8915 3.93377e-17
 6150.9560 3.89151e-17
 6155.0205 3.84506e-17
 6159.0850 3.65736e-17
 6163.1496 3.50875e-17
 6167.2141 3.37869e-17
 6171.2786 3.86329e-17
 6175.3431 3.69625e-17
 6179.4076 3.72814e-17
 6183.4721 3.69871e-17
 6187.5366 3.92892e-17
 6191.6011 3.83582e-17
 6195.6656 3.52635e-17
 6199.7301 3.61559e-17
 6203.7946 4.32055e-17
 6207.8591 4.48344e-17
 6211.9237 4.36163e-17
 6215.9882 4.31243e-17
 6220.0527 4.04282e-17
 6224.1172 4.24694e-17
 6228.1817 3.86281e-17
 6232.2462 3.97498e-17
 6236.3107 4.17416e-17
 6240.3752 4.29141e-17
 6244.4397 4.35000e-17
 6248.5042 4.24658e-17
 6252.5687 4.19313e-17
 6256.6333 3.97491e-17
 6260.6978 4.41164e-17
 6264.7623 4.87086e-17
 6268.8268 5.00225e-17
 6272.8913 4.48645e-17
 6276.9558 4.16458e-17
 6281.0203 4.35088e-17
 6285.0848 4.12881e-17
 6289.1493 4.53473e-17
 6293.2138 4.45773e-17
 6297.2783 4.47760e-17
 6301.3428 4.37541e-17
 6305.4074 4.50429e-17
 6309.4719 4.61099e-17
 6313.5364 4.77592e-17
 6317.6009 5.03336e-17
 6321.6654 5.35821e-17
 6325.7299 5.43263e-17
 6329.7944 5.16181e-17
 6333.8589 4.88207e-17
 6337.9234 5.14868e-17
 6341.9879 5.34810e-17
 6346.0524 4.99784e-17
 6350.1169 5.55471e-17
 6354.1814 5.81163e-17
 6358.2460 5.83043e-17
 6362.3105 5.88757e-17
 6366.3750 6.10642e-17
 6370.4395 6.27277e-17
 6374.5040 6.13841e-17
 6378.5685 5.88793e-17
 6382.6330 5.83804e-17
 6386.6975 6.35849e-17
 6390.7620 6.82233e-17
 6394.8265 7.20406e-17
 6398.8910 7.32471e-17
 6402.9555 7.29701e-17
 6407.0201 7.48394e-17
 6411.0846 7.43996e-17
 6415.1491 7.56411e-17
 6419.2136 7.89534e-17
 6423.2781 8.17640e-17
 6427.3426 8.35814e-17
 6431.4071 8.71092e-17
 6435.4716 8.35181e-17
 6439.5361 8.58877e-17
 6443.6006 8.94043e-17
 6447.6651 8.60774e-17
 6451.7297 9.02596e-17
 6455.7942 9.41476e-17
 6459.8587 9.55706e-17
 6463.9232 9.75535e-17
 6467.9877 9.93422e-17
 6472.0522 9.68251e-17
 6476.1167 9.86723e-17
 6480.1812 9.98626e-17
 6484.2457 9.88194e-17
 6488.3102 1.00604e-16
 6492.3747 1.02010e-16
 6496.4392 1.02992e-16
 6500.5038 1.04745e-16
 6504.5683 1.18632e-16
 6508.6328 1.24126e-16
 6512.6973 1.31398e-16
 6516.7618 1.33348e-16
 6520.8263 1.26987e-16
 6524.8908 1.20241e-16
 6528.9553 1.17991e-16
 6533.0198 1.21727e-16
 6537.0843 1.15780e-16
 6541.1488 1.12138e-16
 6545.2133 1.07875e-16
 6549.2779 1.02988e-16
 6553.3424 1.06311e-16
 6557.4069 1.10085e-16
 6561.4714 1.04640e-16
 6565.5359 1.02475e-16
 6569.6004 1.16278e-16
 6573.6649 1.32054e-16
 6577.7294 1.20008e-16
 6581.7939 1.02233e-16
 6585.8584 1.02982e-16
 6589.9229 1.04709e-16
 6593.9874 1.09521e-16
 6598.0520 1.10131e-16
 6602.1165 1.03579e-16
 6606.1810 9.77906e-17
 6610.2455 9.98839e-17
 6614.3100 9.70339e-17
 6618.3745 1.00232e-16
 6622.4390 1.04094e-16
 6626.5035 9.44412e-17
 6630.5680 8.91259e-17
 6634.6325 8.76042e-17
 6638.6970 8.84899e-17
 6642.7615 8.68466e-17
 6646.8261 8.41489e-17
 6650.8906 8.18838e-17
 6654.9551 8.16453e-17
 6659.0196 8.05289e-17
 6663.0841 7.78509e-17
 6667.1486 7.37406e-17
 6671.2131 8.00030e-17
 6675.2776 7.43887e-17
 6679.3421 7.15742e-17
 6683.4066 6.94318e-17
 6687.4711 6.33352e-17
 6691.5356 6.91830e-17
 6695.6002 6.42938e-17
 6699.6647 5.92846e-17
 6703.7292 6.82564e-17
 6707.7937 6.99719e-17
 6711.8582 6.17049e-17
 6715.9227 5.94119e-17
 6719.9872 5.81133e-17
 6724.0517 5.19885e-17
 6728.1162 5.64541e-17
 6732.1807 5.48642e-17
 6736.2452 5.32478e-17
 6740.3098 5.67001e-17
 6744.3743 5.82342e-17
 6748.4388 5.48320e-17
 6752.5033 5.12581e-17
 6756.5678 5.30528e-17
 6760.6323 4.89284e-17
 6764.6968 5.58609e-17
 6768.7613 5.95411e-17
 6772.8258 6.40387e-17
 6776.8903 4.78857e-17
 6780.9548 4.98924e-17
 6785.0193 5.17256e-17
 6789.0839 5.00265e-17
 6793.1484 5.18837e-17
 6797.2129 5.56069e-17
 6801.2774 5.10727e-17
 6805.3419 4.81818e-17
 6809.4064 4.76341e-17
 6813.4709 4.99537e-17
 6817.5354 5.47078e-17
 6821.5999 5.69701e-17
 6825.6644 5.52584e-17
 6829.7289 5.38060e-17
 6833.7934 5.46093e-17
 6837.8579 5.76252e-17
 6841.9225 5.90595e-17
 6845.9870 5.33376e-17
 6850.0515 4.86558e-17
 6854.1160 5.18058e-17
 6858.1805 5.45410e-17
 6862.2450 5.38012e-17
 6866.3095 5.33170e-17
 6870.3740 5.60161e-17
 6874.4385 5.45286e-17
 6878.5030 5.46849e-17
 6882.5675 5.18851e-17
 6886.6320 5.25959e-17
 6890.6966 5.33418e-17
 6894.7611 5.51973e-17
 6898.8256 5.11831e-17
 6902.8901 4.38986e-17
 6906.9546 4.39402e-17
 6911.0191 4.55776e-17
 6915.0836 4.45019e-17
 6919.1481 4.70609e-17
 6923.2126 4.69731e-17
 6927.2771 4.40805e-17
 6931.3416 4.15482e-17
 6935.4062 4.31625e-17
 6939.4707 4.27706e-17
 6943.5352 4.39963e-17
 6947.5997 4.56661e-17
 6951.6642 4.73811e-17
 6955.7287 4.63467e-17
 6959.7932 4.61516e-17
 6963.8577 4.41130e-17
 6967.9222 4.85563e-17
 6971.9867 4.70277e-17
 6976.0512 4.82587e-17
 6980.1157 4.51662e-17
 6984.1803 4.52648e-17
 6988.2448 4.56709e-17
 6992.3093 4.53823e-17
 6996.3738 4.71530e-17
 7000.4383 4.60500e-17
 7004.5028 4.33983e-17
 7008.5673 4.22750e-17
 7012.6318 4.27247e-17
 7016.6963 4.24451e-17
 7020.7608 4.35248e-17
 7024.8253 4.03173e-17
 7028.8898 4.26086e-17
 7032.9544 4.60908e-17
 7037.0189 3.74639e-17
 7041.0834 4.02354e-17
 7045.1479 4.32650e-17
 7049.2124 3.77377e-17
 7053.2769 3.64688e-17
 7057.3414 3.50910e-17
 7061.4059 3.71297e-17
 7065.4704 3.77612e-17
 7069.5349 3.39625e-17
 7073.5994 3.78561e-17
 7077.6639 3.75355e-17
 7081.7285 3.50880e-17
 7085.7930 3.34767e-17
 7089.8575 3.14163e-17
 7093.9220 3.19843e-17
 7097.9865 3.46847e-17
 7102.0510 3.49550e-17
 7106.1155 3.17350e-17
 7110.1800 3.14061e-17
 7114.2445 3.32317e-17
 7118.3090 3.37684e-17
 7122.3735 3.47801e-17
 7126.4380 2.93254e-17
 7130.5026 3.21539e-17
 7134.5671 3.41005e-17
 7138.6316 3.80273e-17
 7142.6961 3.80014e-17
 7146.7606 3.90645e-17
 7150.8251 3.69427e-17
 7154.8896 4.33873e-17
 7158.9541 3.95762e-17
 7163.0186 3.77886e-17
 7167.0831 3.37996e-17
 7171.1476 3.46332e-17
 7175.2121 4.13362e-17
 7179.2767 3.78533e-17
 7183.3412 3.80483e-17
 7187.4057 4.01958e-17
 7191.4702 3.92966e-17
 7195.5347 3.68608e-17
 7199.5992 3.40173e-17
 7203.6637 3.94823e-17
 7207.7282 4.13587e-17
 7211.7927 4.58950e-17
 7215.8572 4.06627e-17
 7219.9217 4.22472e-17
 7223.9863 3.86827e-17
 7228.0508 4.25702e-17
 7232.1153 4.25763e-17
 7236.1798 4.10380e-17
 7240.2443 4.33199e-17
 7244.3088 4.06199e-17
 7248.3733 4.14132e-17
 7252.4378 4.64963e-17
 7256.5023 4.32189e-17
 7260.5668 4.04670e-17
 7264.6313 4.17626e-17
 7268.6958 4.00559e-17
 7272.7603 4.08976e-17
 7276.8249 4.37044e-17
 7280.8894 4.07170e-17
 7284.9539 4.56686e-17
 7289.0184 4.14128e-17
 7293.0829 4.22812e-17
 7297.1474 4.61649e-17
 7301.2119 3.86677e-17
 7305.2764 3.60452e-17
 7309.3409 3.61182e-17
 7313.4054 4.25624e-17
 7317.4699 4.41030e-17
 7321.5344 4.45148e-17
 7325.5990 4.08830e-17
 7329.6635 3.90233e-17
 7333.7280 4.35260e-17
 7337.7925 3.95196e-17
 7341.8570 4.18301e-17
 7345.9215 4.00216e-17
 7349.9860 3.92205e-17
 7354.0505 4.04100e-17
 7358.1150 4.33546e-17
 7362.1795 4.52943e-17
 7366.2440 4.21704e-17
 7370.3085 3.48230e-17
 7374.3731 2.50931e-17
 7378.4376 2.42227e-17
 7382.5021 3.12966e-17
 7386.5666 3.38029e-17
 7390.6311 4.29256e-17
 7394.6956 4.88455e-17
 7398.7601 4.16780e-17
 7402.8246 3.60506e-17
 7406.8891 3.92837e-17
 7410.9536 4.68891e-17
 7415.0181 4.93811e-17
 7419.0827 4.89509e-17
 7423.1472 4.81481e-17
 7427.2117 4.11355e-17
 7431.2762 4.82067e-17
 7435.3407 4.41877e-17
 7439.4052 4.91807e-17
 7443.4697 5.13883e-17
 7447.5342 4.34647e-17
 7451.5987 5.19665e-17
 7455.6632 5.36850e-17
 7459.7277 5.23245e-17
 7463.7922 5.13558e-17
 7467.8568 5.19989e-17
 7471.9213 4.95191e-17
 7475.9858 5.55271e-17
 7480.0503 5.73057e-17
 7484.1148 4.89237e-17
 7488.1793 3.13013e-17
 7492.2438 4.87010e-17
 7496.3083 5.88221e-17
 7500.3728 5.42572e-17
 7504.4373 4.28494e-17
 7508.5018 4.10442e-17
 7512.5663 4.15382e-17
 7516.6309 5.24157e-17
 7520.6954 4.76188e-17
 7524.7599 3.90649e-17
 7528.8244 4.45263e-17
 7532.8889 4.22601e-17
 7536.9534 4.13274e-17
 7541.0179 4.00600e-17
 7545.0824 3.98122e-17
 7549.1469 4.49362e-17
 7553.2114 3.62305e-17
 7557.2759 3.23224e-17
 7561.3404 3.26654e-17
 7565.4049 4.30077e-17
 7569.4695 3.89806e-17
 7573.5340 3.29433e-17
 7577.5985 4.07816e-17
 7581.6630 4.20113e-17
 7585.7275 3.67913e-17
 7589.7920 3.74446e-17
 7593.8565 4.64782e-17
 7597.9210 3.81107e-17
 7601.9855 4.26125e-17
 7606.0500 4.10036e-17
 7610.1145 4.40166e-17
 7614.1790 4.73230e-17
 7618.2436 3.97430e-17
 7622.3081 4.33032e-17
 7626.3726 4.63723e-17
 7630.4371 4.09153e-17
 7634.5016 4.65323e-17
 7638.5661 5.31124e-17
 7642.6306 4.91742e-17
 7646.6951 4.31321e-17
 7650.7596 4.78299e-17
 7654.8241 5.51009e-17
 7658.8886 5.51704e-17
 7662.9532 5.44151e-17
 7667.0177 5.66261e-17
 7671.0822 5.11692e-17
 7675.1467 5.55319e-17
 7679.2112 5.76938e-17
 7683.2757 5.64804e-17
 7687.3402 5.94609e-17
 7691.4047 6.57794e-17
 7695.4692 5.84878e-17
 7699.5337 6.24843e-17
 7703.5982 6.98209e-17
 7707.6627 5.99819e-17
 7711.7273 5.68435e-17
 7715.7918 5.90484e-17
 7719.8563 7.61037e-17
 7723.9208 7.03215e-17
 7727.9853 6.32001e-17
 7732.0498 5.59045e-17
 7736.1143 5.32628e-17
 7740.1788 5.41025e-17
 7744.2433 5.93591e-17
 7748.3078 6.79237e-17
 7752.3723 6.55200e-17
 7756.4368 6.80336e-17
 7760.5014 7.05304e-17
 7764.5659 6.00064e-17
 7768.6304 5.43739e-17
 7772.6949 5.88459e-17
 7776.7594 6.27772e-17
 7780.8239 5.67004e-17
 7784.8884 5.61896e-17
 7788.9529 5.20946e-17
 7793.0174 5.16200e-17
 7797.0819 5.68535e-17
 7801.1464 5.42091e-17
 7805.2109 5.60431e-17
 7809.2755 5.63766e-17
 7813.3400 5.32735e-17
 7817.4045 5.51587e-17
 7821.4690 5.89742e-17
 7825.5335 5.88734e-17
 7829.5980 4.98498e-17
 7833.6625 4.53547e-17
 7837.7270 5.18087e-17
 7841.7915 4.97644e-17
 7845.8560 4.62671e-17
 7849.9205 4.67226e-17
 7853.9850 4.10367e-17
 7858.0496 4.21110e-17
 7862.1141 4.87573e-17
 7866.1786 5.24432e-17
 7870.2431 4.53588e-17
 7874.3076 3.85283e-17
 7878.3721 3.27399e-17
 7882.4366 3.53367e-17
 7886.5011 4.55346e-17
 7890.5656 4.13004e-17
 7894.6301 3.55022e-17
 7898.6946 3.45193e-17
 7902.7591 3.86586e-17
 7906.8237 3.99098e-17
 7910.8882 4.13782e-17
 7914.9527 3.44287e-17
 7919.0172 3.11702e-17
 7923.0817 3.47558e-17
 7927.1462 3.86213e-17
 7931.2107 3.16077e-17
 7935.2752 2.76232e-17
 7939.3397 3.18119e-17
 7943.4042 3.80386e-17
 7947.4687 3.51055e-17
 7951.5333 2.92137e-17
 7955.5978 1.93492e-17
 7959.6623 3.71995e-17
 7963.7268 3.70723e-17
 7967.7913 2.77069e-17
 7971.8558 2.74881e-17
 7975.9203 3.12065e-17
 7979.9848 2.37122e-17
 7984.0493 2.61481e-17
 7988.1138 3.31890e-17
 7992.1783 3.68474e-17
 7996.2428 2.83376e-17
 8000.3074 1.94116e-17
 8004.3719 2.55769e-17
 8008.4364 3.05747e-17
 8012.5009 2.74955e-17
 8016.5654 2.36082e-17
 8020.6299 3.27196e-17
 8024.6944 3.37596e-17
 8028.7589 3.13851e-17
 8032.8234 2.74214e-17
 8036.8879 2.16645e-17
 8040.9524 2.75307e-17
 8045.0169 2.77963e-17
 8049.0814 2.73490e-17
 8053.1460 2.52843e-17
 8057.2105 2.88473e-17
 8061.2750 3.25507e-17
 8065.3395 3.51186e-17
 8069.4040 2.66327e-17
 8073.4685 3.42899e-17
 8077.5330 3.57232e-17
 8081.5975 2.85632e-17
 8085.6620 2.31740e-17
 8089.7265 2.97659e-17
 8093.7910 2.80258e-17
 8097.8555 2.51340e-17
 8101.9201 2.33459e-17
 8105.9846 1.34100e-17
 8110.0491 1.77927e-17
 8114.1136 2.48693e-17
 8118.1781 2.89900e-17
 8122.2426 2.30475e-17
 8126.3071 2.18922e-17
 8130.3716 2.15530e-17
 8134.4361 2.64597e-17
 8138.5006 1.88625e-17
 8142.5651 2.16233e-17
 8146.6297 2.16123e-17
 8150.6942 1.79085e-17
 8154.7587 1.01185e-17
 8158.8232 1.73288e-17
 8162.8877 1.22612e-17
 8166.9522 6.32245e-18
 8171.0167 9.86038e-18
 8175.0812 2.74632e-17
 8179.1457 2.29486e-17
 8183.2102 1.36029e-17
 8187.2747 8.77957e-18
 8191.3392 1.51035e-17
 8195.4038 1.19177e-18
 8199.4683 -2.85212e-18
 8203.5328 3.52321e-18
 8207.5973 8.51002e-18
 8211.6618 1.43862e-17
 8215.7263 1.13192e-17
 8219.7908 4.64613e-19
 8223.8553 5.71452e-18
 8227.9198 5.49442e-18
 8231.9843 9.34571e-18
 8236.0488 9.66957e-18
 8240.1133 1.23004e-18
 8244.1779 8.78472e-19
 8248.2424 6.49146e-18
 8252.3069 3.89544e-18
 8256.3714 3.89853e-18
 8260.4359 7.86874e-18
 8264.5004 2.52515e-18
 8268.5649 7.58881e-18
 8272.6294 -2.03603e-18
 8276.6939 1.84184e-18
 8280.7584 1.34645e-17
 8284.8229 6.83314e-18
 8288.8874 8.01051e-18
 8292.9520 8.97029e-18
 8297.0165 1.46159e-17
 8301.0810 1.61496e-17
 8305.1455 1.06217e-17
 8309.2100 7.74982e-18
 8313.2745 2.66338e-18
 8317.3390 4.41417e-18
 8321.4035 1.06942e-18
 8325.4680 3.25134e-18
 8329.5325 7.06499e-18
 8333.5970 4.31592e-18
 8337.6615 -2.37298e-18
 8341.7261 1.02717e-18
 8345.7906 1.54163e-17
 8349.8551 3.59336e-19
 8353.9196 -4.71139e-18
 8357.9841 9.60632e-18
 8362.0486 1.49132e-17
 8366.1131 2.26098e-18
 8370.1776 6.14130e-18
 8374.2421 1.57347e-17
 8378.3066 1.71019e-17
 8382.3711 -4.27379e-18
 8386.4356 -5.78197e-18
 8390.5002 1.10878e-17
 8394.5647 -1.72236e-18
 8398.6292 -3.35511e-18
 8402.6937 1.34567e-17
 8406.7582 2.26234e-17
 8410.8227 9.57187e-18
 8414.8872 1.49027e-17
 8418.9517 2.22621e-17
 8423.0162 9.25648e-18
 8427.0807 -1.03985e-18
 8431.1452 2.11407e-17
 8435.2098 2.00282e-17
 8439.2743 1.48057e-17
 8443.3388 2.04589e-17
 8447.4033 1.34054e-17
 8451.4678 1.93982e-17
 8455.5323 1.93397e-17
 8459.5968 1.17374e-17
 8463.6613 3.43922e-17
 8467.7258 1.93289e-17
 8471.7903 1.72937e-17
 8475.8548 1.88070e-17
 8479.9193 1.49660e-17
 8483.9838 7.11574e-18
 8488.0484 1.29514e-17
 8492.1129 2.87067e-17
 8496.1774 4.30009e-17
 8500.2419 4.52245e-17
 8504.3064 3.63781e-17
 8508.3709 2.85837e-17
 8512.4354 2.72404e-17
 8516.4999 1.52070e-17
 8520.5644 2.21765e-17
 8524.6289 2.79610e-17
 8528.6934 2.82951e-17
 8532.7579 2.65297e-17
 8536.8225 3.06379e-17
 8540.8870 3.18281e-17
 8544.9515 3.51521e-17
 8549.0160 3.22937e-17
 8553.0805 4.28228e-17
 8557.1450 4.64729e-17
 8561.2095 5.42936e-17
 8565.2740 3.40339e-17
 8569.3385 3.06560e-17
 8573.4030 4.09231e-17
 8577.4675 4.39991e-17
 8581.5320 4.33536e-17
 8585.5966 4.09961e-17
 8589.6611 3.57031e-17
 8593.7256 3.23342e-17
 8597.7901 3.30203e-17
 8601.8546 3.71050e-17
 8605.9191 3.69282e-17
 8609.9836 3.94295e-17
 8614.0481 4.25033e-17
 8618.1126 3.49857e-17
 8622.1771 5.03663e-17
 8626.2416 3.77509e-17
 8630.3062 3.06769e-17
 8634.3707 4.13814e-17
 8638.4352 4.31045e-17
 8642.4997 4.06415e-17
 8646.5642 3.36830e-17
 8650.6287 4.16129e-17
 8654.6932 6.01292e-17
 8658.7577 5.01048e-17
 8662.8222 3.97985e-17
 8666.8867 4.87445e-17
 8670.9512 6.69261e-17
 8675.0157 3.82457e-17
 8679.0803 3.29902e-17
 8683.1448 4.97883e-17
 8687.2093 4.14531e-17
 8691.2738 2.85400e-17
 8695.3383 3.17586e-17
 8699.4028 3.73001e-17
 8703.4673 4.29025e-17
 8707.5318 3.96846e-17
 8711.5963 4.39644e-17
 8715.6608 6.89838e-17
 8719.7253 3.11114e-17
 8723.7898 3.09416e-17
 8727.8544 2.37264e-17
 8731.9189 3.19159e-17
