#Object:               SN2005lu
#FITS_file:            SN05lu_b01_DUP_WF_21dec05.fits
#Redshift:             0.03201
#JDate_of_max:         2453711.90
#JDate_of_observation: 2453725.59
#Epoch:                13.27     
#
 3682.1389 2.49042e-16
 3685.0860 2.98302e-16
 3688.0331 2.46515e-16
 3690.9802 2.50051e-16
 3693.9272 2.19551e-16
 3696.8743 2.43414e-16
 3699.8214 2.38267e-16
 3702.7685 2.55291e-16
 3705.7156 2.70215e-16
 3708.6626 2.28531e-16
 3711.6097 2.59017e-16
 3714.5568 2.74290e-16
 3717.5039 2.88738e-16
 3720.4509 3.66262e-16
 3723.3980 6.19861e-16
 3726.3451 8.65057e-16
 3729.2922 7.44786e-16
 3732.2392 3.94486e-16
 3735.1863 2.72678e-16
 3738.1334 2.68768e-16
 3741.0805 2.30201e-16
 3744.0276 2.44457e-16
 3746.9746 2.26796e-16
 3749.9217 2.08021e-16
 3752.8688 2.18806e-16
 3755.8159 2.54629e-16
 3758.7629 2.55638e-16
 3761.7100 2.17156e-16
 3764.6571 2.46152e-16
 3767.6042 2.00211e-16
 3770.5513 2.34436e-16
 3773.4983 2.65843e-16
 3776.4454 2.56377e-16
 3779.3925 2.68230e-16
 3782.3396 2.71470e-16
 3785.2867 2.63847e-16
 3788.2337 2.59427e-16
 3791.1808 2.42226e-16
 3794.1279 2.30134e-16
 3797.0750 2.28343e-16
 3800.0220 2.41120e-16
 3802.9691 2.84613e-16
 3805.9162 2.44570e-16
 3808.8633 2.61362e-16
 3811.8103 3.20861e-16
 3814.7574 2.99827e-16
 3817.7045 2.74673e-16
 3820.6516 3.12238e-16
 3823.5987 3.28612e-16
 3826.5457 3.10782e-16
 3829.4928 2.90184e-16
 3832.4399 2.85852e-16
 3835.3870 2.88740e-16
 3838.3340 3.34780e-16
 3841.2811 3.70175e-16
 3844.2282 3.99206e-16
 3847.1753 3.95237e-16
 3850.1224 4.62400e-16
 3853.0694 4.34649e-16
 3856.0165 4.65795e-16
 3858.9636 4.75580e-16
 3861.9107 4.53991e-16
 3864.8577 4.98822e-16
 3867.8048 4.99386e-16
 3870.7519 4.81954e-16
 3873.6990 4.82433e-16
 3876.6461 4.64269e-16
 3879.5931 4.63667e-16
 3882.5402 4.54875e-16
 3885.4873 4.62391e-16
 3888.4344 4.56258e-16
 3891.3814 4.88590e-16
 3894.3285 4.67827e-16
 3897.2756 4.86259e-16
 3900.2227 5.16711e-16
 3903.1697 5.08094e-16
 3906.1168 5.23686e-16
 3909.0639 4.95385e-16
 3912.0110 5.50018e-16
 3914.9581 5.42643e-16
 3917.9051 5.26780e-16
 3920.8522 5.22100e-16
 3923.7993 5.01110e-16
 3926.7464 5.20257e-16
 3929.6935 4.51210e-16
 3932.6405 4.22831e-16
 3935.5876 4.74070e-16
 3938.5347 5.01532e-16
 3941.4818 5.22861e-16
 3944.4288 4.85174e-16
 3947.3759 4.96372e-16
 3950.3230 4.81972e-16
 3953.2701 4.83090e-16
 3956.2172 4.85955e-16
 3959.1642 4.26875e-16
 3962.1113 4.08150e-16
 3965.0584 3.91470e-16
 3968.0055 3.85617e-16
 3970.9525 4.13751e-16
 3973.8996 3.71741e-16
 3976.8467 4.00130e-16
 3979.7938 3.84400e-16
 3982.7408 3.89976e-16
 3985.6879 3.99177e-16
 3988.6350 3.97148e-16
 3991.5821 4.08609e-16
 3994.5292 4.01471e-16
 3997.4762 3.98015e-16
 4000.4233 4.29166e-16
 4003.3704 4.45254e-16
 4006.3175 3.73696e-16
 4009.2645 4.02827e-16
 4012.2116 3.87746e-16
 4015.1587 3.94279e-16
 4018.1058 3.87418e-16
 4021.0529 3.89285e-16
 4023.9999 3.90915e-16
 4026.9470 4.28825e-16
 4029.8941 4.17649e-16
 4032.8412 3.94565e-16
 4035.7882 3.97390e-16
 4038.7353 3.98191e-16
 4041.6824 4.03298e-16
 4044.6295 3.63689e-16
 4047.5766 3.95782e-16
 4050.5236 3.79653e-16
 4053.4707 3.58138e-16
 4056.4178 3.83823e-16
 4059.3649 4.09446e-16
 4062.3119 3.73887e-16
 4065.2590 3.52748e-16
 4068.2061 3.92026e-16
 4071.1532 3.84190e-16
 4074.1002 4.16145e-16
 4077.0473 3.88358e-16
 4079.9944 3.95383e-16
 4082.9415 3.82456e-16
 4085.8886 3.87854e-16
 4088.8356 4.11971e-16
 4091.7827 4.00322e-16
 4094.7298 3.91761e-16
 4097.6769 3.72040e-16
 4100.6240 4.05147e-16
 4103.5710 4.07178e-16
 4106.5181 3.62821e-16
 4109.4652 3.69336e-16
 4112.4123 3.78610e-16
 4115.3593 4.26553e-16
 4118.3064 4.22060e-16
 4121.2535 4.10828e-16
 4124.2006 4.13594e-16
 4127.1477 4.09972e-16
 4130.0947 3.92840e-16
 4133.0418 4.29764e-16
 4135.9889 4.51611e-16
 4138.9360 4.57524e-16
 4141.8830 4.56997e-16
 4144.8301 4.11190e-16
 4147.7772 4.33107e-16
 4150.7243 4.59582e-16
 4153.6713 4.59797e-16
 4156.6184 4.37802e-16
 4159.5655 4.28337e-16
 4162.5126 4.49485e-16
 4165.4597 4.45463e-16
 4168.4067 4.54782e-16
 4171.3538 4.29313e-16
 4174.3009 4.35258e-16
 4177.2480 4.50380e-16
 4180.1950 4.51288e-16
 4183.1421 4.57674e-16
 4186.0892 4.44807e-16
 4189.0363 4.33045e-16
 4191.9834 4.38940e-16
 4194.9304 4.56790e-16
 4197.8775 4.74385e-16
 4200.8246 4.47446e-16
 4203.7717 4.43368e-16
 4206.7187 4.68346e-16
 4209.6658 4.53976e-16
 4212.6129 4.27140e-16
 4215.5600 4.36129e-16
 4218.5071 4.24856e-16
 4221.4541 4.17374e-16
 4224.4012 4.04808e-16
 4227.3483 4.09534e-16
 4230.2954 4.20482e-16
 4233.2424 4.30639e-16
 4236.1895 3.77032e-16
 4239.1366 3.89399e-16
 4242.0837 4.29254e-16
 4245.0308 4.10164e-16
 4247.9778 4.07750e-16
 4250.9249 4.17538e-16
 4253.8720 4.05895e-16
 4256.8191 4.06927e-16
 4259.7661 4.04519e-16
 4262.7132 4.14139e-16
 4265.6603 4.28941e-16
 4268.6074 4.27331e-16
 4271.5545 4.13204e-16
 4274.5015 3.94885e-16
 4277.4486 4.10573e-16
 4280.3957 4.08196e-16
 4283.3428 3.90419e-16
 4286.2898 3.91499e-16
 4289.2369 3.88376e-16
 4292.1840 3.90120e-16
 4295.1311 3.85445e-16
 4298.0782 3.51410e-16
 4301.0252 3.52405e-16
 4303.9723 3.48043e-16
 4306.9194 3.24701e-16
 4309.8665 3.46446e-16
 4312.8135 3.66686e-16
 4315.7606 3.74889e-16
 4318.7077 3.20569e-16
 4321.6548 3.26618e-16
 4324.6018 3.22212e-16
 4327.5489 3.21876e-16
 4330.4960 3.03601e-16
 4333.4431 3.05031e-16
 4336.3902 3.33428e-16
 4339.3372 3.84974e-16
 4342.2843 3.45501e-16
 4345.2314 2.78258e-16
 4348.1785 2.97624e-16
 4351.1255 2.91535e-16
 4354.0726 3.02262e-16
 4357.0197 2.95696e-16
 4359.9668 3.05115e-16
 4362.9139 2.99951e-16
 4365.8609 2.78158e-16
 4368.8080 2.93908e-16
 4371.7551 2.81550e-16
 4374.7022 2.77306e-16
 4377.6492 2.80893e-16
 4380.5963 2.73510e-16
 4383.5434 2.67643e-16
 4386.4905 2.81711e-16
 4389.4376 2.99772e-16
 4392.3846 2.95778e-16
 4395.3317 3.00332e-16
 4398.2788 2.94485e-16
 4401.2259 3.36275e-16
 4404.1729 3.38474e-16
 4407.1200 3.01740e-16
 4410.0671 2.86172e-16
 4413.0142 2.92601e-16
 4415.9613 2.92897e-16
 4418.9083 2.91884e-16
 4421.8554 3.01169e-16
 4424.8025 3.13252e-16
 4427.7496 2.94686e-16
 4430.6966 3.04637e-16
 4433.6437 3.19511e-16
 4436.5908 3.31113e-16
 4439.5379 3.26728e-16
 4442.4850 3.49655e-16
 4445.4320 3.66452e-16
 4448.3791 3.44864e-16
 4451.3262 3.57521e-16
 4454.2733 3.63143e-16
 4457.2203 3.63295e-16
 4460.1674 3.77051e-16
 4463.1145 3.53233e-16
 4466.0616 3.58876e-16
 4469.0087 3.86523e-16
 4471.9557 3.91514e-16
 4474.9028 3.92212e-16
 4477.8499 3.52400e-16
 4480.7970 3.83406e-16
 4483.7440 4.09476e-16
 4486.6911 4.24956e-16
 4489.6382 3.97705e-16
 4492.5853 4.03505e-16
 4495.5323 4.07397e-16
 4498.4794 4.28919e-16
 4501.4265 4.31705e-16
 4504.3736 4.56538e-16
 4507.3207 4.62558e-16
 4510.2677 4.43995e-16
 4513.2148 4.55249e-16
 4516.1619 4.69957e-16
 4519.1090 4.71742e-16
 4522.0560 4.53972e-16
 4525.0031 4.61614e-16
 4527.9502 4.78391e-16
 4530.8973 4.86561e-16
 4533.8444 4.72908e-16
 4536.7914 4.81000e-16
 4539.7385 5.05497e-16
 4542.6856 4.95772e-16
 4545.6327 5.00638e-16
 4548.5797 5.12766e-16
 4551.5268 5.26541e-16
 4554.4739 5.17566e-16
 4557.4210 5.17773e-16
 4560.3681 5.13965e-16
 4563.3151 4.99693e-16
 4566.2622 5.25909e-16
 4569.2093 5.53338e-16
 4572.1564 5.37497e-16
 4575.1034 5.19275e-16
 4578.0505 5.35465e-16
 4580.9976 5.51096e-16
 4583.9447 5.49477e-16
 4586.8918 5.27339e-16
 4589.8388 5.33682e-16
 4592.7859 5.27806e-16
 4595.7330 5.37201e-16
 4598.6801 5.40228e-16
 4601.6271 5.49111e-16
 4604.5742 5.28517e-16
 4607.5213 5.03596e-16
 4610.4684 5.13409e-16
 4613.4155 5.04235e-16
 4616.3625 4.91418e-16
 4619.3096 5.07349e-16
 4622.2567 5.07415e-16
 4625.2038 4.82279e-16
 4628.1508 4.91709e-16
 4631.0979 4.66003e-16
 4634.0450 4.88901e-16
 4636.9921 4.73142e-16
 4639.9391 4.46775e-16
 4642.8862 4.44271e-16
 4645.8333 4.60324e-16
 4648.7804 4.52365e-16
 4651.7275 4.56804e-16
 4654.6745 4.51141e-16
 4657.6216 4.71431e-16
 4660.5687 4.56267e-16
 4663.5158 4.30950e-16
 4666.4628 4.18980e-16
 4669.4099 4.17373e-16
 4672.3570 4.21427e-16
 4675.3041 4.33594e-16
 4678.2512 4.14819e-16
 4681.1982 4.02404e-16
 4684.1453 3.97564e-16
 4687.0924 3.87657e-16
 4690.0395 3.82595e-16
 4692.9865 3.58987e-16
 4695.9336 3.62262e-16
 4698.8807 3.67858e-16
 4701.8278 3.47835e-16
 4704.7749 3.34085e-16
 4707.7219 3.27321e-16
 4710.6690 3.07565e-16
 4713.6161 3.11837e-16
 4716.5632 3.03194e-16
 4719.5102 3.59968e-16
 4722.4573 3.54804e-16
 4725.4044 3.34297e-16
 4728.3515 2.86471e-16
 4731.2986 2.90395e-16
 4734.2456 2.92353e-16
 4737.1927 3.05480e-16
 4740.1398 3.12877e-16
 4743.0869 3.10284e-16
 4746.0339 3.07765e-16
 4748.9810 3.06228e-16
 4751.9281 3.03488e-16
 4754.8752 2.97837e-16
 4757.8223 2.96491e-16
 4760.7693 2.95724e-16
 4763.7164 2.96849e-16
 4766.6635 2.96004e-16
 4769.6106 2.99838e-16
 4772.5576 2.90441e-16
 4775.5047 3.00277e-16
 4778.4518 2.83675e-16
 4781.3989 2.87863e-16
 4784.3460 2.89718e-16
 4787.2930 2.85425e-16
 4790.2401 2.72213e-16
 4793.1872 2.71717e-16
 4796.1343 2.53051e-16
 4799.0813 2.67838e-16
 4802.0284 2.82566e-16
 4804.9755 2.74997e-16
 4807.9226 2.93406e-16
 4810.8696 2.97054e-16
 4813.8167 2.97812e-16
 4816.7638 2.65421e-16
 4819.7109 2.67636e-16
 4822.6580 2.71056e-16
 4825.6050 2.60940e-16
 4828.5521 2.72956e-16
 4831.4992 2.71065e-16
 4834.4463 2.71552e-16
 4837.3933 2.78329e-16
 4840.3404 2.78863e-16
 4843.2875 2.68721e-16
 4846.2346 2.63382e-16
 4849.1817 2.74200e-16
 4852.1287 2.66873e-16
 4855.0758 3.14330e-16
 4858.0229 4.72502e-16
 4860.9700 5.53262e-16
 4863.9170 4.02771e-16
 4866.8641 2.93448e-16
 4869.8112 3.12250e-16
 4872.7583 3.03368e-16
 4875.7054 3.08292e-16
 4878.6524 3.01400e-16
 4881.5995 3.17546e-16
 4884.5466 3.29060e-16
 4887.4937 3.19315e-16
 4890.4407 3.33321e-16
 4893.3878 3.42693e-16
 4896.3349 3.40694e-16
 4899.2820 3.54623e-16
 4902.2291 3.39238e-16
 4905.1761 3.59275e-16
 4908.1232 3.42223e-16
 4911.0703 3.29896e-16
 4914.0174 3.21291e-16
 4916.9644 3.25608e-16
 4919.9115 3.21400e-16
 4922.8586 3.08366e-16
 4925.8057 3.13665e-16
 4928.7528 3.17480e-16
 4931.6998 3.08449e-16
 4934.6469 3.07425e-16
 4937.5940 2.90853e-16
 4940.5411 2.92615e-16
 4943.4881 2.82099e-16
 4946.4352 2.89777e-16
 4949.3823 2.96736e-16
 4952.3294 2.91997e-16
 4955.2765 3.62797e-16
 4958.2235 4.17885e-16
 4961.1706 3.61869e-16
 4964.1177 2.74949e-16
 4967.0648 2.78624e-16
 4970.0118 2.78661e-16
 4972.9589 2.70689e-16
 4975.9060 2.67416e-16
 4978.8531 2.56600e-16
 4981.8001 2.50969e-16
 4984.7472 2.50461e-16
 4987.6943 2.80118e-16
 4990.6414 2.63849e-16
 4993.5885 2.72936e-16
 4996.5355 2.78629e-16
 4999.4826 2.77155e-16
 5002.4297 4.25716e-16
 5005.3768 6.39875e-16
 5008.3238 5.46590e-16
 5011.2709 3.38285e-16
 5014.2180 2.88786e-16
 5017.1651 2.76664e-16
 5020.1122 2.66266e-16
 5023.0592 2.81558e-16
 5026.0063 2.80998e-16
 5028.9534 2.77187e-16
 5031.9005 2.90910e-16
 5034.8475 2.70694e-16
 5037.7946 2.68192e-16
 5040.7417 2.82264e-16
 5043.6888 2.90077e-16
 5046.6359 2.80371e-16
 5049.5829 2.86156e-16
 5052.5300 2.77692e-16
 5055.4771 2.83401e-16
 5058.4242 2.88133e-16
 5061.3712 2.90393e-16
 5064.3183 3.00641e-16
 5067.2654 2.97580e-16
 5070.2125 2.93942e-16
 5073.1596 3.02833e-16
 5076.1066 2.94019e-16
 5079.0537 2.82277e-16
 5082.0008 3.02106e-16
 5084.9479 2.93328e-16
 5087.8949 3.02417e-16
 5090.8420 3.01258e-16
 5093.7891 3.13109e-16
 5096.7362 3.04950e-16
 5099.6833 3.12755e-16
 5102.6303 3.22833e-16
 5105.5774 3.21459e-16
 5108.5245 3.17302e-16
 5111.4716 3.27323e-16
 5114.4186 3.30078e-16
 5117.3657 3.43686e-16
 5120.3128 3.30058e-16
 5123.2599 3.36507e-16
 5126.2070 3.60377e-16
 5129.1540 3.47629e-16
 5132.1011 3.58669e-16
 5135.0482 3.70463e-16
 5137.9953 3.42173e-16
 5140.9423 3.60008e-16
 5143.8894 3.84202e-16
 5146.8365 3.67440e-16
 5149.7836 3.77406e-16
 5152.7306 3.92840e-16
 5155.6777 4.06907e-16
 5158.6248 4.06792e-16
 5161.5719 4.06357e-16
 5164.5190 4.03114e-16
 5167.4660 3.94870e-16
 5170.4131 3.99815e-16
 5173.3602 4.10266e-16
 5176.3073 4.09905e-16
 5179.2543 4.06323e-16
 5182.2014 4.15538e-16
 5185.1485 4.03346e-16
 5188.0956 4.18354e-16
 5191.0427 4.22605e-16
 5193.9897 4.33573e-16
 5196.9368 4.38827e-16
 5199.8839 4.45634e-16
 5202.8310 4.27333e-16
 5205.7781 4.27039e-16
 5208.7251 4.49620e-16
 5211.6722 4.34894e-16
 5214.6193 4.37442e-16
 5217.5664 4.40599e-16
 5220.5134 4.41585e-16
 5223.4605 4.23674e-16
 5226.4076 4.30868e-16
 5229.3547 4.43408e-16
 5232.3017 4.24372e-16
 5235.2488 4.25232e-16
 5238.1959 4.34647e-16
 5241.1430 4.36438e-16
 5244.0901 4.25880e-16
 5247.0371 4.33345e-16
 5249.9842 4.20993e-16
 5252.9313 4.70635e-16
 5255.8784 4.60174e-16
 5258.8254 4.29071e-16
 5261.7725 4.01832e-16
 5264.7196 4.08987e-16
 5267.6667 4.16894e-16
 5270.6138 4.06175e-16
 5273.5608 4.04885e-16
 5276.5079 4.22128e-16
 5279.4550 4.07466e-16
 5282.4021 4.06068e-16
 5285.3491 4.11554e-16
 5288.2962 4.09713e-16
 5291.2433 4.12824e-16
 5294.1904 3.98300e-16
 5297.1375 3.85013e-16
 5300.0845 4.04413e-16
 5303.0316 4.02435e-16
 5305.9787 3.85445e-16
 5308.9258 3.96579e-16
 5311.8728 3.89763e-16
 5314.8199 3.86121e-16
 5317.7670 3.93839e-16
 5320.7141 3.88321e-16
 5323.6611 3.84159e-16
 5326.6082 3.78905e-16
 5329.5553 3.88078e-16
 5332.5024 3.91407e-16
 5335.4495 3.81429e-16
 5338.3965 3.70816e-16
 5341.3436 3.76506e-16
 5344.2907 3.82511e-16
 5347.2378 3.75491e-16
 5350.1848 3.81383e-16
 5353.1319 3.70021e-16
 5356.0790 3.59048e-16
 5359.0261 3.68312e-16
 5361.9732 3.69793e-16
 5364.9202 3.50890e-16
 5367.8673 3.51359e-16
 5370.8144 3.53446e-16
 5373.7615 3.57687e-16
 5376.7086 3.55865e-16
 5379.6556 3.54983e-16
 5382.6027 3.42938e-16
 5385.5498 3.44954e-16
 5388.4969 3.50663e-16
 5391.4439 3.41829e-16
 5394.3910 3.23172e-16
 5397.3381 3.28902e-16
 5400.2852 3.79402e-16
 5403.2322 3.60251e-16
 5406.1793 3.22711e-16
 5409.1264 3.17360e-16
 5412.0735 3.28704e-16
 5415.0206 3.27680e-16
 5417.9676 3.32160e-16
 5420.9147 3.32848e-16
 5423.8618 3.30571e-16
 5426.8089 3.20906e-16
 5429.7559 3.28627e-16
 5432.7030 3.19276e-16
 5435.6501 3.28799e-16
 5438.5972 3.32352e-16
 5441.5443 3.28241e-16
 5444.4913 3.24696e-16
 5447.4384 3.19949e-16
 5450.3855 3.25237e-16
 5453.3326 3.15941e-16
 5456.2796 3.06149e-16
 5459.2267 3.26011e-16
 5462.1738 3.26251e-16
 5465.1209 3.19437e-16
 5468.0680 3.13177e-16
 5471.0150 3.28050e-16
 5473.9621 3.17387e-16
 5476.9092 3.28414e-16
 5479.8563 3.68425e-16
 5482.8033 3.56594e-16
 5485.7504 3.13041e-16
 5488.6975 3.10202e-16
 5491.6446 3.07984e-16
 5494.5916 3.10553e-16
 5497.5387 3.27475e-16
 5500.4858 3.10898e-16
 5503.4329 3.12190e-16
 5506.3800 3.06487e-16
 5509.3270 3.10452e-16
 5512.2741 2.98521e-16
 5515.2212 2.94072e-16
 5518.1683 2.97258e-16
 5521.1154 2.94593e-16
 5524.0624 2.93557e-16
 5527.0095 2.89536e-16
 5529.9566 2.91144e-16
 5532.9037 2.80209e-16
 5535.8507 2.79653e-16
 5538.7978 2.90811e-16
 5541.7449 2.92204e-16
 5544.6920 2.92332e-16
 5547.6391 2.79729e-16
 5550.5861 2.79389e-16
 5553.5332 2.86404e-16
 5556.4803 2.71178e-16
 5559.4274 2.75208e-16
 5562.3744 2.72713e-16
 5565.3215 2.51477e-16
 5568.2686 2.60329e-16
 5571.2157 2.76629e-16
 5574.1627 2.71984e-16
 5577.1098 2.67327e-16
 5580.0569 2.57983e-16
 5583.0040 2.61521e-16
 5585.9511 2.55457e-16
 5588.8981 2.56419e-16
 5591.8452 2.42559e-16
 5594.7923 2.55212e-16
 5597.7394 2.68496e-16
 5600.6864 2.59705e-16
 5603.6335 2.59891e-16
 5606.5806 2.68859e-16
 5609.5277 2.60695e-16
 5612.4748 2.54423e-16
 5615.4218 2.62779e-16
 5618.3689 2.46261e-16
 5621.3160 2.58738e-16
 5624.2631 2.46128e-16
 5627.2101 2.50510e-16
 5630.1572 2.65455e-16
 5633.1043 2.42924e-16
 5636.0514 2.40774e-16
 5638.9985 2.49435e-16
 5641.9455 2.39935e-16
 5644.8926 2.33479e-16
 5647.8397 2.28882e-16
 5650.7868 2.43759e-16
 5653.7338 2.37821e-16
 5656.6809 2.38487e-16
 5659.6280 2.25746e-16
 5662.5751 2.31052e-16
 5665.5221 2.33471e-16
 5668.4692 2.46306e-16
 5671.4163 2.44656e-16
 5674.3634 2.28302e-16
 5677.3105 2.30183e-16
 5680.2575 2.49363e-16
 5683.2046 2.45558e-16
 5686.1517 2.44466e-16
 5689.0988 2.29287e-16
 5692.0459 2.37383e-16
 5694.9929 2.50777e-16
 5697.9400 2.35274e-16
 5700.8871 2.31212e-16
 5703.8342 2.29411e-16
 5706.7812 2.39430e-16
 5709.7283 2.44884e-16
 5712.6754 2.25825e-16
 5715.6225 2.30418e-16
 5718.5696 2.40067e-16
 5721.5166 2.42719e-16
 5724.4637 2.56322e-16
 5727.4108 2.53810e-16
 5730.3579 2.47619e-16
 5733.3049 2.56853e-16
 5736.2520 2.65754e-16
 5739.1991 2.47888e-16
 5742.1462 2.55597e-16
 5745.0932 2.59058e-16
 5748.0403 2.60048e-16
 5750.9874 2.57412e-16
 5753.9345 2.53478e-16
 5756.8816 2.55212e-16
 5759.8286 2.53299e-16
 5762.7757 2.66002e-16
 5765.7228 2.68271e-16
 5768.6699 2.66120e-16
 5771.6169 2.80693e-16
 5774.5640 2.79151e-16
 5777.5111 2.67923e-16
 5780.4582 2.69309e-16
 5783.4053 2.94041e-16
 5786.3523 2.87037e-16
 5789.2994 2.83436e-16
 5792.2465 3.03711e-16
 5795.1936 2.93591e-16
 5798.1406 2.94565e-16
 5801.0877 3.01280e-16
 5804.0348 2.96171e-16
 5806.9819 3.04680e-16
 5809.9290 2.97800e-16
 5812.8760 3.04722e-16
 5815.8231 3.12733e-16
 5818.7702 3.03590e-16
 5821.7173 3.24313e-16
 5824.6643 3.20729e-16
 5827.6114 3.15513e-16
 5830.5585 3.22155e-16
 5833.5056 3.28244e-16
 5836.4526 3.39794e-16
 5839.3997 3.34695e-16
 5842.3468 3.25636e-16
 5845.2939 3.31936e-16
 5848.2410 3.31960e-16
 5851.1880 3.23415e-16
 5854.1351 3.19125e-16
 5857.0822 3.25445e-16
 5860.0293 3.23364e-16
 5862.9764 3.29296e-16
 5865.9234 3.19103e-16
 5868.8705 3.15206e-16
 5871.8176 3.12654e-16
 5874.7647 3.09802e-16
 5877.7117 3.06119e-16
 5880.6588 3.02860e-16
 5883.6059 2.98926e-16
 5886.5530 2.73959e-16
 5889.5001 2.59250e-16
 5892.4471 2.50461e-16
 5895.3942 2.67338e-16
 5898.3413 3.00725e-16
 5901.2884 3.27838e-16
 5904.2354 3.20296e-16
 5907.1825 3.20596e-16
 5910.1296 3.25406e-16
 5913.0767 3.32575e-16
 5916.0237 3.33536e-16
 5918.9708 3.24554e-16
 5921.9179 3.10798e-16
 5924.8650 3.05217e-16
 5927.8121 3.19869e-16
 5930.7591 3.27290e-16
 5933.7062 3.14056e-16
 5936.6533 3.08559e-16
 5939.6004 3.07218e-16
 5942.5474 2.95540e-16
 5945.4945 2.96927e-16
 5948.4416 3.00241e-16
 5951.3887 3.03281e-16
 5954.3358 2.99362e-16
 5957.2828 3.06728e-16
 5960.2299 2.97154e-16
 5963.1770 2.85167e-16
 5966.1241 2.85592e-16
 5969.0711 2.78530e-16
 5972.0182 2.82058e-16
 5974.9653 2.85706e-16
 5977.9124 2.78449e-16
 5980.8595 2.72094e-16
 5983.8065 2.66806e-16
 5986.7536 2.67171e-16
 5989.7007 2.68646e-16
 5992.6478 2.73948e-16
 5995.5948 2.71182e-16
 5998.5419 2.73422e-16
 6001.4890 2.69537e-16
 6004.4361 2.62474e-16
 6007.3832 2.56447e-16
 6010.3302 2.60359e-16
 6013.2773 2.62798e-16
 6016.2244 2.58114e-16
 6019.1715 2.55117e-16
 6022.1185 2.52252e-16
 6025.0656 2.39997e-16
 6028.0127 2.42489e-16
 6030.9598 2.47379e-16
 6033.9069 2.50095e-16
 6036.8539 2.28977e-16
 6039.8010 2.16921e-16
 6042.7481 2.19198e-16
 6045.6952 2.02313e-16
 6048.6422 2.02478e-16
 6051.5893 1.95400e-16
 6054.5364 1.81217e-16
 6057.4835 1.88736e-16
 6060.4306 1.94853e-16
 6063.3776 1.91544e-16
 6066.3247 1.96690e-16
 6069.2718 1.81447e-16
 6072.2189 1.72099e-16
 6075.1659 1.69148e-16
 6078.1130 1.61287e-16
 6081.0601 1.82519e-16
 6084.0072 1.83653e-16
 6086.9542 1.69325e-16
 6089.9013 1.72278e-16
 6092.8484 1.60612e-16
 6095.7955 1.60564e-16
 6098.7426 1.57579e-16
 6101.6896 1.61019e-16
 6104.6367 1.59916e-16
 6107.5838 1.59921e-16
 6110.5309 1.69499e-16
 6113.4779 1.68332e-16
 6116.4250 1.58454e-16
 6119.3721 1.60689e-16
 6122.3192 1.61773e-16
 6125.2663 1.59028e-16
 6128.2133 1.68982e-16
 6131.1604 1.76182e-16
 6134.1075 1.81990e-16
 6137.0546 1.75125e-16
 6140.0016 1.77416e-16
 6142.9487 1.78324e-16
 6145.8958 2.00777e-16
 6148.8429 1.99334e-16
 6151.7899 1.93480e-16
 6154.7370 1.94882e-16
 6157.6841 1.96201e-16
 6160.6312 1.95976e-16
 6163.5783 1.99272e-16
 6166.5253 2.03204e-16
 6169.4724 2.13672e-16
 6172.4195 2.08045e-16
 6175.3666 2.03969e-16
 6178.3137 2.14126e-16
 6181.2607 2.13092e-16
 6184.2078 2.11274e-16
 6187.1549 2.14115e-16
 6190.1020 2.10836e-16
 6193.0490 2.14276e-16
 6195.9961 2.22001e-16
 6198.9432 2.19538e-16
 6201.8903 2.10329e-16
 6204.8374 2.12133e-16
 6207.7844 2.17352e-16
 6210.7315 2.25846e-16
 6213.6786 2.26336e-16
 6216.6257 2.21189e-16
 6219.5727 2.21649e-16
 6222.5198 2.32358e-16
 6225.4669 2.33301e-16
 6228.4140 2.18536e-16
 6231.3610 2.14798e-16
 6234.3081 2.19156e-16
 6237.2552 2.21251e-16
 6240.2023 2.15554e-16
 6243.1494 2.14152e-16
 6246.0964 2.21854e-16
 6249.0435 2.21982e-16
 6251.9906 2.31774e-16
 6254.9377 2.22895e-16
 6257.8847 2.18362e-16
 6260.8318 2.25009e-16
 6263.7789 2.18468e-16
 6266.7260 2.15829e-16
 6269.6731 2.19964e-16
 6272.6201 2.27807e-16
 6275.5672 2.21174e-16
 6278.5143 2.10531e-16
 6281.4614 2.21222e-16
 6284.4084 2.10872e-16
 6287.3555 2.22955e-16
 6290.3026 2.25627e-16
 6293.2497 2.27940e-16
 6296.1968 2.55735e-16
 6299.1438 2.34450e-16
 6302.0909 2.19745e-16
 6305.0380 2.05387e-16
 6307.9851 2.20655e-16
 6310.9321 2.28360e-16
 6313.8792 2.21840e-16
 6316.8263 2.17432e-16
 6319.7734 2.12569e-16
 6322.7205 2.23735e-16
 6325.6675 2.24732e-16
 6328.6146 2.19167e-16
 6331.5617 2.14683e-16
 6334.5088 2.12163e-16
 6337.4558 2.10663e-16
 6340.4029 2.15580e-16
 6343.3500 2.14801e-16
 6346.2971 2.02394e-16
 6349.2442 2.03811e-16
 6352.1912 2.09755e-16
 6355.1383 2.21418e-16
 6358.0854 2.23513e-16
 6361.0325 2.21111e-16
 6363.9795 2.22695e-16
 6366.9266 2.13441e-16
 6369.8737 2.22425e-16
 6372.8208 2.16326e-16
 6375.7679 2.19895e-16
 6378.7149 2.12323e-16
 6381.6620 2.11530e-16
 6384.6091 2.09885e-16
 6387.5562 2.16437e-16
 6390.5032 2.08462e-16
 6393.4503 2.14200e-16
 6396.3974 2.10859e-16
 6399.3445 2.22707e-16
 6402.2915 2.14929e-16
 6405.2386 2.01385e-16
 6408.1857 2.12358e-16
 6411.1328 2.20546e-16
 6414.0799 2.12402e-16
 6417.0269 2.02273e-16
 6419.9740 2.05561e-16
 6422.9211 2.14813e-16
 6425.8682 2.05879e-16
 6428.8152 2.05135e-16
 6431.7623 1.99749e-16
 6434.7094 2.06848e-16
 6437.6565 2.09856e-16
 6440.6036 2.08158e-16
 6443.5506 2.17209e-16
 6446.4977 2.10343e-16
 6449.4448 2.15741e-16
 6452.3919 2.11088e-16
 6455.3389 2.06688e-16
 6458.2860 2.11275e-16
 6461.2331 2.01316e-16
 6464.1802 2.05907e-16
 6467.1273 2.19268e-16
 6470.0743 2.09540e-16
 6473.0214 2.02120e-16
 6475.9685 2.06555e-16
 6478.9156 2.14691e-16
 6481.8626 2.11016e-16
 6484.8097 2.05576e-16
 6487.7568 2.01386e-16
 6490.7039 1.90447e-16
 6493.6510 1.99075e-16
 6496.5980 2.09851e-16
 6499.5451 2.09845e-16
 6502.4922 2.05719e-16
 6505.4393 1.98771e-16
 6508.3863 2.08605e-16
 6511.3334 2.09759e-16
 6514.2805 1.92005e-16
 6517.2276 2.06052e-16
 6520.1747 2.02243e-16
 6523.1217 2.01607e-16
 6526.0688 2.03622e-16
 6529.0159 1.92274e-16
 6531.9630 2.00588e-16
 6534.9100 1.99461e-16
 6537.8571 1.95139e-16
 6540.8042 2.23831e-16
 6543.7513 2.62199e-16
 6546.6984 2.80865e-16
 6549.6454 2.45276e-16
 6552.5925 1.99630e-16
 6555.5396 3.47812e-16
 6558.4867 7.97895e-16
 6561.4337 1.07900e-15
 6564.3808 7.03301e-16
 6567.3279 2.56618e-16
 6570.2750 1.84912e-16
 6573.2220 1.95521e-16
 6576.1691 2.31301e-16
 6579.1162 3.72603e-16
 6582.0633 4.56042e-16
 6585.0104 3.19874e-16
 6587.9574 2.01683e-16
 6590.9045 1.75099e-16
 6593.8516 1.82333e-16
 6596.7987 1.88763e-16
 6599.7457 1.89648e-16
 6602.6928 1.81048e-16
 6605.6399 1.76610e-16
 6608.5870 1.75826e-16
 6611.5341 1.72904e-16
 6614.4811 1.76886e-16
 6617.4282 1.85406e-16
 6620.3753 1.87190e-16
 6623.3224 1.87556e-16
 6626.2694 1.76072e-16
 6629.2165 1.74092e-16
 6632.1636 1.70192e-16
 6635.1107 1.72679e-16
 6638.0578 1.73341e-16
 6641.0048 1.78721e-16
 6643.9519 1.69891e-16
 6646.8990 1.73392e-16
 6649.8461 1.79812e-16
 6652.7931 1.62549e-16
 6655.7402 1.51416e-16
 6658.6873 1.71964e-16
 6661.6344 1.75681e-16
 6664.5815 1.81342e-16
 6667.5285 1.78358e-16
 6670.4756 1.59410e-16
 6673.4227 1.53973e-16
 6676.3698 1.62010e-16
 6679.3168 1.70526e-16
 6682.2639 1.72455e-16
 6685.2110 1.65485e-16
 6688.1581 1.57016e-16
 6691.1052 1.59791e-16
 6694.0522 1.59051e-16
 6696.9993 1.57101e-16
 6699.9464 1.57332e-16
 6702.8935 1.49829e-16
 6705.8405 1.51674e-16
 6708.7876 1.78652e-16
 6711.7347 2.55084e-16
 6714.6818 3.21899e-16
 6717.6289 2.50372e-16
 6720.5759 1.74488e-16
 6723.5230 1.69051e-16
 6726.4701 2.27460e-16
 6729.4172 2.60642e-16
 6732.3642 2.10367e-16
 6735.3113 1.53987e-16
 6738.2584 1.48724e-16
 6741.2055 1.52033e-16
 6744.1525 1.48563e-16
 6747.0996 1.44821e-16
 6750.0467 1.41558e-16
 6752.9938 1.42071e-16
 6755.9409 1.42376e-16
 6758.8879 1.44310e-16
 6761.8350 1.43389e-16
 6764.7821 1.46844e-16
 6767.7292 1.37279e-16
 6770.6762 1.37824e-16
 6773.6233 1.42601e-16
 6776.5704 1.40438e-16
 6779.5175 1.39666e-16
 6782.4646 1.44985e-16
 6785.4116 1.34218e-16
 6788.3587 1.43783e-16
 6791.3058 1.48755e-16
 6794.2529 1.42128e-16
 6797.2000 1.49895e-16
 6800.1470 1.46013e-16
 6803.0941 1.34775e-16
 6806.0412 1.39750e-16
 6808.9883 1.44688e-16
 6811.9353 1.44156e-16
 6814.8824 1.36812e-16
 6817.8295 1.35982e-16
 6820.7766 1.38388e-16
 6823.7236 1.39671e-16
 6826.6707 1.38927e-16
 6829.6178 1.39103e-16
 6832.5649 1.37235e-16
 6835.5120 1.32224e-16
 6838.4590 1.29841e-16
 6841.4061 1.33957e-16
 6844.3532 1.37858e-16
 6847.3003 1.38496e-16
 6850.2473 1.33316e-16
 6853.1944 1.34145e-16
 6856.1415 1.31637e-16
 6859.0886 1.30087e-16
 6862.0357 1.36995e-16
 6864.9827 1.35258e-16
 6867.9298 1.46358e-16
 6870.8769 1.42014e-16
 6873.8240 1.35217e-16
 6876.7710 1.26156e-16
 6879.7181 1.32941e-16
 6882.6652 1.36860e-16
 6885.6123 1.37449e-16
 6888.5594 1.43065e-16
 6891.5064 1.53788e-16
 6894.4535 1.38197e-16
 6897.4006 1.32766e-16
 6900.3477 1.33683e-16
 6903.2947 1.27738e-16
 6906.2418 1.35816e-16
 6909.1889 1.34694e-16
 6912.1360 1.26159e-16
 6915.0830 1.30366e-16
 6918.0301 1.32861e-16
 6920.9772 1.36081e-16
 6923.9243 1.31927e-16
 6926.8714 1.24280e-16
 6929.8184 1.27613e-16
 6932.7655 1.30063e-16
 6935.7126 1.28143e-16
 6938.6597 1.29393e-16
 6941.6067 1.24668e-16
 6944.5538 1.28342e-16
 6947.5009 1.28248e-16
 6950.4480 1.32148e-16
 6953.3951 1.28518e-16
 6956.3421 1.29016e-16
 6959.2892 1.29862e-16
 6962.2363 1.30910e-16
 6965.1834 1.31655e-16
 6968.1305 1.22314e-16
 6971.0775 1.18613e-16
 6974.0246 1.21432e-16
 6976.9717 1.24398e-16
 6979.9188 1.28968e-16
 6982.8658 1.23104e-16
 6985.8129 1.24723e-16
 6988.7600 1.21193e-16
 6991.7071 1.17960e-16
 6994.6541 1.23414e-16
 6997.6012 1.18100e-16
 7000.5483 1.18338e-16
 7003.4954 1.27561e-16
 7006.4425 1.27657e-16
 7009.3895 1.23282e-16
 7012.3366 1.21833e-16
 7015.2837 1.17432e-16
 7018.2308 1.24100e-16
 7021.1778 1.31956e-16
 7024.1249 1.23717e-16
 7027.0720 1.19356e-16
 7030.0191 1.33383e-16
 7032.9662 1.31575e-16
 7035.9132 1.16861e-16
 7038.8603 1.22946e-16
 7041.8074 1.23237e-16
 7044.7545 1.29186e-16
 7047.7015 1.26850e-16
 7050.6486 1.32712e-16
 7053.5957 1.34256e-16
 7056.5428 1.20455e-16
 7059.4899 1.15158e-16
 7062.4369 1.22336e-16
 7065.3840 1.27367e-16
 7068.3311 1.25569e-16
 7071.2782 1.17963e-16
 7074.2252 1.33714e-16
 7077.1723 1.33158e-16
 7080.1194 1.18508e-16
 7083.0665 1.20692e-16
 7086.0135 1.15427e-16
 7088.9606 1.11156e-16
 7091.9077 1.19073e-16
 7094.8548 1.18558e-16
 7097.8019 1.12252e-16
 7100.7489 1.11419e-16
 7103.6960 1.10246e-16
 7106.6431 1.14875e-16
 7109.5902 1.12752e-16
 7112.5372 1.10729e-16
 7115.4843 1.14710e-16
 7118.4314 1.18376e-16
 7121.3785 1.10308e-16
 7124.3256 1.12473e-16
 7127.2726 1.11870e-16
 7130.2197 1.07524e-16
 7133.1668 1.21581e-16
 7136.1139 1.28194e-16
 7139.0610 1.16134e-16
 7142.0080 1.13857e-16
 7144.9551 1.13843e-16
 7147.9022 1.11742e-16
 7150.8493 1.17631e-16
 7153.7963 1.15521e-16
 7156.7434 1.08649e-16
 7159.6905 1.07633e-16
 7162.6376 1.10398e-16
 7165.5846 1.03475e-16
 7168.5317 1.10631e-16
 7171.4788 1.08927e-16
 7174.4259 1.18556e-16
 7177.3730 1.14807e-16
 7180.3200 1.09314e-16
 7183.2671 1.09134e-16
 7186.2142 1.06542e-16
 7189.1613 1.06221e-16
 7192.1083 1.10613e-16
 7195.0554 1.13447e-16
 7198.0025 1.07587e-16
 7200.9496 1.10448e-16
 7203.8967 1.14836e-16
 7206.8437 1.34558e-16
 7209.7908 1.44032e-16
 7212.7379 1.19608e-16
 7215.6850 1.06901e-16
 7218.6320 1.04923e-16
 7221.5791 1.11334e-16
 7224.5262 1.15455e-16
 7227.4733 1.10009e-16
 7230.4204 1.16465e-16
 7233.3674 1.13008e-16
 7236.3145 1.08767e-16
 7239.2616 1.09388e-16
 7242.2087 1.09081e-16
 7245.1557 1.43992e-16
 7248.1028 1.56482e-16
 7251.0499 1.15119e-16
 7253.9970 1.17167e-16
 7256.9440 1.20865e-16
 7259.8911 1.15296e-16
 7262.8382 1.19200e-16
 7265.7853 1.20282e-16
 7268.7324 1.11226e-16
 7271.6794 1.04397e-16
 7274.6265 1.00946e-16
 7277.5736 1.05916e-16
 7280.5207 1.02668e-16
 7283.4678 1.12895e-16
 7286.4148 1.19789e-16
 7289.3619 1.10898e-16
 7292.3090 1.16235e-16
 7295.2561 1.16929e-16
 7298.2031 1.04863e-16
 7301.1502 1.05797e-16
 7304.0973 1.07172e-16
 7307.0444 1.11527e-16
 7309.9915 1.04940e-16
 7312.9385 1.09674e-16
 7315.8856 1.19737e-16
 7318.8327 1.21557e-16
 7321.7798 1.12617e-16
 7324.7268 1.04658e-16
 7327.6739 1.14998e-16
 7330.6210 1.19110e-16
 7333.5681 1.05625e-16
 7336.5151 1.02389e-16
 7339.4622 1.03291e-16
 7342.4093 1.05546e-16
 7345.3564 1.06983e-16
 7348.3035 1.13233e-16
 7351.2505 1.05754e-16
 7354.1976 1.01620e-16
 7357.1447 9.59551e-17
 7360.0918 8.62262e-17
 7363.0388 7.23003e-17
 7365.9859 7.81004e-17
 7368.9330 1.12801e-16
 7371.8801 1.29896e-16
 7374.8272 1.17102e-16
 7377.7742 1.13184e-16
 7380.7213 1.04434e-16
 7383.6684 9.17723e-17
 7386.6155 8.78885e-17
 7389.5625 9.04016e-17
 7392.5096 9.53394e-17
 7395.4567 1.08766e-16
 7398.4038 1.06054e-16
 7401.3509 1.05555e-16
 7404.2979 1.05697e-16
 7407.2450 9.45925e-17
 7410.1921 9.30236e-17
 7413.1392 1.02074e-16
 7416.0862 1.01293e-16
 7419.0333 9.84289e-17
 7421.9804 1.02004e-16
 7424.9275 1.04145e-16
 7427.8745 9.83203e-17
 7430.8216 9.76733e-17
 7433.7687 9.76243e-17
 7436.7158 1.03544e-16
 7439.6629 1.05610e-16
 7442.6099 9.83633e-17
 7445.5570 1.04475e-16
 7448.5041 1.04374e-16
 7451.4512 1.01416e-16
 7454.3983 1.01999e-16
 7457.3453 9.97016e-17
 7460.2924 9.92312e-17
 7463.2395 9.53223e-17
 7466.1866 9.22469e-17
 7469.1336 9.79028e-17
 7472.0807 1.05635e-16
 7475.0278 9.86067e-17
 7477.9749 9.76793e-17
 7480.9220 1.02363e-16
 7483.8690 1.01809e-16
 7486.8161 9.05532e-17
 7489.7632 8.94255e-17
 7492.7103 9.60405e-17
 7495.6573 1.03459e-16
 7498.6044 9.50209e-17
 7501.5515 9.50703e-17
 7504.4986 9.85677e-17
 7507.4456 9.24273e-17
 7510.3927 8.90221e-17
 7513.3398 9.97664e-17
 7516.2869 1.03429e-16
 7519.2340 1.02246e-16
 7522.1810 1.08118e-16
 7525.1281 9.95656e-17
 7528.0752 1.02502e-16
 7531.0223 9.30903e-17
 7533.9693 8.60210e-17
 7536.9164 8.99575e-17
 7539.8635 9.56130e-17
 7542.8106 9.34551e-17
 7545.7577 1.03601e-16
 7548.7047 1.00790e-16
 7551.6518 9.48728e-17
 7554.5989 9.79849e-17
 7557.5460 9.24227e-17
 7560.4930 8.98412e-17
 7563.4401 8.86817e-17
 7566.3872 9.75484e-17
 7569.3343 1.04711e-16
 7572.2814 9.33645e-17
 7575.2284 9.75984e-17
 7578.1755 1.07085e-16
 7581.1226 9.60903e-17
 7584.0697 8.73206e-17
 7587.0167 9.16639e-17
 7589.9638 9.54136e-17
 7592.9109 8.79570e-17
 7595.8580 8.83117e-17
 7598.8051 9.42343e-17
 7601.7521 9.76308e-17
 7604.6992 9.78798e-17
 7607.6463 9.70978e-17
 7610.5934 9.14766e-17
 7613.5404 8.90550e-17
 7616.4875 9.85128e-17
 7619.4346 1.02608e-16
 7622.3817 9.49391e-17
 7625.3288 8.70813e-17
 7628.2758 8.88196e-17
 7631.2229 9.51204e-17
 7634.1700 8.18550e-17
 7637.1171 8.79957e-17
 7640.0641 9.98088e-17
 7643.0112 1.00237e-16
 7645.9583 9.10945e-17
 7648.9054 9.19865e-17
 7651.8525 9.08252e-17
 7654.7995 8.56298e-17
 7657.7466 8.55416e-17
 7660.6937 8.52930e-17
 7663.6408 8.28348e-17
 7666.5878 8.22672e-17
 7669.5349 9.38314e-17
 7672.4820 8.83105e-17
 7675.4291 8.83705e-17
 7678.3761 8.49106e-17
 7681.3232 9.10800e-17
 7684.2703 8.58548e-17
 7687.2174 8.06564e-17
 7690.1645 8.13661e-17
 7693.1115 8.45666e-17
 7696.0586 8.05904e-17
 7699.0057 8.96543e-17
 7701.9528 8.47222e-17
 7704.8998 8.40249e-17
 7707.8469 8.99543e-17
 7710.7940 8.35037e-17
 7713.7411 8.17650e-17
 7716.6882 7.93428e-17
 7719.6352 9.53324e-17
 7722.5823 8.85129e-17
 7725.5294 8.77363e-17
 7728.4765 8.70068e-17
 7731.4235 9.10110e-17
 7734.3706 9.48947e-17
 7737.3177 8.38864e-17
 7740.2648 7.82686e-17
 7743.2119 8.21155e-17
 7746.1589 8.19552e-17
 7749.1060 8.73510e-17
 7752.0531 8.25960e-17
 7755.0002 7.97789e-17
 7757.9472 8.59966e-17
 7760.8943 9.58535e-17
 7763.8414 9.30062e-17
 7766.7885 8.12590e-17
 7769.7356 8.08019e-17
 7772.6826 8.30158e-17
 7775.6297 8.52762e-17
 7778.5768 8.09980e-17
 7781.5239 8.25784e-17
 7784.4709 8.39622e-17
 7787.4180 8.28548e-17
 7790.3651 9.22135e-17
 7793.3122 8.33736e-17
 7796.2593 7.90350e-17
 7799.2063 8.63045e-17
 7802.1534 9.11726e-17
 7805.1005 9.05576e-17
 7808.0476 9.04555e-17
 7810.9946 9.48498e-17
 7813.9417 9.40430e-17
 7816.8888 8.52915e-17
 7819.8359 8.74128e-17
 7822.7829 8.29561e-17
 7825.7300 7.69630e-17
 7828.6771 7.94696e-17
 7831.6242 8.29106e-17
 7834.5713 9.44536e-17
 7837.5183 8.77824e-17
 7840.4654 9.31458e-17
 7843.4125 9.25958e-17
 7846.3596 8.70633e-17
 7849.3066 9.37316e-17
 7852.2537 9.48803e-17
 7855.2008 8.84947e-17
 7858.1479 9.01923e-17
 7861.0950 9.17767e-17
 7864.0420 8.51089e-17
 7866.9891 9.02480e-17
 7869.9362 8.05998e-17
 7872.8833 8.28499e-17
 7875.8303 9.02329e-17
 7878.7774 8.73525e-17
 7881.7245 7.86787e-17
 7884.6716 8.15102e-17
 7887.6187 8.02003e-17
 7890.5657 8.70021e-17
 7893.5128 8.26950e-17
 7896.4599 7.97114e-17
 7899.4070 8.46215e-17
 7902.3540 9.28049e-17
 7905.3011 9.00003e-17
 7908.2482 7.96411e-17
 7911.1953 8.27755e-17
 7914.1424 8.65174e-17
 7917.0894 8.10455e-17
 7920.0365 7.89181e-17
 7922.9836 7.89364e-17
 7925.9307 8.19494e-17
 7928.8777 8.75842e-17
 7931.8248 8.02527e-17
 7934.7719 8.25096e-17
 7937.7190 8.78712e-17
 7940.6661 8.29911e-17
 7943.6131 8.72519e-17
 7946.5602 8.17593e-17
 7949.5073 7.43953e-17
 7952.4544 7.73656e-17
 7955.4014 7.76640e-17
 7958.3485 8.12976e-17
 7961.2956 7.93940e-17
 7964.2427 7.59244e-17
 7967.1898 7.23798e-17
 7970.1368 7.24998e-17
 7973.0839 6.94999e-17
 7976.0310 8.16072e-17
 7978.9781 8.50272e-17
 7981.9251 8.03974e-17
 7984.8722 8.11229e-17
 7987.8193 8.53361e-17
 7990.7664 7.58007e-17
 7993.7134 7.33392e-17
 7996.6605 7.37736e-17
 7999.6076 6.84869e-17
 8002.5547 7.02743e-17
 8005.5018 7.78607e-17
 8008.4488 7.97836e-17
 8011.3959 7.66844e-17
 8014.3430 6.75978e-17
 8017.2901 7.94194e-17
 8020.2371 8.29265e-17
 8023.1842 6.62546e-17
 8026.1313 7.19420e-17
 8029.0784 7.80483e-17
 8032.0255 8.79346e-17
 8034.9725 8.51394e-17
 8037.9196 7.44296e-17
 8040.8667 8.39116e-17
 8043.8138 7.56167e-17
 8046.7608 7.62775e-17
 8049.7079 7.73831e-17
 8052.6550 6.46081e-17
 8055.6021 7.13234e-17
 8058.5492 7.72893e-17
 8061.4962 7.27546e-17
 8064.4433 7.99281e-17
 8067.3904 7.58913e-17
 8070.3375 7.17039e-17
 8073.2845 7.36143e-17
 8076.2316 6.68260e-17
 8079.1787 7.02109e-17
 8082.1258 7.52340e-17
 8085.0729 7.65670e-17
 8088.0199 7.65417e-17
 8090.9670 6.19739e-17
 8093.9141 6.85214e-17
 8096.8612 6.58777e-17
 8099.8082 6.48086e-17
 8102.7553 6.48884e-17
 8105.7024 6.35051e-17
 8108.6495 6.30431e-17
 8111.5966 6.15241e-17
 8114.5436 6.34425e-17
 8117.4907 7.04478e-17
 8120.4378 6.69800e-17
 8123.3849 6.89875e-17
 8126.3319 6.91556e-17
 8129.2790 6.56111e-17
 8132.2261 6.23551e-17
 8135.1732 6.50170e-17
 8138.1203 7.30972e-17
 8141.0673 6.08805e-17
 8144.0144 5.70460e-17
 8146.9615 6.97337e-17
 8149.9086 6.25888e-17
 8152.8556 6.79427e-17
 8155.8027 7.06635e-17
 8158.7498 7.18730e-17
 8161.6969 7.56198e-17
 8164.6439 5.93952e-17
 8167.5910 5.58709e-17
 8170.5381 7.64702e-17
 8173.4852 6.65487e-17
 8176.4323 6.38476e-17
 8179.3793 5.84281e-17
 8182.3264 6.39307e-17
 8185.2735 6.22395e-17
 8188.2206 5.72299e-17
 8191.1676 5.57091e-17
 8194.1147 5.36017e-17
 8197.0618 4.76995e-17
 8200.0089 6.97273e-17
 8202.9560 7.63808e-17
 8205.9030 5.77675e-17
 8208.8501 6.55515e-17
 8211.7972 6.64440e-17
 8214.7443 6.56413e-17
 8217.6913 5.78043e-17
 8220.6384 6.17998e-17
 8223.5855 6.30931e-17
 8226.5326 6.62476e-17
 8229.4797 6.00133e-17
 8232.4267 6.49992e-17
 8235.3738 6.43401e-17
 8238.3209 6.26923e-17
 8241.2680 6.06454e-17
 8244.2150 5.92704e-17
 8247.1621 5.75963e-17
 8250.1092 6.00470e-17
 8253.0563 6.41848e-17
 8256.0034 6.67795e-17
 8258.9504 6.21893e-17
 8261.8975 5.69776e-17
 8264.8446 5.32608e-17
 8267.7917 5.32003e-17
 8270.7387 5.79143e-17
 8273.6858 5.97402e-17
 8276.6329 6.64183e-17
 8279.5800 6.01772e-17
 8282.5271 6.34262e-17
 8285.4741 7.66336e-17
 8288.4212 6.19139e-17
 8291.3683 5.10243e-17
 8294.3154 5.64164e-17
 8297.2624 6.24800e-17
 8300.2095 6.15412e-17
 8303.1566 6.44428e-17
 8306.1037 6.11617e-17
 8309.0508 5.89090e-17
 8311.9978 5.74427e-17
 8314.9449 6.62997e-17
 8317.8920 5.82023e-17
 8320.8391 5.97941e-17
 8323.7861 7.01408e-17
 8326.7332 6.23772e-17
 8329.6803 7.96134e-17
 8332.6274 7.42743e-17
 8335.5744 6.25718e-17
 8338.5215 5.87371e-17
 8341.4686 5.73492e-17
 8344.4157 5.85000e-17
 8347.3628 5.88129e-17
 8350.3098 5.62378e-17
 8353.2569 5.22452e-17
 8356.2040 5.78569e-17
 8359.1511 6.51285e-17
 8362.0981 6.73269e-17
 8365.0452 7.34167e-17
 8367.9923 7.20791e-17
 8370.9394 6.78323e-17
 8373.8865 7.24988e-17
 8376.8335 6.87595e-17
 8379.7806 7.50784e-17
 8382.7277 6.71342e-17
 8385.6748 7.30198e-17
 8388.6218 7.39691e-17
 8391.5689 6.80473e-17
 8394.5160 6.99209e-17
 8397.4631 7.14378e-17
 8400.4102 6.66211e-17
 8403.3572 6.75923e-17
 8406.3043 6.71972e-17
 8409.2514 6.07148e-17
 8412.1985 6.43984e-17
 8415.1455 6.97543e-17
 8418.0926 7.80504e-17
 8421.0397 7.09453e-17
 8423.9868 5.87082e-17
 8426.9339 7.00429e-17
 8429.8809 7.59328e-17
 8432.8280 6.90824e-17
 8435.7751 7.45794e-17
 8438.7222 7.75277e-17
 8441.6692 6.41575e-17
 8444.6163 6.14713e-17
 8447.5634 7.26957e-17
 8450.5105 7.40101e-17
 8453.4576 7.08359e-17
 8456.4046 6.62402e-17
 8459.3517 7.42847e-17
 8462.2988 7.40526e-17
 8465.2459 6.82828e-17
 8468.1929 5.97658e-17
 8471.1400 7.28740e-17
 8474.0871 6.89388e-17
 8477.0342 6.25318e-17
 8479.9813 6.71124e-17
 8482.9283 8.65054e-17
 8485.8754 8.15791e-17
 8488.8225 7.97164e-17
 8491.7696 6.48871e-17
 8494.7166 6.13517e-17
 8497.6637 7.40041e-17
 8500.6108 8.38589e-17
 8503.5579 6.89111e-17
 8506.5049 7.28268e-17
 8509.4520 7.05794e-17
 8512.3991 6.19384e-17
 8515.3462 7.13802e-17
 8518.2933 7.15918e-17
 8521.2403 7.71939e-17
 8524.1874 6.88403e-17
 8527.1345 6.18441e-17
 8530.0816 6.78092e-17
 8533.0286 6.64450e-17
 8535.9757 5.79368e-17
 8538.9228 6.08769e-17
 8541.8699 6.95969e-17
 8544.8170 6.01505e-17
 8547.7640 6.98406e-17
 8550.7111 9.29266e-17
 8553.6582 7.91791e-17
 8556.6053 7.70563e-17
 8559.5524 7.47534e-17
 8562.4994 6.22238e-17
 8565.4465 7.09706e-17
 8568.3936 7.52935e-17
 8571.3407 7.71563e-17
 8574.2877 8.42149e-17
 8577.2348 7.91829e-17
 8580.1819 6.88861e-17
 8583.1290 6.43065e-17
 8586.0760 7.07453e-17
 8589.0231 7.00635e-17
 8591.9702 6.59730e-17
 8594.9173 7.10122e-17
 8597.8644 7.96025e-17
 8600.8114 7.73813e-17
 8603.7585 6.69513e-17
 8606.7056 6.91142e-17
 8609.6527 6.65864e-17
 8612.5997 7.04711e-17
 8615.5468 6.93023e-17
 8618.4939 7.37992e-17
 8621.4410 6.34642e-17
 8624.3881 6.93835e-17
 8627.3351 7.02891e-17
 8630.2822 6.91799e-17
 8633.2293 6.78366e-17
 8636.1764 7.49960e-17
 8639.1234 7.27422e-17
 8642.0705 7.35823e-17
 8645.0176 7.82593e-17
 8647.9647 7.23500e-17
 8650.9118 6.49907e-17
 8653.8588 6.43370e-17
 8656.8059 6.28660e-17
 8659.7530 6.39245e-17
 8662.7001 6.34428e-17
 8665.6471 7.11653e-17
 8668.5942 7.30778e-17
 8671.5413 7.09221e-17
 8674.4884 6.81748e-17
 8677.4354 7.07704e-17
 8680.3825 6.27248e-17
 8683.3296 6.24361e-17
 8686.2767 6.94971e-17
 8689.2238 7.10684e-17
 8692.1708 6.66542e-17
 8695.1179 6.53290e-17
 8698.0650 6.62018e-17
 8701.0121 6.71754e-17
 8703.9591 6.31804e-17
 8706.9062 6.06513e-17
 8709.8533 7.52136e-17
 8712.8004 7.99891e-17
 8715.7475 6.57807e-17
 8718.6945 5.81665e-17
 8721.6416 6.37549e-17
 8724.5887 7.31423e-17
 8727.5358 7.17661e-17
 8730.4829 7.19323e-17
 8733.4299 6.91550e-17
 8736.3770 7.96572e-17
 8739.3241 8.53555e-17
 8742.2712 7.15950e-17
 8745.2182 6.27533e-17
 8748.1653 6.09015e-17
 8751.1124 5.80932e-17
 8754.0595 6.57311e-17
 8757.0065 7.07525e-17
 8759.9536 6.61047e-17
 8762.9007 5.88121e-17
 8765.8478 6.58394e-17
 8768.7949 5.80860e-17
 8771.7419 5.60788e-17
 8774.6890 6.37080e-17
 8777.6361 5.49860e-17
 8780.5832 6.17459e-17
 8783.5302 5.60607e-17
 8786.4773 4.59286e-17
 8789.4244 5.05562e-17
 8792.3715 6.32633e-17
 8795.3186 5.40980e-17
 8798.2656 4.99807e-17
 8801.2127 6.37403e-17
 8804.1598 6.22309e-17
 8807.1069 5.75133e-17
 8810.0539 5.75214e-17
 8813.0010 6.28769e-17
 8815.9481 5.70115e-17
 8818.8952 5.99356e-17
 8821.8423 6.26118e-17
 8824.7893 6.43812e-17
 8827.7364 6.38530e-17
 8830.6835 5.82418e-17
 8833.6306 5.80598e-17
 8836.5776 5.60210e-17
 8839.5247 5.42582e-17
 8842.4718 6.15431e-17
 8845.4189 5.92712e-17
 8848.3659 5.51336e-17
 8851.3130 5.44561e-17
 8854.2601 5.66642e-17
 8857.2072 6.64002e-17
 8860.1543 6.44696e-17
 8863.1013 6.02134e-17
 8866.0484 5.80458e-17
 8868.9955 6.46978e-17
 8871.9426 6.01666e-17
 8874.8897 6.34976e-17
 8877.8367 5.21636e-17
 8880.7838 6.26015e-17
 8883.7309 6.39332e-17
 8886.6780 6.38503e-17
 8889.6250 6.37676e-17
 8892.5721 6.36847e-17
 8895.5192 6.36018e-17
 8898.4663 6.35187e-17
 8901.4134 6.34359e-17
 8904.3604 6.33528e-17
 8907.3075 6.32699e-17
 8910.2546 6.31867e-17
 8913.2017 6.31035e-17
 8916.1487 6.30202e-17
 8919.0958 6.29371e-17
 8922.0429 6.28538e-17
 8924.9900 6.27704e-17
 8927.9370 6.26872e-17
 8930.8841 6.26037e-17
 8933.8312 6.25202e-17
 8936.7783 6.24368e-17
 8939.7254 6.23532e-17
 8942.6724 6.22696e-17
 8945.6195 6.21859e-17
 8948.5666 6.21024e-17
