#Object:               SN2006D
#FITS_file:            SN06D_b01_DUP_WF_27feb06.fits
#Redshift:             0.00853
#JDate_of_max:         2453757.27
#JDate_of_observation: 2453793.88
#Epoch:                36.30     
#
 3767.8754 3.07946e-16
 3770.8911 1.42713e-16
 3773.9068 2.33296e-16
 3776.9225 1.84244e-16
 3779.9382 1.72523e-16
 3782.9539 1.53785e-16
 3785.9696 1.45580e-16
 3788.9853 2.41514e-16
 3792.0010 2.47351e-16
 3795.0167 2.08516e-16
 3798.0324 1.94311e-16
 3801.0481 1.67195e-16
 3804.0638 2.28254e-16
 3807.0795 2.33531e-16
 3810.0952 1.87219e-16
 3813.1109 1.96041e-16
 3816.1266 1.98464e-16
 3819.1423 1.95823e-16
 3822.1580 2.64011e-16
 3825.1737 2.48081e-16
 3828.1894 2.54098e-16
 3831.2051 3.40778e-16
 3834.2208 3.20238e-16
 3837.2365 3.27240e-16
 3840.2522 3.38480e-16
 3843.2679 4.16450e-16
 3846.2836 4.11866e-16
 3849.2993 4.61653e-16
 3852.3150 4.13177e-16
 3855.3307 4.85317e-16
 3858.3464 4.30630e-16
 3861.3621 4.12346e-16
 3864.3778 5.52565e-16
 3867.3935 4.95030e-16
 3870.4092 5.37206e-16
 3873.4249 5.78498e-16
 3876.4406 5.28052e-16
 3879.4563 5.11839e-16
 3882.4720 5.08393e-16
 3885.4877 5.86563e-16
 3888.5034 5.82240e-16
 3891.5191 6.32173e-16
 3894.5348 5.95980e-16
 3897.5505 6.15950e-16
 3900.5662 5.76826e-16
 3903.5819 6.23092e-16
 3906.5976 6.19442e-16
 3909.6133 6.68301e-16
 3912.6290 7.26610e-16
 3915.6447 6.55731e-16
 3918.6604 7.17281e-16
 3921.6761 7.09830e-16
 3924.6918 7.14587e-16
 3927.7075 7.35112e-16
 3930.7232 7.15022e-16
 3933.7389 7.76358e-16
 3936.7545 8.01869e-16
 3939.7702 8.40101e-16
 3942.7859 8.12187e-16
 3945.8016 8.47188e-16
 3948.8173 8.52642e-16
 3951.8330 8.09371e-16
 3954.8487 8.11094e-16
 3957.8644 8.66733e-16
 3960.8801 9.39500e-16
 3963.8958 8.81786e-16
 3966.9115 8.60795e-16
 3969.9272 9.36172e-16
 3972.9429 8.50341e-16
 3975.9586 8.26818e-16
 3978.9743 8.66452e-16
 3981.9900 8.53031e-16
 3985.0057 8.15674e-16
 3988.0214 7.55492e-16
 3991.0371 7.49433e-16
 3994.0528 7.93520e-16
 3997.0685 7.26144e-16
 4000.0842 7.23534e-16
 4003.0999 7.16864e-16
 4006.1156 7.04035e-16
 4009.1313 6.23259e-16
 4012.1470 6.09668e-16
 4015.1627 5.97856e-16
 4018.1784 6.78643e-16
 4021.1941 6.62250e-16
 4024.2098 6.42424e-16
 4027.2255 6.15502e-16
 4030.2412 5.99434e-16
 4033.2569 6.08088e-16
 4036.2726 6.01053e-16
 4039.2883 5.99920e-16
 4042.3040 5.95975e-16
 4045.3197 6.57003e-16
 4048.3354 6.23221e-16
 4051.3511 6.23766e-16
 4054.3668 5.94373e-16
 4057.3825 7.07809e-16
 4060.3982 6.46591e-16
 4063.4139 5.79259e-16
 4066.4296 6.04355e-16
 4069.4453 5.99332e-16
 4072.4610 6.21591e-16
 4075.4767 6.23072e-16
 4078.4924 5.20445e-16
 4081.5081 5.76426e-16
 4084.5238 5.67429e-16
 4087.5395 5.26678e-16
 4090.5552 5.71256e-16
 4093.5709 5.59366e-16
 4096.5866 5.13932e-16
 4099.6023 5.08380e-16
 4102.6180 5.31617e-16
 4105.6337 5.06213e-16
 4108.6494 5.03305e-16
 4111.6651 4.77936e-16
 4114.6808 5.18941e-16
 4117.6965 4.84288e-16
 4120.7122 4.89686e-16
 4123.7279 4.79946e-16
 4126.7436 4.70819e-16
 4129.7593 4.41138e-16
 4132.7750 4.68166e-16
 4135.7907 4.63366e-16
 4138.8064 4.70287e-16
 4141.8221 4.73659e-16
 4144.8378 4.71645e-16
 4147.8534 4.88662e-16
 4150.8691 5.11937e-16
 4153.8848 4.94020e-16
 4156.9005 5.01533e-16
 4159.9162 4.90270e-16
 4162.9319 5.02077e-16
 4165.9476 5.30131e-16
 4168.9633 4.78616e-16
 4171.9790 5.09650e-16
 4174.9947 5.48099e-16
 4178.0104 5.31115e-16
 4181.0261 5.31303e-16
 4184.0418 5.52251e-16
 4187.0575 5.34698e-16
 4190.0732 5.23960e-16
 4193.0889 4.94885e-16
 4196.1046 4.87144e-16
 4199.1203 5.45045e-16
 4202.1360 5.42126e-16
 4205.1517 5.21739e-16
 4208.1674 5.13983e-16
 4211.1831 5.28775e-16
 4214.1988 5.34855e-16
 4217.2145 5.21445e-16
 4220.2302 5.32603e-16
 4223.2459 5.16440e-16
 4226.2616 5.28467e-16
 4229.2773 5.55472e-16
 4232.2930 5.56340e-16
 4235.3087 5.18148e-16
 4238.3244 5.02052e-16
 4241.3401 5.21435e-16
 4244.3558 5.26829e-16
 4247.3715 4.29997e-16
 4250.3872 5.53423e-16
 4253.4029 5.38324e-16
 4256.4186 5.65671e-16
 4259.4343 5.46807e-16
 4262.4500 5.13162e-16
 4265.4657 5.59238e-16
 4268.4814 5.71291e-16
 4271.4971 5.48094e-16
 4274.5128 5.74934e-16
 4277.5285 6.16588e-16
 4280.5442 5.58546e-16
 4283.5599 5.54702e-16
 4286.5756 5.59836e-16
 4289.5913 6.06384e-16
 4292.6070 6.10160e-16
 4295.6227 5.94806e-16
 4298.6384 6.07891e-16
 4301.6541 6.52584e-16
 4304.6698 6.45186e-16
 4307.6855 6.15920e-16
 4310.7012 6.13990e-16
 4313.7169 6.15990e-16
 4316.7326 6.10772e-16
 4319.7483 6.25523e-16
 4322.7640 5.95760e-16
 4325.7797 5.79477e-16
 4328.7954 5.67771e-16
 4331.8111 5.92658e-16
 4334.8268 5.52431e-16
 4337.8425 5.54384e-16
 4340.8582 5.56739e-16
 4343.8739 5.22442e-16
 4346.8896 4.72494e-16
 4349.9053 5.12719e-16
 4352.9210 5.12970e-16
 4355.9367 4.61063e-16
 4358.9524 5.07645e-16
 4361.9681 4.70331e-16
 4364.9838 4.65587e-16
 4367.9995 4.97735e-16
 4371.0152 4.26241e-16
 4374.0309 4.57860e-16
 4377.0465 4.54702e-16
 4380.0622 3.81885e-16
 4383.0779 3.80884e-16
 4386.0936 3.88694e-16
 4389.1093 3.70362e-16
 4392.1250 3.73889e-16
 4395.1407 3.49098e-16
 4398.1564 3.73449e-16
 4401.1721 3.64464e-16
 4404.1878 3.59663e-16
 4407.2035 3.71310e-16
 4410.2192 3.81104e-16
 4413.2349 3.67451e-16
 4416.2506 3.48401e-16
 4419.2663 3.83244e-16
 4422.2820 3.62483e-16
 4425.2977 3.43701e-16
 4428.3134 3.47162e-16
 4431.3291 3.57329e-16
 4434.3448 3.68999e-16
 4437.3605 3.83634e-16
 4440.3762 3.87072e-16
 4443.3919 3.71198e-16
 4446.4076 3.86774e-16
 4449.4233 3.92260e-16
 4452.4390 4.08292e-16
 4455.4547 3.77251e-16
 4458.4704 4.00701e-16
 4461.4861 3.86224e-16
 4464.5018 3.92203e-16
 4467.5175 3.91067e-16
 4470.5332 3.85811e-16
 4473.5489 4.24118e-16
 4476.5646 4.57890e-16
 4479.5803 4.48622e-16
 4482.5960 4.73261e-16
 4485.6117 4.57705e-16
 4488.6274 4.63093e-16
 4491.6431 4.91636e-16
 4494.6588 4.85056e-16
 4497.6745 5.15037e-16
 4500.6902 5.16277e-16
 4503.7059 5.31553e-16
 4506.7216 5.76245e-16
 4509.7373 5.66489e-16
 4512.7530 5.79669e-16
 4515.7687 6.29128e-16
 4518.7844 6.12937e-16
 4521.8001 6.32133e-16
 4524.8158 6.65651e-16
 4527.8315 6.93758e-16
 4530.8472 7.29512e-16
 4533.8629 7.91837e-16
 4536.8786 8.34756e-16
 4539.8943 7.98638e-16
 4542.9100 8.38902e-16
 4545.9257 8.99915e-16
 4548.9414 9.68103e-16
 4551.9571 9.38756e-16
 4554.9728 9.46689e-16
 4557.9885 9.97352e-16
 4561.0042 1.01560e-15
 4564.0199 1.03138e-15
 4567.0356 1.03321e-15
 4570.0513 1.02461e-15
 4573.0670 1.07586e-15
 4576.0827 1.14279e-15
 4579.0984 1.07655e-15
 4582.1141 1.07354e-15
 4585.1298 1.07108e-15
 4588.1454 1.13042e-15
 4591.1611 1.07947e-15
 4594.1768 1.05672e-15
 4597.1925 1.05879e-15
 4600.2082 1.10110e-15
 4603.2239 1.06196e-15
 4606.2396 1.09261e-15
 4609.2553 1.12957e-15
 4612.2710 1.11428e-15
 4615.2867 1.14507e-15
 4618.3024 1.12348e-15
 4621.3181 1.13728e-15
 4624.3338 1.15541e-15
 4627.3495 1.11298e-15
 4630.3652 1.11856e-15
 4633.3809 1.10084e-15
 4636.3966 1.09151e-15
 4639.4123 1.00983e-15
 4642.4280 9.87841e-16
 4645.4437 9.54554e-16
 4648.4594 8.98511e-16
 4651.4751 8.87121e-16
 4654.4908 8.19309e-16
 4657.5065 7.96225e-16
 4660.5222 7.69398e-16
 4663.5379 7.30149e-16
 4666.5536 6.91824e-16
 4669.5693 6.53703e-16
 4672.5850 6.40916e-16
 4675.6007 6.66523e-16
 4678.6164 5.60529e-16
 4681.6321 5.66889e-16
 4684.6478 5.37130e-16
 4687.6635 5.40483e-16
 4690.6792 5.25274e-16
 4693.6949 5.27991e-16
 4696.7106 5.03999e-16
 4699.7263 5.13321e-16
 4702.7420 5.26091e-16
 4705.7577 4.89429e-16
 4708.7734 4.75441e-16
 4711.7891 4.89049e-16
 4714.8048 4.88580e-16
 4717.8205 4.98789e-16
 4720.8362 4.86238e-16
 4723.8519 4.95777e-16
 4726.8676 5.20306e-16
 4729.8833 4.92494e-16
 4732.8990 4.93077e-16
 4735.9147 4.59084e-16
 4738.9304 4.81178e-16
 4741.9461 4.75474e-16
 4744.9618 4.63598e-16
 4747.9775 4.63227e-16
 4750.9932 4.44948e-16
 4754.0089 4.83049e-16
 4757.0246 4.85147e-16
 4760.0403 4.93229e-16
 4763.0560 5.10480e-16
 4766.0717 5.48788e-16
 4769.0874 5.52419e-16
 4772.1031 5.32247e-16
 4775.1188 5.81413e-16
 4778.1345 5.70791e-16
 4781.1502 6.01761e-16
 4784.1659 6.22912e-16
 4787.1816 6.41820e-16
 4790.1973 6.78290e-16
 4793.2130 7.19294e-16
 4796.2286 7.18526e-16
 4799.2443 7.73239e-16
 4802.2600 7.61567e-16
 4805.2757 7.82766e-16
 4808.2914 7.81734e-16
 4811.3071 7.78045e-16
 4814.3228 7.81070e-16
 4817.3385 7.80380e-16
 4820.3542 7.78893e-16
 4823.3699 7.26474e-16
 4826.3856 7.01203e-16
 4829.4013 6.97700e-16
 4832.4170 6.85702e-16
 4835.4327 6.97130e-16
 4838.4484 6.63996e-16
 4841.4641 6.33486e-16
 4844.4798 6.45207e-16
 4847.4955 6.52834e-16
 4850.5112 6.31824e-16
 4853.5269 6.35566e-16
 4856.5426 6.48969e-16
 4859.5583 6.63922e-16
 4862.5740 7.08698e-16
 4865.5897 7.25290e-16
 4868.6054 6.84510e-16
 4871.6211 6.90869e-16
 4874.6368 7.29807e-16
 4877.6525 7.44059e-16
 4880.6682 7.68490e-16
 4883.6839 7.97631e-16
 4886.6996 8.20451e-16
 4889.7153 8.32071e-16
 4892.7310 8.80093e-16
 4895.7467 8.90422e-16
 4898.7624 9.09455e-16
 4901.7781 9.68743e-16
 4904.7938 9.80667e-16
 4907.8095 1.01007e-15
 4910.8252 1.05343e-15
 4913.8409 1.02274e-15
 4916.8566 1.02487e-15
 4919.8723 1.10611e-15
 4922.8880 1.12023e-15
 4925.9037 1.07057e-15
 4928.9194 1.08824e-15
 4931.9351 1.11071e-15
 4934.9508 1.13030e-15
 4937.9665 1.13260e-15
 4940.9822 1.12257e-15
 4943.9979 1.05270e-15
 4947.0136 1.09366e-15
 4950.0293 1.08690e-15
 4953.0450 1.05829e-15
 4956.0607 1.00250e-15
 4959.0764 9.93609e-16
 4962.0921 1.00032e-15
 4965.1078 9.13772e-16
 4968.1235 8.44649e-16
 4971.1392 8.35410e-16
 4974.1549 8.13077e-16
 4977.1706 7.82460e-16
 4980.1863 7.65449e-16
 4983.2020 7.43795e-16
 4986.2177 7.10584e-16
 4989.2334 6.77123e-16
 4992.2491 6.40493e-16
 4995.2648 6.41626e-16
 4998.2805 6.32122e-16
 5001.2962 6.10643e-16
 5004.3119 6.49507e-16
 5007.3276 6.54375e-16
 5010.3433 5.93155e-16
 5013.3590 5.96680e-16
 5016.3747 5.74370e-16
 5019.3904 5.54253e-16
 5022.4061 5.78917e-16
 5025.4217 5.51502e-16
 5028.4374 5.55498e-16
 5031.4531 5.61595e-16
 5034.4688 5.92952e-16
 5037.4845 5.62621e-16
 5040.5002 5.51971e-16
 5043.5159 5.39147e-16
 5046.5316 5.24692e-16
 5049.5473 5.29617e-16
 5052.5630 5.51572e-16
 5055.5787 5.13446e-16
 5058.5944 5.52421e-16
 5061.6101 5.55631e-16
 5064.6258 5.37182e-16
 5067.6415 5.37984e-16
 5070.6572 5.09199e-16
 5073.6729 5.10506e-16
 5076.6886 4.95404e-16
 5079.7043 5.07631e-16
 5082.7200 5.07611e-16
 5085.7357 5.10289e-16
 5088.7514 4.97220e-16
 5091.7671 5.03506e-16
 5094.7828 5.00023e-16
 5097.7985 5.02273e-16
 5100.8142 5.22243e-16
 5103.8299 5.12904e-16
 5106.8456 5.16747e-16
 5109.8613 5.30406e-16
 5112.8770 4.96923e-16
 5115.8927 5.02078e-16
 5118.9084 5.18290e-16
 5121.9241 4.83700e-16
 5124.9398 4.60064e-16
 5127.9555 4.82700e-16
 5130.9712 4.86300e-16
 5133.9869 5.06870e-16
 5137.0026 5.02294e-16
 5140.0183 4.99659e-16
 5143.0340 5.12591e-16
 5146.0497 5.34364e-16
 5149.0654 5.26329e-16
 5152.0811 5.34609e-16
 5155.0968 5.33306e-16
 5158.1125 5.28237e-16
 5161.1282 5.69768e-16
 5164.1439 5.81416e-16
 5167.1596 5.77891e-16
 5170.1753 5.77148e-16
 5173.1910 5.72879e-16
 5176.2067 6.03936e-16
 5179.2224 6.10960e-16
 5182.2381 5.93394e-16
 5185.2538 6.35575e-16
 5188.2695 6.63796e-16
 5191.2852 6.70942e-16
 5194.3009 6.67531e-16
 5197.3166 6.66332e-16
 5200.3323 6.65535e-16
 5203.3480 7.00476e-16
 5206.3637 6.99645e-16
 5209.3794 7.19698e-16
 5212.3951 7.36068e-16
 5215.4108 7.80470e-16
 5218.4265 7.68539e-16
 5221.4422 7.76463e-16
 5224.4579 7.90133e-16
 5227.4736 7.85650e-16
 5230.4893 7.93210e-16
 5233.5050 8.31783e-16
 5236.5206 8.32495e-16
 5239.5363 7.99953e-16
 5242.5520 8.39097e-16
 5245.5677 8.26058e-16
 5248.5834 8.10982e-16
 5251.5991 8.65866e-16
 5254.6148 8.69518e-16
 5257.6305 8.52752e-16
 5260.6462 8.34711e-16
 5263.6619 9.11047e-16
 5266.6776 9.41764e-16
 5269.6933 9.15818e-16
 5272.7090 9.69645e-16
 5275.7247 9.92821e-16
 5278.7404 9.69087e-16
 5281.7561 9.48890e-16
 5284.7718 9.62351e-16
 5287.7875 9.60282e-16
 5290.8032 9.77155e-16
 5293.8189 9.46122e-16
 5296.8346 9.69846e-16
 5299.8503 9.85283e-16
 5302.8660 9.54323e-16
 5305.8817 9.27760e-16
 5308.8974 9.39193e-16
 5311.9131 9.43922e-16
 5314.9288 8.94100e-16
 5317.9445 9.10228e-16
 5320.9602 8.61755e-16
 5323.9759 8.53009e-16
 5326.9916 8.86931e-16
 5330.0073 8.67678e-16
 5333.0230 8.38469e-16
 5336.0387 8.16879e-16
 5339.0544 8.35576e-16
 5342.0701 8.45981e-16
 5345.0858 8.49719e-16
 5348.1015 8.69926e-16
 5351.1172 8.31281e-16
 5354.1329 8.14732e-16
 5357.1486 8.30108e-16
 5360.1643 8.60693e-16
 5363.1800 8.42298e-16
 5366.1957 8.71101e-16
 5369.2114 8.67323e-16
 5372.2271 8.76692e-16
 5375.2428 8.86677e-16
 5378.2585 9.26603e-16
 5381.2742 9.64254e-16
 5384.2899 9.77894e-16
 5387.3056 1.02441e-15
 5390.3213 1.03041e-15
 5393.3370 1.04277e-15
 5396.3527 1.08571e-15
 5399.3684 1.08343e-15
 5402.3841 1.12988e-15
 5405.3998 1.14005e-15
 5408.4155 1.19885e-15
 5411.4312 1.19390e-15
 5414.4469 1.25189e-15
 5417.4626 1.27872e-15
 5420.4783 1.32856e-15
 5423.4940 1.29790e-15
 5426.5097 1.33768e-15
 5429.5254 1.38442e-15
 5432.5411 1.40389e-15
 5435.5568 1.40004e-15
 5438.5725 1.47597e-15
 5441.5882 1.47661e-15
 5444.6039 1.42097e-15
 5447.6195 1.48282e-15
 5450.6352 1.49756e-15
 5453.6509 1.51128e-15
 5456.6666 1.53721e-15
 5459.6823 1.50181e-15
 5462.6980 1.54441e-15
 5465.7137 1.58594e-15
 5468.7294 1.61158e-15
 5471.7451 1.61730e-15
 5474.7608 1.59149e-15
 5477.7765 1.60147e-15
 5480.7922 1.58632e-15
 5483.8079 1.55856e-15
 5486.8236 1.60137e-15
 5489.8393 1.62337e-15
 5492.8550 1.62112e-15
 5495.8707 1.61758e-15
 5498.8864 1.63343e-15
 5501.9021 1.60045e-15
 5504.9178 1.59936e-15
 5507.9335 1.59452e-15
 5510.9492 1.54297e-15
 5513.9649 1.55596e-15
 5516.9806 1.56303e-15
 5519.9963 1.54705e-15
 5523.0120 1.57652e-15
 5526.0277 1.52429e-15
 5529.0434 1.52048e-15
 5532.0591 1.52536e-15
 5535.0748 1.51707e-15
 5538.0905 1.50574e-15
 5541.1062 1.49940e-15
 5544.1219 1.50016e-15
 5547.1376 1.47794e-15
 5550.1533 1.46677e-15
 5553.1690 1.41147e-15
 5556.1847 1.41994e-15
 5559.2004 1.38224e-15
 5562.2161 1.35514e-15
 5565.2318 1.42553e-15
 5568.2475 1.39198e-15
 5571.2632 1.36952e-15
 5574.2789 1.35823e-15
 5577.2946 1.34178e-15
 5580.3103 1.31307e-15
 5583.3260 1.26344e-15
 5586.3417 1.25876e-15
 5589.3574 1.26306e-15
 5592.3731 1.24675e-15
 5595.3888 1.19715e-15
 5598.4045 1.20507e-15
 5601.4202 1.22165e-15
 5604.4359 1.17509e-15
 5607.4516 1.13744e-15
 5610.4673 1.12677e-15
 5613.4830 1.13500e-15
 5616.4987 1.09990e-15
 5619.5144 1.09120e-15
 5622.5301 1.07957e-15
 5625.5458 1.06626e-15
 5628.5615 1.02252e-15
 5631.5772 9.79563e-16
 5634.5929 9.48849e-16
 5637.6086 9.19241e-16
 5640.6243 9.07228e-16
 5643.6400 8.96641e-16
 5646.6557 8.67241e-16
 5649.6714 8.69203e-16
 5652.6871 8.51000e-16
 5655.7028 8.21846e-16
 5658.7185 8.19270e-16
 5661.7342 8.06019e-16
 5664.7499 7.62461e-16
 5667.7656 7.78080e-16
 5670.7813 7.69463e-16
 5673.7970 7.42798e-16
 5676.8126 7.21511e-16
 5679.8283 7.56705e-16
 5682.8440 7.34038e-16
 5685.8597 7.45214e-16
 5688.8754 7.43469e-16
 5691.8911 7.56378e-16
 5694.9068 7.78374e-16
 5697.9225 7.71324e-16
 5700.9382 7.36237e-16
 5703.9539 7.48760e-16
 5706.9696 7.72178e-16
 5709.9853 7.74185e-16
 5713.0010 7.77301e-16
 5716.0167 7.75462e-16
 5719.0324 7.70852e-16
 5722.0481 7.98836e-16
 5725.0638 8.49379e-16
 5728.0795 8.90697e-16
 5731.0952 8.79296e-16
 5734.1109 8.91621e-16
 5737.1266 8.77361e-16
 5740.1423 9.32841e-16
 5743.1580 9.37101e-16
 5746.1737 9.14536e-16
 5749.1894 9.53739e-16
 5752.2051 9.74108e-16
 5755.2208 9.84272e-16
 5758.2365 1.02801e-15
 5761.2522 1.05982e-15
 5764.2679 1.07199e-15
 5767.2836 1.10224e-15
 5770.2993 1.09058e-15
 5773.3150 1.06405e-15
 5776.3307 1.12655e-15
 5779.3464 1.14597e-15
 5782.3621 1.12311e-15
 5785.3778 1.14855e-15
 5788.3935 1.18033e-15
 5791.4092 1.18341e-15
 5794.4249 1.16453e-15
 5797.4406 1.14108e-15
 5800.4563 1.18127e-15
 5803.4720 1.16702e-15
 5806.4877 1.14957e-15
 5809.5034 1.12057e-15
 5812.5191 1.15317e-15
 5815.5348 1.17671e-15
 5818.5505 1.11878e-15
 5821.5662 1.10219e-15
 5824.5819 1.14024e-15
 5827.5976 1.14116e-15
 5830.6133 1.09993e-15
 5833.6290 1.11483e-15
 5836.6447 1.08940e-15
 5839.6604 1.05436e-15
 5842.6761 1.10350e-15
 5845.6918 1.12648e-15
 5848.7075 1.09670e-15
 5851.7232 1.09371e-15
 5854.7389 1.09842e-15
 5857.7546 1.03782e-15
 5860.7703 1.03180e-15
 5863.7860 1.03491e-15
 5866.8017 1.00338e-15
 5869.8174 1.00657e-15
 5872.8331 1.01559e-15
 5875.8488 9.90877e-16
 5878.8645 9.90138e-16
 5881.8802 9.77804e-16
 5884.8958 9.43937e-16
 5887.9115 9.10762e-16
 5890.9272 9.32868e-16
 5893.9429 9.22962e-16
 5896.9586 9.00865e-16
 5899.9743 9.16038e-16
 5902.9900 8.93448e-16
 5906.0057 8.76415e-16
 5909.0214 9.04397e-16
 5912.0371 8.77339e-16
 5915.0528 8.55927e-16
 5918.0685 8.22473e-16
 5921.0842 8.44550e-16
 5924.0999 8.34808e-16
 5927.1156 8.37844e-16
 5930.1313 7.96584e-16
 5933.1470 7.86514e-16
 5936.1627 8.13910e-16
 5939.1784 7.92780e-16
 5942.1941 7.59072e-16
 5945.2098 7.46512e-16
 5948.2255 7.20878e-16
 5951.2412 7.16692e-16
 5954.2569 7.09732e-16
 5957.2726 6.81629e-16
 5960.2883 7.00024e-16
 5963.3040 6.92027e-16
 5966.3197 6.76488e-16
 5969.3354 7.01339e-16
 5972.3511 6.60236e-16
 5975.3668 6.70187e-16
 5978.3825 6.76702e-16
 5981.3982 6.77352e-16
 5984.4139 6.65633e-16
 5987.4296 6.68200e-16
 5990.4453 6.89423e-16
 5993.4610 6.80562e-16
 5996.4767 6.88352e-16
 5999.4924 6.82512e-16
 6002.5081 6.78958e-16
 6005.5238 6.66996e-16
 6008.5395 6.63186e-16
 6011.5552 6.61863e-16
 6014.5709 6.66466e-16
 6017.5866 6.71463e-16
 6020.6023 6.73847e-16
 6023.6180 6.72752e-16
 6026.6337 6.72385e-16
 6029.6494 6.68948e-16
 6032.6651 6.76963e-16
 6035.6808 6.74759e-16
 6038.6965 6.68125e-16
 6041.7122 6.78844e-16
 6044.7279 6.86119e-16
 6047.7436 6.69237e-16
 6050.7593 6.54525e-16
 6053.7750 6.57876e-16
 6056.7907 6.64396e-16
 6059.8064 6.52489e-16
 6062.8221 6.66737e-16
 6065.8378 6.95845e-16
 6068.8535 6.88694e-16
 6071.8692 6.73386e-16
 6074.8849 6.93585e-16
 6077.9006 6.98843e-16
 6080.9163 6.66041e-16
 6083.9320 6.85669e-16
 6086.9477 6.77490e-16
 6089.9634 7.01452e-16
 6092.9791 6.96835e-16
 6095.9947 7.11966e-16
 6099.0104 6.95831e-16
 6102.0261 7.00613e-16
 6105.0418 6.93529e-16
 6108.0575 6.73336e-16
 6111.0732 6.45466e-16
 6114.0889 6.36732e-16
 6117.1046 6.52062e-16
 6120.1203 6.22672e-16
 6123.1360 6.27516e-16
 6126.1517 6.17720e-16
 6129.1674 6.02879e-16
 6132.1831 5.85733e-16
 6135.1988 5.64750e-16
 6138.2145 5.62657e-16
 6141.2302 5.72019e-16
 6144.2459 5.38384e-16
 6147.2616 5.39318e-16
 6150.2773 5.48106e-16
 6153.2930 5.34016e-16
 6156.3087 5.31360e-16
 6159.3244 5.50321e-16
 6162.3401 5.42291e-16
 6165.3558 5.42454e-16
 6168.3715 5.65780e-16
 6171.3872 5.53834e-16
 6174.4029 5.50559e-16
 6177.4186 5.45426e-16
 6180.4343 5.49950e-16
 6183.4500 5.67821e-16
 6186.4657 5.95912e-16
 6189.4814 6.27687e-16
 6192.4971 6.26762e-16
 6195.5128 5.97083e-16
 6198.5285 6.20044e-16
 6201.5442 6.59104e-16
 6204.5599 6.61732e-16
 6207.5756 6.39890e-16
 6210.5913 6.50205e-16
 6213.6070 6.59179e-16
 6216.6227 6.64541e-16
 6219.6384 6.64015e-16
 6222.6541 6.10724e-16
 6225.6698 6.01938e-16
 6228.6855 6.28307e-16
 6231.7012 6.13292e-16
 6234.7169 6.39775e-16
 6237.7326 6.33735e-16
 6240.7483 6.53169e-16
 6243.7640 6.24900e-16
 6246.7797 6.22773e-16
 6249.7954 6.21242e-16
 6252.8111 6.28414e-16
 6255.8268 6.58244e-16
 6258.8425 6.22191e-16
 6261.8582 6.56184e-16
 6264.8739 6.42663e-16
 6267.8896 6.55850e-16
 6270.9053 6.51318e-16
 6273.9210 6.55537e-16
 6276.9367 6.70970e-16
 6279.9524 6.98693e-16
 6282.9681 7.07011e-16
 6285.9838 6.99001e-16
 6288.9995 6.90295e-16
 6292.0152 7.25206e-16
 6295.0309 7.26983e-16
 6298.0466 7.38095e-16
 6301.0623 7.51104e-16
 6304.0780 7.51631e-16
 6307.0937 7.65397e-16
 6310.1094 7.87937e-16
 6313.1251 7.46706e-16
 6316.1408 7.77473e-16
 6319.1565 8.02500e-16
 6322.1722 7.94584e-16
 6325.1878 8.54088e-16
 6328.2035 8.34200e-16
 6331.2192 8.31689e-16
 6334.2349 8.36754e-16
 6337.2506 8.44208e-16
 6340.2663 8.56993e-16
 6343.2820 8.95135e-16
 6346.2977 8.87065e-16
 6349.3134 8.84925e-16
 6352.3291 9.25308e-16
 6355.3448 9.48964e-16
 6358.3605 9.54223e-16
 6361.3762 9.48028e-16
 6364.3919 9.63203e-16
 6367.4076 9.81521e-16
 6370.4233 9.92850e-16
 6373.4390 1.01607e-15
 6376.4547 1.05132e-15
 6379.4704 1.04785e-15
 6382.4861 1.07627e-15
 6385.5018 1.08252e-15
 6388.5175 1.07189e-15
 6391.5332 1.09767e-15
 6394.5489 1.12750e-15
 6397.5646 1.14371e-15
 6400.5803 1.14514e-15
 6403.5960 1.18585e-15
 6406.6117 1.20302e-15
 6409.6274 1.21015e-15
 6412.6431 1.21662e-15
 6415.6588 1.19399e-15
 6418.6745 1.22050e-15
 6421.6902 1.22434e-15
 6424.7059 1.27029e-15
 6427.7216 1.23489e-15
 6430.7373 1.22328e-15
 6433.7530 1.26831e-15
 6436.7687 1.27398e-15
 6439.7844 1.28813e-15
 6442.8001 1.26686e-15
 6445.8158 1.29481e-15
 6448.8315 1.31029e-15
 6451.8472 1.30974e-15
 6454.8629 1.30774e-15
 6457.8786 1.31597e-15
 6460.8943 1.28669e-15
 6463.9100 1.26094e-15
 6466.9257 1.27855e-15
 6469.9414 1.27425e-15
 6472.9571 1.28013e-15
 6475.9728 1.31222e-15
 6478.9885 1.27436e-15
 6482.0042 1.31088e-15
 6485.0199 1.29565e-15
 6488.0356 1.32018e-15
 6491.0513 1.28364e-15
 6494.0670 1.23056e-15
 6497.0827 1.25065e-15
 6500.0984 1.26433e-15
 6503.1141 1.23872e-15
 6506.1298 1.25251e-15
 6509.1455 1.23822e-15
 6512.1612 1.22023e-15
 6515.1769 1.22574e-15
 6518.1926 1.20349e-15
 6521.2083 1.14710e-15
 6524.2240 1.13360e-15
 6527.2397 1.15813e-15
 6530.2554 1.16803e-15
 6533.2711 1.14455e-15
 6536.2867 1.12003e-15
 6539.3024 1.09485e-15
 6542.3181 1.07829e-15
 6545.3338 1.10082e-15
 6548.3495 1.06874e-15
 6551.3652 1.06724e-15
 6554.3809 1.07007e-15
 6557.3966 1.07675e-15
 6560.4123 1.14177e-15
 6563.4280 1.17112e-15
 6566.4437 1.07322e-15
 6569.4594 9.48708e-16
 6572.4751 9.06153e-16
 6575.4908 9.08823e-16
 6578.5065 9.17291e-16
 6581.5222 9.74032e-16
 6584.5379 9.60292e-16
 6587.5536 9.07622e-16
 6590.5693 8.83671e-16
 6593.5850 8.39918e-16
 6596.6007 8.50741e-16
 6599.6164 7.65062e-16
 6602.6321 7.85679e-16
 6605.6478 7.57931e-16
 6608.6635 7.96243e-16
 6611.6792 7.47214e-16
 6614.6949 7.20613e-16
 6617.7106 7.30312e-16
 6620.7263 7.21372e-16
 6623.7420 6.99947e-16
 6626.7577 6.72504e-16
 6629.7734 6.60788e-16
 6632.7891 6.30185e-16
 6635.8048 6.29462e-16
 6638.8205 6.29930e-16
 6641.8362 6.17124e-16
 6644.8519 5.81918e-16
 6647.8676 5.69930e-16
 6650.8833 5.55701e-16
 6653.8990 5.45600e-16
 6656.9147 5.38987e-16
 6659.9304 5.35458e-16
 6662.9461 5.37207e-16
 6665.9618 5.22431e-16
 6668.9775 5.03622e-16
 6671.9932 4.89222e-16
 6675.0089 5.13217e-16
 6678.0246 5.01296e-16
 6681.0403 4.79482e-16
 6684.0560 4.77336e-16
 6687.0717 4.60095e-16
 6690.0874 4.59027e-16
 6693.1031 4.69771e-16
 6696.1188 5.07825e-16
 6699.1345 4.48352e-16
 6702.1502 4.59073e-16
 6705.1659 4.32538e-16
 6708.1816 4.27226e-16
 6711.1973 4.51531e-16
 6714.2130 4.67223e-16
 6717.2287 4.71479e-16
 6720.2444 4.64289e-16
 6723.2601 4.22573e-16
 6726.2758 4.10616e-16
 6729.2915 4.50345e-16
 6732.3072 4.59237e-16
 6735.3229 4.22283e-16
 6738.3386 4.12727e-16
 6741.3543 4.27016e-16
 6744.3700 4.15517e-16
 6747.3856 3.75837e-16
 6750.4013 3.86829e-16
 6753.4170 4.06422e-16
 6756.4327 4.21574e-16
 6759.4484 4.27458e-16
 6762.4641 3.97707e-16
 6765.4798 4.14198e-16
 6768.4955 4.61904e-16
 6771.5112 4.14256e-16
 6774.5269 3.92175e-16
 6777.5426 3.75302e-16
 6780.5583 3.91525e-16
 6783.5740 4.02267e-16
 6786.5897 4.10709e-16
 6789.6054 3.98152e-16
 6792.6211 3.82089e-16
 6795.6368 3.87879e-16
 6798.6525 3.96114e-16
 6801.6682 3.79872e-16
 6804.6839 3.73374e-16
 6807.6996 3.64213e-16
 6810.7153 3.63515e-16
 6813.7310 4.56961e-16
 6816.7467 4.36634e-16
 6819.7624 4.42401e-16
 6822.7781 4.15553e-16
 6825.7938 3.85009e-16
 6828.8095 4.10113e-16
 6831.8252 4.18278e-16
 6834.8409 4.15866e-16
 6837.8566 3.87588e-16
 6840.8723 4.09362e-16
 6843.8880 4.13274e-16
 6846.9037 3.93369e-16
 6849.9194 3.94076e-16
 6852.9351 3.96744e-16
 6855.9508 4.12107e-16
 6858.9665 4.18606e-16
 6861.9822 4.01939e-16
 6864.9979 3.98336e-16
 6868.0136 3.81655e-16
 6871.0293 4.15177e-16
 6874.0450 4.16907e-16
 6877.0607 4.15238e-16
 6880.0764 4.13481e-16
 6883.0921 4.15025e-16
 6886.1078 3.88043e-16
 6889.1235 4.12391e-16
 6892.1392 4.31054e-16
 6895.1549 4.13689e-16
 6898.1706 4.18054e-16
 6901.1863 4.51052e-16
 6904.2020 4.66724e-16
 6907.2177 4.52570e-16
 6910.2334 4.33563e-16
 6913.2491 4.39275e-16
 6916.2648 4.54567e-16
 6919.2805 4.31046e-16
 6922.2962 4.45054e-16
 6925.3119 4.58835e-16
 6928.3276 4.55514e-16
 6931.3433 4.63113e-16
 6934.3590 4.68852e-16
 6937.3747 4.51089e-16
 6940.3904 4.48718e-16
 6943.4061 4.65194e-16
 6946.4218 4.75362e-16
 6949.4375 4.69175e-16
 6952.4532 4.72311e-16
 6955.4689 4.43139e-16
 6958.4846 4.55699e-16
 6961.5003 4.33251e-16
 6964.5160 4.52701e-16
 6967.5317 4.69105e-16
 6970.5474 4.61730e-16
 6973.5631 4.43110e-16
 6976.5787 4.45952e-16
 6979.5944 4.49533e-16
 6982.6101 4.36157e-16
 6985.6258 4.21681e-16
 6988.6415 4.47794e-16
 6991.6572 4.56299e-16
 6994.6729 4.47734e-16
 6997.6886 4.39901e-16
 7000.7043 4.53997e-16
 7003.7200 4.51988e-16
 7006.7357 4.40736e-16
 7009.7514 4.47044e-16
 7012.7671 4.44383e-16
 7015.7828 4.53750e-16
 7018.7985 4.54618e-16
 7021.8142 4.54429e-16
 7024.8299 4.94902e-16
 7027.8456 4.89501e-16
 7030.8613 4.45277e-16
 7033.8770 4.62804e-16
 7036.8927 4.87181e-16
 7039.9084 4.91701e-16
 7042.9241 4.81078e-16
 7045.9398 4.67400e-16
 7048.9555 4.64413e-16
 7051.9712 4.90910e-16
 7054.9869 4.87429e-16
 7058.0026 4.74352e-16
 7061.0183 4.96952e-16
 7064.0340 4.89601e-16
 7067.0497 4.78124e-16
 7070.0654 5.15274e-16
 7073.0811 4.92814e-16
 7076.0968 4.80979e-16
 7079.1125 5.03483e-16
 7082.1282 5.15288e-16
 7085.1439 5.06590e-16
 7088.1596 5.05559e-16
 7091.1753 5.09654e-16
 7094.1910 5.28173e-16
 7097.2067 5.30413e-16
 7100.2224 5.24013e-16
 7103.2381 5.11601e-16
 7106.2538 4.89442e-16
 7109.2695 4.76532e-16
 7112.2852 5.20197e-16
 7115.3009 5.32759e-16
 7118.3166 5.56337e-16
 7121.3323 5.34926e-16
 7124.3480 5.28342e-16
 7127.3637 5.82106e-16
 7130.3794 5.71873e-16
 7133.3951 5.72206e-16
 7136.4108 5.82807e-16
 7139.4265 5.65804e-16
 7142.4422 6.00690e-16
 7145.4579 6.22528e-16
 7148.4736 6.20356e-16
 7151.4893 5.88065e-16
 7154.5050 5.84329e-16
 7157.5207 5.91640e-16
 7160.5364 6.09251e-16
 7163.5521 6.00256e-16
 7166.5678 6.29102e-16
 7169.5835 5.98218e-16
 7172.5992 5.88636e-16
 7175.6149 6.35782e-16
 7178.6306 6.48860e-16
 7181.6463 6.64040e-16
 7184.6619 6.57656e-16
 7187.6776 6.30897e-16
 7190.6933 6.34672e-16
 7193.7090 6.45897e-16
 7196.7247 6.29491e-16
 7199.7404 6.07994e-16
 7202.7561 6.33728e-16
 7205.7718 6.14884e-16
 7208.7875 6.22654e-16
 7211.8032 6.29537e-16
 7214.8189 6.15501e-16
 7217.8346 6.34211e-16
 7220.8503 6.43626e-16
 7223.8660 6.09622e-16
 7226.8817 5.75706e-16
 7229.8974 6.22545e-16
 7232.9131 6.20598e-16
 7235.9288 6.05779e-16
 7238.9445 5.85001e-16
 7241.9602 6.19190e-16
 7244.9759 6.19315e-16
 7247.9916 6.09812e-16
 7251.0073 5.91829e-16
 7254.0230 5.59103e-16
 7257.0387 5.68011e-16
 7260.0544 5.88942e-16
 7263.0701 6.14052e-16
 7266.0858 6.06963e-16
 7269.1015 6.05586e-16
 7272.1172 5.95446e-16
 7275.1329 5.69556e-16
 7278.1486 5.58277e-16
 7281.1643 5.71005e-16
 7284.1800 5.86522e-16
 7287.1957 6.08627e-16
 7290.2114 5.85285e-16
 7293.2271 5.95740e-16
 7296.2428 5.60832e-16
 7299.2585 5.89952e-16
 7302.2742 5.91108e-16
 7305.2899 5.98469e-16
 7308.3056 5.90559e-16
 7311.3213 5.76962e-16
 7314.3370 5.88936e-16
 7317.3527 5.98511e-16
 7320.3684 6.32112e-16
 7323.3841 6.53858e-16
 7326.3998 6.40485e-16
 7329.4155 6.38045e-16
 7332.4312 6.15725e-16
 7335.4469 6.32912e-16
 7338.4626 6.39827e-16
 7341.4783 6.29459e-16
 7344.4940 6.42444e-16
 7347.5097 6.60356e-16
 7350.5254 6.62059e-16
 7353.5411 6.70090e-16
 7356.5568 6.46376e-16
 7359.5725 6.86392e-16
 7362.5882 6.86463e-16
 7365.6039 6.70284e-16
 7368.6196 6.76898e-16
 7371.6353 6.95023e-16
 7374.6510 6.98987e-16
 7377.6667 7.15165e-16
 7380.6824 6.81186e-16
 7383.6981 6.68410e-16
 7386.7138 7.02580e-16
 7389.7295 7.14507e-16
 7392.7452 7.46466e-16
 7395.7608 7.16088e-16
 7398.7765 7.28241e-16
 7401.7922 7.30234e-16
 7404.8079 7.53426e-16
 7407.8236 7.75284e-16
 7410.8393 7.44265e-16
 7413.8550 7.10705e-16
 7416.8707 7.13309e-16
 7419.8864 7.32036e-16
 7422.9021 7.23915e-16
 7425.9178 7.05042e-16
 7428.9335 6.97727e-16
 7431.9492 7.22098e-16
 7434.9649 7.28631e-16
 7437.9806 6.93477e-16
 7440.9963 6.80050e-16
 7444.0120 6.68415e-16
 7447.0277 6.75383e-16
 7450.0434 6.74041e-16
 7453.0591 6.46637e-16
 7456.0748 6.42663e-16
 7459.0905 6.42293e-16
 7462.1062 6.21764e-16
 7465.1219 6.22596e-16
 7468.1376 5.87769e-16
 7471.1533 5.80868e-16
 7474.1690 5.81370e-16
 7477.1847 5.57463e-16
 7480.2004 5.40909e-16
 7483.2161 5.39040e-16
 7486.2318 5.34263e-16
 7489.2475 5.11392e-16
 7492.2632 5.01166e-16
 7495.2789 4.88832e-16
 7498.2946 5.04468e-16
 7501.3103 5.02621e-16
 7504.3260 5.14202e-16
 7507.3417 5.21677e-16
 7510.3574 5.16118e-16
 7513.3731 5.23932e-16
 7516.3888 5.17568e-16
 7519.4045 5.26886e-16
 7522.4202 5.09801e-16
 7525.4359 4.67735e-16
 7528.4516 3.92062e-16
 7531.4673 3.61071e-16
 7534.4830 4.42669e-16
 7537.4987 4.92329e-16
 7540.5144 6.23239e-16
 7543.5301 7.25487e-16
 7546.5458 7.87083e-16
 7549.5615 8.72529e-16
 7552.5772 7.25395e-16
 7555.5929 5.14747e-16
 7558.6086 5.09580e-16
 7561.6243 5.86275e-16
 7564.6400 6.44508e-16
 7567.6557 6.53017e-16
 7570.6714 6.37044e-16
 7573.6871 6.68401e-16
 7576.7028 6.99328e-16
 7579.7185 7.41812e-16
 7582.7342 7.16536e-16
 7585.7499 6.74754e-16
 7588.7656 7.05332e-16
 7591.7813 7.33865e-16
 7594.7970 7.33267e-16
 7597.8127 6.92365e-16
 7600.8284 6.69330e-16
 7603.8441 7.05185e-16
 7606.8598 7.16633e-16
 7609.8755 7.14314e-16
 7612.8912 6.93139e-16
 7615.9069 7.03183e-16
 7618.9226 7.11092e-16
 7621.9383 7.07494e-16
 7624.9539 7.11221e-16
 7627.9696 7.06347e-16
 7630.9853 7.01903e-16
 7634.0010 7.31699e-16
 7637.0167 7.26160e-16
 7640.0324 7.30442e-16
 7643.0481 7.23013e-16
 7646.0638 7.22635e-16
 7649.0795 7.12425e-16
 7652.0952 7.31038e-16
 7655.1109 7.18139e-16
 7658.1266 7.36569e-16
 7661.1423 7.74895e-16
 7664.1580 7.61385e-16
 7667.1737 7.37439e-16
 7670.1894 7.38246e-16
 7673.2051 7.54710e-16
 7676.2208 7.51985e-16
 7679.2365 7.27777e-16
 7682.2522 7.72561e-16
 7685.2679 7.44725e-16
 7688.2836 6.76294e-16
 7691.2993 7.24233e-16
 7694.3150 7.59839e-16
 7697.3307 7.40718e-16
 7700.3464 7.36256e-16
 7703.3621 7.12154e-16
 7706.3778 7.08725e-16
 7709.3935 6.90867e-16
 7712.4092 6.83871e-16
 7715.4249 6.92789e-16
 7718.4406 7.23905e-16
 7721.4563 7.22535e-16
 7724.4720 6.97336e-16
 7727.4877 7.04695e-16
 7730.5034 6.78262e-16
 7733.5191 6.67611e-16
 7736.5348 6.60866e-16
 7739.5505 6.84712e-16
 7742.5662 6.88424e-16
 7745.5819 6.39640e-16
 7748.5976 6.41553e-16
 7751.6133 6.40272e-16
 7754.6290 6.43545e-16
 7757.6447 6.15020e-16
 7760.6604 5.92035e-16
 7763.6761 5.89651e-16
 7766.6918 6.33599e-16
 7769.7075 5.84395e-16
 7772.7232 5.94358e-16
 7775.7389 6.02441e-16
 7778.7546 5.99776e-16
 7781.7703 5.54945e-16
 7784.7860 5.44166e-16
 7787.8017 5.62352e-16
 7790.8174 5.75581e-16
 7793.8331 5.49462e-16
 7796.8488 5.20004e-16
 7799.8645 5.20141e-16
 7802.8802 5.15158e-16
 7805.8959 5.19642e-16
 7808.9116 5.25178e-16
 7811.9273 5.53273e-16
 7814.9430 4.95374e-16
 7817.9587 4.97255e-16
 7820.9744 4.56911e-16
 7823.9901 4.66519e-16
 7827.0058 4.69466e-16
 7830.0215 4.53984e-16
 7833.0372 4.69002e-16
 7836.0528 4.69708e-16
 7839.0685 4.43776e-16
 7842.0842 4.40027e-16
 7845.0999 4.73551e-16
 7848.1156 4.59526e-16
 7851.1313 4.57950e-16
 7854.1470 4.51475e-16
 7857.1627 4.28875e-16
 7860.1784 4.14748e-16
 7863.1941 4.19523e-16
 7866.2098 4.22857e-16
 7869.2255 4.08511e-16
 7872.2412 4.18010e-16
 7875.2569 4.12296e-16
 7878.2726 3.98664e-16
 7881.2883 3.83877e-16
 7884.3040 3.77214e-16
 7887.3197 4.02529e-16
 7890.3354 3.92014e-16
 7893.3511 3.74029e-16
 7896.3668 3.70052e-16
 7899.3825 3.70303e-16
 7902.3982 3.89976e-16
 7905.4139 4.02028e-16
 7908.4296 3.65622e-16
 7911.4453 3.65302e-16
 7914.4610 3.70998e-16
 7917.4767 3.62101e-16
 7920.4924 3.33295e-16
 7923.5081 3.77851e-16
 7926.5238 3.57922e-16
 7929.5395 3.56790e-16
 7932.5552 3.58949e-16
 7935.5709 3.40759e-16
 7938.5866 3.72845e-16
 7941.6023 3.58811e-16
 7944.6180 3.20445e-16
 7947.6337 3.50281e-16
 7950.6494 3.66393e-16
 7953.6651 3.42592e-16
 7956.6808 3.55644e-16
 7959.6965 3.49725e-16
 7962.7122 3.66102e-16
 7965.7279 3.78075e-16
 7968.7436 3.82658e-16
 7971.7593 3.49138e-16
 7974.7750 3.54879e-16
 7977.7907 3.30723e-16
 7980.8064 3.55014e-16
 7983.8221 2.97880e-16
 7986.8378 3.34340e-16
 7989.8535 3.34327e-16
 7992.8692 3.22780e-16
 7995.8849 3.14034e-16
 7998.9006 3.34016e-16
 8001.9163 3.27807e-16
 8004.9320 3.44739e-16
 8007.9477 3.63897e-16
 8010.9634 3.06313e-16
 8013.9791 3.16765e-16
 8016.9948 3.42867e-16
 8020.0105 3.33011e-16
 8023.0262 3.46459e-16
 8026.0419 3.02300e-16
 8029.0576 3.14313e-16
 8032.0733 3.20226e-16
 8035.0890 3.23180e-16
 8038.1047 3.21460e-16
 8041.1204 3.29759e-16
 8044.1360 3.34198e-16
 8047.1517 3.15315e-16
 8050.1674 3.03082e-16
 8053.1831 3.31944e-16
 8056.1988 3.28006e-16
 8059.2145 3.07477e-16
 8062.2302 3.39083e-16
 8065.2459 3.50883e-16
 8068.2616 3.11933e-16
 8071.2773 3.07430e-16
 8074.2930 2.92505e-16
 8077.3087 3.01754e-16
 8080.3244 2.94490e-16
 8083.3401 2.97651e-16
 8086.3558 3.08581e-16
 8089.3715 2.70118e-16
 8092.3872 2.91571e-16
 8095.4029 3.37174e-16
 8098.4186 2.87293e-16
 8101.4343 2.93616e-16
 8104.4500 2.85506e-16
 8107.4657 2.49007e-16
 8110.4814 2.99071e-16
 8113.4971 3.11782e-16
 8116.5128 2.89701e-16
 8119.5285 2.73953e-16
 8122.5442 2.77243e-16
 8125.5599 2.80573e-16
 8128.5756 2.52973e-16
 8131.5913 2.72328e-16
 8134.6070 2.55031e-16
 8137.6227 2.53994e-16
 8140.6384 2.39944e-16
 8143.6541 2.31281e-16
 8146.6698 2.07492e-16
 8149.6855 2.16233e-16
 8152.7012 1.97093e-16
 8155.7169 1.53136e-16
 8158.7326 1.83916e-16
 8161.7483 2.19187e-16
 8164.7640 2.09702e-16
 8167.7797 1.72226e-16
 8170.7954 1.68845e-16
 8173.8111 1.48324e-16
 8176.8268 1.33355e-16
 8179.8425 1.58227e-16
 8182.8582 1.19263e-16
 8185.8739 1.23237e-16
 8188.8896 1.08458e-16
 8191.9053 1.14646e-16
 8194.9210 9.78771e-17
 8197.9367 1.01085e-16
 8200.9524 9.57947e-17
 8203.9681 1.01781e-16
 8206.9838 1.12998e-16
 8209.9995 1.25324e-16
 8213.0152 1.23669e-16
 8216.0309 9.14646e-17
 8219.0466 1.21101e-16
 8222.0623 7.21942e-17
 8225.0780 7.08854e-17
 8228.0937 7.78681e-17
 8231.1094 7.40123e-17
 8234.1251 9.59144e-17
 8237.1408 1.19260e-16
 8240.1565 1.13552e-16
 8243.1722 9.98510e-17
 8246.1879 1.07396e-16
 8249.2036 1.06284e-16
 8252.2193 1.11655e-16
 8255.2349 1.19811e-16
 8258.2506 1.23640e-16
 8261.2664 1.37781e-16
 8264.2821 1.70116e-16
 8267.2978 1.16725e-16
 8270.3135 1.08607e-16
 8273.3291 1.45992e-16
 8276.3448 1.18231e-16
 8279.3605 1.66292e-16
 8282.3762 1.58989e-16
 8285.3919 1.61684e-16
 8288.4076 1.47649e-16
 8291.4233 1.74824e-16
 8294.4390 1.47248e-16
 8297.4547 1.60635e-16
 8300.4704 1.65222e-16
 8303.4861 1.91597e-16
 8306.5018 1.85292e-16
 8309.5175 1.52024e-16
 8312.5332 1.62838e-16
 8315.5489 1.75310e-16
 8318.5646 1.65505e-16
 8321.5803 1.94754e-16
 8324.5960 1.81952e-16
 8327.6117 1.74249e-16
 8330.6274 1.86812e-16
 8333.6431 2.13635e-16
 8336.6588 2.08470e-16
 8339.6745 1.90965e-16
 8342.6902 1.28592e-16
 8345.7059 1.87089e-16
 8348.7216 1.81475e-16
 8351.7373 1.77600e-16
 8354.7530 1.93141e-16
 8357.7687 1.78832e-16
 8360.7844 1.68605e-16
 8363.8001 1.83348e-16
 8366.8158 1.95176e-16
 8369.8315 2.15141e-16
 8372.8472 1.97757e-16
 8375.8629 1.84837e-16
 8378.8786 2.08340e-16
 8381.8943 2.08245e-16
 8384.9100 2.14367e-16
 8387.9257 1.84312e-16
 8390.9414 1.86980e-16
 8393.9571 2.10244e-16
 8396.9728 1.97497e-16
 8399.9885 2.31469e-16
 8403.0042 2.51753e-16
 8406.0199 2.64731e-16
 8409.0356 2.87990e-16
 8412.0513 2.72543e-16
 8415.0670 2.95816e-16
 8418.0827 3.03492e-16
 8421.0984 2.87343e-16
 8424.1141 2.95550e-16
 8427.1298 2.90545e-16
 8430.1455 3.25467e-16
 8433.1612 3.19463e-16
 8436.1769 3.04923e-16
 8439.1926 2.87717e-16
 8442.2083 3.15281e-16
 8445.2240 3.18869e-16
 8448.2397 3.09814e-16
 8451.2554 3.36272e-16
 8454.2711 3.94897e-16
 8457.2868 4.13645e-16
 8460.3025 4.04345e-16
 8463.3182 4.07434e-16
 8466.3339 4.27702e-16
 8469.3496 4.59073e-16
 8472.3653 4.63912e-16
 8475.3810 4.58176e-16
 8478.3967 4.59855e-16
 8481.4124 4.99577e-16
 8484.4280 4.98012e-16
 8487.4437 4.73498e-16
 8490.4594 5.07681e-16
 8493.4751 5.24646e-16
 8496.4908 5.10973e-16
 8499.5065 4.99891e-16
 8502.5222 4.88421e-16
 8505.5379 5.06429e-16
 8508.5536 5.09117e-16
 8511.5693 4.83583e-16
 8514.5850 5.61111e-16
 8517.6007 5.10485e-16
 8520.6164 4.86450e-16
 8523.6321 4.89256e-16
 8526.6478 4.63208e-16
 8529.6635 5.24759e-16
 8532.6792 5.65256e-16
 8535.6949 5.34410e-16
 8538.7106 5.11456e-16
 8541.7263 5.06007e-16
 8544.7420 4.72245e-16
 8547.7577 5.12994e-16
 8550.7734 5.47721e-16
 8553.7891 5.45688e-16
 8556.8048 5.51556e-16
 8559.8205 5.93421e-16
 8562.8362 5.42046e-16
 8565.8519 5.41417e-16
 8568.8676 5.61634e-16
 8571.8833 5.45132e-16
 8574.8990 5.33116e-16
 8577.9147 5.16436e-16
 8580.9304 5.84425e-16
 8583.9461 5.89290e-16
 8586.9618 4.97233e-16
 8589.9775 5.68617e-16
 8592.9932 5.96474e-16
 8596.0089 5.62016e-16
 8599.0246 5.30909e-16
 8602.0403 5.05689e-16
 8605.0560 5.50087e-16
 8608.0717 6.12427e-16
 8611.0874 5.79133e-16
 8614.1031 5.75280e-16
 8617.1188 5.89134e-16
 8620.1345 5.67316e-16
 8623.1502 6.30665e-16
 8626.1659 5.78541e-16
 8629.1816 5.94228e-16
 8632.1973 5.89879e-16
 8635.2130 6.08391e-16
 8638.2287 6.07925e-16
 8641.2444 5.90250e-16
 8644.2601 5.98675e-16
 8647.2758 6.04788e-16
 8650.2915 6.09566e-16
 8653.3072 6.33328e-16
 8656.3229 5.87688e-16
 8659.3386 5.82959e-16
 8662.3543 5.96839e-16
 8665.3700 6.10986e-16
 8668.3857 6.31064e-16
 8671.4014 6.05892e-16
 8674.4171 6.07995e-16
 8677.4328 6.26944e-16
 8680.4485 5.83988e-16
 8683.4642 6.24597e-16
 8686.4799 6.10617e-16
 8689.4956 6.66801e-16
 8692.5113 6.50054e-16
 8695.5269 6.48853e-16
 8698.5426 6.19364e-16
 8701.5583 6.47943e-16
 8704.5740 6.73433e-16
 8707.5897 6.48038e-16
 8710.6054 6.63325e-16
 8713.6211 6.22081e-16
 8716.6368 5.55073e-16
 8719.6525 6.05507e-16
 8722.6682 6.15344e-16
 8725.6839 6.15094e-16
 8728.6996 6.24547e-16
 8731.7153 6.18300e-16
 8734.7310 5.47485e-16
 8737.7467 5.72663e-16
 8740.7624 5.82730e-16
 8743.7781 5.72107e-16
 8746.7938 6.06104e-16
 8749.8095 6.10191e-16
 8752.8252 6.36144e-16
 8755.8409 5.85321e-16
 8758.8566 6.11485e-16
 8761.8723 5.85983e-16
 8764.8880 5.95817e-16
 8767.9037 5.91866e-16
 8770.9194 5.51450e-16
 8773.9351 5.69924e-16
 8776.9508 5.88202e-16
 8779.9665 6.54109e-16
 8782.9822 6.04896e-16
 8785.9979 5.70401e-16
 8789.0136 5.91753e-16
 8792.0293 5.65709e-16
 8795.0450 6.01679e-16
 8798.0607 5.37948e-16
 8801.0764 5.11328e-16
 8804.0921 5.92465e-16
 8807.1078 5.59221e-16
 8810.1235 4.66702e-16
 8813.1392 4.90980e-16
 8816.1549 5.47585e-16
 8819.1706 5.29071e-16
 8822.1863 5.01550e-16
 8825.2020 5.30587e-16
 8828.2177 4.56439e-16
 8831.2334 4.63250e-16
 8834.2491 5.11746e-16
 8837.2648 5.67498e-16
 8840.2805 5.61086e-16
 8843.2962 5.12249e-16
 8846.3119 5.00549e-16
 8849.3276 4.88609e-16
 8852.3433 4.87424e-16
 8855.3590 5.19915e-16
 8858.3747 4.83885e-16
 8861.3904 4.33970e-16
 8864.4061 4.98589e-16
 8867.4218 4.57759e-16
 8870.4375 4.51718e-16
 8873.4532 5.17030e-16
 8876.4689 4.63470e-16
 8879.4846 5.36656e-16
 8882.5003 5.17477e-16
 8885.5160 4.90190e-16
 8888.5317 5.13605e-16
 8891.5474 4.78911e-16
 8894.5631 4.44111e-16
 8897.5788 5.05008e-16
 8900.5945 4.63695e-16
 8903.6101 4.30006e-16
 8906.6258 4.32907e-16
 8909.6415 4.15968e-16
 8912.6573 3.95641e-16
 8915.6730 4.41024e-16
 8918.6887 5.00346e-16
 8921.7044 4.28527e-16
 8924.7200 4.04798e-16
 8927.7357 4.83711e-16
 8930.7514 5.29867e-16
 8933.7671 4.61767e-16
 8936.7828 4.49110e-16
 8939.7985 4.35286e-16
 8942.8142 4.50079e-16
 8945.8299 4.19621e-16
 8948.8456 4.37185e-16
 8951.8613 4.56771e-16
 8954.8770 4.20183e-16
 8957.8927 4.48639e-16
 8960.9084 4.37271e-16
 8963.9241 3.71816e-16
 8966.9398 4.24757e-16
 8969.9555 4.40568e-16
 8972.9712 3.91886e-16
 8975.9869 3.85160e-16
 8979.0026 3.65692e-16
 8982.0183 3.58623e-16
 8985.0340 3.73345e-16
 8988.0497 4.01829e-16
 8991.0654 4.05783e-16
 8994.0811 3.83778e-16
 8997.0968 3.48482e-16
 9000.1125 3.71146e-16
 9003.1282 4.31756e-16
 9006.1439 3.96106e-16
 9009.1596 3.46039e-16
 9012.1753 3.92595e-16
 9015.1910 3.39948e-16
 9018.2067 3.19465e-16
 9021.2224 3.52780e-16
 9024.2381 4.05956e-16
 9027.2538 4.24446e-16
 9030.2695 3.31288e-16
 9033.2852 3.93738e-16
 9036.3009 3.81605e-16
 9039.3166 3.75965e-16
 9042.3323 3.64000e-16
 9045.3480 3.90511e-16
 9048.3637 3.77540e-16
 9051.3794 3.34281e-16
 9054.3951 2.81881e-16
 9057.4108 3.30845e-16
 9060.4265 4.13594e-16
 9063.4422 3.82823e-16
 9066.4579 3.34979e-16
 9069.4736 3.35888e-16
 9072.4893 3.38726e-16
 9075.5050 3.00920e-16
 9078.5207 3.89615e-16
 9081.5364 3.61728e-16
 9084.5521 3.53014e-16
 9087.5678 3.15040e-16
 9090.5835 3.24708e-16
 9093.5992 3.13379e-16
 9096.6149 3.09621e-16
 9099.6306 3.44813e-16
 9102.6463 3.88229e-16
 9105.6620 3.50051e-16
 9108.6777 3.77191e-16
 9111.6934 3.96920e-16
 9114.7091 3.43296e-16
 9117.7248 3.10620e-16
 9120.7405 2.54231e-16
 9123.7562 3.06716e-16
 9126.7719 2.52446e-16
 9129.7876 2.73742e-16
 9132.8032 2.79553e-16
 9135.8189 2.88960e-16
 9138.8346 2.99898e-16
 9141.8503 2.82314e-16
 9144.8660 3.50814e-16
 9147.8817 3.37046e-16
 9150.8974 3.78465e-16
 9153.9131 2.54272e-16
 9156.9288 3.02387e-16
