#Object:               SN2006gj
#FITS_file:            SN06gj_b01_DUP_WF_25sep06.fits
#Redshift:             0.02835
#JDate_of_max:         2453999.63
#JDate_of_observation: 2454003.85
#Epoch:                4.10      
#
 3695.2292 2.30201e-16
 3698.1868 2.49854e-16
 3701.1443 2.74727e-16
 3704.1019 2.44652e-16
 3707.0594 2.37760e-16
 3710.0170 2.29988e-16
 3712.9745 2.70481e-16
 3715.9321 2.39483e-16
 3718.8896 2.73070e-16
 3721.8472 2.22371e-16
 3724.8047 2.12297e-16
 3727.7623 2.70513e-16
 3730.7199 2.58478e-16
 3733.6774 2.18014e-16
 3736.6350 2.58498e-16
 3739.5925 2.55023e-16
 3742.5501 2.48889e-16
 3745.5076 2.96934e-16
 3748.4652 2.30148e-16
 3751.4227 2.49562e-16
 3754.3803 2.82027e-16
 3757.3378 2.74870e-16
 3760.2954 2.15550e-16
 3763.2530 2.14389e-16
 3766.2105 1.98789e-16
 3769.1681 1.87119e-16
 3772.1256 1.83473e-16
 3775.0832 2.21404e-16
 3778.0407 2.41122e-16
 3780.9983 2.24554e-16
 3783.9558 2.37713e-16
 3786.9134 2.05457e-16
 3789.8710 2.13744e-16
 3792.8285 1.91482e-16
 3795.7861 1.84088e-16
 3798.7436 2.10353e-16
 3801.7012 1.88727e-16
 3804.6587 1.64529e-16
 3807.6163 1.60726e-16
 3810.5738 1.25188e-16
 3813.5314 1.76812e-16
 3816.4889 1.78899e-16
 3819.4465 1.84016e-16
 3822.4041 1.85613e-16
 3825.3616 1.71207e-16
 3828.3192 1.90938e-16
 3831.2767 2.20775e-16
 3834.2343 2.29750e-16
 3837.1918 2.67770e-16
 3840.1494 2.97714e-16
 3843.1069 2.67470e-16
 3846.0645 2.64233e-16
 3849.0220 3.10522e-16
 3851.9796 3.65287e-16
 3854.9372 3.67605e-16
 3857.8947 3.23198e-16
 3860.8523 3.21544e-16
 3863.8098 3.40611e-16
 3866.7674 3.48581e-16
 3869.7249 4.20103e-16
 3872.6825 3.83524e-16
 3875.6400 3.76668e-16
 3878.5976 4.07721e-16
 3881.5551 4.44127e-16
 3884.5127 4.40263e-16
 3887.4702 4.52156e-16
 3890.4278 4.55525e-16
 3893.3854 4.77026e-16
 3896.3429 4.77281e-16
 3899.3005 5.19318e-16
 3902.2580 5.27831e-16
 3905.2156 5.15203e-16
 3908.1731 5.34846e-16
 3911.1307 5.19584e-16
 3914.0882 5.32167e-16
 3917.0458 5.24556e-16
 3920.0033 5.35489e-16
 3922.9609 5.60731e-16
 3925.9185 5.13367e-16
 3928.8760 5.22648e-16
 3931.8336 5.61152e-16
 3934.7911 5.55995e-16
 3937.7487 5.50837e-16
 3940.7062 5.45680e-16
 3943.6638 5.40523e-16
 3946.6213 5.35366e-16
 3949.5789 5.30208e-16
 3952.5365 5.28182e-16
 3955.4940 5.26159e-16
 3958.4516 5.01526e-16
 3961.4091 5.19412e-16
 3964.3667 5.18343e-16
 3967.3242 4.99447e-16
 3970.2818 4.41731e-16
 3973.2393 4.02061e-16
 3976.1969 4.27140e-16
 3979.1544 4.41934e-16
 3982.1120 4.09567e-16
 3985.0696 4.18576e-16
 3988.0271 4.08847e-16
 3990.9847 4.10267e-16
 3993.9422 4.24628e-16
 3996.8998 4.14010e-16
 3999.8573 3.86663e-16
 4002.8149 3.69752e-16
 4005.7724 3.87514e-16
 4008.7300 3.94506e-16
 4011.6875 3.69094e-16
 4014.6451 3.58495e-16
 4017.6027 3.57650e-16
 4020.5602 3.92067e-16
 4023.5178 4.02017e-16
 4026.4753 3.83166e-16
 4029.4329 3.91092e-16
 4032.3904 3.83232e-16
 4035.3480 4.18853e-16
 4038.3055 3.89618e-16
 4041.2631 4.33577e-16
 4044.2206 4.30815e-16
 4047.1782 4.22326e-16
 4050.1358 4.85065e-16
 4053.0933 4.69764e-16
 4056.0509 4.70808e-16
 4059.0084 4.85876e-16
 4061.9660 4.75785e-16
 4064.9235 4.64148e-16
 4067.8811 4.76752e-16
 4070.8386 4.46370e-16
 4073.7962 5.08688e-16
 4076.7537 4.98740e-16
 4079.7113 4.86716e-16
 4082.6689 5.00776e-16
 4085.6264 4.90296e-16
 4088.5840 4.73606e-16
 4091.5415 4.66021e-16
 4094.4991 4.90034e-16
 4097.4566 4.81497e-16
 4100.4142 4.68246e-16
 4103.3717 4.80462e-16
 4106.3293 4.85985e-16
 4109.2869 4.79875e-16
 4112.2444 4.76296e-16
 4115.2020 4.77258e-16
 4118.1595 4.67614e-16
 4121.1171 4.63033e-16
 4124.0746 4.64210e-16
 4127.0322 4.54621e-16
 4129.9897 5.04633e-16
 4132.9473 4.82190e-16
 4135.9048 4.95315e-16
 4138.8624 4.47187e-16
 4141.8200 4.77288e-16
 4144.7775 4.87892e-16
 4147.7351 4.59429e-16
 4150.6926 4.48939e-16
 4153.6502 4.61997e-16
 4156.6077 4.74640e-16
 4159.5653 4.89145e-16
 4162.5228 5.11366e-16
 4165.4804 4.90186e-16
 4168.4379 5.40030e-16
 4171.3955 5.33037e-16
 4174.3531 5.02318e-16
 4177.3106 4.84630e-16
 4180.2682 4.81888e-16
 4183.2257 4.71231e-16
 4186.1833 5.02336e-16
 4189.1408 5.20453e-16
 4192.0984 5.17188e-16
 4195.0559 5.34306e-16
 4198.0135 5.20103e-16
 4200.9710 4.77682e-16
 4203.9286 4.90254e-16
 4206.8862 4.79541e-16
 4209.8437 4.92242e-16
 4212.8013 5.01813e-16
 4215.7588 4.92965e-16
 4218.7164 4.99713e-16
 4221.6739 4.79556e-16
 4224.6315 4.63928e-16
 4227.5890 4.60287e-16
 4230.5466 4.67570e-16
 4233.5041 4.75092e-16
 4236.4617 4.80957e-16
 4239.4193 4.52079e-16
 4242.3768 4.59407e-16
 4245.3344 4.76419e-16
 4248.2919 4.62170e-16
 4251.2495 4.14623e-16
 4254.2070 4.61276e-16
 4257.1646 4.68983e-16
 4260.1221 4.52222e-16
 4263.0797 4.70842e-16
 4266.0373 4.52410e-16
 4268.9948 4.49803e-16
 4271.9524 4.36917e-16
 4274.9099 4.09507e-16
 4277.8675 4.37546e-16
 4280.8250 4.08348e-16
 4283.7826 4.08737e-16
 4286.7401 3.85041e-16
 4289.6977 3.69156e-16
 4292.6552 3.47131e-16
 4295.6128 3.47318e-16
 4298.5704 3.21895e-16
 4301.5279 3.23294e-16
 4304.4855 3.22467e-16
 4307.4430 3.09332e-16
 4310.4006 3.06918e-16
 4313.3581 2.99587e-16
 4316.3157 2.99006e-16
 4319.2732 3.22334e-16
 4322.2308 3.43291e-16
 4325.1883 3.26494e-16
 4328.1459 3.11572e-16
 4331.1035 3.00767e-16
 4334.0610 3.26085e-16
 4337.0186 3.11965e-16
 4339.9761 3.19876e-16
 4342.9337 3.42574e-16
 4345.8912 3.25191e-16
 4348.8488 3.35469e-16
 4351.8063 3.20019e-16
 4354.7639 3.28530e-16
 4357.7214 3.49845e-16
 4360.6790 3.40523e-16
 4363.6366 3.25376e-16
 4366.5941 3.41912e-16
 4369.5517 3.41110e-16
 4372.5092 3.41143e-16
 4375.4668 3.39544e-16
 4378.4243 3.49472e-16
 4381.3819 3.55806e-16
 4384.3394 3.36924e-16
 4387.2970 3.29431e-16
 4390.2545 3.17528e-16
 4393.2121 3.43175e-16
 4396.1696 3.58346e-16
 4399.1272 3.58617e-16
 4402.0848 3.68119e-16
 4405.0423 3.51820e-16
 4407.9999 3.47770e-16
 4410.9574 3.52251e-16
 4413.9150 3.57182e-16
 4416.8725 3.51824e-16
 4419.8301 3.74756e-16
 4422.7876 3.70399e-16
 4425.7452 3.79276e-16
 4428.7028 3.84849e-16
 4431.6603 3.74056e-16
 4434.6179 3.75246e-16
 4437.5754 4.02820e-16
 4440.5330 3.72484e-16
 4443.4905 3.84237e-16
 4446.4481 3.97965e-16
 4449.4056 4.26104e-16
 4452.3632 3.93463e-16
 4455.3207 4.03560e-16
 4458.2783 4.20487e-16
 4461.2359 4.10968e-16
 4464.1934 4.16363e-16
 4467.1510 4.35909e-16
 4470.1085 4.45633e-16
 4473.0661 4.46141e-16
 4476.0236 4.26793e-16
 4478.9812 4.40822e-16
 4481.9387 4.57579e-16
 4484.8963 4.62172e-16
 4487.8538 4.84376e-16
 4490.8114 4.81097e-16
 4493.7690 4.74173e-16
 4496.7265 5.12947e-16
 4499.6841 5.06595e-16
 4502.6416 5.16136e-16
 4505.5992 5.37178e-16
 4508.5567 5.43849e-16
 4511.5143 5.53953e-16
 4514.4718 5.50513e-16
 4517.4294 5.60298e-16
 4520.3869 5.67017e-16
 4523.3445 5.76609e-16
 4526.3021 5.93353e-16
 4529.2596 5.79898e-16
 4532.2172 5.80737e-16
 4535.1747 6.05909e-16
 4538.1323 6.07883e-16
 4541.0898 5.98561e-16
 4544.0474 5.97616e-16
 4547.0049 5.98348e-16
 4549.9625 6.23066e-16
 4552.9200 6.16141e-16
 4555.8776 6.20334e-16
 4558.8352 6.24304e-16
 4561.7927 6.49678e-16
 4564.7503 6.18076e-16
 4567.7078 6.25659e-16
 4570.6654 6.40601e-16
 4573.6229 6.22180e-16
 4576.5805 6.33492e-16
 4579.5380 6.28018e-16
 4582.4956 6.15015e-16
 4585.4532 6.18093e-16
 4588.4107 6.07932e-16
 4591.3683 6.33203e-16
 4594.3258 6.19936e-16
 4597.2834 6.03898e-16
 4600.2409 6.19891e-16
 4603.1985 6.06230e-16
 4606.1560 6.12528e-16
 4609.1136 6.04768e-16
 4612.0711 6.13089e-16
 4615.0287 6.25546e-16
 4617.9863 6.07185e-16
 4620.9438 5.91462e-16
 4623.9014 6.01632e-16
 4626.8589 5.84749e-16
 4629.8165 5.81978e-16
 4632.7740 5.91632e-16
 4635.7316 5.93290e-16
 4638.6891 5.76419e-16
 4641.6467 5.77975e-16
 4644.6042 5.64239e-16
 4647.5618 5.53462e-16
 4650.5194 5.53320e-16
 4653.4769 5.29503e-16
 4656.4345 5.02251e-16
 4659.3920 5.16317e-16
 4662.3496 5.01715e-16
 4665.3071 4.91789e-16
 4668.2647 4.86755e-16
 4671.2222 4.52942e-16
 4674.1798 4.46856e-16
 4677.1373 4.65466e-16
 4680.0949 4.39691e-16
 4683.0525 4.26033e-16
 4686.0100 4.42266e-16
 4688.9676 4.21192e-16
 4691.9251 4.27537e-16
 4694.8827 4.51266e-16
 4697.8402 4.41624e-16
 4700.7978 4.51732e-16
 4703.7553 4.47851e-16
 4706.7129 4.46829e-16
 4709.6704 4.43680e-16
 4712.6280 4.36050e-16
 4715.5856 4.59780e-16
 4718.5431 4.71181e-16
 4721.5007 4.58553e-16
 4724.4582 4.36068e-16
 4727.4158 4.29973e-16
 4730.3733 4.27577e-16
 4733.3309 4.29929e-16
 4736.2884 4.37934e-16
 4739.2460 4.23293e-16
 4742.2036 4.01432e-16
 4745.1611 4.20135e-16
 4748.1187 3.92539e-16
 4751.0762 3.89859e-16
 4754.0338 3.88835e-16
 4756.9913 3.84972e-16
 4759.9489 3.95823e-16
 4762.9064 3.99644e-16
 4765.8640 3.96083e-16
 4768.8215 3.86676e-16
 4771.7791 3.95626e-16
 4774.7367 4.07075e-16
 4777.6942 3.99487e-16
 4780.6518 3.94238e-16
 4783.6093 3.98244e-16
 4786.5669 4.16545e-16
 4789.5244 4.05089e-16
 4792.4820 4.15099e-16
 4795.4395 4.12311e-16
 4798.3971 4.24025e-16
 4801.3546 4.11420e-16
 4804.3122 4.24115e-16
 4807.2698 4.40262e-16
 4810.2273 4.32753e-16
 4813.1849 4.16118e-16
 4816.1424 4.29530e-16
 4819.1000 4.53028e-16
 4822.0575 4.18514e-16
 4825.0151 4.13141e-16
 4827.9726 4.20085e-16
 4830.9302 3.88806e-16
 4833.8877 3.80515e-16
 4836.8453 3.89419e-16
 4839.8029 3.68460e-16
 4842.7604 3.59969e-16
 4845.7180 3.62250e-16
 4848.6755 3.25959e-16
 4851.6331 3.20572e-16
 4854.5906 3.23692e-16
 4857.5482 3.10593e-16
 4860.5057 3.14804e-16
 4863.4633 3.08929e-16
 4866.4208 3.00702e-16
 4869.3784 2.98845e-16
 4872.3360 3.00395e-16
 4875.2935 3.15391e-16
 4878.2511 3.01096e-16
 4881.2086 3.08385e-16
 4884.1662 2.91426e-16
 4887.1237 2.99635e-16
 4890.0813 3.14459e-16
 4893.0388 3.25086e-16
 4895.9964 3.26285e-16
 4898.9540 3.12367e-16
 4901.9115 3.22574e-16
 4904.8691 3.35196e-16
 4907.8266 3.47339e-16
 4910.7842 3.67344e-16
 4913.7417 3.66381e-16
 4916.6993 3.93535e-16
 4919.6568 4.05739e-16
 4922.6144 3.90903e-16
 4925.5719 4.03218e-16
 4928.5295 3.96193e-16
 4931.4871 4.07393e-16
 4934.4446 4.15550e-16
 4937.4022 4.11350e-16
 4940.3597 4.07429e-16
 4943.3173 4.07292e-16
 4946.2748 4.10175e-16
 4949.2324 4.31179e-16
 4952.1899 4.21739e-16
 4955.1475 4.21075e-16
 4958.1050 4.14520e-16
 4961.0626 3.89552e-16
 4964.0201 4.02330e-16
 4966.9777 4.02647e-16
 4969.9353 4.09856e-16
 4972.8928 4.12276e-16
 4975.8504 4.05972e-16
 4978.8079 4.04725e-16
 4981.7655 3.90885e-16
 4984.7230 3.86592e-16
 4987.6806 3.78218e-16
 4990.6381 3.85933e-16
 4993.5957 3.89107e-16
 4996.5532 3.95517e-16
 4999.5108 3.88038e-16
 5002.4684 3.69546e-16
 5005.4259 3.80824e-16
 5008.3835 3.91246e-16
 5011.3410 3.79425e-16
 5014.2986 3.68320e-16
 5017.2561 3.70031e-16
 5020.2137 3.91052e-16
 5023.1712 3.95969e-16
 5026.1288 3.85562e-16
 5029.0863 3.88713e-16
 5032.0439 3.90355e-16
 5035.0015 4.05796e-16
 5037.9590 4.04308e-16
 5040.9166 4.02232e-16
 5043.8741 4.04136e-16
 5046.8317 4.10777e-16
 5049.7892 4.04016e-16
 5052.7468 3.99239e-16
 5055.7043 3.98151e-16
 5058.6619 4.12584e-16
 5061.6195 4.08523e-16
 5064.5770 4.17872e-16
 5067.5346 4.18155e-16
 5070.4921 4.11503e-16
 5073.4497 4.17100e-16
 5076.4072 4.18401e-16
 5079.3648 4.26260e-16
 5082.3223 4.33814e-16
 5085.2799 4.26209e-16
 5088.2374 4.46540e-16
 5091.1950 4.26901e-16
 5094.1526 4.32419e-16
 5097.1101 4.46181e-16
 5100.0677 4.43503e-16
 5103.0252 4.42801e-16
 5105.9828 4.53075e-16
 5108.9403 4.64045e-16
 5111.8979 4.64138e-16
 5114.8554 4.62597e-16
 5117.8130 4.70115e-16
 5120.7705 4.64500e-16
 5123.7281 4.69445e-16
 5126.6857 4.67052e-16
 5129.6432 4.72003e-16
 5132.6008 4.73690e-16
 5135.5583 4.89484e-16
 5138.5159 4.95402e-16
 5141.4734 4.94211e-16
 5144.4310 4.87586e-16
 5147.3885 5.04558e-16
 5150.3461 5.12438e-16
 5153.3036 5.14425e-16
 5156.2612 4.96822e-16
 5159.2188 4.88590e-16
 5162.1763 5.06594e-16
 5165.1339 5.06287e-16
 5168.0914 4.77338e-16
 5171.0490 4.98180e-16
 5174.0065 5.00098e-16
 5176.9641 4.84280e-16
 5179.9216 4.87521e-16
 5182.8792 4.83171e-16
 5185.8367 4.92344e-16
 5188.7943 5.02410e-16
 5191.7519 4.99978e-16
 5194.7094 4.96684e-16
 5197.6670 5.03743e-16
 5200.6245 5.05922e-16
 5203.5821 5.14118e-16
 5206.5396 5.03479e-16
 5209.4972 5.11676e-16
 5212.4547 5.25672e-16
 5215.4123 5.07296e-16
 5218.3699 5.32960e-16
 5221.3274 5.48019e-16
 5224.2850 5.47423e-16
 5227.2425 5.40376e-16
 5230.2001 5.28550e-16
 5233.1576 5.47184e-16
 5236.1152 5.52191e-16
 5239.0727 5.51595e-16
 5242.0303 5.29481e-16
 5244.9878 5.19859e-16
 5247.9454 5.46824e-16
 5250.9030 5.35057e-16
 5253.8605 5.20207e-16
 5256.8181 5.19463e-16
 5259.7756 5.00944e-16
 5262.7332 4.84266e-16
 5265.6907 4.81002e-16
 5268.6483 4.83945e-16
 5271.6058 4.70133e-16
 5274.5634 4.43553e-16
 5277.5209 4.43360e-16
 5280.4785 4.44126e-16
 5283.4361 4.20119e-16
 5286.3936 4.27599e-16
 5289.3512 4.34596e-16
 5292.3087 4.31214e-16
 5295.2663 4.23495e-16
 5298.2238 3.90284e-16
 5301.1814 3.95303e-16
 5304.1389 3.86726e-16
 5307.0965 3.96435e-16
 5310.0540 4.18862e-16
 5313.0116 4.16369e-16
 5315.9692 4.23689e-16
 5318.9267 3.92871e-16
 5321.8843 3.90603e-16
 5324.8418 3.95702e-16
 5327.7994 4.06061e-16
 5330.7569 3.88465e-16
 5333.7145 4.15941e-16
 5336.6720 4.02328e-16
 5339.6296 4.11614e-16
 5342.5871 4.02638e-16
 5345.5447 4.12291e-16
 5348.5023 4.21871e-16
 5351.4598 3.99209e-16
 5354.4174 4.19016e-16
 5357.3749 4.04470e-16
 5360.3325 3.96152e-16
 5363.2900 3.90897e-16
 5366.2476 4.02265e-16
 5369.2051 4.34640e-16
 5372.1627 4.09538e-16
 5375.1202 4.05818e-16
 5378.0778 4.28091e-16
 5381.0354 4.09807e-16
 5383.9929 4.12315e-16
 5386.9505 4.18678e-16
 5389.9080 4.17302e-16
 5392.8656 4.25038e-16
 5395.8231 4.41370e-16
 5398.7807 4.25665e-16
 5401.7382 4.30499e-16
 5404.6958 4.32555e-16
 5407.6534 4.19390e-16
 5410.6109 4.14598e-16
 5413.5685 4.12158e-16
 5416.5260 4.07158e-16
 5419.4836 3.99120e-16
 5422.4411 4.41722e-16
 5425.3987 4.36878e-16
 5428.3562 3.78853e-16
 5431.3138 3.78056e-16
 5434.2713 3.96766e-16
 5437.2289 4.02761e-16
 5440.1865 3.94573e-16
 5443.1440 3.97544e-16
 5446.1016 3.88604e-16
 5449.0591 3.65462e-16
 5452.0167 3.60080e-16
 5454.9742 3.60088e-16
 5457.9318 3.76268e-16
 5460.8893 3.40775e-16
 5463.8469 3.40952e-16
 5466.8044 3.46493e-16
 5469.7620 3.48985e-16
 5472.7195 3.41516e-16
 5475.6771 3.39653e-16
 5478.6347 3.38206e-16
 5481.5922 3.43347e-16
 5484.5498 3.45491e-16
 5487.5073 3.34420e-16
 5490.4649 3.36846e-16
 5493.4224 3.34140e-16
 5496.3800 3.25584e-16
 5499.3375 3.43116e-16
 5502.2951 3.36960e-16
 5505.2526 3.49587e-16
 5508.2102 3.40690e-16
 5511.1678 3.40344e-16
 5514.1253 3.59358e-16
 5517.0829 3.66335e-16
 5520.0404 3.66973e-16
 5522.9980 3.85632e-16
 5525.9555 3.90492e-16
 5528.9131 3.83874e-16
 5531.8706 3.88863e-16
 5534.8282 3.90985e-16
 5537.7858 4.31632e-16
 5540.7433 4.21379e-16
 5543.7009 4.22595e-16
 5546.6584 4.52931e-16
 5549.6160 4.82238e-16
 5552.5735 4.64021e-16
 5555.5311 4.69722e-16
 5558.4886 4.74758e-16
 5561.4462 4.57424e-16
 5564.4037 4.91483e-16
 5567.3613 4.79063e-16
 5570.3189 5.18035e-16
 5573.2764 5.02587e-16
 5576.2340 5.17489e-16
 5579.1915 5.24239e-16
 5582.1491 5.10386e-16
 5585.1066 5.22208e-16
 5588.0642 5.35493e-16
 5591.0217 5.43271e-16
 5593.9793 5.32610e-16
 5596.9368 5.37808e-16
 5599.8944 5.32752e-16
 5602.8520 5.23519e-16
 5605.8095 5.12103e-16
 5608.7671 5.31744e-16
 5611.7246 5.24952e-16
 5614.6822 5.23509e-16
 5617.6397 5.26616e-16
 5620.5973 5.16877e-16
 5623.5548 5.20192e-16
 5626.5124 5.31953e-16
 5629.4699 5.34674e-16
 5632.4275 5.13344e-16
 5635.3851 4.87962e-16
 5638.3426 5.06028e-16
 5641.3002 4.92717e-16
 5644.2577 5.21251e-16
 5647.2153 5.36526e-16
 5650.1728 5.25066e-16
 5653.1304 5.21600e-16
 5656.0879 5.22678e-16
 5659.0455 5.04498e-16
 5662.0030 4.88623e-16
 5664.9606 4.76216e-16
 5667.9182 4.98158e-16
 5670.8757 5.02528e-16
 5673.8333 5.09902e-16
 5676.7908 5.17208e-16
 5679.7484 5.01817e-16
 5682.7059 4.81538e-16
 5685.6635 5.01841e-16
 5688.6210 4.94229e-16
 5691.5786 4.80111e-16
 5694.5361 4.78613e-16
 5697.4937 4.89113e-16
 5700.4513 4.91995e-16
 5703.4088 4.88908e-16
 5706.3664 4.87903e-16
 5709.3239 4.81784e-16
 5712.2815 4.62918e-16
 5715.2390 4.64429e-16
 5718.1966 4.71355e-16
 5721.1541 4.58848e-16
 5724.1117 4.50853e-16
 5727.0693 4.43972e-16
 5730.0268 4.27884e-16
 5732.9844 4.09572e-16
 5735.9419 3.96602e-16
 5738.8995 3.89208e-16
 5741.8570 3.77492e-16
 5744.8146 3.79772e-16
 5747.7721 3.64101e-16
 5750.7297 3.75783e-16
 5753.6872 3.58736e-16
 5756.6448 3.53422e-16
 5759.6024 3.70955e-16
 5762.5599 3.57254e-16
 5765.5175 3.41393e-16
 5768.4750 3.51744e-16
 5771.4326 3.54582e-16
 5774.3901 3.52187e-16
 5777.3477 3.52876e-16
 5780.3052 3.48178e-16
 5783.2628 3.44727e-16
 5786.2203 3.35087e-16
 5789.1779 3.39790e-16
 5792.1355 3.50380e-16
 5795.0930 3.60611e-16
 5798.0506 3.63853e-16
 5801.0081 3.59020e-16
 5803.9657 3.84214e-16
 5806.9232 3.81130e-16
 5809.8808 3.83519e-16
 5812.8383 3.88371e-16
 5815.7959 3.90161e-16
 5818.7534 3.75345e-16
 5821.7110 3.94594e-16
 5824.6686 4.11328e-16
 5827.6261 4.09087e-16
 5830.5837 4.11189e-16
 5833.5412 4.46382e-16
 5836.4988 4.62464e-16
 5839.4563 4.40813e-16
 5842.4139 4.54477e-16
 5845.3714 4.62883e-16
 5848.3290 4.73253e-16
 5851.2865 4.48204e-16
 5854.2441 4.55807e-16
 5857.2017 4.54166e-16
 5860.1592 4.62690e-16
 5863.1168 4.71777e-16
 5866.0743 4.81858e-16
 5869.0319 4.92453e-16
 5871.9894 4.99294e-16
 5874.9470 5.00124e-16
 5877.9045 5.19946e-16
 5880.8621 5.11404e-16
 5883.8197 5.01531e-16
 5886.7772 4.94891e-16
 5889.7348 5.01380e-16
 5892.6923 5.04221e-16
 5895.6499 4.64296e-16
 5898.6074 4.70013e-16
 5901.5650 4.71530e-16
 5904.5225 4.78839e-16
 5907.4801 4.98423e-16
 5910.4376 4.98070e-16
 5913.3952 5.19899e-16
 5916.3528 5.28880e-16
 5919.3103 5.24631e-16
 5922.2679 5.26777e-16
 5925.2254 5.32325e-16
 5928.1830 5.27055e-16
 5931.1405 5.07142e-16
 5934.0981 5.14749e-16
 5937.0556 4.94700e-16
 5940.0132 5.07869e-16
 5942.9707 5.18213e-16
 5945.9283 5.19833e-16
 5948.8859 5.32493e-16
 5951.8434 5.15665e-16
 5954.8010 5.06489e-16
 5957.7585 5.17299e-16
 5960.7161 5.28971e-16
 5963.6736 5.14025e-16
 5966.6312 4.86769e-16
 5969.5887 5.13310e-16
 5972.5463 5.01664e-16
 5975.5038 5.01838e-16
 5978.4614 5.27296e-16
 5981.4189 5.16720e-16
 5984.3765 5.31897e-16
 5987.3341 5.20644e-16
 5990.2916 4.85713e-16
 5993.2492 5.04627e-16
 5996.2067 4.98961e-16
 5999.1643 5.03867e-16
 6002.1218 5.10817e-16
 6005.0794 4.86916e-16
 6008.0369 4.69298e-16
 6010.9945 4.92337e-16
 6013.9520 5.19501e-16
 6016.9096 5.28126e-16
 6019.8672 5.01897e-16
 6022.8247 5.01582e-16
 6025.7823 5.00159e-16
 6028.7398 4.77696e-16
 6031.6974 4.76640e-16
 6034.6549 4.89337e-16
 6037.6125 4.76410e-16
 6040.5700 4.66966e-16
 6043.5276 4.84298e-16
 6046.4852 4.68449e-16
 6049.4427 4.38004e-16
 6052.4003 4.07741e-16
 6055.3578 4.05573e-16
 6058.3154 4.03134e-16
 6061.2729 3.94245e-16
 6064.2305 3.67516e-16
 6067.1880 3.44169e-16
 6070.1456 3.41878e-16
 6073.1031 3.01729e-16
 6076.0607 2.97832e-16
 6079.0183 2.94777e-16
 6081.9758 2.59646e-16
 6084.9334 2.31822e-16
 6087.8909 2.42209e-16
 6090.8485 2.40853e-16
 6093.8060 2.26265e-16
 6096.7636 2.14548e-16
 6099.7211 2.18346e-16
 6102.6787 2.16750e-16
 6105.6362 2.14276e-16
 6108.5938 2.14748e-16
 6111.5514 2.03532e-16
 6114.5089 1.81890e-16
 6117.4665 1.91220e-16
 6120.4240 1.91854e-16
 6123.3816 1.90300e-16
 6126.3391 1.91013e-16
 6129.2967 1.86159e-16
 6132.2542 1.90710e-16
 6135.2118 1.71942e-16
 6138.1693 1.72928e-16
 6141.1269 1.81709e-16
 6144.0845 1.94418e-16
 6147.0420 1.92560e-16
 6149.9996 1.67135e-16
 6152.9571 1.87688e-16
 6155.9147 1.92116e-16
 6158.8722 2.02386e-16
 6161.8298 2.00377e-16
 6164.7873 2.01757e-16
 6167.7449 1.91764e-16
 6170.7024 1.96539e-16
 6173.6600 2.08537e-16
 6176.6176 2.12327e-16
 6179.5751 2.21737e-16
 6182.5327 2.13857e-16
 6185.4902 2.31934e-16
 6188.4478 2.49735e-16
 6191.4053 2.42559e-16
 6194.3629 2.54354e-16
 6197.3204 2.47757e-16
 6200.2780 2.57826e-16
 6203.2356 2.73153e-16
 6206.1931 2.64890e-16
 6209.1507 2.74724e-16
 6212.1082 2.93217e-16
 6215.0658 2.98258e-16
 6218.0233 2.93055e-16
 6220.9809 2.93942e-16
 6223.9384 2.98213e-16
 6226.8960 3.12912e-16
 6229.8535 3.43788e-16
 6232.8111 3.46963e-16
 6235.7687 3.38408e-16
 6238.7262 3.40542e-16
 6241.6838 3.53140e-16
 6244.6413 3.58427e-16
 6247.5989 3.68044e-16
 6250.5564 3.89922e-16
 6253.5140 4.03297e-16
 6256.4715 4.10070e-16
 6259.4291 4.22097e-16
 6262.3866 4.10568e-16
 6265.3442 4.07577e-16
 6268.3018 4.09220e-16
 6271.2593 4.29994e-16
 6274.2169 4.31326e-16
 6277.1744 4.36413e-16
 6280.1320 4.36704e-16
 6283.0895 4.75499e-16
 6286.0471 4.66704e-16
 6289.0046 4.26561e-16
 6291.9622 4.65334e-16
 6294.9197 4.70117e-16
 6297.8773 4.88946e-16
 6300.8349 4.73517e-16
 6303.7924 4.89673e-16
 6306.7500 4.99904e-16
 6309.7075 4.81364e-16
 6312.6651 4.87801e-16
 6315.6226 4.83835e-16
 6318.5802 4.70676e-16
 6321.5377 5.07901e-16
 6324.4953 5.23739e-16
 6327.4528 5.10662e-16
 6330.4104 5.11001e-16
 6333.3680 5.00972e-16
 6336.3255 5.05017e-16
 6339.2831 4.91426e-16
 6342.2406 5.03096e-16
 6345.1982 4.88690e-16
 6348.1557 4.74093e-16
 6351.1133 4.92796e-16
 6354.0708 5.12554e-16
 6357.0284 4.81974e-16
 6359.9860 4.97897e-16
 6362.9435 5.28855e-16
 6365.9011 5.10399e-16
 6368.8586 5.03809e-16
 6371.8162 4.93997e-16
 6374.7737 5.14422e-16
 6377.7313 5.17750e-16
 6380.6888 5.03772e-16
 6383.6464 4.83000e-16
 6386.6039 4.91360e-16
 6389.5615 5.05878e-16
 6392.5191 5.06110e-16
 6395.4766 5.01208e-16
 6398.4342 4.98262e-16
 6401.3917 4.77185e-16
 6404.3493 4.88603e-16
 6407.3068 4.94208e-16
 6410.2644 4.88370e-16
 6413.2219 4.81498e-16
 6416.1795 4.77597e-16
 6419.1370 4.98535e-16
 6422.0946 4.82734e-16
 6425.0522 4.99411e-16
 6428.0097 4.88452e-16
 6430.9673 4.82789e-16
 6433.9248 5.04607e-16
 6436.8824 4.98158e-16
 6439.8399 4.68278e-16
 6442.7975 4.67134e-16
 6445.7550 4.60315e-16
 6448.7126 4.59069e-16
 6451.6701 4.74631e-16
 6454.6277 4.90171e-16
 6457.5853 4.69034e-16
 6460.5428 4.45838e-16
 6463.5004 4.57570e-16
 6466.4579 4.67259e-16
 6469.4155 4.69825e-16
 6472.3730 4.43967e-16
 6475.3306 4.57726e-16
 6478.2881 4.65191e-16
 6481.2457 4.50730e-16
 6484.2032 4.59875e-16
 6487.1608 4.38643e-16
 6490.1184 4.52470e-16
 6493.0759 4.50929e-16
 6496.0335 4.55350e-16
 6498.9910 4.68693e-16
 6501.9486 4.59905e-16
 6504.9061 4.57168e-16
 6507.8637 4.42030e-16
 6510.8212 4.47062e-16
 6513.7788 4.45996e-16
 6516.7364 4.23672e-16
 6519.6939 4.20821e-16
 6522.6515 4.23217e-16
 6525.6090 4.12763e-16
 6528.5666 4.27148e-16
 6531.5241 4.17749e-16
 6534.4817 4.08678e-16
 6537.4392 4.16730e-16
 6540.3968 4.18149e-16
 6543.3543 4.22270e-16
 6546.3119 4.16787e-16
 6549.2694 4.01158e-16
 6552.2270 3.86251e-16
 6555.1846 3.91637e-16
 6558.1421 3.99022e-16
 6561.0997 4.09866e-16
 6564.0572 3.94096e-16
 6567.0148 4.21074e-16
 6569.9723 4.24742e-16
 6572.9299 3.86605e-16
 6575.8874 3.98606e-16
 6578.8450 3.82763e-16
 6581.8025 3.79371e-16
 6584.7601 3.89214e-16
 6587.7177 3.81652e-16
 6590.6752 3.83606e-16
 6593.6328 3.82492e-16
 6596.5903 3.62796e-16
 6599.5479 3.61999e-16
 6602.5054 3.84547e-16
 6605.4630 3.89116e-16
 6608.4205 3.86422e-16
 6611.3781 3.81235e-16
 6614.3356 3.69379e-16
 6617.2932 3.67615e-16
 6620.2508 3.49408e-16
 6623.2083 3.58285e-16
 6626.1659 3.56415e-16
 6629.1234 3.41099e-16
 6632.0810 3.61035e-16
 6635.0385 3.62534e-16
 6637.9961 3.86515e-16
 6640.9536 3.79183e-16
 6643.9112 3.53111e-16
 6646.8687 3.72594e-16
 6649.8263 3.65094e-16
 6652.7839 3.55012e-16
 6655.7414 3.34825e-16
 6658.6990 3.55823e-16
 6661.6565 3.55670e-16
 6664.6141 3.58904e-16
 6667.5716 3.55451e-16
 6670.5292 3.48478e-16
 6673.4867 3.39017e-16
 6676.4443 3.48643e-16
 6679.4019 3.27651e-16
 6682.3594 3.23885e-16
 6685.3170 3.43688e-16
 6688.2745 3.44420e-16
 6691.2321 3.31764e-16
 6694.1896 3.28798e-16
 6697.1472 3.28113e-16
 6700.1047 3.38951e-16
 6703.0623 3.21925e-16
 6706.0198 3.43624e-16
 6708.9774 3.42727e-16
 6711.9350 3.31665e-16
 6714.8925 3.35171e-16
 6717.8501 3.42773e-16
 6720.8076 3.52728e-16
 6723.7652 3.33835e-16
 6726.7227 3.25384e-16
 6729.6803 3.14697e-16
 6732.6378 3.23930e-16
 6735.5954 3.29782e-16
 6738.5529 3.29314e-16
 6741.5105 3.31914e-16
 6744.4681 3.23853e-16
 6747.4256 3.11425e-16
 6750.3832 3.05553e-16
 6753.3407 3.19760e-16
 6756.2983 2.95085e-16
 6759.2558 3.10991e-16
 6762.2134 3.18240e-16
 6765.1709 2.95253e-16
 6768.1285 2.90408e-16
 6771.0860 2.91906e-16
 6774.0436 3.00132e-16
 6777.0012 3.03263e-16
 6779.9587 3.03705e-16
 6782.9163 2.97632e-16
 6785.8738 2.91602e-16
 6788.8314 3.02487e-16
 6791.7889 3.02070e-16
 6794.7465 2.82396e-16
 6797.7040 2.81972e-16
 6800.6616 3.10244e-16
 6803.6191 3.05395e-16
 6806.5767 2.76214e-16
 6809.5343 2.61464e-16
 6812.4918 2.86551e-16
 6815.4494 2.85218e-16
 6818.4069 2.89642e-16
 6821.3645 2.91402e-16
 6824.3220 2.91611e-16
 6827.2796 2.89766e-16
 6830.2371 2.97109e-16
 6833.1947 2.76302e-16
 6836.1523 2.82670e-16
 6839.1098 2.99694e-16
 6842.0674 3.00839e-16
 6845.0249 2.88794e-16
 6847.9825 2.96258e-16
 6850.9400 2.92306e-16
 6853.8976 2.92624e-16
 6856.8551 2.94597e-16
 6859.8127 3.07405e-16
 6862.7702 3.01326e-16
 6865.7278 2.88208e-16
 6868.6854 2.78215e-16
 6871.6429 2.84781e-16
 6874.6005 2.79778e-16
 6877.5580 2.72527e-16
 6880.5156 2.84002e-16
 6883.4731 2.76312e-16
 6886.4307 2.94366e-16
 6889.3882 2.86238e-16
 6892.3458 2.73886e-16
 6895.3033 2.70199e-16
 6898.2609 2.81316e-16
 6901.2185 2.77525e-16
 6904.1760 2.86844e-16
 6907.1336 2.99673e-16
 6910.0911 2.74934e-16
 6913.0487 2.89156e-16
 6916.0062 2.79806e-16
 6918.9638 2.56221e-16
 6921.9213 2.70965e-16
 6924.8789 2.74375e-16
 6927.8364 2.71461e-16
 6930.7940 2.75996e-16
 6933.7516 2.76803e-16
 6936.7091 2.76889e-16
 6939.6667 2.67737e-16
 6942.6242 2.67181e-16
 6945.5818 2.49224e-16
 6948.5393 2.55091e-16
 6951.4969 2.63430e-16
 6954.4544 2.54643e-16
 6957.4120 2.80413e-16
 6960.3695 2.86870e-16
 6963.3271 2.94156e-16
 6966.2847 2.78257e-16
 6969.2422 2.52567e-16
 6972.1998 2.72847e-16
 6975.1573 2.46356e-16
 6978.1149 2.50810e-16
 6981.0724 2.56202e-16
 6984.0300 2.70866e-16
 6986.9875 2.55325e-16
 6989.9451 2.56161e-16
 6992.9027 2.65671e-16
 6995.8602 2.64038e-16
 6998.8178 2.62483e-16
 7001.7753 2.58564e-16
 7004.7329 2.71507e-16
 7007.6904 2.68738e-16
 7010.6480 2.64352e-16
 7013.6055 2.60145e-16
 7016.5631 2.46943e-16
 7019.5206 2.48729e-16
 7022.4782 2.57003e-16
 7025.4358 2.62391e-16
 7028.3933 2.36017e-16
 7031.3509 2.39718e-16
 7034.3084 2.41088e-16
 7037.2660 2.36104e-16
 7040.2235 2.54455e-16
 7043.1811 2.36823e-16
 7046.1386 2.63035e-16
 7049.0962 2.67312e-16
 7052.0537 2.70169e-16
 7055.0113 2.60109e-16
 7057.9688 2.59600e-16
 7060.9264 2.54932e-16
 7063.8840 2.53640e-16
 7066.8415 2.51815e-16
 7069.7991 2.35227e-16
 7072.7566 2.23146e-16
 7075.7142 2.40008e-16
 7078.6717 2.65769e-16
 7081.6293 2.54776e-16
 7084.5868 2.36885e-16
 7087.5444 2.29000e-16
 7090.5019 2.41654e-16
 7093.4595 2.58241e-16
 7096.4171 2.48556e-16
 7099.3746 2.36797e-16
 7102.3322 2.31309e-16
 7105.2897 2.62441e-16
 7108.2473 2.47665e-16
 7111.2048 2.36457e-16
 7114.1624 2.48217e-16
 7117.1199 2.52635e-16
 7120.0775 2.65162e-16
 7123.0350 2.60820e-16
 7125.9926 2.51529e-16
 7128.9502 2.16800e-16
 7131.9077 2.34647e-16
 7134.8653 2.46325e-16
 7137.8228 2.40418e-16
 7140.7804 2.52358e-16
 7143.7379 2.51467e-16
 7146.6955 2.48646e-16
 7149.6530 2.44679e-16
 7152.6106 2.48632e-16
 7155.5682 2.43733e-16
 7158.5257 2.29369e-16
 7161.4833 2.25991e-16
 7164.4408 2.30570e-16
 7167.3984 2.41558e-16
 7170.3559 2.29834e-16
 7173.3135 2.27493e-16
 7176.2710 2.26361e-16
 7179.2286 2.35786e-16
 7182.1861 2.37286e-16
 7185.1437 2.33153e-16
 7188.1013 2.36037e-16
 7191.0588 2.34102e-16
 7194.0164 2.26437e-16
 7196.9739 2.35327e-16
 7199.9315 2.18282e-16
 7202.8890 2.21203e-16
 7205.8466 2.40449e-16
 7208.8041 2.31341e-16
 7211.7617 2.29292e-16
 7214.7192 2.37738e-16
 7217.6768 2.30518e-16
 7220.6344 2.29224e-16
 7223.5919 2.31257e-16
 7226.5495 2.32902e-16
 7229.5070 2.32241e-16
 7232.4646 2.38996e-16
 7235.4221 2.32258e-16
 7238.3797 2.22156e-16
 7241.3372 2.45319e-16
 7244.2948 2.40422e-16
 7247.2523 2.13026e-16
 7250.2099 2.42254e-16
 7253.1675 2.46339e-16
 7256.1250 2.40663e-16
 7259.0826 2.19873e-16
 7262.0401 2.18624e-16
 7264.9977 2.30204e-16
 7267.9552 2.40208e-16
 7270.9128 2.34173e-16
 7273.8703 2.19469e-16
 7276.8279 2.31914e-16
 7279.7854 2.35773e-16
 7282.7430 2.27344e-16
 7285.7006 2.20736e-16
 7288.6581 2.16702e-16
 7291.6157 2.17357e-16
 7294.5732 2.19760e-16
 7297.5308 2.18944e-16
 7300.4883 2.22834e-16
 7303.4459 2.25713e-16
 7306.4034 2.12307e-16
 7309.3610 2.25438e-16
 7312.3186 2.20927e-16
 7315.2761 2.27238e-16
 7318.2337 2.23691e-16
 7321.1912 2.16715e-16
 7324.1488 2.16884e-16
 7327.1063 2.32800e-16
 7330.0639 2.15060e-16
 7333.0214 2.16838e-16
 7335.9790 2.18967e-16
 7338.9365 2.16935e-16
 7341.8941 2.20579e-16
 7344.8517 2.22012e-16
 7347.8092 2.14428e-16
 7350.7668 2.06931e-16
 7353.7243 2.01589e-16
 7356.6819 2.02291e-16
 7359.6394 2.08543e-16
 7362.5970 2.01926e-16
 7365.5545 2.00907e-16
 7368.5121 2.00278e-16
 7371.4696 1.95717e-16
 7374.4272 1.81768e-16
 7377.3848 1.97783e-16
 7380.3423 1.97457e-16
 7383.2999 1.86679e-16
 7386.2574 1.68044e-16
 7389.2150 1.81494e-16
 7392.1725 1.77637e-16
 7395.1301 1.59247e-16
 7398.0876 1.48701e-16
 7401.0452 1.66710e-16
 7404.0027 1.88216e-16
 7406.9603 1.93354e-16
 7409.9179 1.89715e-16
 7412.8754 1.53427e-16
 7415.8330 1.60221e-16
 7418.7905 1.56681e-16
 7421.7481 1.31940e-16
 7424.7056 1.50488e-16
 7427.6632 1.66579e-16
 7430.6207 1.56409e-16
 7433.5783 1.60453e-16
 7436.5358 1.63857e-16
 7439.4934 1.42252e-16
 7442.4510 1.32396e-16
 7445.4085 1.33866e-16
 7448.3661 1.21700e-16
 7451.3236 1.15630e-16
 7454.2812 1.33313e-16
 7457.2387 1.27383e-16
 7460.1963 1.27491e-16
 7463.1538 1.26218e-16
 7466.1114 1.11739e-16
 7469.0690 1.15440e-16
 7472.0265 1.23901e-16
 7474.9841 1.23832e-16
 7477.9416 1.30907e-16
 7480.8992 1.19361e-16
 7483.8567 1.08438e-16
 7486.8143 1.24785e-16
 7489.7718 1.40032e-16
 7492.7294 1.26061e-16
 7495.6869 1.26738e-16
 7498.6445 1.28640e-16
 7501.6021 1.55952e-16
 7504.5596 1.35954e-16
 7507.5172 1.36457e-16
 7510.4747 1.38866e-16
 7513.4323 1.35644e-16
 7516.3898 1.34991e-16
 7519.3474 1.43414e-16
 7522.3049 1.45743e-16
 7525.2625 1.40091e-16
 7528.2200 1.35543e-16
 7531.1776 1.45858e-16
 7534.1352 1.59635e-16
 7537.0927 1.39411e-16
 7540.0503 1.31605e-16
 7543.0078 1.61388e-16
 7545.9654 1.55109e-16
 7548.9229 1.55510e-16
 7551.8805 1.55341e-16
 7554.8380 1.50724e-16
 7557.7956 1.58682e-16
 7560.7531 1.53388e-16
 7563.7107 1.53494e-16
 7566.6683 1.50087e-16
 7569.6258 1.42629e-16
 7572.5834 1.53621e-16
 7575.5409 1.56253e-16
 7578.4985 1.64367e-16
 7581.4560 1.58170e-16
 7584.4136 1.50461e-16
 7587.3711 1.51015e-16
 7590.3287 1.62133e-16
 7593.2862 1.54665e-16
 7596.2438 1.75941e-16
 7599.2013 1.88166e-16
 7602.1589 1.70590e-16
 7605.1165 1.72431e-16
 7608.0740 1.84679e-16
 7611.0316 1.89878e-16
 7613.9891 1.92235e-16
 7616.9467 1.90330e-16
 7619.9042 1.95951e-16
 7622.8618 1.90196e-16
 7625.8193 1.99962e-16
 7628.7769 1.94320e-16
 7631.7345 1.75412e-16
 7634.6920 1.91335e-16
 7637.6496 2.05276e-16
 7640.6071 2.27109e-16
 7643.5647 2.04540e-16
 7646.5222 1.99393e-16
 7649.4798 2.09518e-16
 7652.4373 2.20953e-16
 7655.3949 2.11582e-16
 7658.3524 2.16587e-16
 7661.3100 2.30378e-16
 7664.2676 2.09159e-16
 7667.2251 1.96867e-16
 7670.1827 2.19464e-16
 7673.1402 2.20544e-16
 7676.0978 2.16048e-16
 7679.0553 2.13449e-16
 7682.0129 2.23659e-16
 7684.9704 2.18093e-16
 7687.9280 2.22083e-16
 7690.8855 2.51374e-16
 7693.8431 2.63505e-16
 7696.8007 2.19912e-16
 7699.7582 2.00080e-16
 7702.7158 2.24453e-16
 7705.6733 2.23678e-16
 7708.6309 2.19441e-16
 7711.5884 2.16800e-16
 7714.5460 2.20446e-16
 7717.5035 2.16518e-16
 7720.4611 2.24571e-16
 7723.4186 2.29364e-16
 7726.3762 2.14645e-16
 7729.3338 2.21744e-16
 7732.2913 2.40177e-16
 7735.2489 2.06108e-16
 7738.2064 2.33696e-16
 7741.1640 2.26585e-16
 7744.1215 2.36146e-16
 7747.0791 2.40327e-16
 7750.0366 2.30041e-16
 7752.9942 2.31407e-16
 7755.9517 2.37386e-16
 7758.9093 2.41966e-16
 7761.8669 2.15304e-16
 7764.8244 2.08177e-16
 7767.7820 2.30807e-16
 7770.7395 2.53303e-16
 7773.6971 2.73886e-16
 7776.6546 2.50977e-16
 7779.6122 2.30411e-16
 7782.5697 2.41802e-16
 7785.5273 2.25759e-16
 7788.4849 2.29251e-16
 7791.4424 2.32280e-16
 7794.4000 2.26168e-16
 7797.3575 2.52420e-16
 7800.3151 2.31183e-16
 7803.2726 2.13190e-16
 7806.2302 2.41249e-16
 7809.1877 2.39746e-16
 7812.1453 2.57768e-16
 7815.1028 2.65244e-16
 7818.0604 2.54255e-16
 7821.0180 2.39050e-16
 7823.9755 2.35675e-16
 7826.9331 2.30797e-16
 7829.8906 2.12730e-16
 7832.8482 2.19105e-16
 7835.8057 2.30741e-16
 7838.7633 2.42267e-16
 7841.7208 2.37827e-16
 7844.6784 2.44705e-16
 7847.6359 2.49435e-16
 7850.5935 2.79047e-16
 7853.5511 2.64710e-16
 7856.5086 2.37835e-16
 7859.4662 2.30906e-16
 7862.4237 2.44979e-16
 7865.3813 2.63276e-16
 7868.3388 2.44833e-16
 7871.2964 2.40429e-16
 7874.2539 2.24480e-16
 7877.2115 2.29331e-16
 7880.1690 2.37835e-16
 7883.1266 2.36432e-16
 7886.0842 2.50041e-16
 7889.0417 2.37107e-16
 7891.9993 2.24553e-16
 7894.9568 2.48470e-16
 7897.9144 2.46617e-16
 7900.8719 2.47154e-16
 7903.8295 2.67686e-16
 7906.7870 2.58451e-16
 7909.7446 2.51659e-16
 7912.7021 2.37633e-16
 7915.6597 2.17732e-16
 7918.6173 2.19999e-16
 7921.5748 2.36128e-16
 7924.5324 2.34437e-16
 7927.4899 2.22778e-16
 7930.4475 2.08372e-16
 7933.4050 2.35743e-16
 7936.3626 2.41282e-16
 7939.3201 2.52198e-16
 7942.2777 2.38068e-16
 7945.2353 2.44957e-16
 7948.1928 2.33217e-16
 7951.1504 2.35404e-16
 7954.1079 2.18366e-16
 7957.0655 2.13157e-16
 7960.0230 2.23439e-16
 7962.9806 2.49248e-16
 7965.9381 2.50196e-16
 7968.8957 2.17373e-16
 7971.8532 2.43773e-16
 7974.8108 2.39889e-16
 7977.7684 2.37193e-16
 7980.7259 2.24481e-16
 7983.6835 2.45222e-16
 7986.6410 2.41337e-16
 7989.5986 2.31911e-16
 7992.5561 2.47923e-16
 7995.5137 2.19814e-16
 7998.4712 2.26193e-16
 8001.4288 2.45895e-16
 8004.3863 2.24631e-16
 8007.3439 2.37692e-16
 8010.3015 2.17429e-16
 8013.2590 2.27295e-16
 8016.2166 2.27439e-16
 8019.1741 2.03953e-16
 8022.1317 2.17519e-16
 8025.0892 2.34405e-16
 8028.0468 2.11051e-16
 8031.0043 2.02273e-16
 8033.9619 2.19610e-16
 8036.9194 2.04446e-16
 8039.8770 2.26311e-16
 8042.8346 2.31122e-16
 8045.7921 2.08448e-16
 8048.7497 1.94268e-16
 8051.7072 2.02805e-16
 8054.6648 2.06633e-16
 8057.6223 2.10598e-16
 8060.5799 1.90275e-16
 8063.5374 1.87255e-16
 8066.4950 1.95959e-16
 8069.4525 2.28528e-16
 8072.4101 2.27605e-16
 8075.3677 1.96900e-16
 8078.3252 1.96888e-16
 8081.2828 1.91656e-16
 8084.2403 2.01806e-16
 8087.1979 2.07885e-16
 8090.1554 1.91283e-16
 8093.1130 1.80460e-16
 8096.0705 1.92497e-16
 8099.0281 1.76964e-16
 8101.9857 1.75032e-16
 8104.9432 1.43841e-16
 8107.9008 1.60336e-16
 8110.8583 1.48622e-16
 8113.8159 1.51551e-16
 8116.7734 1.51154e-16
 8119.7310 1.67650e-16
 8122.6885 1.75891e-16
 8125.6461 1.58048e-16
 8128.6036 1.54834e-16
 8131.5612 1.38202e-16
 8134.5187 1.36485e-16
 8137.4763 1.43161e-16
 8140.4339 1.32934e-16
 8143.3914 1.37937e-16
 8146.3490 1.47654e-16
 8149.3065 1.36870e-16
 8152.2641 1.32548e-16
 8155.2216 1.24476e-16
 8158.1792 1.23538e-16
 8161.1367 1.03573e-16
 8164.0943 1.25817e-16
 8167.0518 1.23555e-16
 8170.0094 8.86263e-17
 8172.9670 1.01114e-16
 8175.9245 1.28653e-16
 8178.8821 1.05848e-16
 8181.8396 1.23452e-16
 8184.7972 1.13363e-16
 8187.7547 1.09533e-16
 8190.7123 1.25874e-16
 8193.6698 1.18390e-16
 8196.6274 9.56703e-17
 8199.5849 9.76369e-17
 8202.5425 1.15790e-16
 8205.5001 1.03834e-16
 8208.4576 9.32814e-17
 8211.4152 9.58056e-17
 8214.3727 8.30471e-17
 8217.3303 8.77195e-17
 8220.2878 9.23905e-17
 8223.2454 9.70629e-17
 8226.2029 1.01734e-16
 8229.1605 1.06405e-16
 8232.1180 1.06514e-16
 8235.0756 1.10435e-16
 8238.0332 1.11920e-16
 8240.9907 1.24450e-16
 8243.9483 1.04601e-16
 8246.9058 1.11053e-16
 8249.8634 1.28303e-16
 8252.8209 1.16257e-16
 8255.7785 1.17283e-16
 8258.7360 1.18308e-16
 8261.6936 1.19335e-16
 8264.6512 1.18453e-16
 8267.6087 1.20766e-16
 8270.5663 1.05539e-16
 8273.5238 1.17708e-16
 8276.4814 9.94265e-17
 8279.4389 1.15471e-16
 8282.3965 1.19568e-16
 8285.3540 1.25308e-16
 8288.3116 1.40716e-16
 8291.2691 1.09502e-16
 8294.2267 1.05903e-16
 8297.1843 9.74344e-17
 8300.1418 1.15378e-16
 8303.0994 1.09847e-16
 8306.0569 1.05971e-16
 8309.0145 1.00316e-16
 8311.9720 8.53744e-17
 8314.9296 9.21473e-17
 8317.8871 1.10520e-16
 8320.8447 1.10201e-16
 8323.8022 1.06593e-16
 8326.7598 1.11869e-16
 8329.7174 1.28412e-16
 8332.6749 1.19483e-16
 8335.6325 1.26695e-16
 8338.5900 1.39457e-16
 8341.5476 1.06728e-16
 8344.5051 1.27795e-16
 8347.4627 1.22234e-16
 8350.4202 1.26297e-16
 8353.3778 1.18297e-16
 8356.3353 1.16886e-16
 8359.2929 1.26444e-16
 8362.2505 1.23190e-16
 8365.2080 1.36935e-16
 8368.1656 1.41721e-16
 8371.1231 1.25424e-16
 8374.0807 1.15296e-16
 8377.0382 1.34665e-16
 8379.9958 1.27022e-16
 8382.9533 1.40621e-16
 8385.9109 1.26026e-16
 8388.8684 1.01003e-16
 8391.8260 1.43116e-16
 8394.7836 1.45866e-16
 8397.7411 1.35920e-16
 8400.6987 1.50032e-16
 8403.6562 1.25429e-16
 8406.6138 1.43604e-16
 8409.5713 1.59617e-16
 8412.5289 1.25871e-16
 8415.4864 1.63243e-16
 8418.4440 1.22232e-16
 8421.4016 1.64122e-16
 8424.3591 1.59267e-16
 8427.3167 1.41774e-16
 8430.2742 1.72273e-16
 8433.2318 1.75761e-16
 8436.1893 1.44405e-16
 8439.1469 1.85278e-16
 8442.1044 1.67684e-16
 8445.0620 1.98861e-16
 8448.0195 1.87047e-16
 8450.9771 1.60694e-16
 8453.9347 1.85594e-16
 8456.8922 1.78514e-16
 8459.8498 1.74862e-16
 8462.8073 1.91673e-16
 8465.7649 2.04138e-16
 8468.7224 1.96650e-16
 8471.6800 2.08484e-16
 8474.6375 2.02516e-16
 8477.5951 1.91074e-16
 8480.5526 2.06944e-16
 8483.5102 2.17831e-16
 8486.4678 2.10177e-16
 8489.4253 2.17243e-16
 8492.3829 1.96783e-16
 8495.3404 2.18963e-16
 8498.2980 2.23199e-16
 8501.2555 1.97874e-16
 8504.2131 2.54196e-16
 8507.1706 2.56305e-16
 8510.1282 2.13691e-16
 8513.0857 2.27807e-16
 8516.0433 2.67496e-16
 8519.0009 2.28541e-16
 8521.9584 2.23488e-16
 8524.9160 2.37223e-16
 8527.8735 2.31405e-16
 8530.8311 2.17521e-16
 8533.7886 2.33101e-16
 8536.7462 2.46795e-16
 8539.7037 2.35316e-16
 8542.6613 1.81564e-16
 8545.6188 2.27441e-16
 8548.5764 2.66626e-16
 8551.5340 2.42742e-16
 8554.4915 2.43831e-16
 8557.4491 2.75806e-16
 8560.4066 2.51958e-16
 8563.3642 2.07552e-16
 8566.3217 2.40237e-16
 8569.2793 2.58449e-16
 8572.2368 2.19086e-16
 8575.1944 2.66976e-16
 8578.1519 2.57918e-16
 8581.1095 1.81267e-16
 8584.0671 2.05591e-16
 8587.0246 1.94764e-16
 8589.9822 2.78779e-16
 8592.9397 2.66223e-16
 8595.8973 2.46943e-16
 8598.8548 3.00634e-16
 8601.8124 2.68687e-16
 8604.7699 2.15017e-16
 8607.7275 2.26654e-16
 8610.6851 2.31537e-16
 8613.6426 2.72161e-16
 8616.6002 2.26850e-16
 8619.5577 1.84912e-16
 8622.5153 2.37123e-16
 8625.4728 2.30803e-16
 8628.4304 2.34442e-16
 8631.3879 2.37408e-16
 8634.3455 2.02022e-16
 8637.3030 2.19659e-16
 8640.2606 2.23484e-16
 8643.2182 2.05895e-16
 8646.1757 2.22572e-16
 8649.1333 1.88810e-16
 8652.0908 2.33781e-16
 8655.0484 2.43079e-16
 8658.0059 2.32948e-16
 8660.9635 2.46440e-16
 8663.9210 2.44465e-16
 8666.8786 2.56902e-16
 8669.8361 2.29669e-16
 8672.7937 2.48243e-16
 8675.7512 2.48541e-16
 8678.7088 2.02075e-16
 8681.6664 2.01048e-16
 8684.6239 1.94868e-16
 8687.5815 2.08596e-16
 8690.5390 2.64334e-16
 8693.4966 2.50316e-16
 8696.4541 2.13809e-16
 8699.4117 1.83621e-16
 8702.3692 2.26831e-16
 8705.3268 2.58636e-16
 8708.2843 2.55453e-16
 8711.2419 2.26686e-16
 8714.1995 1.94070e-16
 8717.1570 2.20987e-16
 8720.1146 2.32857e-16
 8723.0721 2.27417e-16
 8726.0297 2.74329e-16
 8728.9872 2.76832e-16
 8731.9448 2.42757e-16
 8734.9023 2.22906e-16
 8737.8599 2.11014e-16
 8740.8175 2.01484e-16
 8743.7750 2.03690e-16
 8746.7326 2.27602e-16
 8749.6901 2.10703e-16
 8752.6477 2.54346e-16
 8755.6052 2.53725e-16
 8758.5628 2.99434e-16
 8761.5203 2.34317e-16
 8764.4779 2.14648e-16
 8767.4354 2.30415e-16
 8770.3930 2.62691e-16
 8773.3506 2.16266e-16
 8776.3081 2.34951e-16
 8779.2657 2.47635e-16
 8782.2232 1.97805e-16
 8785.1808 2.36084e-16
 8788.1383 2.44498e-16
 8791.0959 2.64515e-16
 8794.0534 1.68937e-16
 8797.0110 1.76811e-16
 8799.9685 2.35518e-16
 8802.9261 2.13053e-16
 8805.8837 2.48715e-16
 8808.8412 1.71495e-16
 8811.7988 1.82212e-16
 8814.7563 2.09352e-16
 8817.7139 1.85726e-16
 8820.6714 1.61916e-16
 8823.6290 1.87973e-16
 8826.5865 1.76652e-16
 8829.5441 1.35495e-16
 8832.5016 1.38817e-16
 8835.4592 1.25785e-16
 8838.4168 1.33821e-16
 8841.3743 1.75271e-16
 8844.3319 1.63121e-16
 8847.2894 1.34178e-16
 8850.2470 1.63221e-16
 8853.2045 1.43417e-16
 8856.1621 1.17638e-16
 8859.1196 1.28056e-16
 8862.0772 1.39549e-16
 8865.0347 1.59779e-16
 8867.9923 1.31383e-16
 8870.9499 1.17708e-16
 8873.9074 1.62300e-16
 8876.8650 1.57656e-16
 8879.8225 1.26978e-16
 8882.7801 1.14228e-16
 8885.7376 1.24401e-16
 8888.6952 9.69474e-17
 8891.6527 1.31437e-16
 8894.6103 1.22842e-16
 8897.5678 1.24761e-16
 8900.5254 1.38313e-16
 8903.4830 1.30330e-16
 8906.4405 1.37431e-16
 8909.3981 1.40501e-16
 8912.3556 1.36284e-16
 8915.3132 1.14120e-16
 8918.2707 1.15230e-16
 8921.2283 1.38750e-16
 8924.1858 1.55152e-16
 8927.1434 1.13810e-16
 8930.1010 1.31458e-16
 8933.0585 1.14402e-16
 8936.0161 1.40437e-16
 8938.9736 1.33469e-16
 8941.9312 1.45502e-16
 8944.8887 1.11913e-16
 8947.8463 1.15089e-16
 8950.8038 1.28406e-16
 8953.7614 1.43690e-16
 8956.7189 1.50740e-16
 8959.6765 1.51470e-16
 8962.6341 2.00808e-16
 8965.5916 2.38890e-16
 8968.5492 1.26180e-16
 8971.5067 1.23012e-16
 8974.4643 1.51481e-16
 8977.4218 1.25925e-16
 8980.3794 1.09586e-16
