#Object:               SN2006ef
#FITS_file:            SN06ef_b01_DUP_WF_28sep06.fits
#Redshift:             0.01788
#JDate_of_max:         2453969.72
#JDate_of_observation: 2454006.64
#Epoch:                36.27     
#
 3733.2407 1.57574e-16
 3736.2287 1.65590e-16
 3739.2167 1.58228e-16
 3742.2046 1.57333e-16
 3745.1926 1.60082e-16
 3748.1806 1.25440e-16
 3751.1686 1.01155e-16
 3754.1565 1.31302e-16
 3757.1445 1.08284e-16
 3760.1325 1.05082e-16
 3763.1205 1.20853e-16
 3766.1085 8.94758e-17
 3769.0964 9.70767e-17
 3772.0844 8.36822e-17
 3775.0724 8.04606e-17
 3778.0604 8.37115e-17
 3781.0483 8.40000e-17
 3784.0363 8.28503e-17
 3787.0243 6.91836e-17
 3790.0123 6.54943e-17
 3793.0003 7.52867e-17
 3795.9882 9.27026e-17
 3798.9762 5.97645e-17
 3801.9642 5.88825e-17
 3804.9522 6.35461e-17
 3807.9401 6.26444e-17
 3810.9281 6.09248e-17
 3813.9161 5.63371e-17
 3816.9041 7.43057e-17
 3819.8921 8.17162e-17
 3822.8800 8.63798e-17
 3825.8680 8.57595e-17
 3828.8560 1.04668e-16
 3831.8440 9.33709e-17
 3834.8320 9.16678e-17
 3837.8199 1.10797e-16
 3840.8079 1.17713e-16
 3843.7959 1.14567e-16
 3846.7839 1.29985e-16
 3849.7718 1.36222e-16
 3852.7598 1.31008e-16
 3855.7478 1.33017e-16
 3858.7358 1.31464e-16
 3861.7238 1.41750e-16
 3864.7117 1.54457e-16
 3867.6997 1.77125e-16
 3870.6877 1.91203e-16
 3873.6757 1.68588e-16
 3876.6636 1.74184e-16
 3879.6516 1.76550e-16
 3882.6396 2.06567e-16
 3885.6276 2.22702e-16
 3888.6156 1.84567e-16
 3891.6035 2.17786e-16
 3894.5915 2.26316e-16
 3897.5795 2.28166e-16
 3900.5675 2.25091e-16
 3903.5554 2.25733e-16
 3906.5434 2.40774e-16
 3909.5314 2.33651e-16
 3912.5194 2.31946e-16
 3915.5074 2.35318e-16
 3918.4953 2.43120e-16
 3921.4833 2.58407e-16
 3924.4713 2.51610e-16
 3927.4593 2.60777e-16
 3930.4472 2.55696e-16
 3933.4352 2.51475e-16
 3936.4232 2.62507e-16
 3939.4112 2.73737e-16
 3942.3992 2.76826e-16
 3945.3871 2.96816e-16
 3948.3751 2.96825e-16
 3951.3631 2.90157e-16
 3954.3511 2.82314e-16
 3957.3390 3.11288e-16
 3960.3270 3.11727e-16
 3963.3150 2.80198e-16
 3966.3030 3.09789e-16
 3969.2910 2.92436e-16
 3972.2789 2.80676e-16
 3975.2669 2.89820e-16
 3978.2549 2.79690e-16
 3981.2429 2.59635e-16
 3984.2309 2.78577e-16
 3987.2188 2.59376e-16
 3990.2068 2.50201e-16
 3993.1948 2.60287e-16
 3996.1828 2.47883e-16
 3999.1707 2.29377e-16
 4002.1587 2.30071e-16
 4005.1467 2.24179e-16
 4008.1347 2.61119e-16
 4011.1227 3.04539e-16
 4014.1106 2.14085e-16
 4017.0986 2.01947e-16
 4020.0866 2.09337e-16
 4023.0746 1.92938e-16
 4026.0625 2.00204e-16
 4029.0505 1.97614e-16
 4032.0385 1.91295e-16
 4035.0265 1.75460e-16
 4038.0145 1.87347e-16
 4041.0024 1.81448e-16
 4043.9904 1.77479e-16
 4046.9784 1.72363e-16
 4049.9664 1.67315e-16
 4052.9543 1.62235e-16
 4055.9423 1.64359e-16
 4058.9303 1.56259e-16
 4061.9183 1.56176e-16
 4064.9063 1.75913e-16
 4067.8942 1.61056e-16
 4070.8822 1.57824e-16
 4073.8702 1.61951e-16
 4076.8582 1.58424e-16
 4079.8461 1.54566e-16
 4082.8341 1.60040e-16
 4085.8221 1.47238e-16
 4088.8101 1.38625e-16
 4091.7981 1.39925e-16
 4094.7860 1.50478e-16
 4097.7740 1.45514e-16
 4100.7620 1.51414e-16
 4103.7500 1.35236e-16
 4106.7379 1.50836e-16
 4109.7259 1.36805e-16
 4112.7139 1.30644e-16
 4115.7019 1.46832e-16
 4118.6899 1.50635e-16
 4121.6778 1.31792e-16
 4124.6658 1.32603e-16
 4127.6538 1.37496e-16
 4130.6418 1.39014e-16
 4133.6297 1.32444e-16
 4136.6177 1.39809e-16
 4139.6057 1.38877e-16
 4142.5937 1.38774e-16
 4145.5817 1.40109e-16
 4148.5696 1.48923e-16
 4151.5576 1.45467e-16
 4154.5456 1.35581e-16
 4157.5336 1.36223e-16
 4160.5216 1.38050e-16
 4163.5095 1.41616e-16
 4166.4975 1.39446e-16
 4169.4855 1.49705e-16
 4172.4735 1.46032e-16
 4175.4614 1.43388e-16
 4178.4494 1.50615e-16
 4181.4374 1.74323e-16
 4184.4254 1.75686e-16
 4187.4134 1.66208e-16
 4190.4013 1.48938e-16
 4193.3893 1.65380e-16
 4196.3773 1.63277e-16
 4199.3653 1.59305e-16
 4202.3532 1.55860e-16
 4205.3412 1.59218e-16
 4208.3292 1.69081e-16
 4211.3172 1.56796e-16
 4214.3052 1.68267e-16
 4217.2931 1.66504e-16
 4220.2811 1.61084e-16
 4223.2691 1.70822e-16
 4226.2571 1.66369e-16
 4229.2450 1.54304e-16
 4232.2330 1.59234e-16
 4235.2210 1.68755e-16
 4238.2090 1.66881e-16
 4241.1970 1.63583e-16
 4244.1849 1.55821e-16
 4247.1729 1.88349e-16
 4250.1609 1.87206e-16
 4253.1489 1.73483e-16
 4256.1368 1.64934e-16
 4259.1248 1.73038e-16
 4262.1128 1.81099e-16
 4265.1008 1.80540e-16
 4268.0888 1.81132e-16
 4271.0767 1.80798e-16
 4274.0647 1.84741e-16
 4277.0527 1.76406e-16
 4280.0407 1.73848e-16
 4283.0286 1.79824e-16
 4286.0166 1.87182e-16
 4289.0046 1.84665e-16
 4291.9926 1.84651e-16
 4294.9806 1.95650e-16
 4297.9685 1.98437e-16
 4300.9565 1.98185e-16
 4303.9445 1.90065e-16
 4306.9325 1.97431e-16
 4309.9205 1.92346e-16
 4312.9084 1.88483e-16
 4315.8964 1.93703e-16
 4318.8844 1.86357e-16
 4321.8724 1.95732e-16
 4324.8603 2.02034e-16
 4327.8483 1.96763e-16
 4330.8363 1.90242e-16
 4333.8243 1.90070e-16
 4336.8123 1.90743e-16
 4339.8002 1.78705e-16
 4342.7882 1.67932e-16
 4345.7762 1.74967e-16
 4348.7642 1.68929e-16
 4351.7521 1.53553e-16
 4354.7401 1.46299e-16
 4357.7281 1.45653e-16
 4360.7161 1.42839e-16
 4363.7041 1.32765e-16
 4366.6920 1.26924e-16
 4369.6800 1.23982e-16
 4372.6680 1.27566e-16
 4375.6560 1.19330e-16
 4378.6439 1.39331e-16
 4381.6319 1.26843e-16
 4384.6199 1.14256e-16
 4387.6079 1.20844e-16
 4390.5959 1.18453e-16
 4393.5838 1.11004e-16
 4396.5718 1.00477e-16
 4399.5598 1.03001e-16
 4402.5478 1.02076e-16
 4405.5357 9.95601e-17
 4408.5237 1.01350e-16
 4411.5117 9.84539e-17
 4414.4997 9.63047e-17
 4417.4877 9.83601e-17
 4420.4756 9.96783e-17
 4423.4636 9.76038e-17
 4426.4516 9.58881e-17
 4429.4396 9.34804e-17
 4432.4275 1.04152e-16
 4435.4155 1.01669e-16
 4438.4035 1.01040e-16
 4441.3915 1.07507e-16
 4444.3795 1.03297e-16
 4447.3674 1.01554e-16
 4450.3554 1.09251e-16
 4453.3434 1.16738e-16
 4456.3314 1.10823e-16
 4459.3193 1.16943e-16
 4462.3073 1.14616e-16
 4465.2953 1.20612e-16
 4468.2833 1.20906e-16
 4471.2713 1.26610e-16
 4474.2592 1.28352e-16
 4477.2472 1.27537e-16
 4480.2352 1.32617e-16
 4483.2232 1.33366e-16
 4486.2112 1.28559e-16
 4489.1991 1.32196e-16
 4492.1871 1.39942e-16
 4495.1751 1.40716e-16
 4498.1631 1.56015e-16
 4501.1510 1.42395e-16
 4504.1390 1.55087e-16
 4507.1270 1.62737e-16
 4510.1150 1.70637e-16
 4513.1030 1.76796e-16
 4516.0909 1.77795e-16
 4519.0789 1.87696e-16
 4522.0669 1.88495e-16
 4525.0549 1.98527e-16
 4528.0428 1.96037e-16
 4531.0308 2.06759e-16
 4534.0188 2.12215e-16
 4537.0068 2.14412e-16
 4539.9948 2.29862e-16
 4542.9827 2.41240e-16
 4545.9707 2.58698e-16
 4548.9587 2.56922e-16
 4551.9467 2.75408e-16
 4554.9346 2.78965e-16
 4557.9226 2.82234e-16
 4560.9106 3.00829e-16
 4563.8986 2.92357e-16
 4566.8866 3.02002e-16
 4569.8745 3.08093e-16
 4572.8625 3.14716e-16
 4575.8505 3.23013e-16
 4578.8385 3.31550e-16
 4581.8264 3.38612e-16
 4584.8144 3.35347e-16
 4587.8024 3.46149e-16
 4590.7904 3.61052e-16
 4593.7784 3.49444e-16
 4596.7663 3.57153e-16
 4599.7543 3.55709e-16
 4602.7423 3.62505e-16
 4605.7303 3.70088e-16
 4608.7182 3.67386e-16
 4611.7062 3.79885e-16
 4614.6942 3.75642e-16
 4617.6822 3.75388e-16
 4620.6702 3.77974e-16
 4623.6581 3.74277e-16
 4626.6461 3.80237e-16
 4629.6341 3.71440e-16
 4632.6221 3.68462e-16
 4635.6101 3.63048e-16
 4638.5980 3.54949e-16
 4641.5860 3.51170e-16
 4644.5740 3.49538e-16
 4647.5620 3.39424e-16
 4650.5499 3.23137e-16
 4653.5379 3.23511e-16
 4656.5259 3.03044e-16
 4659.5139 2.96366e-16
 4662.5019 2.97890e-16
 4665.4898 2.82075e-16
 4668.4778 2.64999e-16
 4671.4658 2.60881e-16
 4674.4538 2.52811e-16
 4677.4417 2.36338e-16
 4680.4297 2.21387e-16
 4683.4177 2.16547e-16
 4686.4057 2.07148e-16
 4689.3937 1.99527e-16
 4692.3816 1.88269e-16
 4695.3696 1.90747e-16
 4698.3576 1.88625e-16
 4701.3456 1.79563e-16
 4704.3335 1.69605e-16
 4707.3215 1.64635e-16
 4710.3095 1.57916e-16
 4713.2975 1.61823e-16
 4716.2855 1.56094e-16
 4719.2734 1.55309e-16
 4722.2614 1.33957e-16
 4725.2494 1.30340e-16
 4728.2374 1.37244e-16
 4731.2253 1.27026e-16
 4734.2133 1.23054e-16
 4737.2013 1.28426e-16
 4740.1893 1.27505e-16
 4743.1773 1.25929e-16
 4746.1652 1.23649e-16
 4749.1532 1.20122e-16
 4752.1412 1.20187e-16
 4755.1292 1.24239e-16
 4758.1171 1.28656e-16
 4761.1051 1.28040e-16
 4764.0931 1.27857e-16
 4767.0811 1.33073e-16
 4770.0691 1.37045e-16
 4773.0570 1.42715e-16
 4776.0450 1.50937e-16
 4779.0330 1.57113e-16
 4782.0210 1.48920e-16
 4785.0090 1.51928e-16
 4787.9969 1.61152e-16
 4790.9849 1.63500e-16
 4793.9729 1.71467e-16
 4796.9609 1.70417e-16
 4799.9488 1.76953e-16
 4802.9368 1.74091e-16
 4805.9248 1.74822e-16
 4808.9128 1.69338e-16
 4811.9008 1.66523e-16
 4814.8887 1.60765e-16
 4817.8767 1.65380e-16
 4820.8647 1.57663e-16
 4823.8527 1.56675e-16
 4826.8406 1.57223e-16
 4829.8286 1.65137e-16
 4832.8166 1.46063e-16
 4835.8046 1.50715e-16
 4838.7926 1.53329e-16
 4841.7805 1.59524e-16
 4844.7685 1.54214e-16
 4847.7565 1.54161e-16
 4850.7445 1.50461e-16
 4853.7324 1.58815e-16
 4856.7204 1.52266e-16
 4859.7084 1.46031e-16
 4862.6964 1.58082e-16
 4865.6844 1.54578e-16
 4868.6723 1.60349e-16
 4871.6603 1.68434e-16
 4874.6483 1.75247e-16
 4877.6363 1.82742e-16
 4880.6242 1.79857e-16
 4883.6122 1.92407e-16
 4886.6002 1.92192e-16
 4889.5882 2.06725e-16
 4892.5762 2.17775e-16
 4895.5641 2.26312e-16
 4898.5521 2.25044e-16
 4901.5401 2.38377e-16
 4904.5281 2.35187e-16
 4907.5160 2.40145e-16
 4910.5040 2.48569e-16
 4913.4920 2.58316e-16
 4916.4800 2.64825e-16
 4919.4680 2.69626e-16
 4922.4559 2.77676e-16
 4925.4439 2.86610e-16
 4928.4319 2.87188e-16
 4931.4199 2.88501e-16
 4934.4078 3.00931e-16
 4937.3958 2.99915e-16
 4940.3838 2.99194e-16
 4943.3718 2.99157e-16
 4946.3598 2.87151e-16
 4949.3477 2.78612e-16
 4952.3357 2.78135e-16
 4955.3237 2.58876e-16
 4958.3117 2.49999e-16
 4961.2997 2.54846e-16
 4964.2876 2.36584e-16
 4967.2756 2.25191e-16
 4970.2636 2.21540e-16
 4973.2516 2.18937e-16
 4976.2395 2.15697e-16
 4979.2275 2.05943e-16
 4982.2155 1.91826e-16
 4985.2035 1.90067e-16
 4988.1915 1.93630e-16
 4991.1794 1.76715e-16
 4994.1674 1.69857e-16
 4997.1554 1.83171e-16
 5000.1434 1.77891e-16
 5003.1313 1.70324e-16
 5006.1193 1.68643e-16
 5009.1073 1.67643e-16
 5012.0953 1.64505e-16
 5015.0833 1.58359e-16
 5018.0712 1.54165e-16
 5021.0592 1.55426e-16
 5024.0472 1.64952e-16
 5027.0352 1.55586e-16
 5030.0231 1.53002e-16
 5033.0111 1.52886e-16
 5035.9991 1.52755e-16
 5038.9871 1.44728e-16
 5041.9751 1.53385e-16
 5044.9630 1.54109e-16
 5047.9510 1.57861e-16
 5050.9390 1.56037e-16
 5053.9270 1.54797e-16
 5056.9149 1.50992e-16
 5059.9029 1.50689e-16
 5062.8909 1.45835e-16
 5065.8789 1.46303e-16
 5068.8669 1.48249e-16
 5071.8548 1.48591e-16
 5074.8428 1.52075e-16
 5077.8308 1.52989e-16
 5080.8188 1.41820e-16
 5083.8067 1.51837e-16
 5086.7947 1.48233e-16
 5089.7827 1.45986e-16
 5092.7707 1.43472e-16
 5095.7587 1.43308e-16
 5098.7466 1.49725e-16
 5101.7346 1.49959e-16
 5104.7226 1.47902e-16
 5107.7106 1.45451e-16
 5110.6986 1.37195e-16
 5113.6865 1.33438e-16
 5116.6745 1.42325e-16
 5119.6625 1.42011e-16
 5122.6505 1.45517e-16
 5125.6384 1.40606e-16
 5128.6264 1.39313e-16
 5131.6144 1.50997e-16
 5134.6024 1.50169e-16
 5137.5904 1.57822e-16
 5140.5783 1.47070e-16
 5143.5663 1.53648e-16
 5146.5543 1.55498e-16
 5149.5423 1.50132e-16
 5152.5302 1.48873e-16
 5155.5182 1.48186e-16
 5158.5062 1.55946e-16
 5161.4942 1.52347e-16
 5164.4822 1.52765e-16
 5167.4701 1.67231e-16
 5170.4581 1.66592e-16
 5173.4461 1.68690e-16
 5176.4341 1.72632e-16
 5179.4220 1.77401e-16
 5182.4100 1.78626e-16
 5185.3980 1.79414e-16
 5188.3860 1.82103e-16
 5191.3740 1.82717e-16
 5194.3619 1.90493e-16
 5197.3499 1.90447e-16
 5200.3379 1.89329e-16
 5203.3259 1.96799e-16
 5206.3138 1.97171e-16
 5209.3018 2.03608e-16
 5212.2898 2.05352e-16
 5215.2778 2.07824e-16
 5218.2658 2.18698e-16
 5221.2537 2.19535e-16
 5224.2417 2.17233e-16
 5227.2297 2.23511e-16
 5230.2177 2.32660e-16
 5233.2056 2.28038e-16
 5236.1936 2.41718e-16
 5239.1816 2.41371e-16
 5242.1696 2.40481e-16
 5245.1576 2.49368e-16
 5248.1455 2.53641e-16
 5251.1335 2.49548e-16
 5254.1215 2.54741e-16
 5257.1095 2.54000e-16
 5260.0974 2.54244e-16
 5263.0854 2.60957e-16
 5266.0734 2.65122e-16
 5269.0614 2.74706e-16
 5272.0494 2.71758e-16
 5275.0373 2.74781e-16
 5278.0253 2.74395e-16
 5281.0133 2.75252e-16
 5284.0013 2.82009e-16
 5286.9893 2.89423e-16
 5289.9772 2.95255e-16
 5292.9652 2.90151e-16
 5295.9532 2.94865e-16
 5298.9412 3.03000e-16
 5301.9291 3.04431e-16
 5304.9171 3.14599e-16
 5307.9051 3.04362e-16
 5310.8931 2.87622e-16
 5313.8811 3.04478e-16
 5316.8690 3.03633e-16
 5319.8570 2.97860e-16
 5322.8450 3.08923e-16
 5325.8330 2.95175e-16
 5328.8209 3.05623e-16
 5331.8089 3.02817e-16
 5334.7969 2.92283e-16
 5337.7849 2.99298e-16
 5340.7729 2.96673e-16
 5343.7608 2.87836e-16
 5346.7488 2.90889e-16
 5349.7368 2.95193e-16
 5352.7248 2.79767e-16
 5355.7127 2.89953e-16
 5358.7007 2.89959e-16
 5361.6887 2.82462e-16
 5364.6767 2.92951e-16
 5367.6647 2.93325e-16
 5370.6526 2.81865e-16
 5373.6406 2.87023e-16
 5376.6286 2.91774e-16
 5379.6166 2.88448e-16
 5382.6045 2.96088e-16
 5385.5925 3.08813e-16
 5388.5805 3.13429e-16
 5391.5685 3.12228e-16
 5394.5565 3.14502e-16
 5397.5444 3.15966e-16
 5400.5324 3.16681e-16
 5403.5204 3.18606e-16
 5406.5084 3.21670e-16
 5409.4963 3.35591e-16
 5412.4843 3.34096e-16
 5415.4723 3.44215e-16
 5418.4603 3.34849e-16
 5421.4483 3.30818e-16
 5424.4362 3.38678e-16
 5427.4242 3.54470e-16
 5430.4122 3.52955e-16
 5433.4002 3.59796e-16
 5436.3882 3.68738e-16
 5439.3761 3.74658e-16
 5442.3641 3.82792e-16
 5445.3521 3.79583e-16
 5448.3401 3.87763e-16
 5451.3280 3.89254e-16
 5454.3160 3.99759e-16
 5457.3040 4.01315e-16
 5460.2920 3.97407e-16
 5463.2800 4.09830e-16
 5466.2679 4.31819e-16
 5469.2559 4.20484e-16
 5472.2439 4.21987e-16
 5475.2319 4.05813e-16
 5478.2198 4.51861e-16
 5481.2078 4.67344e-16
 5484.1958 4.61262e-16
 5487.1838 4.45068e-16
 5490.1718 4.58549e-16
 5493.1597 4.68187e-16
 5496.1477 4.75675e-16
 5499.1357 4.77416e-16
 5502.1237 4.77563e-16
 5505.1116 4.73429e-16
 5508.0996 4.79619e-16
 5511.0876 4.88827e-16
 5514.0756 4.86686e-16
 5517.0636 4.91190e-16
 5520.0515 4.99313e-16
 5523.0395 4.95784e-16
 5526.0275 4.96444e-16
 5529.0155 4.89356e-16
 5532.0034 4.89051e-16
 5534.9914 4.90096e-16
 5537.9794 4.94602e-16
 5540.9674 4.95012e-16
 5543.9554 4.98551e-16
 5546.9433 4.92531e-16
 5549.9313 4.97561e-16
 5552.9193 4.90583e-16
 5555.9073 4.89157e-16
 5558.8952 4.92178e-16
 5561.8832 4.92756e-16
 5564.8712 5.00007e-16
 5567.8592 4.93126e-16
 5570.8472 4.79091e-16
 5573.8351 4.81526e-16
 5576.8231 4.65361e-16
 5579.8111 4.76659e-16
 5582.7991 4.78688e-16
 5585.7870 4.73466e-16
 5588.7750 4.69328e-16
 5591.7630 4.46570e-16
 5594.7510 4.78407e-16
 5597.7390 4.52067e-16
 5600.7269 4.31638e-16
 5603.7149 4.45727e-16
 5606.7029 4.27319e-16
 5609.6909 4.27665e-16
 5612.6789 4.27538e-16
 5615.6668 4.16397e-16
 5618.6548 4.06922e-16
 5621.6428 4.12675e-16
 5624.6308 3.96893e-16
 5627.6187 3.90215e-16
 5630.6067 3.94184e-16
 5633.5947 3.92690e-16
 5636.5827 3.83333e-16
 5639.5707 3.72326e-16
 5642.5586 3.68999e-16
 5645.5466 3.56859e-16
 5648.5346 3.47909e-16
 5651.5226 3.42746e-16
 5654.5105 3.36165e-16
 5657.4985 3.37153e-16
 5660.4865 3.21234e-16
 5663.4745 3.20026e-16
 5666.4625 3.16013e-16
 5669.4504 3.10831e-16
 5672.4384 3.16884e-16
 5675.4264 3.07042e-16
 5678.4144 2.96958e-16
 5681.4023 2.92267e-16
 5684.3903 2.84710e-16
 5687.3783 2.84884e-16
 5690.3663 2.74776e-16
 5693.3543 2.77714e-16
 5696.3422 2.73115e-16
 5699.3302 2.78021e-16
 5702.3182 2.61426e-16
 5705.3062 2.54629e-16
 5708.2941 2.68194e-16
 5711.2821 2.57391e-16
 5714.2701 2.57754e-16
 5717.2581 2.61839e-16
 5720.2461 2.59024e-16
 5723.2340 2.63192e-16
 5726.2220 2.64263e-16
 5729.2100 2.68058e-16
 5732.1980 2.72364e-16
 5735.1859 2.77681e-16
 5738.1739 2.76600e-16
 5741.1619 2.86785e-16
 5744.1499 2.85235e-16
 5747.1379 2.78641e-16
 5750.1258 2.89543e-16
 5753.1138 2.92611e-16
 5756.1018 3.03770e-16
 5759.0898 3.13762e-16
 5762.0777 3.23419e-16
 5765.0657 3.30844e-16
 5768.0537 3.20975e-16
 5771.0417 3.38238e-16
 5774.0297 3.46819e-16
 5777.0176 3.56233e-16
 5780.0056 3.44555e-16
 5782.9936 3.58906e-16
 5785.9816 3.65726e-16
 5788.9695 3.65921e-16
 5791.9575 3.69602e-16
 5794.9455 3.82220e-16
 5797.9335 3.86641e-16
 5800.9215 3.86257e-16
 5803.9094 4.01814e-16
 5806.8974 3.99256e-16
 5809.8854 4.05187e-16
 5812.8734 4.13526e-16
 5815.8613 4.08461e-16
 5818.8493 4.14487e-16
 5821.8373 4.24360e-16
 5824.8253 4.18632e-16
 5827.8133 4.19943e-16
 5830.8012 4.27147e-16
 5833.7892 4.31966e-16
 5836.7772 4.28432e-16
 5839.7652 4.19793e-16
 5842.7532 4.31603e-16
 5845.7411 4.20684e-16
 5848.7291 4.22919e-16
 5851.7171 4.30808e-16
 5854.7051 4.31006e-16
 5857.6930 4.22726e-16
 5860.6810 4.17383e-16
 5863.6690 4.20135e-16
 5866.6570 4.11921e-16
 5869.6450 4.09793e-16
 5872.6329 4.04635e-16
 5875.6209 4.04081e-16
 5878.6089 3.86241e-16
 5881.5969 3.82874e-16
 5884.5848 3.90282e-16
 5887.5728 3.87810e-16
 5890.5608 3.69184e-16
 5893.5488 3.57622e-16
 5896.5368 3.57558e-16
 5899.5247 3.46682e-16
 5902.5127 3.49067e-16
 5905.5007 3.54968e-16
 5908.4887 3.49540e-16
 5911.4766 3.43615e-16
 5914.4646 3.44226e-16
 5917.4526 3.34905e-16
 5920.4406 3.30594e-16
 5923.4286 3.28676e-16
 5926.4165 3.22965e-16
 5929.4045 3.17518e-16
 5932.3925 3.13312e-16
 5935.3805 3.08587e-16
 5938.3684 3.09950e-16
 5941.3564 3.11063e-16
 5944.3444 3.06788e-16
 5947.3324 2.94148e-16
 5950.3204 2.89368e-16
 5953.3083 2.86473e-16
 5956.2963 2.87538e-16
 5959.2843 2.77895e-16
 5962.2723 2.71561e-16
 5965.2602 2.65452e-16
 5968.2482 2.54932e-16
 5971.2362 2.58068e-16
 5974.2242 2.54693e-16
 5977.2122 2.44987e-16
 5980.2001 2.35451e-16
 5983.1881 2.36753e-16
 5986.1761 2.28611e-16
 5989.1641 2.28464e-16
 5992.1520 2.22011e-16
 5995.1400 2.25715e-16
 5998.1280 2.21624e-16
 6001.1160 2.28216e-16
 6004.1040 2.23228e-16
 6007.0919 2.09392e-16
 6010.0799 2.17572e-16
 6013.0679 2.21289e-16
 6016.0559 2.13156e-16
 6019.0438 2.12840e-16
 6022.0318 2.13677e-16
 6025.0198 2.11641e-16
 6028.0078 2.07790e-16
 6030.9958 2.05300e-16
 6033.9837 2.07288e-16
 6036.9717 2.12235e-16
 6039.9597 2.09201e-16
 6042.9477 2.08153e-16
 6045.9356 2.05605e-16
 6048.9236 2.01434e-16
 6051.9116 1.95905e-16
 6054.8996 1.96779e-16
 6057.8876 2.02784e-16
 6060.8755 1.97768e-16
 6063.8635 1.98644e-16
 6066.8515 1.92887e-16
 6069.8395 1.93991e-16
 6072.8274 2.00400e-16
 6075.8154 2.05752e-16
 6078.8034 1.98541e-16
 6081.7914 1.96833e-16
 6084.7794 2.03386e-16
 6087.7673 2.00656e-16
 6090.7553 2.02117e-16
 6093.7433 1.96062e-16
 6096.7313 1.94725e-16
 6099.7193 2.03024e-16
 6102.7072 2.01291e-16
 6105.6952 2.03116e-16
 6108.6832 1.93890e-16
 6111.6712 1.95738e-16
 6114.6591 2.00839e-16
 6117.6471 1.91920e-16
 6120.6351 1.95139e-16
 6123.6231 1.94315e-16
 6126.6111 1.95537e-16
 6129.5990 1.96599e-16
 6132.5870 1.91503e-16
 6135.5750 1.84698e-16
 6138.5630 1.88181e-16
 6141.5509 1.83580e-16
 6144.5389 1.83001e-16
 6147.5269 1.83459e-16
 6150.5149 1.81135e-16
 6153.5029 1.78820e-16
 6156.4908 1.74934e-16
 6159.4788 1.80544e-16
 6162.4668 1.75487e-16
 6165.4548 1.73602e-16
 6168.4427 1.72794e-16
 6171.4307 1.75355e-16
 6174.4187 1.80630e-16
 6177.4067 1.83918e-16
 6180.3947 1.89177e-16
 6183.3826 1.92206e-16
 6186.3706 2.01817e-16
 6189.3586 1.96151e-16
 6192.3466 2.01770e-16
 6195.3345 2.00413e-16
 6198.3225 2.02185e-16
 6201.3105 2.11725e-16
 6204.2985 2.17345e-16
 6207.2865 2.15986e-16
 6210.2744 2.27066e-16
 6213.2624 2.24517e-16
 6216.2504 2.24824e-16
 6219.2384 2.26284e-16
 6222.2263 2.23088e-16
 6225.2143 2.21709e-16
 6228.2023 2.22802e-16
 6231.1903 2.27100e-16
 6234.1783 2.34777e-16
 6237.1662 2.32566e-16
 6240.1542 2.20901e-16
 6243.1422 2.21540e-16
 6246.1302 2.17816e-16
 6249.1182 2.09242e-16
 6252.1061 2.14278e-16
 6255.0941 2.15324e-16
 6258.0821 2.11786e-16
 6261.0701 2.08923e-16
 6264.0580 2.08622e-16
 6267.0460 2.07824e-16
 6270.0340 2.07182e-16
 6273.0220 2.00907e-16
 6276.0100 2.03233e-16
 6278.9979 2.00313e-16
 6281.9859 1.93445e-16
 6284.9739 1.91983e-16
 6287.9619 1.93974e-16
 6290.9498 2.02023e-16
 6293.9378 2.03064e-16
 6296.9258 2.00646e-16
 6299.9138 2.01789e-16
 6302.9018 1.92815e-16
 6305.8897 1.93980e-16
 6308.8777 1.99475e-16
 6311.8657 1.98704e-16
 6314.8537 2.02917e-16
 6317.8416 2.05517e-16
 6320.8296 2.11657e-16
 6323.8176 2.09526e-16
 6326.8056 2.12156e-16
 6329.7936 2.13677e-16
 6332.7815 2.11810e-16
 6335.7695 2.16899e-16
 6338.7575 2.12577e-16
 6341.7455 2.20279e-16
 6344.7334 2.28894e-16
 6347.7214 2.28251e-16
 6350.7094 2.42077e-16
 6353.6974 2.43995e-16
 6356.6854 2.38534e-16
 6359.6733 2.48149e-16
 6362.6613 2.53809e-16
 6365.6493 2.57639e-16
 6368.6373 2.55211e-16
 6371.6252 2.57706e-16
 6374.6132 2.63989e-16
 6377.6012 2.63835e-16
 6380.5892 2.64809e-16
 6383.5772 2.64306e-16
 6386.5651 2.69973e-16
 6389.5531 2.81285e-16
 6392.5411 2.85135e-16
 6395.5291 2.88728e-16
 6398.5170 2.80451e-16
 6401.5050 2.91012e-16
 6404.4930 2.97865e-16
 6407.4810 3.02208e-16
 6410.4690 3.08797e-16
 6413.4569 3.16899e-16
 6416.4449 3.17954e-16
 6419.4329 3.20328e-16
 6422.4209 3.22521e-16
 6425.4089 3.34205e-16
 6428.3968 3.29706e-16
 6431.3848 3.37442e-16
 6434.3728 3.44458e-16
 6437.3608 3.42222e-16
 6440.3487 3.38797e-16
 6443.3367 3.46496e-16
 6446.3247 3.55791e-16
 6449.3127 3.64625e-16
 6452.3007 3.65113e-16
 6455.2886 3.68385e-16
 6458.2766 3.76251e-16
 6461.2646 3.78498e-16
 6464.2526 3.71610e-16
 6467.2405 3.76461e-16
 6470.2285 3.80829e-16
 6473.2165 3.78145e-16
 6476.2045 3.90072e-16
 6479.1925 4.00212e-16
 6482.1804 3.90579e-16
 6485.1684 3.93751e-16
 6488.1564 3.90516e-16
 6491.1444 3.92972e-16
 6494.1323 3.92694e-16
 6497.1203 3.98062e-16
 6500.1083 3.90153e-16
 6503.0963 4.02451e-16
 6506.0843 3.95972e-16
 6509.0722 3.92047e-16
 6512.0602 3.97185e-16
 6515.0482 3.95922e-16
 6518.0362 3.96699e-16
 6521.0241 4.04670e-16
 6524.0121 3.91346e-16
 6527.0001 3.89538e-16
 6529.9881 3.93047e-16
 6532.9761 3.86932e-16
 6535.9640 3.92470e-16
 6538.9520 4.04840e-16
 6541.9400 3.94209e-16
 6544.9280 3.81965e-16
 6547.9159 3.80290e-16
 6550.9039 3.82076e-16
 6553.8919 3.77871e-16
 6556.8799 3.66896e-16
 6559.8679 3.74415e-16
 6562.8558 3.77367e-16
 6565.8438 3.74472e-16
 6568.8318 3.72824e-16
 6571.8198 3.58755e-16
 6574.8078 3.57524e-16
 6577.7957 3.48462e-16
 6580.7837 3.47665e-16
 6583.7717 3.31820e-16
 6586.7597 3.36939e-16
 6589.7476 3.39612e-16
 6592.7356 3.29132e-16
 6595.7236 3.22538e-16
 6598.7116 3.15619e-16
 6601.6996 3.12715e-16
 6604.6875 3.08379e-16
 6607.6755 3.02512e-16
 6610.6635 3.05399e-16
 6613.6515 3.00904e-16
 6616.6394 2.98797e-16
 6619.6274 2.93793e-16
 6622.6154 2.97777e-16
 6625.6034 2.82727e-16
 6628.5914 2.79205e-16
 6631.5793 2.75432e-16
 6634.5673 2.61672e-16
 6637.5553 2.58047e-16
 6640.5433 2.55131e-16
 6643.5312 2.55149e-16
 6646.5192 2.46403e-16
 6649.5072 2.38952e-16
 6652.4952 2.44090e-16
 6655.4832 2.45098e-16
 6658.4711 2.29364e-16
 6661.4591 2.37912e-16
 6664.4471 2.31725e-16
 6667.4351 2.23558e-16
 6670.4230 2.04101e-16
 6673.4110 2.04062e-16
 6676.3990 2.09828e-16
 6679.3870 2.04429e-16
 6682.3750 1.91293e-16
 6685.3629 1.87790e-16
 6688.3509 1.82737e-16
 6691.3389 1.80659e-16
 6694.3269 1.84214e-16
 6697.3148 1.80756e-16
 6700.3028 1.68753e-16
 6703.2908 1.68256e-16
 6706.2788 1.70146e-16
 6709.2668 1.65392e-16
 6712.2547 1.63517e-16
 6715.2427 1.60361e-16
 6718.2307 1.55411e-16
 6721.2187 1.52327e-16
 6724.2066 1.50473e-16
 6727.1946 1.48060e-16
 6730.1826 1.41462e-16
 6733.1706 1.44497e-16
 6736.1586 1.43540e-16
 6739.1465 1.32156e-16
 6742.1345 1.31054e-16
 6745.1225 1.31868e-16
 6748.1105 1.25844e-16
 6751.0985 1.27070e-16
 6754.0864 1.22485e-16
 6757.0744 1.29822e-16
 6760.0624 1.30997e-16
 6763.0504 1.26706e-16
 6766.0383 1.24088e-16
 6769.0263 1.21239e-16
 6772.0143 1.19461e-16
 6775.0023 1.18493e-16
 6777.9903 1.22014e-16
 6780.9782 1.23927e-16
 6783.9662 1.19775e-16
 6786.9542 1.22718e-16
 6789.9422 1.24056e-16
 6792.9301 1.19478e-16
 6795.9181 1.19881e-16
 6798.9061 1.25504e-16
 6801.8941 1.26494e-16
 6804.8821 1.22733e-16
 6807.8700 1.22917e-16
 6810.8580 1.23513e-16
 6813.8460 1.21136e-16
 6816.8340 1.30156e-16
 6819.8219 1.26005e-16
 6822.8099 1.21542e-16
 6825.7979 1.24843e-16
 6828.7859 1.28043e-16
 6831.7739 1.26075e-16
 6834.7618 1.30851e-16
 6837.7498 1.29470e-16
 6840.7378 1.23203e-16
 6843.7258 1.30906e-16
 6846.7137 1.25805e-16
 6849.7017 1.34896e-16
 6852.6897 1.34647e-16
 6855.6777 1.30051e-16
 6858.6657 1.31302e-16
 6861.6536 1.30339e-16
 6864.6416 1.31181e-16
 6867.6296 1.28981e-16
 6870.6176 1.33561e-16
 6873.6055 1.31710e-16
 6876.5935 1.40955e-16
 6879.5815 1.29305e-16
 6882.5695 1.36164e-16
 6885.5575 1.35503e-16
 6888.5454 1.34032e-16
 6891.5334 1.30848e-16
 6894.5214 1.29487e-16
 6897.5094 1.34527e-16
 6900.4974 1.35080e-16
 6903.4853 1.36242e-16
 6906.4733 1.34873e-16
 6909.4613 1.38423e-16
 6912.4493 1.34053e-16
 6915.4372 1.36296e-16
 6918.4252 1.37343e-16
 6921.4132 1.38549e-16
 6924.4012 1.44282e-16
 6927.3892 1.48289e-16
 6930.3771 1.42359e-16
 6933.3651 1.38020e-16
 6936.3531 1.35988e-16
 6939.3411 1.40669e-16
 6942.3290 1.46167e-16
 6945.3170 1.47728e-16
 6948.3050 1.45659e-16
 6951.2930 1.49984e-16
 6954.2810 1.40650e-16
 6957.2689 1.34528e-16
 6960.2569 1.31212e-16
 6963.2449 1.38727e-16
 6966.2329 1.38953e-16
 6969.2208 1.37628e-16
 6972.2088 1.38865e-16
 6975.1968 1.43409e-16
 6978.1848 1.37645e-16
 6981.1728 1.32259e-16
 6984.1607 1.36225e-16
 6987.1487 1.34327e-16
 6990.1367 1.32687e-16
 6993.1247 1.33912e-16
 6996.1126 1.34304e-16
 6999.1006 1.35025e-16
 7002.0886 1.29561e-16
 7005.0766 1.28412e-16
 7008.0646 1.31118e-16
 7011.0525 1.36118e-16
 7014.0405 1.31181e-16
 7017.0285 1.28259e-16
 7020.0165 1.30762e-16
 7023.0044 1.29746e-16
 7025.9924 1.27657e-16
 7028.9804 1.30521e-16
 7031.9684 1.26846e-16
 7034.9564 1.21509e-16
 7037.9443 1.24636e-16
 7040.9323 1.28388e-16
 7043.9203 1.25550e-16
 7046.9083 1.20679e-16
 7049.8962 1.27222e-16
 7052.8842 1.30057e-16
 7055.8722 1.27712e-16
 7058.8602 1.21967e-16
 7061.8482 1.17800e-16
 7064.8361 1.25334e-16
 7067.8241 1.27225e-16
 7070.8121 1.29016e-16
 7073.8001 1.32672e-16
 7076.7881 1.27041e-16
 7079.7760 1.27036e-16
 7082.7640 1.25770e-16
 7085.7520 1.29851e-16
 7088.7400 1.30014e-16
 7091.7279 1.30178e-16
 7094.7159 1.32649e-16
 7097.7039 1.29546e-16
 7100.6919 1.25151e-16
 7103.6799 1.33906e-16
 7106.6678 1.30511e-16
 7109.6558 1.28822e-16
 7112.6438 1.27950e-16
 7115.6318 1.29411e-16
 7118.6197 1.35701e-16
 7121.6077 1.35412e-16
 7124.5957 1.40390e-16
 7127.5837 1.33111e-16
 7130.5717 1.30240e-16
 7133.5596 1.41555e-16
 7136.5476 1.41466e-16
 7139.5356 1.41647e-16
 7142.5236 1.39018e-16
 7145.5115 1.44092e-16
 7148.4995 1.49092e-16
 7151.4875 1.45006e-16
 7154.4755 1.47618e-16
 7157.4635 1.53782e-16
 7160.4514 1.44725e-16
 7163.4394 1.42419e-16
 7166.4274 1.54372e-16
 7169.4154 1.59848e-16
 7172.4033 1.59815e-16
 7175.3913 1.58419e-16
 7178.3793 1.56983e-16
 7181.3673 1.61049e-16
 7184.3553 1.55876e-16
 7187.3432 1.57069e-16
 7190.3312 1.61145e-16
 7193.3192 1.55782e-16
 7196.3072 1.59264e-16
 7199.2951 1.72268e-16
 7202.2831 1.65093e-16
 7205.2711 1.67012e-16
 7208.2591 1.64093e-16
 7211.2471 1.69418e-16
 7214.2350 1.73627e-16
 7217.2230 1.76445e-16
 7220.2110 1.76741e-16
 7223.1990 1.75757e-16
 7226.1870 1.73047e-16
 7229.1749 1.78797e-16
 7232.1629 1.84529e-16
 7235.1509 1.72062e-16
 7238.1389 1.76194e-16
 7241.1268 1.69128e-16
 7244.1148 1.70536e-16
 7247.1028 1.75604e-16
 7250.0908 1.76357e-16
 7253.0788 1.74595e-16
 7256.0667 1.76414e-16
 7259.0547 1.67140e-16
 7262.0427 1.72283e-16
 7265.0307 1.79509e-16
 7268.0186 1.68333e-16
 7271.0066 1.66835e-16
 7273.9946 1.74043e-16
 7276.9826 1.74669e-16
 7279.9706 1.75464e-16
 7282.9585 1.75307e-16
 7285.9465 1.75048e-16
 7288.9345 1.76106e-16
 7291.9225 1.75745e-16
 7294.9104 1.79771e-16
 7297.8984 1.76759e-16
 7300.8864 1.75601e-16
 7303.8744 1.68520e-16
 7306.8624 1.68896e-16
 7309.8503 1.68802e-16
 7312.8383 1.72975e-16
 7315.8263 1.68652e-16
 7318.8143 1.66716e-16
 7321.8022 1.66665e-16
 7324.7902 1.72172e-16
 7327.7782 1.78005e-16
 7330.7662 1.67908e-16
 7333.7542 1.70664e-16
 7336.7421 1.71834e-16
 7339.7301 1.73779e-16
 7342.7181 1.75165e-16
 7345.7061 1.75490e-16
 7348.6940 1.74328e-16
 7351.6820 1.81959e-16
 7354.6700 1.76898e-16
 7357.6580 1.75204e-16
 7360.6460 1.77839e-16
 7363.6339 1.80231e-16
 7366.6219 1.83756e-16
 7369.6099 1.82659e-16
 7372.5979 1.81099e-16
 7375.5859 1.85634e-16
 7378.5738 1.92901e-16
 7381.5618 1.92674e-16
 7384.5498 1.83953e-16
 7387.5378 1.74785e-16
 7390.5257 1.76359e-16
 7393.5137 1.90131e-16
 7396.5017 1.85548e-16
 7399.4897 1.85303e-16
 7402.4777 1.86067e-16
 7405.4656 1.92994e-16
 7408.4536 1.85735e-16
 7411.4416 1.89458e-16
 7414.4296 1.93152e-16
 7417.4175 1.93626e-16
 7420.4055 1.95800e-16
 7423.3935 1.88822e-16
 7426.3815 1.91355e-16
 7429.3695 1.94732e-16
 7432.3574 1.94562e-16
 7435.3454 1.95258e-16
 7438.3334 1.99507e-16
 7441.3214 1.98414e-16
 7444.3093 1.98698e-16
 7447.2973 1.95648e-16
 7450.2853 1.98614e-16
 7453.2733 2.01193e-16
 7456.2613 1.96397e-16
 7459.2492 1.87277e-16
 7462.2372 1.50425e-16
 7465.2252 1.34419e-16
 7468.2132 1.22355e-16
 7471.2011 1.13116e-16
 7474.1891 1.17846e-16
 7477.1771 1.40766e-16
 7480.1651 1.54958e-16
 7483.1531 1.68568e-16
 7486.1410 1.66761e-16
 7489.1290 1.53014e-16
 7492.1170 1.41475e-16
 7495.1050 1.43763e-16
 7498.0929 1.55839e-16
 7501.0809 1.55922e-16
 7504.0689 1.55353e-16
 7507.0569 1.59832e-16
 7510.0449 1.57996e-16
 7513.0328 1.65793e-16
 7516.0208 1.57060e-16
 7519.0088 1.57898e-16
 7521.9968 1.69728e-16
 7524.9847 1.73025e-16
 7527.9727 1.58159e-16
 7530.9607 1.55982e-16
 7533.9487 1.59634e-16
 7536.9367 1.57764e-16
 7539.9246 1.64402e-16
 7542.9126 1.56723e-16
 7545.9006 1.51508e-16
 7548.8886 1.57262e-16
 7551.8766 1.57876e-16
 7554.8645 1.65114e-16
 7557.8525 1.61267e-16
 7560.8405 1.58408e-16
 7563.8285 1.60475e-16
 7566.8164 1.56417e-16
 7569.8044 1.56074e-16
 7572.7924 1.45897e-16
 7575.7804 1.49867e-16
 7578.7684 1.64617e-16
 7581.7563 1.68193e-16
 7584.7443 1.52628e-16
 7587.7323 1.58597e-16
 7590.7203 1.60185e-16
 7593.7082 1.60738e-16
 7596.6962 1.63224e-16
 7599.6842 1.63409e-16
 7602.6722 1.68155e-16
 7605.6602 1.68182e-16
 7608.6481 1.62928e-16
 7611.6361 1.61409e-16
 7614.6241 1.68042e-16
 7617.6121 1.79782e-16
 7620.6000 1.78586e-16
 7623.5880 1.79264e-16
 7626.5760 1.81935e-16
 7629.5640 1.81219e-16
 7632.5520 1.78668e-16
 7635.5399 1.76899e-16
 7638.5279 1.82360e-16
 7641.5159 1.86091e-16
 7644.5039 1.87919e-16
 7647.4918 1.86723e-16
 7650.4798 1.94503e-16
 7653.4678 2.01675e-16
 7656.4558 1.99171e-16
 7659.4438 2.01125e-16
 7662.4317 2.02072e-16
 7665.4197 2.01747e-16
 7668.4077 1.88462e-16
 7671.3957 2.10509e-16
 7674.3836 1.99700e-16
 7677.3716 1.94200e-16
 7680.3596 2.14603e-16
 7683.3476 2.05919e-16
 7686.3356 1.96288e-16
 7689.3235 2.08646e-16
 7692.3115 2.10131e-16
 7695.2995 2.11729e-16
 7698.2875 2.06068e-16
 7701.2755 2.10252e-16
 7704.2634 2.05790e-16
 7707.2514 2.10807e-16
 7710.2394 2.03937e-16
 7713.2274 2.09087e-16
 7716.2153 2.00170e-16
 7719.2033 2.22802e-16
 7722.1913 2.23869e-16
 7725.1793 2.11079e-16
 7728.1673 2.16662e-16
 7731.1552 2.03014e-16
 7734.1432 2.04702e-16
 7737.1312 2.17980e-16
 7740.1192 2.27889e-16
 7743.1071 2.19846e-16
 7746.0951 2.16735e-16
 7749.0831 2.11945e-16
 7752.0711 2.09772e-16
 7755.0591 2.16442e-16
 7758.0470 2.04903e-16
 7761.0350 2.12633e-16
 7764.0230 2.10194e-16
 7767.0110 2.08960e-16
 7769.9989 2.13087e-16
 7772.9869 2.09920e-16
 7775.9749 1.93561e-16
 7778.9629 2.08086e-16
 7781.9509 2.02129e-16
 7784.9388 1.99322e-16
 7787.9268 2.03767e-16
 7790.9148 2.05967e-16
 7793.9028 1.93767e-16
 7796.8907 1.98597e-16
 7799.8787 2.01856e-16
 7802.8667 1.93708e-16
 7805.8547 2.00992e-16
 7808.8427 1.98562e-16
 7811.8306 1.95897e-16
 7814.8186 1.96219e-16
 7817.8066 1.85157e-16
 7820.7946 1.84862e-16
 7823.7825 1.99236e-16
 7826.7705 2.09691e-16
 7829.7585 2.02506e-16
 7832.7465 1.87494e-16
 7835.7345 1.78451e-16
 7838.7224 1.84649e-16
 7841.7104 1.87111e-16
 7844.6984 1.84638e-16
 7847.6864 1.82558e-16
 7850.6743 1.81526e-16
 7853.6623 1.74584e-16
 7856.6503 1.82986e-16
 7859.6383 1.72742e-16
 7862.6263 1.85537e-16
 7865.6142 1.74410e-16
 7868.6022 1.82016e-16
 7871.5902 1.74494e-16
 7874.5782 1.63634e-16
 7877.5662 1.67475e-16
 7880.5541 1.65842e-16
 7883.5421 1.58187e-16
 7886.5301 1.62835e-16
 7889.5181 1.50427e-16
 7892.5060 1.54705e-16
 7895.4940 1.59047e-16
 7898.4820 1.42614e-16
 7901.4700 1.49197e-16
 7904.4580 1.51294e-16
 7907.4459 1.47126e-16
 7910.4339 1.51859e-16
 7913.4219 1.51622e-16
 7916.4099 1.40095e-16
 7919.3978 1.35287e-16
 7922.3858 1.32773e-16
 7925.3738 1.36003e-16
 7928.3618 1.18956e-16
 7931.3498 1.22467e-16
 7934.3377 1.24558e-16
 7937.3257 1.28247e-16
 7940.3137 1.32791e-16
 7943.3017 1.26344e-16
 7946.2896 1.26460e-16
 7949.2776 1.24947e-16
 7952.2656 1.23994e-16
 7955.2536 1.21248e-16
 7958.2416 1.18196e-16
 7961.2295 1.11684e-16
 7964.2175 1.09932e-16
 7967.2055 1.10789e-16
 7970.1935 1.12428e-16
 7973.1814 1.11518e-16
 7976.1694 1.08764e-16
 7979.1574 1.08719e-16
 7982.1454 1.10597e-16
 7985.1334 1.06628e-16
 7988.1213 1.05907e-16
 7991.1093 1.05049e-16
 7994.0973 1.02096e-16
 7997.0853 1.04019e-16
 8000.0732 1.04222e-16
 8003.0612 1.01230e-16
 8006.0492 9.77077e-17
 8009.0372 1.03147e-16
 8012.0252 9.90173e-17
 8015.0131 1.04968e-16
 8018.0011 9.98847e-17
 8020.9891 9.18516e-17
 8023.9771 9.56822e-17
 8026.9651 1.00083e-16
 8029.9530 1.01853e-16
 8032.9410 9.58542e-17
 8035.9290 9.59769e-17
 8038.9170 1.04518e-16
 8041.9049 9.90957e-17
 8044.8929 9.75238e-17
 8047.8809 9.46195e-17
 8050.8689 9.09309e-17
 8053.8569 1.02467e-16
 8056.8448 1.11522e-16
 8059.8328 9.23968e-17
 8062.8208 9.18302e-17
 8065.8088 1.00829e-16
 8068.7967 9.26917e-17
 8071.7847 9.37400e-17
 8074.7727 9.91859e-17
 8077.7607 9.96638e-17
 8080.7487 9.31213e-17
 8083.7366 8.61846e-17
 8086.7246 9.54217e-17
 8089.7126 1.03253e-16
 8092.7006 1.01795e-16
 8095.6885 8.96033e-17
 8098.6765 9.27938e-17
 8101.6645 9.68268e-17
 8104.6525 9.01418e-17
 8107.6405 9.50953e-17
 8110.6284 9.21001e-17
 8113.6164 9.22872e-17
 8116.6044 8.70815e-17
 8119.5924 7.88627e-17
 8122.5803 8.54307e-17
 8125.5683 7.35613e-17
 8128.5563 6.89671e-17
 8131.5443 6.58169e-17
 8134.5323 6.39359e-17
 8137.5202 7.13492e-17
 8140.5082 6.49046e-17
 8143.4962 5.46198e-17
 8146.4842 4.62830e-17
 8149.4721 5.31297e-17
 8152.4601 4.35695e-17
 8155.4481 4.71862e-17
 8158.4361 4.58957e-17
 8161.4241 5.10486e-17
 8164.4120 2.99694e-17
 8167.4000 3.27725e-17
 8170.3880 3.24879e-17
 8173.3760 3.60096e-17
 8176.3639 3.74218e-17
 8179.3519 3.16661e-17
 8182.3399 3.00561e-17
 8185.3279 3.40122e-17
 8188.3159 3.47994e-17
 8191.3038 3.18237e-17
 8194.2918 3.06066e-17
 8197.2798 2.64356e-17
 8200.2678 3.73153e-17
 8203.2558 2.82670e-17
 8206.2437 2.65923e-17
 8209.2317 3.74057e-17
 8212.2197 1.71930e-17
 8215.2077 2.24520e-17
 8218.1956 2.47957e-17
 8221.1836 1.86503e-17
 8224.1716 2.65218e-17
 8227.1596 2.07770e-17
 8230.1476 2.78433e-17
 8233.1355 2.16162e-17
 8236.1235 2.42817e-17
 8239.1115 2.28059e-17
 8242.0995 2.29845e-17
 8245.0874 2.58235e-17
 8248.0754 2.74236e-17
 8251.0634 1.12542e-17
 8254.0514 2.65137e-17
 8257.0394 2.67352e-17
 8260.0273 1.98056e-17
 8263.0153 2.43699e-17
 8266.0033 3.33377e-17
 8268.9913 3.32628e-17
 8271.9792 2.41537e-17
 8274.9672 3.56574e-17
 8277.9552 1.67728e-17
 8280.9432 3.33585e-17
 8283.9312 3.27450e-17
 8286.9191 3.49047e-17
 8289.9071 3.42832e-17
 8292.8951 3.37052e-17
 8295.8831 3.07036e-17
 8298.8710 3.17339e-17
 8301.8590 3.05896e-17
 8304.8470 2.95799e-17
 8307.8350 2.74627e-17
 8310.8230 1.40243e-17
 8313.8109 3.03981e-17
 8316.7989 3.96593e-17
 8319.7869 2.22699e-17
 8322.7749 2.63701e-17
 8325.7628 3.55889e-17
 8328.7508 3.61830e-17
 8331.7388 3.47573e-17
 8334.7268 3.57507e-17
 8337.7148 2.78220e-17
 8340.7027 3.04445e-17
 8343.6907 3.27584e-17
 8346.6787 2.53985e-17
 8349.6667 2.93279e-17
 8352.6547 4.13388e-17
 8355.6426 3.05049e-17
 8358.6306 3.10201e-17
 8361.6186 3.86421e-17
 8364.6066 3.68219e-17
 8367.5945 3.61452e-17
 8370.5825 4.20569e-17
 8373.5705 4.30578e-17
 8376.5585 4.19085e-17
 8379.5465 4.41922e-17
 8382.5344 5.28889e-17
 8385.5224 4.33715e-17
 8388.5104 4.32381e-17
 8391.4984 5.41099e-17
 8394.4863 4.11439e-17
 8397.4743 4.67270e-17
 8400.4623 5.58758e-17
 8403.4503 4.99268e-17
 8406.4383 5.49294e-17
 8409.4262 5.38205e-17
 8412.4142 5.74489e-17
 8415.4022 5.91902e-17
 8418.3902 6.23066e-17
 8421.3781 5.48057e-17
 8424.3661 5.29046e-17
 8427.3541 6.50409e-17
 8430.3421 6.75845e-17
 8433.3301 6.60157e-17
 8436.3180 6.88856e-17
 8439.3060 6.76647e-17
 8442.2940 6.12499e-17
 8445.2820 6.11513e-17
 8448.2699 6.97653e-17
 8451.2579 6.87018e-17
 8454.2459 6.69526e-17
 8457.2339 7.33382e-17
 8460.2219 6.52875e-17
 8463.2098 7.92166e-17
 8466.1978 8.84815e-17
 8469.1858 8.31959e-17
 8472.1738 8.79213e-17
 8475.1617 9.19525e-17
 8478.1497 1.02051e-16
 8481.1377 9.39885e-17
 8484.1257 8.60362e-17
 8487.1137 1.08869e-16
 8490.1016 1.38829e-16
 8493.0896 1.27228e-16
 8496.0776 1.19657e-16
 8499.0656 1.39248e-16
 8502.0535 1.39797e-16
 8505.0415 1.45332e-16
 8508.0295 1.51684e-16
 8511.0175 1.47227e-16
 8514.0055 1.49572e-16
 8516.9934 1.42222e-16
 8519.9814 1.46182e-16
 8522.9694 1.59096e-16
 8525.9574 1.56202e-16
 8528.9454 1.37363e-16
 8531.9333 1.39115e-16
 8534.9213 1.46291e-16
 8537.9093 1.50247e-16
 8540.8973 1.58305e-16
 8543.8852 1.45956e-16
 8546.8732 1.41781e-16
 8549.8612 1.57272e-16
 8552.8492 1.72912e-16
 8555.8372 1.73741e-16
 8558.8251 1.70405e-16
 8561.8131 1.60404e-16
 8564.8011 1.64306e-16
 8567.7891 1.62715e-16
 8570.7770 1.43111e-16
 8573.7650 1.58787e-16
 8576.7530 1.54466e-16
 8579.7410 1.55776e-16
 8582.7290 1.56773e-16
 8585.7169 1.69585e-16
 8588.7049 1.41532e-16
 8591.6929 1.37590e-16
 8594.6809 1.63266e-16
 8597.6688 1.49134e-16
 8600.6568 1.46785e-16
 8603.6448 1.42897e-16
 8606.6328 1.70437e-16
 8609.6208 1.60531e-16
 8612.6087 1.68768e-16
 8615.5967 1.65409e-16
 8618.5847 1.65332e-16
 8621.5727 1.57172e-16
 8624.5606 1.62386e-16
 8627.5486 1.74682e-16
 8630.5366 1.48785e-16
 8633.5246 1.61153e-16
 8636.5126 1.58200e-16
 8639.5005 1.61612e-16
 8642.4885 1.54589e-16
 8645.4765 1.55289e-16
 8648.4645 1.58473e-16
 8651.4524 1.52050e-16
 8654.4404 1.53831e-16
 8657.4284 1.65746e-16
 8660.4164 1.57561e-16
 8663.4044 1.62987e-16
 8666.3923 1.64817e-16
 8669.3803 1.58759e-16
 8672.3683 1.34855e-16
 8675.3563 1.68406e-16
 8678.3443 1.68372e-16
 8681.3322 1.65958e-16
 8684.3202 1.85720e-16
 8687.3082 1.88939e-16
 8690.2962 1.71317e-16
 8693.2841 1.82058e-16
 8696.2721 1.67835e-16
 8699.2601 1.73279e-16
 8702.2481 1.84897e-16
 8705.2361 1.70194e-16
 8708.2240 1.54593e-16
 8711.2120 1.62446e-16
 8714.2000 1.78448e-16
 8717.1880 1.75141e-16
 8720.1759 1.56123e-16
 8723.1639 1.67750e-16
 8726.1519 1.97693e-16
 8729.1399 1.70503e-16
 8732.1279 1.82805e-16
 8735.1158 1.88312e-16
 8738.1038 1.80311e-16
 8741.0918 1.70892e-16
 8744.0798 1.80932e-16
 8747.0677 1.72658e-16
 8750.0557 1.93683e-16
 8753.0437 1.88822e-16
 8756.0317 1.60792e-16
 8759.0197 1.55292e-16
 8762.0076 1.51257e-16
 8764.9956 1.80732e-16
 8767.9836 1.78264e-16
 8770.9716 1.62883e-16
 8773.9595 1.69294e-16
 8776.9475 1.65808e-16
 8779.9355 1.64901e-16
 8782.9235 1.76122e-16
 8785.9115 1.90883e-16
 8788.8994 1.77392e-16
 8791.8874 1.67483e-16
 8794.8754 1.71005e-16
 8797.8634 1.63451e-16
 8800.8513 1.76342e-16
 8803.8393 1.64332e-16
 8806.8273 1.73338e-16
 8809.8153 1.72833e-16
 8812.8033 1.51694e-16
 8815.7912 1.58624e-16
 8818.7792 1.74695e-16
 8821.7672 1.65631e-16
 8824.7552 1.63828e-16
 8827.7431 1.61231e-16
 8830.7311 1.55813e-16
 8833.7191 1.57634e-16
 8836.7071 1.70407e-16
 8839.6951 1.90010e-16
 8842.6830 1.57374e-16
 8845.6710 1.41475e-16
 8848.6590 1.52895e-16
 8851.6470 1.45005e-16
 8854.6349 1.48860e-16
 8857.6229 1.49583e-16
 8860.6109 1.56973e-16
 8863.5989 1.70253e-16
 8866.5869 1.46079e-16
 8869.5748 1.50492e-16
 8872.5628 1.58295e-16
 8875.5508 1.40791e-16
 8878.5388 1.51250e-16
 8881.5267 1.50702e-16
 8884.5147 1.34557e-16
 8887.5027 1.45439e-16
 8890.4907 1.42238e-16
 8893.4787 1.42744e-16
 8896.4666 1.38332e-16
 8899.4546 1.53213e-16
 8902.4426 1.48805e-16
 8905.4306 1.35019e-16
 8908.4185 1.20985e-16
 8911.4065 1.20092e-16
 8914.3945 1.35834e-16
 8917.3825 1.28151e-16
 8920.3705 1.19992e-16
 8923.3584 1.13756e-16
 8926.3464 1.30217e-16
 8929.3344 1.25760e-16
 8932.3224 1.22699e-16
 8935.3103 1.23313e-16
 8938.2983 1.21666e-16
 8941.2863 1.26931e-16
 8944.2743 1.34078e-16
 8947.2623 1.01181e-16
 8950.2502 1.17471e-16
 8953.2382 1.28245e-16
 8956.2262 1.31202e-16
 8959.2142 1.31136e-16
 8962.2022 1.22324e-16
 8965.1901 1.17808e-16
 8968.1781 1.16791e-16
 8971.1661 1.18383e-16
 8974.1541 9.94363e-17
 8977.1420 1.13361e-16
 8980.1300 1.05754e-16
 8983.1180 1.10653e-16
 8986.1060 9.92601e-17
 8989.0940 1.04507e-16
 8992.0819 1.10876e-16
 8995.0699 1.10776e-16
 8998.0579 9.46745e-17
 9001.0459 1.05223e-16
 9004.0338 1.11671e-16
 9007.0218 1.00969e-16
 9010.0098 9.38570e-17
 9012.9978 1.05093e-16
 9015.9858 9.86634e-17
 9018.9737 8.97430e-17
 9021.9617 8.85949e-17
 9024.9497 9.41387e-17
 9027.9377 1.06050e-16
 9030.9256 1.03764e-16
 9033.9136 1.01667e-16
 9036.9016 1.08042e-16
 9039.8896 1.16275e-16
 9042.8776 1.10804e-16
 9045.8655 1.08007e-16
 9048.8535 9.07723e-17
 9051.8415 1.01372e-16
 9054.8295 1.03964e-16
 9057.8174 1.00295e-16
 9060.8054 1.03962e-16
 9063.7934 1.03451e-16
 9066.7814 1.14277e-16
 9069.7694 9.90901e-17
 9072.7573 9.21547e-17
