#Object:               SN2006ev
#FITS_file:            SN06ev_b01_DUP_WF_25sep06.fits
#Redshift:             0.02873
#JDate_of_max:         2453989.14
#JDate_of_observation: 2454003.63
#Epoch:                14.09     
#
 3693.8633 6.28995e-17
 3696.8197 6.55365e-17
 3699.7762 6.74170e-17
 3702.7327 1.13796e-17
 3705.6891 2.86787e-17
 3708.6456 7.52752e-17
 3711.6021 3.21811e-17
 3714.5585 -4.10793e-19
 3717.5150 -1.84533e-17
 3720.4714 3.10457e-17
 3723.4279 4.35313e-17
 3726.3844 3.22038e-17
 3729.3408 9.57639e-17
 3732.2973 8.31383e-17
 3735.2537 9.43601e-17
 3738.2102 5.17316e-17
 3741.1667 5.45128e-17
 3744.1231 3.32920e-18
 3747.0796 4.62844e-17
 3750.0360 7.39813e-17
 3752.9925 3.73636e-17
 3755.9490 2.19265e-17
 3758.9054 5.02994e-17
 3761.8619 3.86696e-17
 3764.8184 2.12371e-17
 3767.7748 4.23599e-17
 3770.7313 3.57042e-17
 3773.6877 3.30565e-17
 3776.6442 3.13797e-17
 3779.6007 4.37569e-17
 3782.5571 6.21206e-17
 3785.5136 1.16899e-16
 3788.4701 5.80398e-17
 3791.4265 8.53794e-17
 3794.3830 7.40487e-17
 3797.3394 7.04193e-17
 3800.2959 5.09033e-17
 3803.2524 4.70446e-17
 3806.2088 5.36016e-17
 3809.1653 7.63144e-17
 3812.1217 6.64549e-17
 3815.0782 7.17738e-17
 3818.0347 8.26190e-17
 3820.9911 5.64911e-17
 3823.9476 7.50201e-17
 3826.9040 7.54576e-17
 3829.8605 6.39929e-17
 3832.8170 1.04386e-16
 3835.7734 1.22256e-16
 3838.7299 6.49199e-17
 3841.6864 9.34444e-17
 3844.6428 8.75775e-17
 3847.5993 7.88725e-17
 3850.5557 1.03489e-16
 3853.5122 1.18764e-16
 3856.4687 1.24058e-16
 3859.4251 9.79804e-17
 3862.3816 1.15784e-16
 3865.3380 1.02915e-16
 3868.2945 1.31607e-16
 3871.2510 1.10867e-16
 3874.2074 1.17619e-16
 3877.1639 1.41467e-16
 3880.1204 1.10094e-16
 3883.0768 1.49267e-16
 3886.0333 1.40356e-16
 3888.9897 1.56727e-16
 3891.9462 1.44669e-16
 3894.9027 1.33623e-16
 3897.8591 1.15696e-16
 3900.8156 1.43660e-16
 3903.7720 1.84064e-16
 3906.7285 1.46066e-16
 3909.6850 1.24829e-16
 3912.6414 1.35025e-16
 3915.5979 1.29081e-16
 3918.5543 1.41443e-16
 3921.5108 1.49856e-16
 3924.4673 1.41802e-16
 3927.4237 1.52767e-16
 3930.3802 1.35582e-16
 3933.3367 1.26546e-16
 3936.2931 1.28138e-16
 3939.2496 1.50444e-16
 3942.2060 1.14878e-16
 3945.1625 1.50208e-16
 3948.1190 1.34454e-16
 3951.0754 1.79707e-16
 3954.0319 1.59039e-16
 3956.9884 1.62278e-16
 3959.9448 1.37239e-16
 3962.9013 1.44801e-16
 3965.8577 1.65627e-16
 3968.8142 1.59751e-16
 3971.7707 1.44243e-16
 3974.7271 1.38741e-16
 3977.6836 1.16066e-16
 3980.6400 1.09039e-16
 3983.5965 1.26828e-16
 3986.5530 1.49251e-16
 3989.5094 1.15762e-16
 3992.4659 1.37525e-16
 3995.4224 9.85133e-17
 3998.3788 9.50583e-17
 4001.3353 1.37861e-16
 4004.2917 1.29232e-16
 4007.2482 1.37825e-16
 4010.2047 1.10536e-16
 4013.1611 1.12901e-16
 4016.1176 1.24578e-16
 4019.0740 1.09176e-16
 4022.0305 1.12960e-16
 4024.9870 1.22748e-16
 4027.9434 1.42484e-16
 4030.8999 1.07989e-16
 4033.8563 1.17695e-16
 4036.8128 1.30180e-16
 4039.7693 1.38332e-16
 4042.7257 1.48365e-16
 4045.6822 1.31997e-16
 4048.6387 1.27834e-16
 4051.5951 1.20167e-16
 4054.5516 1.26210e-16
 4057.5080 1.26545e-16
 4060.4645 1.02866e-16
 4063.4210 6.57437e-17
 4066.3774 1.00123e-16
 4069.3339 1.09973e-16
 4072.2903 1.13899e-16
 4075.2468 1.05451e-16
 4078.2033 1.10011e-16
 4081.1597 8.20067e-17
 4084.1162 1.14871e-16
 4087.0726 1.11170e-16
 4090.0291 1.06372e-16
 4092.9856 9.82090e-17
 4095.9420 1.20411e-16
 4098.8985 1.14506e-16
 4101.8550 1.19524e-16
 4104.8114 7.10391e-17
 4107.7679 1.01731e-16
 4110.7243 1.09079e-16
 4113.6808 1.20833e-16
 4116.6373 1.18465e-16
 4119.5937 1.12581e-16
 4122.5502 1.06214e-16
 4125.5067 1.28412e-16
 4128.4631 1.30145e-16
 4131.4196 1.00391e-16
 4134.3760 1.08732e-16
 4137.3325 1.02066e-16
 4140.2890 8.63895e-17
 4143.2454 1.31340e-16
 4146.2019 9.77286e-17
 4149.1583 9.65383e-17
 4152.1148 8.99839e-17
 4155.0713 9.91377e-17
 4158.0277 9.20733e-17
 4160.9842 1.23809e-16
 4163.9407 1.00140e-16
 4166.8971 1.02812e-16
 4169.8536 1.24614e-16
 4172.8100 1.08500e-16
 4175.7665 9.90804e-17
 4178.7230 1.05182e-16
 4181.6794 9.66868e-17
 4184.6359 1.25039e-16
 4187.5923 1.20813e-16
 4190.5488 1.06362e-16
 4193.5053 1.02152e-16
 4196.4617 9.79436e-17
 4199.4182 9.37343e-17
 4202.3746 8.95250e-17
 4205.3311 9.86177e-17
 4208.2876 1.16924e-16
 4211.2440 1.22449e-16
 4214.2005 1.21102e-16
 4217.1570 1.20311e-16
 4220.1134 1.10459e-16
 4223.0699 1.13033e-16
 4226.0263 1.30236e-16
 4228.9828 1.03673e-16
 4231.9393 1.06695e-16
 4234.8957 9.95340e-17
 4237.8522 1.15195e-16
 4240.8086 1.08353e-16
 4243.7651 1.11019e-16
 4246.7216 1.40049e-16
 4249.6780 1.28402e-16
 4252.6345 1.12579e-16
 4255.5910 1.14726e-16
 4258.5474 1.12837e-16
 4261.5039 1.07800e-16
 4264.4603 1.04807e-16
 4267.4168 1.20886e-16
 4270.3733 1.01294e-16
 4273.3297 1.38048e-16
 4276.2862 1.28614e-16
 4279.2426 1.07978e-16
 4282.1991 9.70981e-17
 4285.1556 1.04718e-16
 4288.1120 1.32185e-16
 4291.0685 1.05286e-16
 4294.0250 8.80856e-17
 4296.9814 1.06035e-16
 4299.9379 1.31816e-16
 4302.8943 1.27008e-16
 4305.8508 1.10999e-16
 4308.8073 9.10840e-17
 4311.7637 1.08645e-16
 4314.7202 1.30598e-16
 4317.6766 1.28309e-16
 4320.6331 1.04796e-16
 4323.5896 9.64396e-17
 4326.5460 1.03336e-16
 4329.5025 9.51858e-17
 4332.4590 9.19457e-17
 4335.4154 9.99934e-17
 4338.3719 1.10623e-16
 4341.3283 8.60867e-17
 4344.2848 8.66722e-17
 4347.2413 1.10002e-16
 4350.1977 1.12047e-16
 4353.1542 8.71199e-17
 4356.1106 8.61618e-17
 4359.0671 9.98306e-17
 4362.0236 9.17173e-17
 4364.9800 7.15414e-17
 4367.9365 8.59043e-17
 4370.8929 9.03074e-17
 4373.8494 8.67667e-17
 4376.8059 8.42108e-17
 4379.7623 7.68628e-17
 4382.7188 6.84047e-17
 4385.6753 8.14338e-17
 4388.6317 8.21530e-17
 4391.5882 8.67481e-17
 4394.5446 9.42471e-17
 4397.5011 8.71078e-17
 4400.4576 9.54432e-17
 4403.4140 1.13969e-16
 4406.3705 9.70562e-17
 4409.3269 7.95433e-17
 4412.2834 5.06940e-17
 4415.2399 8.42758e-17
 4418.1963 8.31230e-17
 4421.1528 7.52965e-17
 4424.1093 7.77472e-17
 4427.0657 8.73152e-17
 4430.0222 7.98329e-17
 4432.9786 9.08068e-17
 4435.9351 8.06017e-17
 4438.8916 8.22700e-17
 4441.8480 8.00656e-17
 4444.8045 8.10987e-17
 4447.7610 8.09564e-17
 4450.7174 8.74073e-17
 4453.6739 8.34145e-17
 4456.6303 1.01543e-16
 4459.5868 9.13685e-17
 4462.5433 8.78340e-17
 4465.4997 8.39679e-17
 4468.4562 8.28526e-17
 4471.4126 8.73510e-17
 4474.3691 9.42901e-17
 4477.3256 1.05349e-16
 4480.2820 9.75365e-17
 4483.2385 9.27818e-17
 4486.1949 9.40945e-17
 4489.1514 9.76508e-17
 4492.1079 9.70068e-17
 4495.0643 9.13918e-17
 4498.0208 1.07198e-16
 4500.9773 1.17909e-16
 4503.9337 1.11623e-16
 4506.8902 1.20961e-16
 4509.8466 1.32287e-16
 4512.8031 1.13889e-16
 4515.7596 1.16599e-16
 4518.7160 1.45681e-16
 4521.6725 1.32001e-16
 4524.6289 1.04696e-16
 4527.5854 1.37119e-16
 4530.5419 1.44589e-16
 4533.4983 1.38157e-16
 4536.4548 1.35176e-16
 4539.4112 1.42696e-16
 4542.3677 1.59177e-16
 4545.3242 1.48513e-16
 4548.2806 1.62328e-16
 4551.2371 1.63356e-16
 4554.1936 1.72344e-16
 4557.1500 1.87270e-16
 4560.1065 1.82642e-16
 4563.0629 1.68495e-16
 4566.0194 1.95703e-16
 4568.9759 2.16811e-16
 4571.9323 2.01201e-16
 4574.8888 2.16830e-16
 4577.8453 1.92867e-16
 4580.8017 1.67674e-16
 4583.7582 1.79560e-16
 4586.7146 1.89480e-16
 4589.6711 2.02685e-16
 4592.6276 2.19790e-16
 4595.5840 2.26544e-16
 4598.5405 1.98066e-16
 4601.4969 1.99227e-16
 4604.4534 2.32178e-16
 4607.4099 2.19418e-16
 4610.3663 2.28875e-16
 4613.3228 2.20677e-16
 4616.2793 2.16975e-16
 4619.2357 2.26818e-16
 4622.1922 2.16914e-16
 4625.1486 2.37294e-16
 4628.1051 2.04983e-16
 4631.0616 1.13027e-16
 4634.0180 1.57216e-16
 4636.9745 1.86449e-16
 4639.9309 2.15735e-16
 4642.8874 2.05133e-16
 4645.8439 1.90200e-16
 4648.8003 1.86844e-16
 4651.7568 1.79485e-16
 4654.7132 1.75360e-16
 4657.6697 1.49114e-16
 4660.6262 1.48746e-16
 4663.5826 1.33997e-16
 4666.5391 1.37479e-16
 4669.4956 1.30394e-16
 4672.4520 1.17975e-16
 4675.4085 1.20800e-16
 4678.3649 1.19324e-16
 4681.3214 1.31556e-16
 4684.2779 1.43145e-16
 4687.2343 1.28228e-16
 4690.1908 9.80598e-17
 4693.1472 1.14435e-16
 4696.1037 1.13745e-16
 4699.0602 1.30770e-16
 4702.0166 1.19277e-16
 4704.9731 1.06778e-16
 4707.9295 1.07286e-16
 4710.8860 9.50520e-17
 4713.8425 1.04332e-16
 4716.7989 1.14906e-16
 4719.7554 1.05102e-16
 4722.7119 9.58594e-17
 4725.6683 9.47006e-17
 4728.6248 1.00430e-16
 4731.5812 1.01662e-16
 4734.5377 8.99232e-17
 4737.4942 9.29153e-17
 4740.4506 8.70355e-17
 4743.4071 9.31290e-17
 4746.3636 8.43795e-17
 4749.3200 7.91167e-17
 4752.2765 1.03097e-16
 4755.2329 1.01061e-16
 4758.1894 9.48790e-17
 4761.1459 1.15759e-16
 4764.1023 1.17616e-16
 4767.0588 9.09064e-17
 4770.0152 9.00288e-17
 4772.9717 1.00786e-16
 4775.9282 1.15463e-16
 4778.8846 1.10125e-16
 4781.8411 1.05375e-16
 4784.7976 1.11593e-16
 4787.7540 1.14622e-16
 4790.7105 1.19168e-16
 4793.6669 1.06441e-16
 4796.6234 1.12898e-16
 4799.5799 1.23250e-16
 4802.5363 1.03200e-16
 4805.4928 1.24035e-16
 4808.4492 9.75688e-17
 4811.4057 9.16439e-17
 4814.3622 1.02955e-16
 4817.3186 1.09886e-16
 4820.2751 1.05349e-16
 4823.2315 1.04225e-16
 4826.1880 1.08025e-16
 4829.1445 1.07648e-16
 4832.1009 1.00253e-16
 4835.0574 1.02454e-16
 4838.0139 9.44018e-17
 4840.9703 1.04043e-16
 4843.9268 1.19891e-16
 4846.8832 1.24411e-16
 4849.8397 9.87610e-17
 4852.7962 1.09551e-16
 4855.7526 1.10153e-16
 4858.7091 9.63797e-17
 4861.6655 1.12066e-16
 4864.6220 9.99734e-17
 4867.5785 1.02218e-16
 4870.5349 1.10840e-16
 4873.4914 9.65652e-17
 4876.4479 1.20777e-16
 4879.4043 1.15585e-16
 4882.3608 1.27831e-16
 4885.3172 1.36888e-16
 4888.2737 1.17202e-16
 4891.2302 1.18792e-16
 4894.1866 1.35529e-16
 4897.1431 1.02371e-16
 4900.0995 1.02466e-16
 4903.0560 1.32583e-16
 4906.0125 1.33662e-16
 4908.9689 1.33424e-16
 4911.9254 1.52675e-16
 4914.8819 1.43740e-16
 4917.8383 1.28178e-16
 4920.7948 1.33125e-16
 4923.7512 1.17716e-16
 4926.7077 1.26447e-16
 4929.6642 1.39565e-16
 4932.6206 1.28357e-16
 4935.5771 1.43071e-16
 4938.5335 1.28501e-16
 4941.4900 1.32343e-16
 4944.4465 1.30845e-16
 4947.4029 1.37709e-16
 4950.3594 1.08530e-16
 4953.3159 1.12248e-16
 4956.2723 1.28951e-16
 4959.2288 1.16628e-16
 4962.1852 1.17681e-16
 4965.1417 1.11379e-16
 4968.0982 1.14053e-16
 4971.0546 1.17666e-16
 4974.0111 1.07962e-16
 4976.9675 1.05362e-16
 4979.9240 1.14799e-16
 4982.8805 1.28148e-16
 4985.8369 1.19501e-16
 4988.7934 1.08664e-16
 4991.7498 9.11528e-17
 4994.7063 9.37260e-17
 4997.6628 1.08949e-16
 5000.6192 1.15351e-16
 5003.5757 1.23470e-16
 5006.5322 1.10740e-16
 5009.4886 8.07815e-17
 5012.4451 8.78999e-17
 5015.4015 1.15846e-16
 5018.3580 1.04367e-16
 5021.3145 1.04284e-16
 5024.2709 1.07288e-16
 5027.2274 1.03018e-16
 5030.1838 8.04487e-17
 5033.1403 9.68281e-17
 5036.0968 8.92399e-17
 5039.0532 9.26003e-17
 5042.0097 1.02722e-16
 5044.9662 1.04933e-16
 5047.9226 9.24849e-17
 5050.8791 8.16053e-17
 5053.8355 1.05590e-16
 5056.7920 1.02686e-16
 5059.7485 7.68826e-17
 5062.7049 9.47772e-17
 5065.6614 8.84163e-17
 5068.6179 1.03373e-16
 5071.5743 1.05645e-16
 5074.5308 9.91730e-17
 5077.4872 1.03056e-16
 5080.4437 1.00624e-16
 5083.4002 9.64863e-17
 5086.3566 1.09929e-16
 5089.3131 9.75580e-17
 5092.2695 9.24849e-17
 5095.2260 9.65432e-17
 5098.1825 8.83001e-17
 5101.1389 8.63186e-17
 5104.0954 9.42388e-17
 5107.0518 9.68124e-17
 5110.0083 8.76465e-17
 5112.9648 8.91064e-17
 5115.9212 9.82174e-17
 5118.8777 8.05931e-17
 5121.8342 1.04604e-16
 5124.7906 1.06358e-16
 5127.7471 7.32573e-17
 5130.7035 9.66880e-17
 5133.6600 1.00270e-16
 5136.6165 1.06112e-16
 5139.5729 1.09963e-16
 5142.5294 9.82932e-17
 5145.4858 1.01599e-16
 5148.4423 9.09066e-17
 5151.3988 1.11443e-16
 5154.3552 1.17251e-16
 5157.3117 8.94034e-17
 5160.2681 9.47275e-17
 5163.2246 1.10815e-16
 5166.1811 1.12887e-16
 5169.1375 1.24650e-16
 5172.0940 1.27079e-16
 5175.0505 1.14655e-16
 5178.0069 1.09015e-16
 5180.9634 1.18981e-16
 5183.9198 1.13908e-16
 5186.8763 1.28301e-16
 5189.8328 1.23377e-16
 5192.7892 1.41097e-16
 5195.7457 1.47038e-16
 5198.7021 1.45036e-16
 5201.6586 1.38470e-16
 5204.6151 1.45658e-16
 5207.5715 1.35611e-16
 5210.5280 1.68748e-16
 5213.4845 1.49173e-16
 5216.4409 1.58547e-16
 5219.3974 1.65649e-16
 5222.3538 1.61237e-16
 5225.3103 1.66710e-16
 5228.2668 1.41009e-16
 5231.2232 1.35191e-16
 5234.1797 1.55946e-16
 5237.1362 1.91952e-16
 5240.0926 1.70727e-16
 5243.0491 1.62292e-16
 5246.0055 1.70770e-16
 5248.9620 1.92053e-16
 5251.9185 1.79309e-16
 5254.8749 1.88972e-16
 5257.8314 1.71763e-16
 5260.7878 1.73264e-16
 5263.7443 1.82346e-16
 5266.7008 1.96023e-16
 5269.6572 1.80875e-16
 5272.6137 1.85481e-16
 5275.5701 1.62486e-16
 5278.5266 1.41556e-16
 5281.4831 1.59187e-16
 5284.4395 1.71974e-16
 5287.3960 1.74165e-16
 5290.3525 1.80972e-16
 5293.3089 1.92073e-16
 5296.2654 1.55029e-16
 5299.2218 1.63127e-16
 5302.1783 1.63229e-16
 5305.1348 1.57501e-16
 5308.0912 1.80565e-16
 5311.0477 1.87702e-16
 5314.0041 2.04750e-16
 5316.9606 1.67943e-16
 5319.9171 1.28325e-16
 5322.8735 1.66936e-16
 5325.8300 1.70897e-16
 5328.7864 1.52626e-16
 5331.7429 1.67007e-16
 5334.6994 1.55107e-16
 5337.6558 1.85405e-16
 5340.6123 1.70712e-16
 5343.5688 1.74580e-16
 5346.5252 1.57860e-16
 5349.4817 1.40487e-16
 5352.4381 1.51130e-16
 5355.3946 1.48613e-16
 5358.3511 1.49665e-16
 5361.3075 1.41608e-16
 5364.2640 1.45356e-16
 5367.2204 1.70485e-16
 5370.1769 1.54157e-16
 5373.1334 1.43100e-16
 5376.0898 1.42623e-16
 5379.0463 1.53456e-16
 5382.0028 1.81045e-16
 5384.9592 1.64655e-16
 5387.9157 1.63736e-16
 5390.8721 1.60148e-16
 5393.8286 1.58203e-16
 5396.7851 1.72717e-16
 5399.7415 1.81280e-16
 5402.6980 1.71748e-16
 5405.6545 1.61984e-16
 5408.6109 1.70070e-16
 5411.5674 1.66161e-16
 5414.5238 1.74986e-16
 5417.4803 1.75659e-16
 5420.4368 2.29395e-16
 5423.3932 1.48195e-16
 5426.3497 1.20943e-16
 5429.3061 1.47875e-16
 5432.2626 1.64481e-16
 5435.2191 1.87316e-16
 5438.1755 1.64717e-16
 5441.1320 1.67700e-16
 5444.0884 1.65846e-16
 5447.0449 1.41780e-16
 5450.0014 1.37423e-16
 5452.9578 1.38637e-16
 5455.9143 1.57223e-16
 5458.8708 1.70539e-16
 5461.8272 1.50930e-16
 5464.7837 1.59144e-16
 5467.7401 1.61042e-16
 5470.6966 1.48312e-16
 5473.6531 1.28560e-16
 5476.6095 1.31028e-16
 5479.5660 1.52630e-16
 5482.5224 1.46416e-16
 5485.4789 1.46136e-16
 5488.4354 1.32578e-16
 5491.3918 1.27848e-16
 5494.3483 1.30414e-16
 5497.3048 1.48847e-16
 5500.2612 1.53871e-16
 5503.2177 1.41994e-16
 5506.1741 1.27574e-16
 5509.1306 1.38181e-16
 5512.0871 1.58653e-16
 5515.0435 1.45116e-16
 5518.0000 1.21113e-16
 5520.9564 1.32781e-16
 5523.9129 1.54739e-16
 5526.8694 1.26180e-16
 5529.8258 1.46163e-16
 5532.7823 1.58181e-16
 5535.7388 1.39608e-16
 5538.6952 1.25477e-16
 5541.6517 1.18689e-16
 5544.6081 1.24430e-16
 5547.5646 1.50774e-16
 5550.5211 1.15601e-16
 5553.4775 1.09547e-16
 5556.4340 1.27779e-16
 5559.3904 1.31953e-16
 5562.3469 1.27015e-16
 5565.3034 1.25678e-16
 5568.2598 1.16715e-16
 5571.2163 1.12732e-16
 5574.1728 1.24189e-16
 5577.1292 1.21261e-16
 5580.0857 1.38717e-16
 5583.0421 1.00849e-16
 5585.9986 1.21396e-16
 5588.9551 1.18828e-16
 5591.9115 1.10331e-16
 5594.8680 1.12621e-16
 5597.8244 1.22159e-16
 5600.7809 1.04918e-16
 5603.7374 1.03884e-16
 5606.6938 1.00182e-16
 5609.6503 1.03382e-16
 5612.6067 1.09387e-16
 5615.5632 9.78674e-17
 5618.5197 1.21070e-16
 5621.4761 9.83272e-17
 5624.4326 1.21678e-16
 5627.3891 1.17023e-16
 5630.3455 1.11239e-16
 5633.3020 1.06301e-16
 5636.2584 1.05088e-16
 5639.2149 9.69960e-17
 5642.1714 1.05405e-16
 5645.1278 1.14955e-16
 5648.0843 9.93320e-17
 5651.0407 9.41400e-17
 5653.9972 9.62347e-17
 5656.9537 9.55976e-17
 5659.9101 1.01844e-16
 5662.8666 8.57583e-17
 5665.8231 8.77293e-17
 5668.7795 1.12929e-16
 5671.7360 9.81782e-17
 5674.6924 1.04488e-16
 5677.6489 9.52658e-17
 5680.6054 1.02181e-16
 5683.5618 1.07357e-16
 5686.5183 9.11095e-17
 5689.4747 8.45678e-17
 5692.4312 9.21569e-17
 5695.3877 9.97574e-17
 5698.3441 1.10270e-16
 5701.3006 1.12966e-16
 5704.2571 9.48401e-17
 5707.2135 9.83890e-17
 5710.1700 9.69394e-17
 5713.1264 9.71983e-17
 5716.0829 1.08158e-16
 5719.0394 9.19665e-17
 5721.9958 1.00669e-16
 5724.9523 1.08706e-16
 5727.9087 9.13050e-17
 5730.8652 7.12633e-17
 5733.8217 8.74818e-17
 5736.7781 8.15372e-17
 5739.7346 8.28617e-17
 5742.6911 9.56326e-17
 5745.6475 9.17724e-17
 5748.6040 9.07379e-17
 5751.5604 1.03132e-16
 5754.5169 1.03849e-16
 5757.4734 9.49541e-17
 5760.4298 9.01917e-17
 5763.3863 8.89331e-17
 5766.3427 1.02469e-16
 5769.2992 1.06454e-16
 5772.2557 9.58420e-17
 5775.2121 9.36296e-17
 5778.1686 8.98671e-17
 5781.1250 1.02121e-16
 5784.0815 1.01050e-16
 5787.0380 9.77264e-17
 5789.9944 9.83118e-17
 5792.9509 8.87123e-17
 5795.9074 9.84625e-17
 5798.8638 1.02908e-16
 5801.8203 1.16659e-16
 5804.7767 1.21296e-16
 5807.7332 1.22365e-16
 5810.6897 1.18708e-16
 5813.6461 1.00014e-16
 5816.6026 1.00341e-16
 5819.5590 1.05131e-16
 5822.5155 1.18283e-16
 5825.4720 1.19973e-16
 5828.4284 1.07762e-16
 5831.3849 1.22743e-16
 5834.3414 1.20119e-16
 5837.2978 1.06413e-16
 5840.2543 1.24729e-16
 5843.2107 1.30491e-16
 5846.1672 1.29881e-16
 5849.1237 1.22461e-16
 5852.0801 1.34606e-16
 5855.0366 1.14717e-16
 5857.9931 1.01132e-16
 5860.9495 1.06997e-16
 5863.9060 1.11625e-16
 5866.8624 1.16886e-16
 5869.8189 1.22213e-16
 5872.7754 1.28923e-16
 5875.7318 1.27854e-16
 5878.6883 1.37651e-16
 5881.6447 1.29804e-16
 5884.6012 1.34042e-16
 5887.5577 1.51728e-16
 5890.5141 1.46441e-16
 5893.4706 1.38729e-16
 5896.4270 1.52380e-16
 5899.3835 1.36417e-16
 5902.3400 1.26716e-16
 5905.2964 1.24960e-16
 5908.2529 1.34613e-16
 5911.2094 1.55316e-16
 5914.1658 1.33794e-16
 5917.1223 1.28103e-16
 5920.0787 1.52596e-16
 5923.0352 1.34200e-16
 5925.9917 1.30965e-16
 5928.9481 1.33787e-16
 5931.9046 1.43153e-16
 5934.8610 1.11634e-16
 5937.8175 1.30462e-16
 5940.7740 1.28532e-16
 5943.7304 1.33515e-16
 5946.6869 1.34486e-16
 5949.6434 1.42157e-16
 5952.5998 1.22686e-16
 5955.5563 1.21284e-16
 5958.5127 1.39856e-16
 5961.4692 1.37663e-16
 5964.4257 1.24893e-16
 5967.3821 1.24024e-16
 5970.3386 1.01405e-16
 5973.2950 1.18793e-16
 5976.2515 1.38079e-16
 5979.2080 1.32843e-16
 5982.1644 1.34433e-16
 5985.1209 1.07082e-16
 5988.0773 1.04136e-16
 5991.0338 1.10251e-16
 5993.9903 1.06014e-16
 5996.9467 1.12369e-16
 5999.9032 1.07569e-16
 6002.8597 1.09002e-16
 6005.8161 1.08921e-16
 6008.7726 1.15270e-16
 6011.7290 1.33426e-16
 6014.6855 1.12677e-16
 6017.6420 1.14318e-16
 6020.5984 1.20634e-16
 6023.5549 6.98680e-17
 6026.5114 1.16939e-16
 6029.4678 1.21170e-16
 6032.4243 1.09764e-16
 6035.3807 5.66907e-17
 6038.3372 1.32597e-16
 6041.2937 1.15288e-16
 6044.2501 1.00083e-16
 6047.2066 9.06230e-17
 6050.1630 9.24342e-17
 6053.1195 9.79862e-17
 6056.0760 9.40186e-17
 6059.0324 1.07800e-16
 6061.9889 9.06235e-17
 6064.9453 8.70932e-17
 6067.9018 6.90912e-17
 6070.8583 6.68517e-17
 6073.8147 7.50776e-17
 6076.7712 8.46082e-17
 6079.7277 9.58048e-17
 6082.6841 8.65976e-17
 6085.6406 7.08122e-17
 6088.5970 8.07468e-17
 6091.5535 6.92600e-17
 6094.5100 5.71444e-17
 6097.4664 7.74958e-17
 6100.4229 5.77236e-17
 6103.3793 6.44681e-17
 6106.3358 7.19441e-17
 6109.2923 5.29935e-17
 6112.2487 5.89408e-17
 6115.2052 6.11667e-17
 6118.1617 5.78668e-17
 6121.1181 6.05577e-17
 6124.0746 6.32490e-17
 6127.0310 6.59403e-17
 6129.9875 6.86316e-17
 6132.9440 7.13228e-17
 6135.9004 7.40137e-17
 6138.8569 6.11508e-17
 6141.8133 6.04982e-17
 6144.7698 6.43274e-17
 6147.7263 7.17036e-17
 6150.6827 6.55374e-17
 6153.6392 5.92413e-17
 6156.5956 5.85056e-17
 6159.5521 6.17815e-17
 6162.5086 6.34079e-17
 6165.4650 7.17654e-17
 6168.4215 6.73366e-17
 6171.3780 5.04579e-17
 6174.3344 7.58328e-17
 6177.2909 7.09271e-17
 6180.2473 6.49926e-17
 6183.2038 7.64586e-17
 6186.1603 7.58788e-17
 6189.1167 7.62359e-17
 6192.0732 7.65929e-17
 6195.0297 5.48362e-17
 6197.9861 6.15417e-17
 6200.9426 7.16742e-17
 6203.8990 7.04491e-17
 6206.8555 6.66023e-17
 6209.8120 7.75506e-17
 6212.7684 7.36650e-17
 6215.7249 6.90720e-17
 6218.6813 8.37449e-17
 6221.6378 8.53726e-17
 6224.5943 8.99028e-17
 6227.5507 8.28015e-17
 6230.5072 7.55695e-17
 6233.4636 8.64134e-17
 6236.4201 8.91763e-17
 6239.3766 9.46287e-17
 6242.3330 8.15999e-17
 6245.2895 8.92047e-17
 6248.2460 9.32302e-17
 6251.2024 9.66131e-17
 6254.1589 1.14269e-16
 6257.1153 9.52070e-17
 6260.0718 9.45655e-17
 6263.0283 1.05580e-16
 6265.9847 8.96208e-17
 6268.9412 9.83351e-17
 6271.8976 1.08593e-16
 6274.8541 1.08686e-16
 6277.8106 1.03113e-16
 6280.7670 1.14305e-16
 6283.7235 1.09542e-16
 6286.6800 9.29548e-17
 6289.6364 1.16270e-16
 6292.5929 1.25166e-16
 6295.5493 1.19696e-16
 6298.5058 1.08228e-16
 6301.4623 8.92567e-17
 6304.4187 1.15049e-16
 6307.3752 1.16615e-16
 6310.3316 1.19324e-16
 6313.2881 1.10251e-16
 6316.2446 1.13417e-16
 6319.2010 1.11188e-16
 6322.1575 9.70812e-17
 6325.1139 1.05955e-16
 6328.0704 1.09032e-16
 6331.0269 1.06547e-16
 6333.9833 1.10618e-16
 6336.9398 1.13963e-16
 6339.8963 1.08848e-16
 6342.8527 9.99822e-17
 6345.8092 1.20635e-16
 6348.7656 9.74016e-17
 6351.7221 1.20400e-16
 6354.6786 1.09909e-16
 6357.6350 1.05582e-16
 6360.5915 1.22947e-16
 6363.5480 1.17593e-16
 6366.5044 1.24146e-16
 6369.4609 1.21567e-16
 6372.4173 1.22470e-16
 6375.3738 1.00429e-16
 6378.3303 8.78033e-17
 6381.2867 1.10090e-16
 6384.2432 1.04035e-16
 6387.1996 1.13780e-16
 6390.1561 1.37111e-16
 6393.1126 1.34084e-16
 6396.0690 1.14559e-16
 6399.0255 1.10363e-16
 6401.9819 1.18764e-16
 6404.9384 1.15753e-16
 6407.8949 1.08811e-16
 6410.8513 1.05126e-16
 6413.8078 1.13800e-16
 6416.7643 1.04259e-16
 6419.7207 1.06732e-16
 6422.6772 1.38872e-16
 6425.6336 1.27854e-16
 6428.5901 1.21664e-16
 6431.5466 1.35567e-16
 6434.5030 1.22478e-16
 6437.4595 1.08157e-16
 6440.4159 1.11131e-16
 6443.3724 1.27984e-16
 6446.3289 1.09987e-16
 6449.2853 1.11745e-16
 6452.2418 1.35111e-16
 6455.1983 1.24483e-16
 6458.1547 1.01090e-16
 6461.1112 1.13356e-16
 6464.0676 1.27193e-16
 6467.0241 1.11517e-16
 6469.9806 1.04804e-16
 6472.9370 1.10705e-16
 6475.8935 1.20796e-16
 6478.8499 1.16387e-16
 6481.8064 1.10123e-16
 6484.7629 1.03648e-16
 6487.7193 1.18734e-16
 6490.6758 1.23688e-16
 6493.6322 1.15440e-16
 6496.5887 1.15774e-16
 6499.5452 1.10656e-16
 6502.5016 9.60057e-17
 6505.4581 1.01548e-16
 6508.4146 1.15131e-16
 6511.3710 1.20449e-16
 6514.3275 1.43518e-16
 6517.2839 1.03689e-16
 6520.2404 1.04272e-16
 6523.1969 1.16525e-16
 6526.1533 1.21646e-16
 6529.1098 1.14002e-16
 6532.0663 1.07614e-16
 6535.0227 1.22780e-16
 6537.9792 1.00342e-16
 6540.9356 1.05338e-16
 6543.8921 1.03528e-16
 6546.8486 1.09693e-16
 6549.8050 1.06340e-16
 6552.7615 1.07684e-16
 6555.7179 9.36442e-17
 6558.6744 9.74012e-17
 6561.6309 9.62578e-17
 6564.5873 8.51751e-17
 6567.5438 1.03204e-16
 6570.5003 1.18926e-16
 6573.4567 1.13671e-16
 6576.4132 1.15677e-16
 6579.3696 1.08193e-16
 6582.3261 1.01774e-16
 6585.2826 1.14880e-16
 6588.2390 1.06536e-16
 6591.1955 1.07815e-16
 6594.1519 1.12865e-16
 6597.1084 9.82626e-17
 6600.0649 1.00818e-16
 6603.0213 9.21094e-17
 6605.9778 1.18047e-16
 6608.9342 1.04478e-16
 6611.8907 8.76602e-17
 6614.8472 9.63051e-17
 6617.8036 8.82611e-17
 6620.7601 9.15962e-17
 6623.7166 8.24017e-17
 6626.6730 7.32912e-17
 6629.6295 8.02459e-17
 6632.5859 8.70604e-17
 6635.5424 9.88274e-17
 6638.4989 1.04338e-16
 6641.4553 8.19572e-17
 6644.4118 9.11961e-17
 6647.3682 1.03104e-16
 6650.3247 8.90610e-17
 6653.2812 7.96725e-17
 6656.2376 9.17618e-17
 6659.1941 9.69535e-17
 6662.1506 7.49471e-17
 6665.1070 8.66653e-17
 6668.0635 8.32163e-17
 6671.0199 8.64155e-17
 6673.9764 8.82809e-17
 6676.9329 1.02525e-16
 6679.8893 9.51384e-17
 6682.8458 9.33074e-17
 6685.8022 7.81065e-17
 6688.7587 8.12165e-17
 6691.7152 8.79330e-17
 6694.6716 7.34882e-17
 6697.6281 6.99314e-17
 6700.5846 6.94664e-17
 6703.5410 8.13028e-17
 6706.4975 9.23974e-17
 6709.4539 9.20074e-17
 6712.4104 9.07158e-17
 6715.3669 9.19855e-17
 6718.3233 9.00341e-17
 6721.2798 7.92824e-17
 6724.2362 8.56595e-17
 6727.1927 8.64004e-17
 6730.1492 8.94988e-17
 6733.1056 7.24839e-17
 6736.0621 6.42511e-17
 6739.0186 7.84146e-17
 6741.9750 8.51110e-17
 6744.9315 8.01213e-17
 6747.8879 8.25079e-17
 6750.8444 6.97787e-17
 6753.8009 8.58495e-17
 6756.7573 7.64048e-17
 6759.7138 7.49895e-17
 6762.6702 8.06390e-17
 6765.6267 7.01323e-17
 6768.5832 7.49225e-17
 6771.5396 7.57762e-17
 6774.4961 6.01814e-17
 6777.4525 6.56698e-17
 6780.4090 6.47162e-17
 6783.3655 6.24116e-17
 6786.3219 8.70421e-17
 6789.2784 7.69928e-17
 6792.2349 6.20044e-17
 6795.1913 7.21108e-17
 6798.1478 8.21669e-17
 6801.1042 7.54539e-17
 6804.0607 6.71171e-17
 6807.0172 6.79149e-17
 6809.9736 5.81948e-17
 6812.9301 7.98566e-17
 6815.8866 8.72249e-17
 6818.8430 6.46252e-17
 6821.7995 6.48141e-17
 6824.7559 7.76371e-17
 6827.7124 6.16146e-17
 6830.6689 5.39969e-17
 6833.6253 6.55009e-17
 6836.5818 6.64614e-17
 6839.5382 6.60422e-17
 6842.4947 7.62392e-17
 6845.4512 7.50324e-17
 6848.4076 6.58113e-17
 6851.3641 7.61453e-17
 6854.3205 7.58511e-17
 6857.2770 7.30786e-17
 6860.2335 6.46813e-17
 6863.1899 6.34585e-17
 6866.1464 8.58213e-17
 6869.1029 7.18806e-17
 6872.0593 7.44689e-17
 6875.0158 6.93619e-17
 6877.9722 6.38842e-17
 6880.9287 6.27706e-17
 6883.8852 6.80397e-17
 6886.8416 6.79732e-17
 6889.7981 7.38356e-17
 6892.7545 6.60087e-17
 6895.7110 6.22193e-17
 6898.6675 5.61178e-17
 6901.6239 6.34894e-17
 6904.5804 6.71167e-17
 6907.5369 6.28796e-17
 6910.4933 7.42346e-17
 6913.4498 8.21536e-17
 6916.4062 6.69223e-17
 6919.3627 6.16014e-17
 6922.3192 6.24804e-17
 6925.2756 6.99871e-17
 6928.2321 6.58621e-17
 6931.1885 6.95795e-17
 6934.1450 6.05225e-17
 6937.1015 7.03135e-17
 6940.0579 6.95207e-17
 6943.0144 7.03319e-17
 6945.9708 7.75451e-17
 6948.9273 6.54751e-17
 6951.8838 6.45058e-17
 6954.8402 4.77079e-17
 6957.7967 6.67136e-17
 6960.7532 6.78594e-17
 6963.7096 7.42005e-17
 6966.6661 6.45966e-17
 6969.6225 6.17554e-17
 6972.5790 6.43104e-17
 6975.5355 7.05346e-17
 6978.4919 7.09274e-17
 6981.4484 5.48220e-17
 6984.4049 6.39000e-17
 6987.3613 7.50220e-17
 6990.3178 5.87752e-17
 6993.2742 6.25435e-17
 6996.2307 5.49193e-17
 6999.1872 6.52624e-17
 7002.1436 7.37006e-17
 7005.1001 6.67219e-17
 7008.0565 6.09171e-17
 7011.0130 5.91201e-17
 7013.9695 8.18400e-17
 7016.9259 8.62437e-17
 7019.8824 7.69913e-17
 7022.8389 8.84307e-17
 7025.7953 5.77631e-17
 7028.7518 6.37111e-17
 7031.7082 6.16927e-17
 7034.6647 6.83679e-17
 7037.6212 5.59795e-17
 7040.5776 4.54489e-17
 7043.5341 5.11245e-17
 7046.4905 6.39087e-17
 7049.4470 6.60630e-17
 7052.4035 6.29965e-17
 7055.3599 6.22785e-17
 7058.3164 6.96079e-17
 7061.2728 7.69152e-17
 7064.2293 7.18343e-17
 7067.1858 5.36669e-17
 7070.1422 5.15788e-17
 7073.0987 4.98451e-17
 7076.0552 5.66837e-17
 7079.0116 6.72842e-17
 7081.9681 7.47791e-17
 7084.9245 5.31312e-17
 7087.8810 7.09315e-17
 7090.8375 7.13738e-17
 7093.7939 5.60651e-17
 7096.7504 5.40533e-17
 7099.7068 6.06573e-17
 7102.6633 6.27765e-17
 7105.6198 5.91298e-17
 7108.5762 5.71757e-17
 7111.5327 7.14526e-17
 7114.4891 8.93210e-17
 7117.4456 7.83376e-17
 7120.4021 6.45791e-17
 7123.3585 5.91253e-17
 7126.3150 6.29648e-17
 7129.2715 6.00663e-17
 7132.2279 6.63545e-17
 7135.1844 8.18275e-17
 7138.1408 4.23179e-17
 7141.0973 6.76030e-17
 7144.0538 6.24109e-17
 7147.0102 6.54157e-17
 7149.9667 6.02926e-17
 7152.9232 7.20988e-17
 7155.8796 7.20401e-17
 7158.8361 7.53350e-17
 7161.7925 6.96072e-17
 7164.7490 6.34854e-17
 7167.7055 7.07787e-17
 7170.6619 6.53161e-17
 7173.6184 6.65629e-17
 7176.5748 7.14493e-17
 7179.5313 6.70041e-17
 7182.4878 7.36236e-17
 7185.4442 7.08571e-17
 7188.4007 5.60478e-17
 7191.3572 5.27437e-17
 7194.3136 6.41206e-17
 7197.2701 5.13958e-17
 7200.2265 5.56820e-17
 7203.1830 7.09774e-17
 7206.1395 6.76507e-17
 7209.0959 6.69958e-17
 7212.0524 6.36298e-17
 7215.0088 8.71266e-17
 7217.9653 5.97178e-17
 7220.9218 7.16220e-17
 7223.8782 7.06680e-17
 7226.8347 6.47730e-17
 7229.7911 6.48371e-17
 7232.7476 5.14720e-17
 7235.7041 6.56840e-17
 7238.6605 7.94974e-17
 7241.6170 6.13281e-17
 7244.5735 5.94990e-17
 7247.5299 6.22613e-17
 7250.4864 5.71240e-17
 7253.4428 7.92801e-17
 7256.3993 7.52639e-17
 7259.3558 4.98476e-17
 7262.3122 4.60506e-17
 7265.2687 7.14747e-17
 7268.2251 6.78574e-17
 7271.1816 6.42520e-17
 7274.1381 7.71976e-17
 7277.0945 8.55778e-17
 7280.0510 6.83255e-17
 7283.0074 7.23048e-17
 7285.9639 5.58437e-17
 7288.9204 5.25905e-17
 7291.8768 5.95922e-17
 7294.8333 5.43777e-17
 7297.7898 6.31953e-17
 7300.7462 8.16367e-17
 7303.7027 6.55925e-17
 7306.6591 6.77756e-17
 7309.6156 7.38526e-17
 7312.5721 6.80183e-17
 7315.5285 8.05007e-17
 7318.4850 5.45429e-17
 7321.4415 6.07228e-17
 7324.3979 6.07856e-17
 7327.3544 5.22947e-17
 7330.3108 5.93542e-17
 7333.2673 6.69560e-17
 7336.2238 7.16708e-17
 7339.1802 7.24107e-17
 7342.1367 6.64925e-17
 7345.0931 5.76439e-17
 7348.0496 4.99834e-17
 7351.0061 4.81171e-17
 7353.9625 5.34940e-17
 7356.9190 6.01912e-17
 7359.8755 6.82117e-17
 7362.8319 7.87641e-17
 7365.7884 7.01177e-17
 7368.7448 6.87801e-17
 7371.7013 5.73399e-17
 7374.6578 5.36467e-17
 7377.6142 7.09686e-17
 7380.5707 5.89123e-17
 7383.5271 6.28422e-17
 7386.4836 5.38176e-17
 7389.4401 1.66430e-17
 7392.3965 4.63318e-17
 7395.3530 3.41445e-17
 7398.3094 4.30783e-17
 7401.2659 5.53365e-17
 7404.2224 5.28228e-17
 7407.1788 5.81018e-17
 7410.1353 5.75962e-17
 7413.0918 3.95308e-17
 7416.0482 6.61788e-17
 7419.0047 5.19942e-17
 7421.9611 5.41781e-17
 7424.9176 3.37135e-17
 7427.8741 5.36548e-17
 7430.8305 5.26163e-17
 7433.7870 6.01737e-17
 7436.7434 5.53990e-17
 7439.6999 6.41550e-17
 7442.6564 7.65514e-17
 7445.6128 5.69490e-17
 7448.5693 6.43987e-17
 7451.5258 7.08727e-17
 7454.4822 5.81318e-17
 7457.4387 6.20265e-17
 7460.3951 5.87009e-17
 7463.3516 4.59824e-17
 7466.3081 5.65020e-17
 7469.2645 4.85128e-17
 7472.2210 4.43043e-17
 7475.1774 4.43898e-17
 7478.1339 5.07507e-17
 7481.0904 5.00682e-17
 7484.0468 5.86657e-17
 7487.0033 4.68207e-17
 7489.9598 5.34620e-17
 7492.9162 5.30001e-17
 7495.8727 5.86377e-17
 7498.8291 8.66446e-17
 7501.7856 4.50009e-17
 7504.7421 2.67732e-17
 7507.6985 4.54238e-17
 7510.6550 8.86739e-17
 7513.6114 8.67350e-17
 7516.5679 6.62935e-17
 7519.5244 4.21168e-17
 7522.4808 4.61562e-17
 7525.4373 6.21208e-17
 7528.3938 6.49736e-17
 7531.3502 7.28895e-17
 7534.3067 7.65855e-17
 7537.2631 5.39125e-17
 7540.2196 5.08118e-17
 7543.1761 4.56183e-17
 7546.1325 5.01235e-17
 7549.0890 7.02904e-17
 7552.0454 7.15366e-17
 7555.0019 6.63327e-17
 7557.9584 7.38554e-17
 7560.9148 8.54602e-17
 7563.8713 5.45688e-17
 7566.8277 5.99175e-17
 7569.7842 6.94096e-17
 7572.7407 6.85248e-17
 7575.6971 6.78137e-17
 7578.6536 5.84245e-17
 7581.6101 7.58623e-17
 7584.5665 6.26852e-17
 7587.5230 6.45458e-17
 7590.4794 6.05236e-17
 7593.4359 5.16224e-17
 7596.3924 7.32899e-17
 7599.3488 4.53905e-17
 7602.3053 4.62020e-17
 7605.2617 5.28926e-17
 7608.2182 7.31805e-17
 7611.1747 7.01368e-17
 7614.1311 7.01141e-17
 7617.0876 7.17879e-17
 7620.0441 7.08461e-17
 7623.0005 7.12486e-17
 7625.9570 5.91954e-17
 7628.9134 5.41453e-17
 7631.8699 6.83885e-17
 7634.8264 7.98701e-17
 7637.7828 6.32539e-17
 7640.7393 6.19297e-17
 7643.6958 6.56295e-17
 7646.6522 5.72400e-17
 7649.6087 8.00825e-17
 7652.5651 4.84122e-17
 7655.5216 3.35479e-17
 7658.4781 5.04694e-17
 7661.4345 6.20817e-17
 7664.3910 5.94378e-17
 7667.3474 4.78719e-17
 7670.3039 5.20608e-17
 7673.2604 4.27172e-17
 7676.2168 4.38760e-17
 7679.1733 4.50350e-17
 7682.1297 4.61940e-17
 7685.0862 4.73530e-17
 7688.0427 4.85119e-17
 7690.9991 4.96708e-17
 7693.9556 5.08298e-17
 7696.9121 5.19887e-17
 7699.8685 5.47807e-17
 7702.8250 7.13035e-17
 7705.7814 4.61086e-17
 7708.7379 5.07606e-17
 7711.6944 5.12148e-17
 7714.6508 5.69962e-17
 7717.6073 5.51484e-17
 7720.5637 5.29708e-17
 7723.5202 5.49496e-17
 7726.4767 5.10237e-17
 7729.4331 7.74332e-17
 7732.3896 6.96451e-17
 7735.3460 5.35471e-17
 7738.3025 7.13517e-17
 7741.2590 8.39411e-17
 7744.2154 8.80121e-17
 7747.1719 5.17062e-17
 7750.1284 4.82676e-17
 7753.0848 7.35337e-17
 7756.0413 8.87279e-17
 7758.9977 3.73105e-17
 7761.9542 5.76144e-17
 7764.9107 7.71875e-17
 7767.8671 8.18301e-17
 7770.8236 8.37072e-17
 7773.7800 5.89013e-17
 7776.7365 6.24821e-17
 7779.6930 4.48642e-17
 7782.6494 4.48709e-17
 7785.6059 8.01965e-17
 7788.5624 8.12966e-17
 7791.5188 6.93550e-17
 7794.4753 7.11325e-17
 7797.4317 7.45432e-17
 7800.3882 6.69624e-17
 7803.3447 7.29375e-17
 7806.3011 7.34301e-17
 7809.2576 8.09447e-17
 7812.2141 7.80133e-17
 7815.1705 8.40191e-17
 7818.1270 6.66500e-17
 7821.0834 7.38213e-17
 7824.0399 7.08823e-17
 7826.9964 4.11281e-17
 7829.9528 5.59602e-17
 7832.9093 6.37663e-17
 7835.8657 4.40501e-17
 7838.8222 6.46538e-17
 7841.7787 5.15880e-17
 7844.7351 5.02938e-17
 7847.6916 6.62884e-17
 7850.6480 7.19668e-17
 7853.6045 7.89641e-17
 7856.5610 7.01565e-17
 7859.5174 5.17212e-17
 7862.4739 7.22145e-17
 7865.4304 5.74163e-17
 7868.3868 4.71584e-17
 7871.3433 6.68315e-17
 7874.2997 7.44632e-17
 7877.2562 7.43215e-17
 7880.2127 5.34900e-17
 7883.1691 6.07880e-17
 7886.1256 5.61499e-17
 7889.0820 6.00937e-17
 7892.0385 5.83996e-17
 7894.9950 5.34643e-17
 7897.9514 6.65733e-17
 7900.9079 6.37929e-17
 7903.8643 5.37011e-17
 7906.8208 5.56153e-17
 7909.7773 6.29284e-17
 7912.7337 6.22293e-17
 7915.6902 6.00269e-17
 7918.6467 5.88534e-17
 7921.6031 5.03640e-17
 7924.5596 4.36310e-17
 7927.5160 7.28670e-17
 7930.4725 5.50781e-17
 7933.4290 5.94182e-17
 7936.3854 1.06217e-16
 7939.3419 7.31204e-17
 7942.2984 8.24059e-17
 7945.2548 6.72478e-17
 7948.2113 4.62917e-17
 7951.1677 4.74418e-17
 7954.1242 6.23895e-17
 7957.0807 5.30594e-17
 7960.0371 6.24376e-17
 7962.9936 7.39945e-17
 7965.9500 7.31400e-17
 7968.9065 5.15096e-17
 7971.8630 4.67123e-17
 7974.8194 8.69825e-17
 7977.7759 6.67675e-17
 7980.7324 6.70614e-17
 7983.6888 9.90409e-17
 7986.6453 5.17440e-17
 7989.6017 6.49329e-17
 7992.5582 6.98239e-17
 7995.5147 5.85241e-17
 7998.4711 5.11554e-17
 8001.4276 5.91657e-17
 8004.3840 7.25444e-17
 8007.3405 7.38434e-17
 8010.2970 6.97506e-17
 8013.2534 6.62366e-17
 8016.2099 5.73212e-17
 8019.1663 6.61343e-17
 8022.1228 3.56962e-17
 8025.0793 5.98972e-17
 8028.0357 6.66369e-17
 8030.9922 6.67259e-17
 8033.9487 5.34652e-17
 8036.9051 3.83173e-17
 8039.8616 6.07159e-17
 8042.8180 5.01919e-17
 8045.7745 6.70703e-17
 8048.7310 6.78722e-17
 8051.6874 7.48317e-17
 8054.6439 8.65768e-17
 8057.6003 5.43695e-17
 8060.5568 6.38028e-17
 8063.5133 6.92535e-17
 8066.4697 4.25390e-17
 8069.4262 3.18977e-18
 8072.3827 4.22755e-17
 8075.3391 5.90371e-17
 8078.2956 3.95049e-17
 8081.2520 5.28972e-17
 8084.2085 6.42943e-17
 8087.1650 4.77284e-17
 8090.1214 6.93474e-17
 8093.0779 6.22031e-17
 8096.0343 5.83970e-17
 8098.9908 6.04984e-17
 8101.9473 4.60393e-17
 8104.9037 4.57763e-17
 8107.8602 4.55133e-17
 8110.8167 4.52504e-17
 8113.7731 4.49875e-17
 8116.7296 4.47245e-17
 8119.6860 9.13033e-17
 8122.6425 1.06506e-16
 8125.5990 6.65900e-17
 8128.5554 3.71915e-17
 8131.5119 5.13431e-17
 8134.4683 5.08772e-17
 8137.4248 9.30668e-17
 8140.3813 6.04979e-17
 8143.3377 6.68775e-17
 8146.2942 3.97995e-17
 8149.2507 2.83409e-17
 8152.2071 5.34218e-17
 8155.1636 5.25281e-17
 8158.1200 5.13068e-17
 8161.0765 5.00854e-17
 8164.0330 4.88637e-17
 8166.9894 4.76424e-17
 8169.9459 4.64206e-17
 8172.9023 4.51993e-17
 8175.8588 3.36556e-17
 8178.8153 7.44243e-17
 8181.7717 4.24243e-17
 8184.7282 4.21250e-17
 8187.6846 2.93498e-17
 8190.6411 1.13235e-16
 8193.5976 9.57441e-17
 8196.5540 5.24889e-17
 8199.5105 4.62453e-17
 8202.4670 5.25105e-17
 8205.4234 2.04538e-17
 8208.3799 4.15993e-17
 8211.3363 4.29895e-17
 8214.2928 5.79503e-17
 8217.2493 8.87875e-17
 8220.2057 7.45273e-17
 8223.1622 4.68209e-17
 8226.1186 6.65080e-17
 8229.0751 6.73522e-17
 8232.0316 5.48569e-17
 8234.9880 4.21125e-17
 8237.9445 4.96374e-17
 8240.9010 4.80432e-17
 8243.8574 5.63361e-17
 8246.8139 4.57002e-17
 8249.7703 4.05652e-17
 8252.7268 5.73323e-17
 8255.6833 5.79923e-17
 8258.6397 8.82147e-17
 8261.5962 5.72920e-17
 8264.5527 5.69934e-17
 8267.5091 3.38753e-17
 8270.4656 4.85960e-17
 8273.4220 5.74087e-17
 8276.3785 4.56736e-17
 8279.3350 5.98348e-17
 8282.2914 3.91131e-17
 8285.2479 1.43454e-17
 8288.2043 3.75839e-17
 8291.1608 3.77202e-17
 8294.1173 5.63418e-17
 8297.0737 5.20480e-17
 8300.0302 6.69426e-17
 8302.9866 6.17671e-17
 8305.9431 5.89305e-17
 8308.8996 4.57177e-17
 8311.8560 2.74748e-17
 8314.8125 4.97570e-17
 8317.7690 6.50101e-17
 8320.7254 5.23295e-17
 8323.6819 6.27966e-17
 8326.6383 5.15623e-17
 8329.5948 4.13978e-17
 8332.5513 6.05519e-17
 8335.5077 5.55225e-17
 8338.4642 8.51923e-17
 8341.4206 5.21344e-17
 8344.3771 3.54806e-17
 8347.3336 7.04546e-17
 8350.2900 4.23876e-17
 8353.2465 5.82465e-17
 8356.2029 5.57028e-17
 8359.1594 3.28785e-17
 8362.1159 3.53770e-17
 8365.0723 3.56838e-17
 8368.0288 4.45062e-17
 8370.9853 4.36632e-17
 8373.9417 3.46476e-17
 8376.8982 4.09670e-17
 8379.8546 4.94773e-17
 8382.8111 4.77606e-17
 8385.7676 4.58076e-17
 8388.7240 4.64297e-17
 8391.6805 5.45413e-17
 8394.6369 3.87244e-17
 8397.5934 3.33124e-17
 8400.5499 2.07843e-17
 8403.5063 3.93169e-17
 8406.4628 1.13172e-16
 8409.4193 6.67300e-17
 8412.3757 6.86200e-17
 8415.3322 1.22982e-17
 8418.2886 2.41299e-17
 8421.2451 6.57817e-17
 8424.2016 5.85159e-17
 8427.1580 4.39355e-17
 8430.1145 1.24724e-17
 8433.0710 2.93343e-17
 8436.0274 4.36618e-17
 8438.9839 6.98474e-17
 8441.9403 2.06906e-17
 8444.8968 5.62725e-17
 8447.8533 8.37750e-17
 8450.8097 6.69416e-17
 8453.7662 7.08839e-17
 8456.7226 4.25262e-17
 8459.6791 4.85323e-17
 8462.6356 3.36342e-17
 8465.5920 4.39108e-17
 8468.5485 6.61515e-17
 8471.5049 4.59421e-17
 8474.4614 2.32266e-17
 8477.4179 4.44303e-17
 8480.3743 6.88622e-17
 8483.3308 3.07494e-17
 8486.2873 3.32262e-17
 8489.2437 4.61961e-17
 8492.2002 6.20210e-17
 8495.1566 6.88066e-17
 8498.1131 7.61608e-17
 8501.0696 6.64127e-17
 8504.0260 6.55214e-17
 8506.9825 8.16002e-17
 8509.9389 1.23266e-16
 8512.8954 8.86992e-17
 8515.8519 1.04340e-16
 8518.8083 4.38343e-17
 8521.7648 6.70433e-17
 8524.7213 7.34408e-17
 8527.6777 3.73195e-17
 8530.6342 7.58412e-18
 8533.5906 5.20478e-17
 8536.5471 2.17822e-17
 8539.5036 1.07324e-17
 8542.4600 3.61395e-17
 8545.4165 4.68755e-17
 8548.3729 8.10906e-17
 8551.3294 7.55541e-17
 8554.2859 6.08642e-17
 8557.2423 4.43918e-17
 8560.1988 8.19052e-17
 8563.1552 7.79367e-17
 8566.1117 2.85357e-17
 8569.0682 4.79300e-17
 8572.0246 6.53106e-17
 8574.9811 1.24379e-16
 8577.9376 1.20829e-16
 8580.8940 9.30214e-17
 8583.8505 -5.56104e-18
 8586.8069 4.51618e-17
 8589.7634 4.23176e-17
 8592.7199 3.64634e-17
 8595.6763 4.10322e-17
 8598.6328 9.69770e-17
 8601.5893 5.90887e-17
 8604.5457 8.55850e-17
 8607.5022 4.99659e-17
 8610.4586 5.09158e-17
 8613.4151 2.95199e-17
 8616.3716 4.66165e-17
 8619.3280 2.77126e-17
 8622.2845 4.82858e-17
 8625.2409 7.02532e-17
 8628.1974 6.42646e-17
 8631.1539 6.08207e-17
 8634.1103 6.41020e-17
 8637.0668 7.06923e-17
 8640.0232 4.99321e-17
 8642.9797 9.25835e-17
 8645.9362 4.87059e-17
 8648.8926 3.42608e-17
 8651.8491 6.26471e-17
 8654.8056 8.27444e-17
 8657.7620 5.60547e-17
 8660.7185 6.19627e-17
 8663.6749 5.70395e-17
 8666.6314 8.73127e-17
 8669.5879 6.51195e-17
 8672.5443 -1.42288e-17
 8675.5008 1.48958e-17
 8678.4572 5.99839e-17
 8681.4137 9.01306e-17
 8684.3702 6.55609e-17
 8687.3266 7.95615e-17
 8690.2831 1.35024e-16
 8693.2396 6.85208e-17
 8696.1960 5.00162e-17
 8699.1525 3.36259e-17
 8702.1089 7.37581e-17
 8705.0654 6.32843e-17
 8708.0219 1.32896e-16
 8710.9783 4.04489e-17
 8713.9348 3.22793e-17
 8716.8912 5.10624e-17
 8719.8477 6.32658e-17
 8722.8042 9.68486e-17
 8725.7606 8.99753e-17
 8728.7171 7.55107e-17
 8731.6735 4.92413e-17
 8734.6300 6.82740e-17
 8737.5865 9.25053e-17
 8740.5429 8.77807e-17
 8743.4994 6.81468e-17
 8746.4559 6.62749e-17
 8749.4123 5.52072e-17
 8752.3688 4.83008e-17
 8755.3252 2.46629e-17
 8758.2817 7.00812e-17
 8761.2382 7.86249e-17
 8764.1946 6.14708e-17
 8767.1511 8.87013e-17
 8770.1076 9.00371e-17
 8773.0640 5.67911e-17
 8776.0205 5.79626e-17
 8778.9769 3.97380e-17
 8781.9334 8.30203e-17
 8784.8899 8.30699e-17
 8787.8463 9.26163e-17
 8790.8028 7.44000e-17
 8793.7592 7.53523e-17
 8796.7157 8.21928e-17
 8799.6722 1.09235e-16
 8802.6286 8.63652e-17
 8805.5851 2.43618e-17
 8808.5415 2.17945e-17
 8811.4980 4.62558e-17
 8814.4545 3.71587e-17
 8817.4109 4.98790e-17
 8820.3674 5.37650e-17
 8823.3239 3.28375e-17
 8826.2803 7.07531e-17
 8829.2368 4.99022e-17
 8832.1932 5.36700e-17
 8835.1497 4.23034e-17
 8838.1062 9.60561e-17
 8841.0626 6.57623e-17
 8844.0191 3.45451e-17
 8846.9755 1.13448e-16
 8849.9320 8.64589e-17
 8852.8885 4.27546e-17
 8855.8449 6.45405e-17
 8858.8014 5.81787e-17
 8861.7579 8.16414e-17
 8864.7143 5.05987e-17
 8867.6708 5.44521e-17
 8870.6272 6.77311e-17
 8873.5837 6.58615e-17
 8876.5402 6.74486e-17
 8879.4966 7.69428e-17
 8882.4531 9.03005e-17
 8885.4095 8.53958e-17
 8888.3660 3.28020e-17
 8891.3225 4.22241e-17
 8894.2789 6.49790e-17
 8897.2354 5.47899e-17
 8900.1919 4.71751e-17
 8903.1483 8.10245e-17
 8906.1048 8.29692e-17
 8909.0612 3.76766e-18
 8912.0177 7.70914e-17
 8914.9742 7.58024e-17
 8917.9306 8.63913e-17
 8920.8871 6.43840e-17
 8923.8435 6.75093e-17
 8926.8000 7.57439e-17
 8929.7565 6.29348e-17
 8932.7129 4.76083e-17
 8935.6694 3.01875e-17
 8938.6259 6.33172e-17
 8941.5823 5.25788e-17
 8944.5388 3.55398e-17
 8947.4952 8.55248e-17
 8950.4517 8.38813e-17
 8953.4082 1.00360e-16
 8956.3646 4.03287e-17
 8959.3211 7.96519e-17
 8962.2775 8.82462e-17
 8965.2340 4.28457e-17
 8968.1905 6.59273e-17
 8971.1469 6.35654e-17
 8974.1034 4.20334e-17
 8977.0598 5.42836e-17
