#Object:               SN2006os
#FITS_file:            SN06os_b01_DUP_BC_13dec06.fits
#Redshift:             0.03281
#JDate_of_max:         2454062.75
#JDate_of_observation: 2454082.63
#Epoch:                19.25     
#
 3506.5554 2.75615e-17
 3509.4912 9.70406e-18
 3512.4270 -1.22684e-17
 3515.3628 1.58067e-17
 3518.2986 2.30617e-17
 3521.2344 -3.13304e-17
 3524.1702 4.77425e-17
 3527.1060 3.14386e-17
 3530.0418 8.14427e-18
 3532.9776 -9.85649e-18
 3535.9134 1.26757e-17
 3538.8492 1.26659e-17
 3541.7850 3.11621e-17
 3544.7208 -6.09341e-19
 3547.6566 1.94432e-17
 3550.5924 5.18327e-18
 3553.5282 3.11625e-17
 3556.4640 1.43843e-17
 3559.3998 -1.65599e-17
 3562.3356 1.66638e-17
 3565.2714 9.31062e-18
 3568.2072 1.15604e-17
 3571.1430 3.20038e-17
 3574.0788 -1.70067e-17
 3577.0146 1.04613e-18
 3579.9504 -1.89848e-17
 3582.8862 -1.82916e-17
 3585.8220 -4.58311e-18
 3588.7578 1.22292e-17
 3591.6936 2.21244e-17
 3594.6294 1.60925e-18
 3597.5652 2.29874e-17
 3600.5010 1.97161e-18
 3603.4368 -4.44580e-18
 3606.3726 6.56203e-18
 3609.3084 3.33488e-17
 3612.2442 1.13723e-17
 3615.1800 5.46321e-17
 3618.1158 3.57687e-17
 3621.0516 1.31558e-17
 3623.9874 1.57942e-17
 3626.9232 5.59978e-18
 3629.8590 3.12858e-17
 3632.7948 1.67417e-17
 3635.7306 3.96729e-18
 3638.6664 -5.86021e-18
 3641.6022 -8.34015e-18
 3644.5380 6.09734e-18
 3647.4738 2.56692e-18
 3650.4096 1.08383e-17
 3653.3454 3.27154e-17
 3656.2812 2.16844e-17
 3659.2170 2.10616e-17
 3662.1528 2.49474e-17
 3665.0886 2.54213e-17
 3668.0244 2.05524e-17
 3670.9602 1.33427e-17
 3673.8960 1.46244e-17
 3676.8318 6.02604e-18
 3679.7676 2.92450e-17
 3682.7034 8.30878e-18
 3685.6392 -7.09479e-18
 3688.5750 1.56367e-17
 3691.5108 1.49518e-17
 3694.4466 5.37594e-17
 3697.3824 3.21162e-17
 3700.3182 5.62407e-18
 3703.2540 5.57473e-18
 3706.1898 1.26750e-17
 3709.1256 -6.90469e-19
 3712.0614 2.36548e-17
 3714.9972 9.16862e-18
 3717.9330 -1.55810e-18
 3720.8688 2.93058e-18
 3723.8046 2.49152e-17
 3726.7404 2.04606e-17
 3729.6762 8.42762e-18
 3732.6120 -1.68540e-18
 3735.5478 1.96495e-17
 3738.4836 1.56927e-17
 3741.4194 -1.25294e-18
 3744.3552 4.46078e-18
 3747.2910 1.45260e-17
 3750.2268 1.20493e-17
 3753.1626 1.03269e-17
 3756.0984 2.93116e-17
 3759.0342 1.11423e-17
 3761.9700 1.12098e-17
 3764.9058 2.01777e-17
 3767.8416 1.38875e-17
 3770.7774 -2.65064e-18
 3773.7132 1.77606e-17
 3776.6490 2.46980e-17
 3779.5848 4.97974e-19
 3782.5206 2.46519e-18
 3785.4564 2.84004e-17
 3788.3922 2.20648e-17
 3791.3280 -7.89417e-18
 3794.2638 4.77462e-18
 3797.1996 3.62525e-17
 3800.1354 2.67136e-17
 3803.0712 1.80098e-17
 3806.0070 2.37455e-17
 3808.9428 5.37897e-18
 3811.8786 2.59028e-17
 3814.8144 1.67296e-17
 3817.7502 1.34918e-17
 3820.6860 3.44624e-18
 3823.6218 2.11243e-17
 3826.5577 -7.16480e-18
 3829.4935 -1.37299e-18
 3832.4293 9.77722e-18
 3835.3650 2.11632e-17
 3838.3009 2.03855e-17
 3841.2367 1.69945e-17
 3844.1725 6.49387e-18
 3847.1083 2.49265e-17
 3850.0441 2.95427e-17
 3852.9799 1.98176e-17
 3855.9157 1.52864e-17
 3858.8515 1.68369e-17
 3861.7873 3.14601e-17
 3864.7231 2.23131e-17
 3867.6589 2.74249e-17
 3870.5947 2.69268e-17
 3873.5305 3.06408e-17
 3876.4663 2.36357e-17
 3879.4021 1.33961e-17
 3882.3379 4.15267e-18
 3885.2737 2.40934e-17
 3888.2095 1.97708e-17
 3891.1453 8.99543e-18
 3894.0811 2.55723e-17
 3897.0169 2.52502e-17
 3899.9527 1.97802e-17
 3902.8885 2.43008e-17
 3905.8243 3.20890e-17
 3908.7601 4.63370e-17
 3911.6959 4.30933e-17
 3914.6317 4.46861e-17
 3917.5675 2.45290e-17
 3920.5033 3.86302e-17
 3923.4391 4.18946e-17
 3926.3749 1.18863e-17
 3929.3107 1.93964e-17
 3932.2465 1.78525e-17
 3935.1823 1.88748e-17
 3938.1181 1.87697e-17
 3941.0539 1.46464e-17
 3943.9897 2.86219e-17
 3946.9255 3.39369e-17
 3949.8613 3.09749e-17
 3952.7971 2.05831e-17
 3955.7329 1.40673e-17
 3958.6687 1.80859e-17
 3961.6045 8.73309e-18
 3964.5403 2.10937e-17
 3967.4761 1.22455e-17
 3970.4119 9.64589e-18
 3973.3477 1.96907e-17
 3976.2835 2.84695e-17
 3979.2193 4.77430e-17
 3982.1551 3.09817e-17
 3985.0909 2.79282e-17
 3988.0267 2.57284e-17
 3990.9625 2.63011e-17
 3993.8983 3.65773e-17
 3996.8341 2.68855e-17
 3999.7699 3.32267e-17
 4002.7057 2.96308e-17
 4005.6415 2.83548e-17
 4008.5773 4.57720e-17
 4011.5131 4.07193e-17
 4014.4489 3.80854e-17
 4017.3847 3.98272e-17
 4020.3205 3.09594e-17
 4023.2563 2.34970e-17
 4026.1921 3.97143e-17
 4029.1279 3.58359e-17
 4032.0637 3.11209e-17
 4034.9995 3.72731e-17
 4037.9353 4.70448e-17
 4040.8711 4.24153e-17
 4043.8069 2.17687e-17
 4046.7427 7.15361e-18
 4049.6785 2.77078e-17
 4052.6143 2.58606e-17
 4055.5501 3.73514e-17
 4058.4859 4.30661e-17
 4061.4217 3.75039e-17
 4064.3575 2.19088e-17
 4067.2933 2.23657e-17
 4070.2291 1.61597e-17
 4073.1649 3.41587e-17
 4076.1007 2.28999e-17
 4079.0365 2.53351e-17
 4081.9723 2.79027e-17
 4084.9081 4.33363e-17
 4087.8439 5.18832e-17
 4090.7797 3.61244e-17
 4093.7155 2.84187e-17
 4096.6513 3.58229e-17
 4099.5871 2.13867e-17
 4102.5229 2.92346e-17
 4105.4587 2.48961e-17
 4108.3945 2.73499e-17
 4111.3303 3.46699e-17
 4114.2661 2.56369e-17
 4117.2019 2.31176e-17
 4120.1377 2.86210e-17
 4123.0735 2.87782e-17
 4126.0093 2.56112e-17
 4128.9451 2.73961e-17
 4131.8809 4.21721e-17
 4134.8167 3.73259e-17
 4137.7525 4.33211e-17
 4140.6883 4.58475e-17
 4143.6241 4.05889e-17
 4146.5599 4.18954e-17
 4149.4957 3.65922e-17
 4152.4315 1.53553e-17
 4155.3673 2.83034e-17
 4158.3031 3.15892e-17
 4161.2389 3.09012e-17
 4164.1747 2.75932e-17
 4167.1105 3.38379e-17
 4170.0463 4.82616e-17
 4172.9821 4.26317e-17
 4175.9179 4.60216e-17
 4178.8537 4.97861e-17
 4181.7896 2.59438e-17
 4184.7254 2.31207e-17
 4187.6611 3.39883e-17
 4190.5969 3.81370e-17
 4193.5328 1.61272e-17
 4196.4686 1.71578e-17
 4199.4044 4.10382e-17
 4202.3402 4.11109e-17
 4205.2760 3.20518e-17
 4208.2118 1.83572e-17
 4211.1476 2.67187e-17
 4214.0834 2.94893e-17
 4217.0192 4.14911e-17
 4219.9550 4.27316e-17
 4222.8908 3.80513e-17
 4225.8266 2.80717e-17
 4228.7624 2.81367e-17
 4231.6982 3.03251e-17
 4234.6340 3.35734e-17
 4237.5698 3.70506e-17
 4240.5056 3.90331e-17
 4243.4414 3.55336e-17
 4246.3772 2.53722e-17
 4249.3130 3.60108e-17
 4252.2488 3.90583e-17
 4255.1846 4.58530e-17
 4258.1204 5.39725e-17
 4261.0562 4.14410e-17
 4263.9920 2.81303e-17
 4266.9278 3.57386e-17
 4269.8636 4.21580e-17
 4272.7994 4.63319e-17
 4275.7352 2.95931e-17
 4278.6710 1.99508e-17
 4281.6068 2.45625e-17
 4284.5426 3.46871e-17
 4287.4784 4.68340e-17
 4290.4142 2.02368e-17
 4293.3500 1.59211e-17
 4296.2858 3.14472e-17
 4299.2216 2.82767e-17
 4302.1574 4.54099e-17
 4305.0932 3.76703e-17
 4308.0290 3.14724e-17
 4310.9648 3.46616e-17
 4313.9006 3.77758e-17
 4316.8364 3.71234e-17
 4319.7722 3.07107e-17
 4322.7080 3.32766e-17
 4325.6438 3.38010e-17
 4328.5796 3.05910e-17
 4331.5154 4.12896e-17
 4334.4512 3.12265e-17
 4337.3870 4.29720e-17
 4340.3228 3.39224e-17
 4343.2586 3.57317e-17
 4346.1944 4.68099e-17
 4349.1302 3.70803e-17
 4352.0660 3.23511e-17
 4355.0018 3.83294e-17
 4357.9376 3.06587e-17
 4360.8734 4.52847e-17
 4363.8092 5.65003e-17
 4366.7450 2.70221e-17
 4369.6808 3.00561e-17
 4372.6166 2.48938e-17
 4375.5524 2.54574e-17
 4378.4882 2.53878e-17
 4381.4240 2.73767e-17
 4384.3598 3.34447e-17
 4387.2956 2.88980e-17
 4390.2314 3.26960e-17
 4393.1672 3.77946e-17
 4396.1030 2.46643e-17
 4399.0388 3.38893e-17
 4401.9746 3.92481e-17
 4404.9104 4.54808e-17
 4407.8462 2.72099e-17
 4410.7820 3.62758e-17
 4413.7178 3.40979e-17
 4416.6536 3.66502e-17
 4419.5894 3.81153e-17
 4422.5252 3.94358e-17
 4425.4610 4.28685e-17
 4428.3968 4.65654e-17
 4431.3326 4.12516e-17
 4434.2684 3.98902e-17
 4437.2042 3.27252e-17
 4440.1400 3.23557e-17
 4443.0758 3.77321e-17
 4446.0116 3.51939e-17
 4448.9474 4.88150e-17
 4451.8832 4.64803e-17
 4454.8190 3.97192e-17
 4457.7548 4.45374e-17
 4460.6906 5.32987e-17
 4463.6264 4.28456e-17
 4466.5622 3.49810e-17
 4469.4980 3.73016e-17
 4472.4338 3.87073e-17
 4475.3696 5.17977e-17
 4478.3054 4.52378e-17
 4481.2412 4.68820e-17
 4484.1770 4.64390e-17
 4487.1128 4.47386e-17
 4490.0486 4.30846e-17
 4492.9844 5.11979e-17
 4495.9202 4.66816e-17
 4498.8560 4.18677e-17
 4501.7918 4.35444e-17
 4504.7276 3.95885e-17
 4507.6634 5.91217e-17
 4510.5992 5.94430e-17
 4513.5350 4.28526e-17
 4516.4708 5.50191e-17
 4519.4066 6.61332e-17
 4522.3424 4.79856e-17
 4525.2782 5.79321e-17
 4528.2140 5.21793e-17
 4531.1498 4.47284e-17
 4534.0856 6.55581e-17
 4537.0215 5.81858e-17
 4539.9573 6.11060e-17
 4542.8930 6.05642e-17
 4545.8288 6.65296e-17
 4548.7647 5.44760e-17
 4551.7005 6.70737e-17
 4554.6363 5.90343e-17
 4557.5720 6.25694e-17
 4560.5079 6.47168e-17
 4563.4437 6.65118e-17
 4566.3795 7.56515e-17
 4569.3153 7.03699e-17
 4572.2511 6.61328e-17
 4575.1869 6.32593e-17
 4578.1227 7.56476e-17
 4581.0585 7.69585e-17
 4583.9943 7.67209e-17
 4586.9301 7.26831e-17
 4589.8659 7.99523e-17
 4592.8017 7.31004e-17
 4595.7375 6.58606e-17
 4598.6733 5.40561e-17
 4601.6091 7.05481e-17
 4604.5449 7.07215e-17
 4607.4807 8.31409e-17
 4610.4165 8.11502e-17
 4613.3523 8.81926e-17
 4616.2881 9.77201e-17
 4619.2239 7.39200e-17
 4622.1597 8.60851e-17
 4625.0955 8.22894e-17
 4628.0313 6.68255e-17
 4630.9671 6.93805e-17
 4633.9029 7.48243e-17
 4636.8387 8.35617e-17
 4639.7745 7.22732e-17
 4642.7103 7.71475e-17
 4645.6461 7.55617e-17
 4648.5819 6.91493e-17
 4651.5177 7.09245e-17
 4654.4535 7.26212e-17
 4657.3893 6.43777e-17
 4660.3251 7.05013e-17
 4663.2609 5.57532e-17
 4666.1967 4.88175e-17
 4669.1325 6.51700e-17
 4672.0683 6.93496e-17
 4675.0041 6.24228e-17
 4677.9399 7.06659e-17
 4680.8757 5.68529e-17
 4683.8115 6.23622e-17
 4686.7473 7.17019e-17
 4689.6831 5.11486e-17
 4692.6189 5.35675e-17
 4695.5547 4.21673e-17
 4698.4905 4.58855e-17
 4701.4263 5.61622e-17
 4704.3621 4.73656e-17
 4707.2979 4.65199e-17
 4710.2337 5.56294e-17
 4713.1695 4.83845e-17
 4716.1053 4.54408e-17
 4719.0411 5.85606e-17
 4721.9769 5.86980e-17
 4724.9127 4.46319e-17
 4727.8485 5.10719e-17
 4730.7843 5.20463e-17
 4733.7201 5.99276e-17
 4736.6559 5.41855e-17
 4739.5917 5.00919e-17
 4742.5275 4.76723e-17
 4745.4633 4.79332e-17
 4748.3991 4.48559e-17
 4751.3349 4.84554e-17
 4754.2707 5.02747e-17
 4757.2065 4.94955e-17
 4760.1423 6.00980e-17
 4763.0781 6.55102e-17
 4766.0139 5.18036e-17
 4768.9497 4.21533e-17
 4771.8855 5.53077e-17
 4774.8213 5.54619e-17
 4777.7571 5.08542e-17
 4780.6929 5.64705e-17
 4783.6287 5.14632e-17
 4786.5645 5.14885e-17
 4789.5003 5.39310e-17
 4792.4361 7.00775e-17
 4795.3719 7.04273e-17
 4798.3077 5.42460e-17
 4801.2435 5.78167e-17
 4804.1793 6.19313e-17
 4807.1151 5.76004e-17
 4810.0509 5.33206e-17
 4812.9867 5.68793e-17
 4815.9225 6.43560e-17
 4818.8583 6.48147e-17
 4821.7941 6.53979e-17
 4824.7299 6.21002e-17
 4827.6657 7.10007e-17
 4830.6015 5.74882e-17
 4833.5373 5.95343e-17
 4836.4731 6.24266e-17
 4839.4089 6.07026e-17
 4842.3447 5.96255e-17
 4845.2805 5.99983e-17
 4848.2163 5.70353e-17
 4851.1521 5.82477e-17
 4854.0879 5.22070e-17
 4857.0237 5.99043e-17
 4859.9595 6.21347e-17
 4862.8953 5.55507e-17
 4865.8311 6.00466e-17
 4868.7669 6.15038e-17
 4871.7027 5.77504e-17
 4874.6385 5.78592e-17
 4877.5743 5.12671e-17
 4880.5101 6.37267e-17
 4883.4459 6.93891e-17
 4886.3817 6.32793e-17
 4889.3175 6.35226e-17
 4892.2534 8.44855e-17
 4895.1891 7.32516e-17
 4898.1249 6.22513e-17
 4901.0607 7.57488e-17
 4903.9966 7.59924e-17
 4906.9324 7.19298e-17
 4909.8682 7.31646e-17
 4912.8039 6.77608e-17
 4915.7398 7.12757e-17
 4918.6756 6.91841e-17
 4921.6114 6.83689e-17
 4924.5472 7.81502e-17
 4927.4830 7.75953e-17
 4930.4188 7.25799e-17
 4933.3546 7.12823e-17
 4936.2904 7.11843e-17
 4939.2262 7.88161e-17
 4942.1620 8.56588e-17
 4945.0978 7.96206e-17
 4948.0336 7.83799e-17
 4950.9694 8.24988e-17
 4953.9052 7.62136e-17
 4956.8410 7.11674e-17
 4959.7768 8.26015e-17
 4962.7126 8.25893e-17
 4965.6484 7.70774e-17
 4968.5842 7.28633e-17
 4971.5200 6.83128e-17
 4974.4558 7.33708e-17
 4977.3916 7.54583e-17
 4980.3274 5.92562e-17
 4983.2632 6.13632e-17
 4986.1990 6.36270e-17
 4989.1348 7.25760e-17
 4992.0706 7.14466e-17
 4995.0064 6.32448e-17
 4997.9422 7.07968e-17
 5000.8780 6.75455e-17
 5003.8138 6.74683e-17
 5006.7496 5.76890e-17
 5009.6854 4.92276e-17
 5012.6212 5.36599e-17
 5015.5570 6.61545e-17
 5018.4928 6.30727e-17
 5021.4286 5.77445e-17
 5024.3644 6.10992e-17
 5027.3002 5.96530e-17
 5030.2360 6.16061e-17
 5033.1718 5.58501e-17
 5036.1076 5.25578e-17
 5039.0434 6.03771e-17
 5041.9792 5.07799e-17
 5044.9150 6.15824e-17
 5047.8508 6.79689e-17
 5050.7866 6.57296e-17
 5053.7224 6.36535e-17
 5056.6582 5.98227e-17
 5059.5940 6.17162e-17
 5062.5298 5.25590e-17
 5065.4656 4.49937e-17
 5068.4014 5.72738e-17
 5071.3372 5.18218e-17
 5074.2730 6.10986e-17
 5077.2088 5.43231e-17
 5080.1446 5.60929e-17
 5083.0804 6.14686e-17
 5086.0162 5.42855e-17
 5088.9520 5.56848e-17
 5091.8878 5.99912e-17
 5094.8236 5.98801e-17
 5097.7594 5.45167e-17
 5100.6952 5.58527e-17
 5103.6310 4.38212e-17
 5106.5668 4.58793e-17
 5109.5026 6.15718e-17
 5112.4384 5.42939e-17
 5115.3742 5.84407e-17
 5118.3100 6.02889e-17
 5121.2458 6.43137e-17
 5124.1816 5.03977e-17
 5127.1174 4.79519e-17
 5130.0532 5.16326e-17
 5132.9890 5.62239e-17
 5135.9248 5.88577e-17
 5138.8606 5.72462e-17
 5141.7964 6.08226e-17
 5144.7322 6.79988e-17
 5147.6680 6.97895e-17
 5150.6038 6.68557e-17
 5153.5396 6.09592e-17
 5156.4754 6.01404e-17
 5159.4112 6.58726e-17
 5162.3470 7.42375e-17
 5165.2828 6.13451e-17
 5168.2186 5.53542e-17
 5171.1544 5.88186e-17
 5174.0902 5.57473e-17
 5177.0260 6.14322e-17
 5179.9618 7.13527e-17
 5182.8976 6.08155e-17
 5185.8334 6.91150e-17
 5188.7692 7.47219e-17
 5191.7050 7.51588e-17
 5194.6408 7.70026e-17
 5197.5766 8.27417e-17
 5200.5124 7.46037e-17
 5203.4482 7.08909e-17
 5206.3840 7.12554e-17
 5209.3198 8.29558e-17
 5212.2556 8.12745e-17
 5215.1914 7.70759e-17
 5218.1272 7.54236e-17
 5221.0630 8.83134e-17
 5223.9988 8.41006e-17
 5226.9346 8.31232e-17
 5229.8704 9.01753e-17
 5232.8062 8.69750e-17
 5235.7420 7.61072e-17
 5238.6778 9.25500e-17
 5241.6136 1.03622e-16
 5244.5494 1.05493e-16
 5247.4853 9.58842e-17
 5250.4210 8.91957e-17
 5253.3568 1.02420e-16
 5256.2926 1.02237e-16
 5259.2285 1.06992e-16
 5262.1643 9.67776e-17
 5265.1000 8.88312e-17
 5268.0359 1.01860e-16
 5270.9717 1.12029e-16
 5273.9075 1.07824e-16
 5276.8433 1.10925e-16
 5279.7791 1.14623e-16
 5282.7149 1.12104e-16
 5285.6507 1.09021e-16
 5288.5865 9.78465e-17
 5291.5223 1.00506e-16
 5294.4581 1.04719e-16
 5297.3939 1.06979e-16
 5300.3297 1.12504e-16
 5303.2655 1.09476e-16
 5306.2013 1.21236e-16
 5309.1371 1.12518e-16
 5312.0729 1.06754e-16
 5315.0087 1.08925e-16
 5317.9445 1.11757e-16
 5320.8803 1.02461e-16
 5323.8161 1.12658e-16
 5326.7519 1.07977e-16
 5329.6877 9.83746e-17
 5332.6235 1.16482e-16
 5335.5593 1.14095e-16
 5338.4951 1.12682e-16
 5341.4309 1.14685e-16
 5344.3667 1.06382e-16
 5347.3025 1.14795e-16
 5350.2383 1.03078e-16
 5353.1741 1.09170e-16
 5356.1099 1.03660e-16
 5359.0457 1.06465e-16
 5361.9815 1.05729e-16
 5364.9173 1.11121e-16
 5367.8531 1.09739e-16
 5370.7889 1.00407e-16
 5373.7247 1.08516e-16
 5376.6605 1.21563e-16
 5379.5963 1.18204e-16
 5382.5321 1.20047e-16
 5385.4679 1.13224e-16
 5388.4037 1.25956e-16
 5391.3395 1.21278e-16
 5394.2753 1.36224e-16
 5397.2111 1.11132e-16
 5400.1469 1.18948e-16
 5403.0827 8.36915e-17
 5406.0185 8.72101e-17
 5408.9543 1.16430e-16
 5411.8901 1.32841e-16
 5414.8259 1.28404e-16
 5417.7617 1.47998e-16
 5420.6975 1.25747e-16
 5423.6333 1.28314e-16
 5426.5691 1.20893e-16
 5429.5049 1.18446e-16
 5432.4407 1.34855e-16
 5435.3765 1.28067e-16
 5438.3123 1.37219e-16
 5441.2481 1.31049e-16
 5444.1839 1.20890e-16
 5447.1197 1.24936e-16
 5450.0555 1.22959e-16
 5452.9913 1.30607e-16
 5455.9271 1.29167e-16
 5458.8629 1.33371e-16
 5461.7987 1.26286e-16
 5464.7345 1.37809e-16
 5467.6703 1.28583e-16
 5470.6061 1.10796e-16
 5473.5419 1.28246e-16
 5476.4777 1.31277e-16
 5479.4135 1.29873e-16
 5482.3493 1.31572e-16
 5485.2851 1.27653e-16
 5488.2209 1.33109e-16
 5491.1567 1.28978e-16
 5494.0925 1.24244e-16
 5497.0283 1.25155e-16
 5499.9641 1.28548e-16
 5502.8999 1.21313e-16
 5505.8357 1.32385e-16
 5508.7715 1.26317e-16
 5511.7073 1.10498e-16
 5514.6431 1.30003e-16
 5517.5789 1.28105e-16
 5520.5147 1.21911e-16
 5523.4505 1.13879e-16
 5526.3863 1.12207e-16
 5529.3221 1.16102e-16
 5532.2579 1.23958e-16
 5535.1937 1.25280e-16
 5538.1295 1.15114e-16
 5541.0653 1.14060e-16
 5544.0011 1.28012e-16
 5546.9369 1.14738e-16
 5549.8727 1.20222e-16
 5552.8085 1.20288e-16
 5555.7443 1.16188e-16
 5558.6801 1.11958e-16
 5561.6159 1.08089e-16
 5564.5517 1.07762e-16
 5567.4875 1.14674e-16
 5570.4233 1.12003e-16
 5573.3591 1.10542e-16
 5576.2949 1.00993e-16
 5579.2307 9.86577e-17
 5582.1665 1.13672e-16
 5585.1023 1.05914e-16
 5588.0381 1.16129e-16
 5590.9739 1.07198e-16
 5593.9097 1.06797e-16
 5596.8455 1.05828e-16
 5599.7813 1.04131e-16
 5602.7172 1.03171e-16
 5605.6529 1.06289e-16
 5608.5887 1.04191e-16
 5611.5245 1.05900e-16
 5614.4604 1.13604e-16
 5617.3962 1.00677e-16
 5620.3319 1.05088e-16
 5623.2678 1.07333e-16
 5626.2036 1.00327e-16
 5629.1394 1.00572e-16
 5632.0752 9.79538e-17
 5635.0110 9.69647e-17
 5637.9468 1.01361e-16
 5640.8826 9.80827e-17
 5643.8184 1.00232e-16
 5646.7542 1.06451e-16
 5649.6900 9.71921e-17
 5652.6258 9.33347e-17
 5655.5616 9.22488e-17
 5658.4974 9.78945e-17
 5661.4332 9.97009e-17
 5664.3690 9.41217e-17
 5667.3048 9.11586e-17
 5670.2406 1.03699e-16
 5673.1764 9.71699e-17
 5676.1122 9.64084e-17
 5679.0480 1.02879e-16
 5681.9838 9.41871e-17
 5684.9196 8.78318e-17
 5687.8554 8.49977e-17
 5690.7912 8.13732e-17
 5693.7270 8.18483e-17
 5696.6628 8.86581e-17
 5699.5986 9.98665e-17
 5702.5344 9.84860e-17
 5705.4702 6.74973e-17
 5708.4060 8.28122e-17
 5711.3418 8.85210e-17
 5714.2776 8.45136e-17
 5717.2134 8.36117e-17
 5720.1492 8.43485e-17
 5723.0850 8.91624e-17
 5726.0208 8.28929e-17
 5728.9566 8.69029e-17
 5731.8924 9.59711e-17
 5734.8282 8.42341e-17
 5737.7640 9.34440e-17
 5740.6998 8.42247e-17
 5743.6356 8.69254e-17
 5746.5714 8.96974e-17
 5749.5072 7.02945e-17
 5752.4430 8.24132e-17
 5755.3788 9.42896e-17
 5758.3146 8.91763e-17
 5761.2504 8.52753e-17
 5764.1862 8.68477e-17
 5767.1220 9.36217e-17
 5770.0578 9.51923e-17
 5772.9936 8.07394e-17
 5775.9294 1.00367e-16
 5778.8652 9.78656e-17
 5781.8010 8.43470e-17
 5784.7368 7.35311e-17
 5787.6726 1.05545e-16
 5790.6084 1.09761e-16
 5793.5442 1.12198e-16
 5796.4800 1.13502e-16
 5799.4158 9.60311e-17
 5802.3516 1.01923e-16
 5805.2874 1.11195e-16
 5808.2232 1.14452e-16
 5811.1590 1.10042e-16
 5814.0948 1.16845e-16
 5817.0306 1.12251e-16
 5819.9664 1.18794e-16
 5822.9022 1.27312e-16
 5825.8380 1.21106e-16
 5828.7738 1.15716e-16
 5831.7096 1.19624e-16
 5834.6454 1.29832e-16
 5837.5812 1.24123e-16
 5840.5170 1.32390e-16
 5843.4528 1.30680e-16
 5846.3886 1.35020e-16
 5849.3244 1.20993e-16
 5852.2602 1.31913e-16
 5855.1960 1.23453e-16
 5858.1318 1.28953e-16
 5861.0676 1.22750e-16
 5864.0034 1.33148e-16
 5866.9392 1.36933e-16
 5869.8750 1.46418e-16
 5872.8108 1.38893e-16
 5875.7466 1.35025e-16
 5878.6824 1.15986e-16
 5881.6182 1.25022e-16
 5884.5540 1.26658e-16
 5887.4898 1.20926e-16
 5890.4256 1.07934e-16
 5893.3614 9.87091e-17
 5896.2972 1.17925e-16
 5899.2330 1.16722e-16
 5902.1688 1.34984e-16
 5905.1046 1.21936e-16
 5908.0404 1.30049e-16
 5910.9762 1.18010e-16
 5913.9120 1.30238e-16
 5916.8478 1.31558e-16
 5919.7836 1.22159e-16
 5922.7194 1.12038e-16
 5925.6552 1.12762e-16
 5928.5910 1.07818e-16
 5931.5268 1.19045e-16
 5934.4626 1.16259e-16
 5937.3984 1.14012e-16
 5940.3342 1.08352e-16
 5943.2700 1.03016e-16
 5946.2058 1.10238e-16
 5949.1416 1.10421e-16
 5952.0774 1.08002e-16
 5955.0132 1.05346e-16
 5957.9490 1.04572e-16
 5960.8848 1.07659e-16
 5963.8206 1.03230e-16
 5966.7564 1.04760e-16
 5969.6923 1.11405e-16
 5972.6281 1.09271e-16
 5975.5638 1.00927e-16
 5978.4997 1.04224e-16
 5981.4355 1.04807e-16
 5984.3713 9.91355e-17
 5987.3071 9.94402e-17
 5990.2429 9.81627e-17
 5993.1787 1.02865e-16
 5996.1145 9.74493e-17
 5999.0503 9.71001e-17
 6001.9861 9.92468e-17
 6004.9219 1.01028e-16
 6007.8577 8.49771e-17
 6010.7935 8.66178e-17
 6013.7293 9.11308e-17
 6016.6651 9.60867e-17
 6019.6009 9.87305e-17
 6022.5367 9.56883e-17
 6025.4725 9.40538e-17
 6028.4083 9.25822e-17
 6031.3441 7.96836e-17
 6034.2799 8.26913e-17
 6037.2157 1.11610e-16
 6040.1515 9.60532e-17
 6043.0873 1.01438e-16
 6046.0231 1.05540e-16
 6048.9589 9.37114e-17
 6051.8947 9.54402e-17
 6054.8305 9.22178e-17
 6057.7663 9.48528e-17
 6060.7021 8.98650e-17
 6063.6379 8.41484e-17
 6066.5737 8.73034e-17
 6069.5095 8.62883e-17
 6072.4453 8.42339e-17
 6075.3811 8.73752e-17
 6078.3169 7.80591e-17
 6081.2527 6.96237e-17
 6084.1885 8.32824e-17
 6087.1243 8.06907e-17
 6090.0601 7.63282e-17
 6092.9959 6.96724e-17
 6095.9317 8.29649e-17
 6098.8675 9.54569e-17
 6101.8033 7.53079e-17
 6104.7391 7.53389e-17
 6107.6749 7.69866e-17
 6110.6107 7.28950e-17
 6113.5465 8.83689e-17
 6116.4823 8.56140e-17
 6119.4181 7.63042e-17
 6122.3539 7.54395e-17
 6125.2897 7.11474e-17
 6128.2255 7.56652e-17
 6131.1613 8.07175e-17
 6134.0971 7.11625e-17
 6137.0329 7.16952e-17
 6139.9687 6.80783e-17
 6142.9045 8.07920e-17
 6145.8403 7.21837e-17
 6148.7761 7.90831e-17
 6151.7119 7.66748e-17
 6154.6477 7.33267e-17
 6157.5835 8.41211e-17
 6160.5193 7.55810e-17
 6163.4551 7.44181e-17
 6166.3909 8.03128e-17
 6169.3267 7.35750e-17
 6172.2625 6.96875e-17
 6175.1983 7.41235e-17
 6178.1341 7.01346e-17
 6181.0699 7.35887e-17
 6184.0057 8.39182e-17
 6186.9415 8.65052e-17
 6189.8773 8.18689e-17
 6192.8131 8.50152e-17
 6195.7489 7.81528e-17
 6198.6847 7.68454e-17
 6201.6205 8.66057e-17
 6204.5563 8.24772e-17
 6207.4921 8.12219e-17
 6210.4279 8.22609e-17
 6213.3637 9.51441e-17
 6216.2995 8.99850e-17
 6219.2353 7.42143e-17
 6222.1711 8.55332e-17
 6225.1069 9.86442e-17
 6228.0427 8.13461e-17
 6230.9785 7.67473e-17
 6233.9143 9.76313e-17
 6236.8501 8.49359e-17
 6239.7859 8.24736e-17
 6242.7217 1.02404e-16
 6245.6575 9.35498e-17
 6248.5933 8.34476e-17
 6251.5291 9.27980e-17
 6254.4649 1.00158e-16
 6257.4007 9.18452e-17
 6260.3365 9.00968e-17
 6263.2723 9.66542e-17
 6266.2081 9.93983e-17
 6269.1439 8.84246e-17
 6272.0797 9.54648e-17
 6275.0155 1.09172e-16
 6277.9513 1.15065e-16
 6280.8871 1.01078e-16
 6283.8229 8.42966e-17
 6286.7587 1.06702e-16
 6289.6945 1.07037e-16
 6292.6303 9.45152e-17
 6295.5661 1.01387e-16
 6298.5019 1.06850e-16
 6301.4377 1.07481e-16
 6304.3735 1.10759e-16
 6307.3093 1.00924e-16
 6310.2451 1.07717e-16
 6313.1809 1.00941e-16
 6316.1167 1.07785e-16
 6319.0525 1.19673e-16
 6321.9883 1.22841e-16
 6324.9242 1.13503e-16
 6327.8599 1.26415e-16
 6330.7957 1.23831e-16
 6333.7316 1.17208e-16
 6336.6674 1.11922e-16
 6339.6032 1.14155e-16
 6342.5390 1.12564e-16
 6345.4748 1.19385e-16
 6348.4106 1.14981e-16
 6351.3464 1.33352e-16
 6354.2822 1.25192e-16
 6357.2180 1.18546e-16
 6360.1538 1.29179e-16
 6363.0896 1.24833e-16
 6366.0254 1.34781e-16
 6368.9612 1.36790e-16
 6371.8970 1.38002e-16
 6374.8328 1.24328e-16
 6377.7686 1.42897e-16
 6380.7044 1.34416e-16
 6383.6402 1.18973e-16
 6386.5760 1.23830e-16
 6389.5118 1.38261e-16
 6392.4476 1.34252e-16
 6395.3834 1.36738e-16
 6398.3192 1.33632e-16
 6401.2550 1.25140e-16
 6404.1908 1.28754e-16
 6407.1266 1.32660e-16
 6410.0624 1.30671e-16
 6412.9982 1.27625e-16
 6415.9340 1.41897e-16
 6418.8698 1.44050e-16
 6421.8056 1.41668e-16
 6424.7414 1.34930e-16
 6427.6772 1.36669e-16
 6430.6130 1.37998e-16
 6433.5488 1.32140e-16
 6436.4846 1.41747e-16
 6439.4204 1.41378e-16
 6442.3562 1.33322e-16
 6445.2920 1.42308e-16
 6448.2278 1.38561e-16
 6451.1636 1.40207e-16
 6454.0994 1.43440e-16
 6457.0352 1.50308e-16
 6459.9710 1.46553e-16
 6462.9068 1.49388e-16
 6465.8426 1.39829e-16
 6468.7784 1.48223e-16
 6471.7142 1.50563e-16
 6474.6500 1.41936e-16
 6477.5858 1.46103e-16
 6480.5216 1.48577e-16
 6483.4574 1.43043e-16
 6486.3932 1.43740e-16
 6489.3290 1.39956e-16
 6492.2648 1.38603e-16
 6495.2006 1.45091e-16
 6498.1364 1.39190e-16
 6501.0722 1.40999e-16
 6504.0080 1.56407e-16
 6506.9438 1.67273e-16
 6509.8796 1.47610e-16
 6512.8154 1.50736e-16
 6515.7512 1.52535e-16
 6518.6870 1.46018e-16
 6521.6228 1.39312e-16
 6524.5586 1.39359e-16
 6527.4944 1.38173e-16
 6530.4302 1.42940e-16
 6533.3660 1.41353e-16
 6536.3018 1.46939e-16
 6539.2376 1.46101e-16
 6542.1734 1.32193e-16
 6545.1092 1.38259e-16
 6548.0450 1.39609e-16
 6550.9808 1.40432e-16
 6553.9166 1.53346e-16
 6556.8524 1.70732e-16
 6559.7882 1.74132e-16
 6562.7240 1.64399e-16
 6565.6598 1.44542e-16
 6568.5956 1.32065e-16
 6571.5314 1.19298e-16
 6574.4672 1.23511e-16
 6577.4030 1.47248e-16
 6580.3388 1.49069e-16
 6583.2746 1.36085e-16
 6586.2104 1.44580e-16
 6589.1462 1.32818e-16
 6592.0820 1.48982e-16
 6595.0178 1.40126e-16
 6597.9536 1.27904e-16
 6600.8894 1.28554e-16
 6603.8252 1.31761e-16
 6606.7610 1.24802e-16
 6609.6968 1.24031e-16
 6612.6326 1.26962e-16
 6615.5684 1.17796e-16
 6618.5042 1.14879e-16
 6621.4400 1.14108e-16
 6624.3758 1.15138e-16
 6627.3116 1.19247e-16
 6630.2474 1.21575e-16
 6633.1832 1.25170e-16
 6636.1190 1.18113e-16
 6639.0548 1.16185e-16
 6641.9906 1.07244e-16
 6644.9264 1.12304e-16
 6647.8622 9.80229e-17
 6650.7980 7.93930e-17
 6653.7338 7.61954e-17
 6656.6696 8.79264e-17
 6659.6054 1.03049e-16
 6662.5412 9.07736e-17
 6665.4770 8.79829e-17
 6668.4128 1.01726e-16
 6671.3486 7.28836e-17
 6674.2844 9.78321e-17
 6677.2202 9.62911e-17
 6680.1561 9.43985e-17
 6683.0918 1.00796e-16
 6686.0276 1.02919e-16
 6688.9635 1.00018e-16
 6691.8993 9.18305e-17
 6694.8351 8.51163e-17
 6697.7708 8.78118e-17
 6700.7067 9.13728e-17
 6703.6425 9.06526e-17
 6706.5783 8.98075e-17
 6709.5141 1.04473e-16
 6712.4499 9.35302e-17
 6715.3857 9.70715e-17
 6718.3215 9.81702e-17
 6721.2573 9.57506e-17
 6724.1931 1.09685e-16
 6727.1289 1.02806e-16
 6730.0647 8.23000e-17
 6733.0005 8.65362e-17
 6735.9363 1.03655e-16
 6738.8721 1.13922e-16
 6741.8079 9.62824e-17
 6744.7437 9.04762e-17
 6747.6795 9.33243e-17
 6750.6153 8.10230e-17
 6753.5511 8.09247e-17
 6756.4869 8.30815e-17
 6759.4227 8.97154e-17
 6762.3585 9.08878e-17
 6765.2943 8.41215e-17
 6768.2301 9.54974e-17
 6771.1659 8.00465e-17
 6774.1017 7.98581e-17
 6777.0375 9.46746e-17
 6779.9733 1.04519e-16
 6782.9091 8.88217e-17
 6785.8449 9.02258e-17
 6788.7807 8.19804e-17
 6791.7165 8.78985e-17
 6794.6523 9.23681e-17
 6797.5881 8.42882e-17
 6800.5239 8.14601e-17
 6803.4597 9.08212e-17
 6806.3955 9.31080e-17
 6809.3313 8.18477e-17
 6812.2671 8.09069e-17
 6815.2029 9.88306e-17
 6818.1387 1.00407e-16
 6821.0745 9.62105e-17
 6824.0103 8.00582e-17
 6826.9461 7.58273e-17
 6829.8819 7.90467e-17
 6832.8177 8.14509e-17
 6835.7535 7.74760e-17
 6838.6893 8.70179e-17
 6841.6251 8.72154e-17
 6844.5609 8.72953e-17
 6847.4967 7.77031e-17
 6850.4325 8.33534e-17
 6853.3683 8.99939e-17
 6856.3041 8.54558e-17
 6859.2399 9.57517e-17
 6862.1757 9.67619e-17
 6865.1115 9.53530e-17
 6868.0473 9.23800e-17
 6870.9831 9.75677e-17
 6873.9189 9.20710e-17
 6876.8547 8.44237e-17
 6879.7905 8.73475e-17
 6882.7263 7.78624e-17
 6885.6621 9.15570e-17
 6888.5979 9.46562e-17
 6891.5337 8.89397e-17
 6894.4695 7.86959e-17
 6897.4053 9.02818e-17
 6900.3411 9.86966e-17
 6903.2769 8.89137e-17
 6906.2127 9.00414e-17
 6909.1485 8.95769e-17
 6912.0843 8.59873e-17
 6915.0201 8.19653e-17
 6917.9559 8.18152e-17
 6920.8917 8.81629e-17
 6923.8275 8.24902e-17
 6926.7633 7.35088e-17
 6929.6991 7.85964e-17
 6932.6349 8.25013e-17
 6935.5707 8.14201e-17
 6938.5065 8.04893e-17
 6941.4423 7.67903e-17
 6944.3781 8.35354e-17
 6947.3139 7.91517e-17
 6950.2497 7.19664e-17
 6953.1855 7.73547e-17
 6956.1213 7.54772e-17
 6959.0571 8.67357e-17
 6961.9929 7.41491e-17
 6964.9287 7.76968e-17
 6967.8645 8.11321e-17
 6970.8003 8.54078e-17
 6973.7361 8.00401e-17
 6976.6719 6.71054e-17
 6979.6077 7.69851e-17
 6982.5435 8.18402e-17
 6985.4793 8.42616e-17
 6988.4151 7.43305e-17
 6991.3509 8.30525e-17
 6994.2867 8.09585e-17
 6997.2225 7.87708e-17
 7000.1583 9.59925e-17
 7003.0941 8.40975e-17
 7006.0299 1.00129e-16
 7008.9657 1.08825e-16
 7011.9015 9.91851e-17
 7014.8373 7.00796e-17
 7017.7731 7.51813e-17
 7020.7089 6.53050e-17
 7023.6447 7.85447e-17
 7026.5805 8.13159e-17
 7029.5163 1.00453e-16
 7032.4521 8.84370e-17
 7035.3880 8.08416e-17
 7038.3237 9.87175e-17
 7041.2595 1.10572e-16
 7044.1954 9.94749e-17
 7047.1312 8.18614e-17
 7050.0670 6.66722e-17
 7053.0027 7.07839e-17
 7055.9386 6.47896e-17
 7058.8744 8.33708e-17
 7061.8102 7.07978e-17
 7064.7460 9.28657e-17
 7067.6818 8.40890e-17
 7070.6176 8.03388e-17
 7073.5534 7.55023e-17
 7076.4892 6.15923e-17
 7079.4250 8.51291e-17
 7082.3608 6.17206e-17
 7085.2966 5.41987e-17
 7088.2324 8.02364e-17
 7091.1682 6.98446e-17
 7094.1040 7.74344e-17
 7097.0398 8.31746e-17
 7099.9756 6.80210e-17
 7102.9114 8.14112e-17
 7105.8472 8.35251e-17
 7108.7830 8.93799e-17
 7111.7188 1.01456e-16
 7114.6546 8.69895e-17
 7117.5904 6.94849e-17
 7120.5262 8.35465e-17
 7123.4620 9.63479e-17
 7126.3978 1.10264e-16
 7129.3336 5.32978e-17
 7132.2694 7.72550e-17
 7135.2052 8.84173e-17
 7138.1410 8.76549e-17
 7141.0768 8.47480e-17
 7144.0126 9.37465e-17
 7146.9484 9.96592e-17
 7149.8842 9.66900e-17
 7152.8200 1.02499e-16
 7155.7558 9.74321e-17
 7158.6916 7.29578e-17
 7161.6274 7.83488e-17
 7164.5632 9.18052e-17
 7167.4990 9.05358e-17
 7170.4348 8.80101e-17
 7173.3706 8.52782e-17
 7176.3064 7.97432e-17
 7179.2422 6.98178e-17
 7182.1780 8.36013e-17
 7185.1138 9.06269e-17
 7188.0496 7.53802e-17
 7190.9854 8.82813e-17
 7193.9212 7.92209e-17
 7196.8570 9.76348e-17
 7199.7928 8.95668e-17
 7202.7286 7.46289e-17
 7205.6644 9.06170e-17
 7208.6002 8.62460e-17
 7211.5360 8.95324e-17
 7214.4718 8.63183e-17
 7217.4076 7.76835e-17
 7220.3434 8.61495e-17
 7223.2792 8.94658e-17
 7226.2150 1.04900e-16
 7229.1508 1.08757e-16
 7232.0866 9.44007e-17
 7235.0224 9.63680e-17
 7237.9582 9.08293e-17
 7240.8940 8.56865e-17
 7243.8298 1.01582e-16
 7246.7656 8.47063e-17
 7249.7014 8.04881e-17
 7252.6372 9.34831e-17
 7255.5730 8.14530e-17
 7258.5088 7.16212e-17
 7261.4446 9.42668e-17
 7264.3804 9.96301e-17
 7267.3162 9.83335e-17
 7270.2520 8.60933e-17
 7273.1878 9.40237e-17
 7276.1236 1.00329e-16
 7279.0594 8.80446e-17
 7281.9952 1.07018e-16
 7284.9310 1.06543e-16
 7287.8668 8.43296e-17
 7290.8026 8.57235e-17
 7293.7384 7.53761e-17
 7296.6742 9.35446e-17
 7299.6100 9.15180e-17
 7302.5458 1.01120e-16
 7305.4816 9.58976e-17
 7308.4174 1.02385e-16
 7311.3532 1.00842e-16
 7314.2890 8.84385e-17
 7317.2248 9.07864e-17
 7320.1606 1.01335e-16
 7323.0964 1.10594e-16
 7326.0322 9.96535e-17
 7328.9680 9.42382e-17
 7331.9038 9.02074e-17
 7334.8396 8.85452e-17
 7337.7754 9.89493e-17
 7340.7112 1.05195e-16
 7343.6470 8.58077e-17
 7346.5828 8.93541e-17
 7349.5186 7.93612e-17
 7352.4544 4.30440e-17
 7355.3902 3.33388e-17
 7358.3260 2.63754e-17
 7361.2618 2.71245e-17
 7364.1976 2.65809e-17
 7367.1334 3.41995e-17
 7370.0692 5.51802e-17
 7373.0050 6.29836e-17
 7375.9408 6.52347e-17
 7378.8766 5.51486e-17
 7381.8124 5.15787e-17
 7384.7482 4.56831e-17
 7387.6840 5.04592e-17
 7390.6198 5.39880e-17
 7393.5556 5.32775e-17
 7396.4914 5.23617e-17
 7399.4273 5.55705e-17
 7402.3631 5.32990e-17
 7405.2989 7.03413e-17
 7408.2346 7.15594e-17
 7411.1705 8.34015e-17
 7414.1063 8.61094e-17
 7417.0421 7.04444e-17
 7419.9779 7.54954e-17
 7422.9137 6.37363e-17
 7425.8495 7.58760e-17
 7428.7853 8.39749e-17
 7431.7211 8.83796e-17
 7434.6569 9.23587e-17
 7437.5927 1.03381e-16
 7440.5285 7.91157e-17
 7443.4643 7.95171e-17
 7446.4001 8.64771e-17
 7449.3359 7.90948e-17
 7452.2717 7.99010e-17
 7455.2075 7.73452e-17
 7458.1433 8.89470e-17
 7461.0791 8.58163e-17
 7464.0149 1.01557e-16
 7466.9507 1.16901e-16
 7469.8865 9.13963e-17
 7472.8223 9.71266e-17
 7475.7581 8.16322e-17
 7478.6939 8.91550e-17
 7481.6297 8.88517e-17
 7484.5655 9.05568e-17
 7487.5013 1.10922e-16
 7490.4371 1.12457e-16
 7493.3729 1.04650e-16
 7496.3087 9.48906e-17
 7499.2445 1.07975e-16
 7502.1803 1.45622e-16
 7505.1161 1.16196e-16
 7508.0519 7.04598e-17
 7510.9877 7.63851e-17
 7513.9235 8.96498e-17
 7516.8593 6.29279e-17
 7519.7951 7.18916e-17
 7522.7309 8.38757e-17
 7525.6667 1.02891e-16
 7528.6025 7.88829e-17
 7531.5383 8.26159e-17
 7534.4741 1.06338e-16
 7537.4099 9.28421e-17
 7540.3457 1.03424e-16
 7543.2815 9.97051e-17
 7546.2173 1.00918e-16
 7549.1531 1.02941e-16
 7552.0889 1.09266e-16
 7555.0247 9.20074e-17
 7557.9605 1.01081e-16
 7560.8963 8.70450e-17
 7563.8321 8.26059e-17
 7566.7679 6.29688e-17
 7569.7037 7.73240e-17
 7572.6395 9.72425e-17
 7575.5753 9.86425e-17
 7578.5111 9.78456e-17
 7581.4469 1.20568e-16
 7584.3827 1.07099e-16
 7587.3185 9.44846e-17
 7590.2543 1.10549e-16
 7593.1901 1.20178e-16
 7596.1259 1.18198e-16
 7599.0617 1.03472e-16
 7601.9975 1.17382e-16
 7604.9333 9.33062e-17
 7607.8691 8.67039e-17
 7610.8049 9.48989e-17
 7613.7407 1.07337e-16
 7616.6765 1.06582e-16
 7619.6123 1.17830e-16
 7622.5481 8.76809e-17
 7625.4839 9.00629e-17
 7628.4197 9.97338e-17
 7631.3555 1.01504e-16
 7634.2913 1.02441e-16
 7637.2271 1.08710e-16
 7640.1629 1.05039e-16
 7643.0987 1.03779e-16
 7646.0345 1.22149e-16
 7648.9703 1.11768e-16
 7651.9061 9.50412e-17
 7654.8419 9.24958e-17
 7657.7777 7.78902e-17
 7660.7135 1.04924e-16
 7663.6493 8.95225e-17
 7666.5851 1.14953e-16
 7669.5209 8.45765e-17
 7672.4567 9.46086e-17
 7675.3925 1.32904e-16
 7678.3283 1.08401e-16
 7681.2641 9.47758e-17
 7684.1999 8.68085e-17
 7687.1357 9.03513e-17
 7690.0715 6.93909e-17
 7693.0073 8.40435e-17
 7695.9431 8.45293e-17
 7698.8789 6.91943e-17
 7701.8147 7.09414e-17
 7704.7505 8.79223e-17
 7707.6863 8.19975e-17
 7710.6221 1.02825e-16
 7713.5579 9.46911e-17
 7716.4937 7.87325e-17
 7719.4295 8.62030e-17
 7722.3653 8.88686e-17
 7725.3011 1.04235e-16
 7728.2369 1.15495e-16
 7731.1727 9.85349e-17
 7734.1085 9.10575e-17
 7737.0443 1.08767e-16
 7739.9801 8.71846e-17
 7742.9159 7.67332e-17
 7745.8517 6.18310e-17
 7748.7875 7.58031e-17
 7751.7233 6.73623e-17
 7754.6592 6.76835e-17
 7757.5950 7.91750e-17
 7760.5307 1.00862e-16
 7763.4665 1.02690e-16
 7766.4024 6.97979e-17
 7769.3382 1.05923e-16
 7772.2740 1.32015e-16
 7775.2098 7.66148e-17
 7778.1456 8.09589e-17
 7781.0814 9.41821e-17
 7784.0172 1.06245e-16
 7786.9530 7.38975e-17
 7789.8888 8.01030e-17
 7792.8246 1.05442e-16
 7795.7604 1.00941e-16
 7798.6962 7.40332e-17
 7801.6320 7.92269e-17
 7804.5678 1.09130e-16
 7807.5036 9.84496e-17
 7810.4394 8.71405e-17
 7813.3752 8.67398e-17
 7816.3110 1.01315e-16
 7819.2468 1.09571e-16
 7822.1826 8.37253e-17
 7825.1184 9.48267e-17
 7828.0542 1.01200e-16
 7830.9900 7.90949e-17
 7833.9258 6.98700e-17
 7836.8616 1.07729e-16
 7839.7974 7.77365e-17
 7842.7332 6.76520e-17
 7845.6690 9.32863e-17
 7848.6048 9.76840e-17
 7851.5406 9.66557e-17
 7854.4764 8.58215e-17
 7857.4122 8.04954e-17
 7860.3480 1.00967e-16
 7863.2838 1.05292e-16
 7866.2196 8.95444e-17
 7869.1554 8.01536e-17
 7872.0912 8.03905e-17
 7875.0270 8.43864e-17
 7877.9628 7.30662e-17
 7880.8986 8.96971e-17
 7883.8344 9.12783e-17
 7886.7702 7.79836e-17
 7889.7060 8.99367e-17
 7892.6418 7.97460e-17
 7895.5776 8.75703e-17
 7898.5134 8.51388e-17
 7901.4492 8.84239e-17
 7904.3850 8.52933e-17
 7907.3208 8.38249e-17
 7910.2566 7.71761e-17
 7913.1924 8.16153e-17
 7916.1282 8.76452e-17
 7919.0640 9.70261e-17
 7921.9998 9.02793e-17
 7924.9356 8.62565e-17
 7927.8714 8.67989e-17
 7930.8072 7.86050e-17
 7933.7430 7.74934e-17
 7936.6788 7.19502e-17
 7939.6146 5.06650e-17
 7942.5504 8.35334e-17
 7945.4862 1.03065e-16
 7948.4220 9.69893e-17
 7951.3578 8.15390e-17
 7954.2936 8.49424e-17
 7957.2294 6.37544e-17
 7960.1652 5.52592e-17
 7963.1010 7.67109e-17
 7966.0368 5.47797e-17
 7968.9726 7.53889e-17
 7971.9084 1.03874e-16
 7974.8442 9.68744e-17
 7977.7800 8.23124e-17
 7980.7158 1.05754e-16
 7983.6516 7.21435e-17
 7986.5874 8.31048e-17
 7989.5232 1.04963e-16
 7992.4590 9.97259e-17
 7995.3948 7.88075e-17
 7998.3306 7.37694e-17
 8001.2664 8.70089e-17
 8004.2022 9.05583e-17
 8007.1380 9.23107e-17
 8010.0738 1.15072e-16
 8013.0096 9.47793e-17
 8015.9454 1.10748e-16
 8018.8812 8.81284e-17
 8021.8170 8.70402e-17
 8024.7528 4.28586e-17
 8027.6886 6.00056e-17
 8030.6244 1.14962e-16
 8033.5602 9.55652e-17
 8036.4960 7.54343e-17
 8039.4318 3.31734e-17
 8042.3676 4.17958e-17
 8045.3034 7.50298e-17
 8048.2392 9.52802e-17
 8051.1750 7.77452e-17
 8054.1108 7.47396e-17
 8057.0466 4.74369e-17
 8059.9824 6.99060e-17
 8062.9182 6.14810e-17
 8065.8540 8.73251e-17
 8068.7898 9.23883e-17
 8071.7256 5.06166e-17
 8074.6614 5.88064e-17
 8077.5972 3.68035e-17
 8080.5330 1.09636e-16
 8083.4688 1.10155e-16
 8086.4046 1.29177e-16
 8089.3404 1.21452e-16
 8092.2762 8.00435e-17
 8095.2120 5.97153e-17
 8098.1478 7.55954e-17
 8101.0836 9.02454e-17
 8104.0194 8.82423e-17
 8106.9552 8.09491e-17
 8109.8911 8.72148e-17
 8112.8269 6.77408e-17
 8115.7626 7.58054e-17
 8118.6984 4.66072e-17
 8121.6343 6.74354e-17
 8124.5701 7.78510e-17
 8127.5059 9.16776e-17
 8130.4416 9.16204e-17
 8133.3775 1.16576e-16
 8136.3133 7.36212e-17
 8139.2491 3.43770e-17
 8142.1849 5.64860e-17
 8145.1207 4.60680e-17
 8148.0565 4.57304e-17
 8150.9923 7.73354e-17
 8153.9281 6.41168e-17
 8156.8639 5.71815e-18
 8159.7997 6.82390e-17
 8162.7355 8.02299e-17
 8165.6713 7.60174e-17
 8168.6071 3.85699e-17
 8171.5429 4.25848e-17
 8174.4787 5.43492e-17
 8177.4145 5.82291e-17
 8180.3503 6.73762e-17
 8183.2861 5.49285e-17
 8186.2219 1.01647e-16
 8189.1577 6.38667e-17
 8192.0935 8.56594e-17
 8195.0293 6.13433e-17
 8197.9651 5.18235e-17
 8200.9009 3.92163e-17
 8203.8367 7.05190e-17
 8206.7725 5.72101e-17
 8209.7083 4.44530e-17
 8212.6441 4.75736e-17
 8215.5799 5.23324e-17
 8218.5157 6.91151e-17
 8221.4515 7.76363e-17
 8224.3873 2.67275e-17
 8227.3231 5.38139e-17
 8230.2589 8.42064e-17
 8233.1947 2.11775e-17
 8236.1305 1.24871e-17
 8239.0663 1.52259e-17
 8242.0021 2.91968e-17
 8244.9379 4.77754e-17
 8247.8737 4.85326e-17
 8250.8095 5.92365e-17
 8253.7453 6.35778e-17
 8256.6811 5.59751e-17
 8259.6169 4.81262e-17
 8262.5527 5.40719e-17
 8265.4885 5.76176e-17
 8268.4243 4.93749e-17
 8271.3601 5.94332e-17
 8274.2959 7.71699e-17
 8277.2317 3.00579e-17
 8280.1675 6.30283e-17
 8283.1033 5.30923e-17
 8286.0391 5.05289e-17
 8288.9749 5.05266e-17
 8291.9107 4.40262e-17
 8294.8465 5.56531e-17
 8297.7823 5.90900e-17
 8300.7181 5.71586e-17
 8303.6539 5.01326e-17
 8306.5897 6.10089e-17
 8309.5255 4.43662e-17
 8312.4613 4.10417e-17
 8315.3971 4.94682e-17
 8318.3329 5.70459e-17
 8321.2687 5.07111e-17
 8324.2045 4.42140e-17
 8327.1403 5.98710e-17
 8330.0761 7.22717e-17
 8333.0119 6.44341e-17
 8335.9477 5.69291e-17
 8338.8835 5.41556e-17
 8341.8193 4.49398e-17
 8344.7551 3.84953e-17
 8347.6909 6.85540e-17
 8350.6267 5.69531e-17
 8353.5625 5.25901e-17
 8356.4983 4.58962e-17
 8359.4341 3.59707e-17
 8362.3699 2.48565e-17
 8365.3057 2.60802e-17
 8368.2415 3.37382e-17
 8371.1773 5.18191e-17
 8374.1131 8.12303e-17
 8377.0489 9.29048e-17
 8379.9847 5.80486e-17
 8382.9205 5.93723e-17
 8385.8563 1.34564e-16
 8388.7921 1.19070e-16
 8391.7279 8.44358e-17
 8394.6637 6.30664e-17
 8397.5995 7.93169e-17
 8400.5353 7.04154e-17
 8403.4711 4.53827e-17
 8406.4069 6.92695e-17
 8409.3427 6.83674e-17
 8412.2785 7.13146e-17
 8415.2143 7.24226e-17
 8418.1501 7.15055e-17
 8421.0859 1.00419e-16
 8424.0217 7.52569e-17
 8426.9575 5.41427e-17
 8429.8933 4.85911e-17
 8432.8291 5.98487e-17
 8435.7649 7.30773e-17
 8438.7007 3.69640e-17
 8441.6365 5.57450e-17
 8444.5723 7.14681e-17
 8447.5081 7.71291e-17
 8450.4439 6.56528e-17
 8453.3797 8.43483e-17
 8456.3155 7.78805e-17
 8459.2513 8.71075e-17
 8462.1871 7.34606e-17
 8465.1230 8.68869e-17
 8468.0588 6.55117e-17
 8470.9945 1.04016e-16
 8473.9303 1.03108e-16
 8476.8662 7.15027e-17
 8479.8020 9.65291e-17
 8482.7378 2.89856e-17
 8485.6735 8.35701e-18
 8488.6094 6.66273e-17
 8491.5452 1.08732e-16
 8494.4810 8.40050e-17
 8497.4168 7.31429e-17
 8500.3526 8.56498e-17
 8503.2884 5.12729e-17
 8506.2242 6.81583e-17
 8509.1600 5.96685e-17
 8512.0958 8.41272e-17
 8515.0316 8.35960e-17
 8517.9674 9.15980e-17
 8520.9032 9.17845e-17
 8523.8390 6.76573e-17
 8526.7748 1.00928e-16
 8529.7106 1.25488e-16
 8532.6464 1.52336e-16
 8535.5822 1.48775e-16
 8538.5180 1.34779e-16
 8541.4538 1.33749e-16
 8544.3896 9.38522e-17
 8547.3254 9.00881e-17
 8550.2612 9.37478e-17
 8553.1970 9.74076e-17
 8556.1328 1.01067e-16
 8559.0686 1.04727e-16
 8562.0044 1.08387e-16
 8564.9402 1.12047e-16
 8567.8760 1.28934e-16
 8570.8118 1.10118e-16
 8573.7476 6.67852e-17
 8576.6834 1.11447e-16
 8579.6192 9.81612e-17
 8582.5550 1.32072e-16
 8585.4908 1.30874e-16
 8588.4266 1.25388e-16
 8591.3624 9.36025e-17
 8594.2982 1.20583e-16
 8597.2340 9.74002e-17
 8600.1698 1.04818e-16
 8603.1056 1.59293e-16
 8606.0414 1.46129e-16
 8608.9772 9.43723e-17
 8611.9130 8.04167e-17
 8614.8488 1.26490e-16
 8617.7846 1.34501e-16
 8620.7204 9.59245e-17
 8623.6562 5.60426e-17
 8626.5920 6.62884e-17
 8629.5278 6.55560e-17
 8632.4636 9.62953e-17
 8635.3994 8.77206e-17
 8638.3352 2.35952e-17
 8641.2710 3.68774e-17
 8644.2068 9.22145e-17
 8647.1426 1.09574e-16
 8650.0784 6.91603e-17
 8653.0142 5.67319e-17
 8655.9500 1.86062e-16
 8658.8858 1.62934e-16
 8661.8216 1.07555e-16
 8664.7574 9.90041e-17
 8667.6932 1.02775e-16
 8670.6290 9.83612e-17
 8673.5648 9.64454e-17
 8676.5006 5.32050e-17
 8679.4364 9.48805e-17
 8682.3722 9.02430e-17
 8685.3080 9.56047e-17
 8688.2438 1.12940e-16
 8691.1796 1.15549e-16
 8694.1154 7.53576e-17
 8697.0512 8.96279e-17
 8699.9870 6.94844e-17
 8702.9228 1.40073e-16
 8705.8586 9.45169e-17
 8708.7944 1.13253e-16
 8711.7302 5.84375e-17
 8714.6660 3.91526e-17
 8717.6018 5.47096e-17
 8720.5376 5.63116e-17
 8723.4734 4.72851e-17
 8726.4092 6.83732e-17
 8729.3450 7.80552e-17
 8732.2808 8.18527e-17
 8735.2166 8.51468e-17
 8738.1524 8.00479e-17
 8741.0882 8.35883e-17
 8744.0240 1.15864e-16
 8746.9598 1.21893e-16
 8749.8956 1.17529e-16
 8752.8314 1.04951e-16
 8755.7672 7.36990e-17
 8758.7030 7.54865e-17
 8761.6388 9.85448e-17
 8764.5746 9.97815e-17
 8767.5104 1.17309e-16
 8770.4462 9.37569e-17
 8773.3820 1.12077e-16
 8776.3178 1.15635e-16
 8779.2536 6.22310e-17
 8782.1894 6.88687e-17
 8785.1252 7.10667e-17
 8788.0610 9.72378e-17
 8790.9968 8.65992e-17
 8793.9326 5.56814e-17
 8796.8684 7.05424e-17
 8799.8042 6.02260e-17
 8802.7400 8.38513e-17
 8805.6758 7.39184e-17
 8808.6116 6.23392e-17
 8811.5474 1.16468e-16
 8814.4832 6.56977e-17
 8817.4190 7.56759e-17
 8820.3549 1.07894e-16
 8823.2906 1.00598e-16
 8826.2264 1.03446e-16
 8829.1622 7.81380e-17
 8832.0981 6.95329e-17
 8835.0339 7.92810e-17
 8837.9697 8.64357e-17
 8840.9054 1.16261e-16
 8843.8413 1.05150e-16
 8846.7771 9.93609e-17
 8849.7129 9.53018e-17
 8852.6487 9.94075e-17
 8855.5845 1.19413e-16
 8858.5203 5.93221e-17
 8861.4561 7.69648e-17
 8864.3919 7.20401e-17
 8867.3277 9.09966e-17
 8870.2635 7.39668e-17
 8873.1993 4.77582e-17
 8876.1351 4.27530e-17
 8879.0709 4.78731e-17
 8882.0067 5.83410e-17
 8884.9425 5.41215e-17
 8887.8783 1.01635e-16
 8890.8141 8.62914e-17
 8893.7499 7.79973e-17
 8896.6857 1.16745e-16
 8899.6215 3.71464e-17
 8902.5573 9.13573e-17
 8905.4931 1.02907e-16
 8908.4289 8.43203e-17
 8911.3647 9.58913e-17
 8914.3005 6.73267e-17
 8917.2363 7.76186e-17
 8920.1721 6.53758e-17
 8923.1079 5.74778e-17
 8926.0437 1.01770e-16
 8928.9795 7.35899e-17
 8931.9153 8.41674e-17
 8934.8511 6.93106e-17
 8937.7869 7.98766e-17
 8940.7227 4.41484e-17
 8943.6585 5.29771e-17
 8946.5943 5.73962e-17
 8949.5301 8.31708e-17
 8952.4659 7.30640e-17
 8955.4017 7.79844e-17
 8958.3375 1.11473e-16
 8961.2733 8.25080e-17
 8964.2091 7.63795e-17
 8967.1449 6.34394e-17
 8970.0807 4.36917e-17
 8973.0165 2.45991e-17
 8975.9523 2.10188e-17
 8978.8881 5.87441e-17
 8981.8239 7.64891e-17
 8984.7597 8.84563e-17
 8987.6955 5.13740e-17
 8990.6313 6.63543e-17
 8993.5671 8.60085e-17
 8996.5029 5.40787e-17
 8999.4387 3.53034e-17
 9002.3745 7.83160e-17
 9005.3103 7.41327e-17
 9008.2461 6.99495e-17
 9011.1819 6.57662e-17
 9014.1177 6.15843e-17
 9017.0535 5.74010e-17
 9019.9893 5.32178e-17
 9022.9251 4.90345e-17
 9025.8609 4.48512e-17
 9028.7967 4.06680e-17
 9031.7325 3.64847e-17
 9034.6683 3.23014e-17
 9037.6041 2.81182e-17
 9040.5399 3.00567e-17
 9043.4757 4.54931e-17
 9046.4115 3.29981e-17
 9049.3473 3.48145e-17
 9052.2831 1.96924e-17
 9055.2189 4.49492e-17
 9058.1547 2.03612e-17
 9061.0905 5.76118e-17
 9064.0263 7.80488e-17
 9066.9621 7.14081e-17
 9069.8979 7.49630e-17
 9072.8337 -2.10863e-17
 9075.7695 -5.88079e-18
 9078.7053 1.25573e-16
 9081.6411 1.33554e-16
 9084.5769 1.06747e-16
 9087.5127 5.47429e-17
 9090.4485 -8.66239e-18
 9093.3843 1.45400e-17
 9096.3201 3.32250e-17
 9099.2559 4.02252e-17
 9102.1917 5.67471e-17
 9105.1275 1.62854e-17
 9108.0633 8.74700e-18
 9110.9991 2.47044e-17
 9113.9349 7.58783e-17
 9116.8707 5.83489e-17
 9119.8065 4.91611e-18
 9122.7423 5.92617e-18
 9125.6781 5.19357e-17
 9128.6139 4.87052e-17
 9131.5497 4.54747e-17
 9134.4855 4.22442e-17
 9137.4213 3.90137e-17
 9140.3571 3.57832e-17
 9143.2929 3.25527e-17
 9146.2287 2.93222e-17
 9149.1645 2.60917e-17
 9152.1003 2.28622e-17
 9155.0361 1.96317e-17
 9157.9719 1.64012e-17
 9160.9077 1.31707e-17
 9163.8435 9.94017e-18
 9166.7793 6.70967e-18
 9169.7151 3.47916e-18
 9172.6509 2.48660e-19
 9175.5868 -2.98184e-18
 9178.5225 -6.21131e-18
 9181.4583 -2.39588e-17
 9184.3941 1.18779e-17
 9187.3300 2.51290e-17
 9190.2658 4.61604e-17
 9193.2015 4.32393e-17
 9196.1373 1.57414e-17
 9199.0732 4.19204e-17
 9202.0090 4.99092e-17
 9204.9448 4.96013e-17
 9207.8806 4.98368e-17
 9210.8164 5.44324e-17
 9213.7522 4.35699e-17
 9216.6880 4.81348e-17
 9219.6238 -1.00810e-17
 9222.5596 -2.57110e-18
 9225.4954 8.05354e-17
 9228.4312 3.17602e-17
 9231.3670 3.19327e-17
 9234.3028 4.20466e-17
 9237.2386 6.21364e-17
 9240.1744 6.53327e-17
 9243.1102 3.81193e-17
 9246.0460 -1.20978e-17
 9248.9818 -6.63616e-18
 9251.9176 5.77818e-17
 9254.8534 3.31623e-17
 9257.7892 -3.55665e-19
 9260.7250 -3.76912e-18
 9263.6608 6.21906e-17
 9266.5966 5.05904e-17
 9269.5324 1.68568e-17
 9272.4682 5.88565e-17
 9275.4040 1.06467e-17
 9278.3398 8.99239e-18
 9281.2756 4.81180e-17
 9284.2114 5.17454e-17
 9287.1472 8.65114e-17
 9290.0830 6.10563e-17
 9293.0188 5.56801e-17
 9295.9546 5.65484e-17
 9298.8904 -2.60653e-17
 9301.8262 8.63597e-18
 9304.7620 5.03870e-17
 9307.6978 1.09978e-16
 9310.6336 3.78673e-17
 9313.5694 2.27204e-17
 9316.5052 5.13686e-17
 9319.4410 1.78147e-18
 9322.3768 -1.07708e-17
 9325.3126 5.79665e-18
 9328.2484 3.08853e-17
 9331.1842 5.90336e-17
 9334.1200 7.27483e-17
 9337.0558 3.61770e-17
 9339.9916 4.99796e-18
 9342.9274 6.82211e-17
 9345.8632 7.60777e-17
 9348.7990 6.22093e-17
 9351.7348 5.78802e-19
 9354.6706 -2.69646e-17
 9357.6064 1.80119e-17
 9360.5422 -1.59353e-17
 9363.4780 -7.15048e-18
 9366.4138 1.82597e-17
 9369.3496 2.70964e-17
 9372.2854 4.84900e-17
 9375.2212 -4.95994e-18
 9378.1570 -1.56745e-17
 9381.0928 7.26686e-17
 9384.0286 9.56553e-17
 9386.9644 6.66428e-17
 9389.9002 5.53156e-17
 9392.8360 6.63361e-17
 9395.7718 6.70584e-17
 9398.7076 7.49219e-17
 9401.6434 6.05112e-17
 9404.5792 2.81424e-17
 9407.5150 1.36292e-17
 9410.4508 3.03728e-17
 9413.3866 9.77483e-17
 9416.3224 9.72633e-17
 9419.2582 5.57240e-17
 9422.1940 4.43241e-17
 9425.1298 8.04275e-17
 9428.0656 4.31312e-17
 9431.0014 8.47567e-18
 9433.9372 1.76881e-17
 9436.8730 1.09976e-17
 9439.8088 3.23382e-17
 9442.7446 5.02130e-17
 9445.6804 2.16544e-17
 9448.6162 4.56272e-18
 9451.5520 9.49231e-18
 9454.4878 1.66128e-17
 9457.4236 5.53343e-17
 9460.3594 7.03931e-17
 9463.2952 2.29898e-18
 9466.2310 2.10761e-17
 9469.1668 4.32091e-17
 9472.1026 2.04047e-17
 9475.0384 6.29773e-17
 9477.9742 6.30811e-17
 9480.9100 6.31848e-17
 9483.8458 6.32886e-17
 9486.7816 6.33924e-17
 9489.7174 6.34961e-17
 9492.6532 6.35999e-17
 9495.5890 6.37037e-17
 9498.5248 6.38074e-17
 9501.4606 6.39112e-17
 9504.3964 6.40150e-17
 9507.3322 6.41187e-17
 9510.2680 6.42225e-17
 9513.2038 6.43262e-17
 9516.1396 6.44300e-17
