#Object:               SN2006X
#FITS_file:            SN06X_b01_DUP_WF_23apr06.fits
#Redshift:             0.00524
#JDate_of_max:         2453785.82
#JDate_of_observation: 2453848.64
#Epoch:                62.49     
#
 3780.1907 -1.25980e-16
 3783.2162 -1.61400e-16
 3786.2418 -1.07226e-16
 3789.2673 -6.86989e-17
 3792.2929 3.71859e-17
 3795.3184 1.45349e-16
 3798.3440 -1.29889e-17
 3801.3696 2.79552e-16
 3804.3951 4.38642e-17
 3807.4207 -1.36368e-16
 3810.4462 6.30600e-17
 3813.4718 2.69064e-16
 3816.4973 7.98470e-17
 3819.5229 -7.98147e-17
 3822.5484 4.25862e-17
 3825.5740 -4.61816e-17
 3828.5996 -7.74054e-17
 3831.6251 -1.24509e-17
 3834.6507 -1.53044e-16
 3837.6762 -5.53977e-17
 3840.7018 -7.79767e-17
 3843.7273 -1.69268e-16
 3846.7529 -4.16593e-18
 3849.7784 -1.52894e-19
 3852.8040 4.01426e-17
 3855.8295 1.33402e-18
 3858.8551 -1.24812e-16
 3861.8807 -3.05329e-17
 3864.9062 5.40412e-17
 3867.9318 -2.94920e-17
 3870.9573 1.05960e-16
 3873.9829 7.69067e-17
 3877.0084 7.01137e-17
 3880.0340 -1.01241e-17
 3883.0596 6.57051e-17
 3886.0851 1.00317e-16
 3889.1107 4.88105e-17
 3892.1362 1.87334e-16
 3895.1618 9.69567e-17
 3898.1873 5.54754e-17
 3901.2129 1.15274e-16
 3904.2384 1.98063e-16
 3907.2640 8.60485e-17
 3910.2895 -1.02426e-17
 3913.3151 -6.89721e-17
 3916.3407 2.15356e-17
 3919.3662 -4.30016e-18
 3922.3918 1.67167e-17
 3925.4173 7.56620e-17
 3928.4429 4.52565e-17
 3931.4684 1.80206e-16
 3934.4940 9.01139e-17
 3937.5195 -1.27189e-17
 3940.5451 1.05438e-16
 3943.5707 1.29568e-16
 3946.5962 1.80496e-16
 3949.6218 7.68895e-17
 3952.6473 1.03585e-16
 3955.6729 1.13740e-16
 3958.6984 2.45102e-17
 3961.7240 -5.64241e-17
 3964.7495 -8.48474e-18
 3967.7751 6.27890e-17
 3970.8007 7.56981e-17
 3973.8262 1.25234e-16
 3976.8518 1.11902e-16
 3979.8773 1.01868e-16
 3982.9029 1.95010e-16
 3985.9284 1.49445e-16
 3988.9540 1.87794e-16
 3991.9795 7.16170e-17
 3995.0051 4.08520e-21
 3998.0307 1.37302e-16
 4001.0562 6.58185e-17
 4004.0818 -5.48299e-17
 4007.1073 6.23184e-17
 4010.1329 -1.76838e-18
 4013.1584 8.20114e-17
 4016.1840 1.31788e-16
 4019.2095 6.72932e-17
 4022.2351 1.13957e-16
 4025.2606 4.17132e-17
 4028.2862 6.19225e-17
 4031.3118 1.07981e-16
 4034.3373 5.46133e-17
 4037.3629 4.40166e-17
 4040.3884 7.37188e-17
 4043.4140 8.25902e-17
 4046.4395 -9.18586e-17
 4049.4651 1.68432e-17
 4052.4907 1.39571e-16
 4055.5162 1.09676e-16
 4058.5418 8.50970e-17
 4061.5673 1.03111e-16
 4064.5929 2.95365e-17
 4067.6184 1.30924e-16
 4070.6440 1.22492e-16
 4073.6695 -3.57800e-17
 4076.6951 -7.35247e-17
 4079.7207 -7.59620e-17
 4082.7462 -3.63808e-17
 4085.7718 -6.70813e-18
 4088.7973 -3.02216e-18
 4091.8229 -1.14690e-16
 4094.8484 1.01024e-16
 4097.8740 1.71863e-17
 4100.8995 4.84999e-17
 4103.9251 -4.02033e-17
 4106.9506 -1.58392e-17
 4109.9762 -4.15651e-17
 4113.0018 1.20282e-16
 4116.0273 4.34207e-17
 4119.0529 8.95948e-17
 4122.0784 2.41462e-17
 4125.1040 -6.17806e-17
 4128.1295 1.57433e-16
 4131.1551 9.70548e-18
 4134.1806 5.77680e-17
 4137.2062 8.98715e-17
 4140.2318 2.65006e-17
 4143.2573 3.43450e-17
 4146.2829 5.24110e-18
 4149.3084 -1.68521e-17
 4152.3340 9.54135e-17
 4155.3595 1.89065e-16
 4158.3851 6.39523e-17
 4161.4106 1.43342e-16
 4164.4362 3.81633e-17
 4167.4618 1.38568e-16
 4170.4873 2.06819e-16
 4173.5129 2.25175e-16
 4176.5384 1.23548e-16
 4179.5640 -5.76900e-17
 4182.5895 -4.56594e-17
 4185.6151 -3.41811e-17
 4188.6406 5.36116e-17
 4191.6662 -2.27553e-17
 4194.6918 9.47597e-17
 4197.7173 7.63509e-17
 4200.7429 1.45664e-16
 4203.7684 1.52240e-16
 4206.7940 6.01365e-17
 4209.8195 1.22923e-16
 4212.8451 1.08412e-17
 4215.8706 4.76150e-18
 4218.8962 1.61675e-17
 4221.9218 8.70605e-17
 4224.9473 1.80759e-16
 4227.9729 1.94537e-16
 4230.9984 7.63614e-17
 4234.0240 1.19859e-16
 4237.0495 1.10296e-16
 4240.0751 9.23123e-17
 4243.1006 7.44641e-17
 4246.1262 1.41721e-16
 4249.1518 9.29281e-17
 4252.1773 3.08612e-17
 4255.2029 1.52431e-17
 4258.2284 1.54026e-17
 4261.2540 1.44467e-16
 4264.2795 5.08599e-17
 4267.3051 7.23318e-17
 4270.3306 1.35162e-16
 4273.3562 1.69657e-16
 4276.3817 1.23591e-16
 4279.4073 1.31516e-16
 4282.4329 1.43658e-16
 4285.4584 1.02421e-16
 4288.4840 1.36582e-16
 4291.5095 7.22903e-17
 4294.5351 9.40071e-17
 4297.5606 1.20136e-16
 4300.5862 8.00277e-17
 4303.6117 1.16219e-16
 4306.6373 2.26660e-17
 4309.6629 7.90094e-17
 4312.6884 1.25373e-16
 4315.7140 4.06699e-17
 4318.7395 1.10586e-17
 4321.7651 3.13309e-17
 4324.7906 1.58269e-16
 4327.8162 1.21425e-16
 4330.8417 8.00983e-17
 4333.8673 7.88838e-17
 4336.8929 9.69051e-17
 4339.9184 8.59087e-17
 4342.9440 9.85953e-17
 4345.9695 9.35214e-17
 4348.9951 4.63414e-17
 4352.0206 1.20526e-16
 4355.0462 3.97241e-17
 4358.0717 1.54135e-16
 4361.0973 1.46125e-16
 4364.1229 1.04488e-16
 4367.1484 5.89287e-17
 4370.1740 8.54013e-17
 4373.1995 1.57282e-17
 4376.2251 7.42066e-17
 4379.2506 4.55201e-18
 4382.2762 9.20853e-17
 4385.3017 2.27049e-17
 4388.3273 6.84372e-17
 4391.3529 6.95911e-17
 4394.3784 8.86039e-17
 4397.4040 1.66931e-17
 4400.4295 3.31819e-17
 4403.4551 5.13746e-17
 4406.4806 1.19248e-16
 4409.5062 1.08113e-16
 4412.5317 4.18759e-17
 4415.5573 4.45453e-17
 4418.5829 3.13668e-17
 4421.6084 1.16476e-16
 4424.6340 3.90132e-17
 4427.6595 6.14262e-17
 4430.6851 2.81995e-17
 4433.7106 8.54826e-17
 4436.7362 1.28329e-16
 4439.7617 4.51169e-17
 4442.7873 1.11151e-16
 4445.8128 8.23399e-17
 4448.8384 8.78180e-17
 4451.8640 1.24187e-16
 4454.8895 6.88884e-17
 4457.9151 1.34858e-16
 4460.9406 1.12308e-16
 4463.9662 9.81972e-17
 4466.9917 9.16523e-17
 4470.0173 5.63953e-17
 4473.0428 3.83656e-17
 4476.0684 9.53366e-17
 4479.0940 9.93647e-17
 4482.1195 7.64777e-17
 4485.1451 6.29686e-17
 4488.1706 6.50723e-17
 4491.1962 9.41648e-17
 4494.2217 8.71698e-17
 4497.2473 7.00036e-17
 4500.2728 1.38090e-16
 4503.2984 1.63737e-16
 4506.3240 9.92977e-17
 4509.3495 1.60736e-16
 4512.3751 1.72024e-16
 4515.4006 7.33935e-17
 4518.4262 1.20486e-16
 4521.4517 1.59581e-16
 4524.4773 8.51638e-17
 4527.5028 1.56782e-16
 4530.5284 1.83044e-16
 4533.5540 2.19303e-16
 4536.5795 2.29379e-16
 4539.6051 2.54081e-16
 4542.6306 1.79949e-16
 4545.6562 1.99591e-16
 4548.6817 1.86651e-16
 4551.7073 2.02630e-16
 4554.7328 2.35530e-16
 4557.7584 2.31026e-16
 4560.7840 2.23459e-16
 4563.8095 1.88307e-16
 4566.8351 3.13709e-16
 4569.8606 2.53559e-16
 4572.8862 2.99104e-16
 4575.9117 2.76543e-16
 4578.9373 3.05014e-16
 4581.9628 3.00729e-16
 4584.9884 2.17135e-16
 4588.0140 3.00057e-16
 4591.0395 3.41865e-16
 4594.0651 2.74681e-16
 4597.0906 2.28953e-16
 4600.1162 3.10264e-16
 4603.1417 2.82975e-16
 4606.1673 3.38633e-16
 4609.1928 3.05117e-16
 4612.2184 3.90817e-16
 4615.2439 4.07257e-16
 4618.2695 3.60932e-16
 4621.2951 2.94251e-16
 4624.3206 2.97880e-16
 4627.3462 4.02813e-16
 4630.3717 4.67726e-16
 4633.3973 3.11456e-16
 4636.4228 3.37024e-16
 4639.4484 3.52422e-16
 4642.4739 4.16529e-16
 4645.4995 3.52551e-16
 4648.5251 3.91383e-16
 4651.5506 3.93963e-16
 4654.5762 4.65778e-16
 4657.6017 4.72364e-16
 4660.6273 4.45427e-16
 4663.6528 4.09373e-16
 4666.6784 3.46670e-16
 4669.7039 2.96998e-16
 4672.7295 4.19076e-16
 4675.7551 3.36968e-16
 4678.7806 3.98699e-16
 4681.8062 3.86101e-16
 4684.8317 3.79361e-16
 4687.8573 2.78040e-16
 4690.8828 2.99361e-16
 4693.9084 3.75849e-16
 4696.9339 3.65897e-16
 4699.9595 2.96543e-16
 4702.9851 2.48076e-16
 4706.0106 2.83521e-16
 4709.0362 3.03191e-16
 4712.0617 3.06692e-16
 4715.0873 2.71071e-16
 4718.1128 3.24223e-16
 4721.1384 2.93199e-16
 4724.1639 2.40069e-16
 4727.1895 1.66659e-16
 4730.2151 1.92155e-16
 4733.2406 1.98060e-16
 4736.2662 2.13300e-16
 4739.2917 2.12280e-16
 4742.3173 2.13478e-16
 4745.3428 2.28665e-16
 4748.3684 3.27781e-16
 4751.3939 1.93427e-16
 4754.4195 1.73383e-16
 4757.4451 1.16146e-16
 4760.4706 1.30555e-16
 4763.4962 2.06849e-16
 4766.5217 1.57373e-16
 4769.5473 2.00003e-16
 4772.5728 1.62577e-16
 4775.5984 1.13545e-16
 4778.6239 1.27952e-16
 4781.6495 1.85610e-16
 4784.6750 1.23216e-16
 4787.7006 1.58529e-16
 4790.7262 6.70939e-17
 4793.7517 5.72134e-17
 4796.7773 1.02964e-16
 4799.8028 9.88910e-17
 4802.8284 1.28328e-16
 4805.8539 8.44416e-17
 4808.8795 1.18498e-16
 4811.9050 6.70863e-17
 4814.9306 9.10131e-17
 4817.9562 1.18989e-16
 4820.9817 1.28737e-16
 4824.0073 1.36798e-16
 4827.0328 1.08444e-16
 4830.0584 6.85793e-17
 4833.0839 9.65873e-17
 4836.1095 7.99699e-17
 4839.1350 8.13878e-17
 4842.1606 1.10620e-16
 4845.1862 1.01886e-16
 4848.2117 1.26952e-16
 4851.2373 1.93422e-16
 4854.2628 9.83190e-17
 4857.2884 2.10617e-16
 4860.3139 1.24635e-16
 4863.3395 7.58118e-17
 4866.3650 5.64088e-17
 4869.3906 1.13087e-16
 4872.4162 1.60175e-16
 4875.4417 1.75802e-16
 4878.4673 1.50578e-16
 4881.4928 1.33070e-16
 4884.5184 9.08717e-17
 4887.5439 1.27376e-16
 4890.5695 2.16322e-16
 4893.5950 1.50100e-16
 4896.6206 1.51977e-16
 4899.6462 8.74928e-17
 4902.6717 1.57048e-16
 4905.6973 1.41332e-16
 4908.7228 1.10818e-16
 4911.7484 1.01443e-16
 4914.7739 1.82754e-16
 4917.7995 2.11579e-16
 4920.8250 1.52863e-16
 4923.8506 1.89766e-16
 4926.8762 1.73730e-16
 4929.9017 1.76510e-16
 4932.9273 1.11783e-16
 4935.9528 2.13435e-16
 4938.9784 2.22308e-16
 4942.0039 1.93626e-16
 4945.0295 2.38936e-16
 4948.0550 2.01359e-16
 4951.0806 1.42408e-16
 4954.1061 2.25906e-16
 4957.1317 1.91665e-16
 4960.1573 2.25378e-16
 4963.1828 1.70092e-16
 4966.2084 2.36866e-16
 4969.2339 3.02838e-16
 4972.2595 1.98973e-16
 4975.2850 1.79326e-16
 4978.3106 1.22756e-16
 4981.3361 1.70865e-16
 4984.3617 2.08538e-16
 4987.3873 2.05124e-16
 4990.4128 2.06905e-16
 4993.4384 1.61145e-16
 4996.4639 2.04341e-16
 4999.4895 1.56215e-16
 5002.5150 1.83666e-16
 5005.5406 2.16114e-16
 5008.5661 1.99955e-16
 5011.5917 2.09346e-16
 5014.6173 2.12320e-16
 5017.6428 1.77332e-16
 5020.6684 1.79219e-16
 5023.6939 2.07220e-16
 5026.7195 1.83541e-16
 5029.7450 1.68066e-16
 5032.7706 1.48999e-16
 5035.7961 1.61305e-16
 5038.8217 1.26827e-16
 5041.8473 1.96257e-16
 5044.8728 1.66148e-16
 5047.8984 1.52219e-16
 5050.9239 2.00911e-16
 5053.9495 1.42397e-16
 5056.9750 1.57627e-16
 5060.0006 1.45388e-16
 5063.0261 1.51365e-16
 5066.0517 1.62111e-16
 5069.0773 1.18499e-16
 5072.1028 1.42851e-16
 5075.1284 1.66944e-16
 5078.1539 1.41156e-16
 5081.1795 2.00210e-16
 5084.2050 2.45342e-16
 5087.2306 2.58475e-16
 5090.2561 1.66463e-16
 5093.2817 1.80683e-16
 5096.3073 2.36938e-16
 5099.3328 1.91153e-16
 5102.3584 2.29197e-16
 5105.3839 2.43952e-16
 5108.4095 2.22770e-16
 5111.4350 1.96531e-16
 5114.4606 2.32972e-16
 5117.4861 2.40492e-16
 5120.5117 2.43174e-16
 5123.5372 2.58396e-16
 5126.5628 2.94489e-16
 5129.5884 3.11879e-16
 5132.6139 3.10054e-16
 5135.6395 3.04791e-16
 5138.6650 2.03020e-16
 5141.6906 2.43512e-16
 5144.7161 3.12128e-16
 5147.7417 3.50086e-16
 5150.7672 3.00825e-16
 5153.7928 3.03896e-16
 5156.8184 3.38546e-16
 5159.8439 3.44591e-16
 5162.8695 2.75114e-16
 5165.8950 3.13065e-16
 5168.9206 2.54352e-16
 5171.9461 2.78068e-16
 5174.9717 3.09707e-16
 5177.9973 3.19785e-16
 5181.0228 2.77316e-16
 5184.0484 2.83836e-16
 5187.0739 3.27888e-16
 5190.0995 2.53564e-16
 5193.1250 2.90463e-16
 5196.1506 2.98702e-16
 5199.1761 3.32606e-16
 5202.2017 3.17794e-16
 5205.2272 3.13253e-16
 5208.2528 3.03874e-16
 5211.2784 3.29208e-16
 5214.3039 4.12192e-16
 5217.3295 3.94188e-16
 5220.3550 3.54876e-16
 5223.3806 3.50645e-16
 5226.4061 3.17571e-16
 5229.4317 3.39453e-16
 5232.4572 3.83246e-16
 5235.4828 3.12097e-16
 5238.5084 3.68322e-16
 5241.5339 3.59545e-16
 5244.5595 3.48151e-16
 5247.5850 4.06597e-16
 5250.6106 3.55119e-16
 5253.6361 3.82422e-16
 5256.6617 3.97391e-16
 5259.6872 3.88398e-16
 5262.7128 3.51509e-16
 5265.7384 4.41636e-16
 5268.7639 5.03047e-16
 5271.7895 4.82531e-16
 5274.8150 4.63851e-16
 5277.8406 5.12237e-16
 5280.8661 4.64054e-16
 5283.8917 4.94918e-16
 5286.9172 5.07470e-16
 5289.9428 4.50567e-16
 5292.9683 5.02058e-16
 5295.9939 4.80257e-16
 5299.0195 5.29507e-16
 5302.0450 5.49479e-16
 5305.0706 5.88030e-16
 5308.0961 4.96934e-16
 5311.1217 4.89676e-16
 5314.1472 5.48308e-16
 5317.1728 5.82165e-16
 5320.1983 5.29677e-16
 5323.2239 5.50822e-16
 5326.2495 6.00040e-16
 5329.2750 5.84816e-16
 5332.3006 5.53610e-16
 5335.3261 5.95917e-16
 5338.3517 6.06872e-16
 5341.3772 5.89677e-16
 5344.4028 5.39807e-16
 5347.4284 5.62334e-16
 5350.4539 6.72640e-16
 5353.4795 6.46647e-16
 5356.5050 6.11552e-16
 5359.5306 5.96495e-16
 5362.5561 5.89203e-16
 5365.5817 6.38117e-16
 5368.6072 7.29155e-16
 5371.6328 6.82299e-16
 5374.6583 6.62784e-16
 5377.6839 6.61082e-16
 5380.7095 6.51794e-16
 5383.7350 6.70500e-16
 5386.7606 6.73884e-16
 5389.7861 6.31577e-16
 5392.8117 6.70912e-16
 5395.8372 7.25464e-16
 5398.8628 6.91613e-16
 5401.8883 6.05609e-16
 5404.9139 6.66360e-16
 5407.9395 7.04151e-16
 5410.9650 6.54594e-16
 5413.9906 6.74406e-16
 5417.0161 6.84428e-16
 5420.0417 7.30890e-16
 5423.0672 7.08132e-16
 5426.0928 6.37142e-16
 5429.1183 6.68841e-16
 5432.1439 5.61061e-16
 5435.1695 6.22680e-16
 5438.1950 7.28113e-16
 5441.2206 6.92625e-16
 5444.2461 6.20173e-16
 5447.2717 5.95837e-16
 5450.2972 6.05445e-16
 5453.3228 7.16104e-16
 5456.3483 5.94521e-16
 5459.3739 6.39705e-16
 5462.3994 7.25887e-16
 5465.4250 6.16339e-16
 5468.4506 6.47347e-16
 5471.4761 6.32034e-16
 5474.5017 5.48943e-16
 5477.5272 6.76371e-16
 5480.5528 6.09033e-16
 5483.5783 6.66570e-16
 5486.6039 6.70099e-16
 5489.6294 7.03807e-16
 5492.6550 6.35291e-16
 5495.6806 6.58920e-16
 5498.7061 6.62061e-16
 5501.7317 7.03269e-16
 5504.7572 7.00684e-16
 5507.7828 7.34891e-16
 5510.8083 6.37486e-16
 5513.8339 6.84876e-16
 5516.8595 6.96649e-16
 5519.8850 6.88317e-16
 5522.9106 7.07675e-16
 5525.9361 7.11532e-16
 5528.9617 7.62290e-16
 5531.9872 7.88880e-16
 5535.0128 7.12485e-16
 5538.0383 8.04216e-16
 5541.0639 8.18826e-16
 5544.0894 7.72524e-16
 5547.1150 8.00695e-16
 5550.1406 8.64121e-16
 5553.1661 8.45036e-16
 5556.1917 7.91086e-16
 5559.2172 8.67668e-16
 5562.2428 8.47402e-16
 5565.2683 8.14693e-16
 5568.2939 7.98704e-16
 5571.3194 8.61843e-16
 5574.3450 7.85608e-16
 5577.3706 8.78418e-16
 5580.3961 8.92476e-16
 5583.4217 8.68805e-16
 5586.4472 8.62877e-16
 5589.4728 7.90302e-16
 5592.4983 8.07312e-16
 5595.5239 8.27761e-16
 5598.5494 7.91209e-16
 5601.5750 8.11206e-16
 5604.6006 7.74796e-16
 5607.6261 8.43893e-16
 5610.6517 8.18292e-16
 5613.6772 6.98949e-16
 5616.7028 7.05021e-16
 5619.7283 6.78187e-16
 5622.7539 6.80992e-16
 5625.7794 7.13546e-16
 5628.8050 7.43697e-16
 5631.8305 6.95350e-16
 5634.8561 6.68442e-16
 5637.8817 6.24719e-16
 5640.9072 6.33937e-16
 5643.9328 6.41620e-16
 5646.9583 5.79375e-16
 5649.9839 5.96054e-16
 5653.0094 5.67598e-16
 5656.0350 5.60500e-16
 5659.0605 5.63385e-16
 5662.0861 5.28540e-16
 5665.1117 5.06160e-16
 5668.1372 5.17856e-16
 5671.1628 5.12916e-16
 5674.1883 4.85733e-16
 5677.2139 4.41480e-16
 5680.2394 4.94905e-16
 5683.2650 5.10020e-16
 5686.2906 4.59969e-16
 5689.3161 4.59512e-16
 5692.3417 4.48062e-16
 5695.3672 4.56420e-16
 5698.3928 4.45928e-16
 5701.4183 4.39564e-16
 5704.4439 4.24197e-16
 5707.4694 4.87854e-16
 5710.4950 3.81501e-16
 5713.5205 4.55007e-16
 5716.5461 4.58480e-16
 5719.5717 3.83496e-16
 5722.5972 4.45585e-16
 5725.6228 3.86742e-16
 5728.6483 4.55439e-16
 5731.6739 4.31069e-16
 5734.6994 4.42073e-16
 5737.7250 4.90819e-16
 5740.7505 4.92987e-16
 5743.7761 4.61558e-16
 5746.8017 5.15515e-16
 5749.8272 5.13837e-16
 5752.8528 4.56026e-16
 5755.8783 4.88115e-16
 5758.9039 4.84578e-16
 5761.9294 4.70229e-16
 5764.9550 5.19857e-16
 5767.9805 4.95129e-16
 5771.0061 5.51453e-16
 5774.0317 5.43455e-16
 5777.0572 5.13124e-16
 5780.0828 5.61000e-16
 5783.1083 6.33287e-16
 5786.1339 5.28289e-16
 5789.1594 6.49168e-16
 5792.1850 6.97247e-16
 5795.2105 6.35583e-16
 5798.2361 6.47525e-16
 5801.2616 6.85002e-16
 5804.2872 6.65561e-16
 5807.3128 6.35413e-16
 5810.3383 7.37915e-16
 5813.3639 7.84672e-16
 5816.3894 8.07748e-16
 5819.4150 8.48184e-16
 5822.4405 8.33379e-16
 5825.4661 8.63222e-16
 5828.4917 9.14556e-16
 5831.5172 9.53247e-16
 5834.5428 9.25885e-16
 5837.5683 9.17937e-16
 5840.5939 9.36926e-16
 5843.6194 9.13423e-16
 5846.6450 9.62246e-16
 5849.6705 9.70570e-16
 5852.6961 8.90093e-16
 5855.7217 9.36113e-16
 5858.7472 9.76100e-16
 5861.7728 1.04988e-15
 5864.7983 1.08352e-15
 5867.8239 1.04413e-15
 5870.8494 1.02042e-15
 5873.8750 1.09276e-15
 5876.9005 1.01760e-15
 5879.9261 1.05187e-15
 5882.9516 1.06265e-15
 5885.9772 1.00286e-15
 5889.0028 9.13525e-16
 5892.0283 9.02795e-16
 5895.0539 8.56432e-16
 5898.0794 9.37195e-16
 5901.1050 9.92423e-16
 5904.1305 1.02471e-15
 5907.1561 1.06705e-15
 5910.1816 1.04006e-15
 5913.2072 1.04239e-15
 5916.2328 1.00126e-15
 5919.2583 1.03990e-15
 5922.2839 1.02571e-15
 5925.3094 1.01624e-15
 5928.3350 1.05249e-15
 5931.3605 1.00542e-15
 5934.3861 9.92716e-16
 5937.4116 9.36404e-16
 5940.4372 9.50914e-16
 5943.4628 9.45352e-16
 5946.4883 9.35757e-16
 5949.5139 9.28879e-16
 5952.5394 9.45576e-16
 5955.5650 9.69128e-16
 5958.5905 8.91180e-16
 5961.6161 9.16248e-16
 5964.6416 8.64967e-16
 5967.6672 8.25233e-16
 5970.6927 8.88391e-16
 5973.7183 8.40787e-16
 5976.7439 8.18886e-16
 5979.7694 8.19512e-16
 5982.7950 7.70623e-16
 5985.8205 7.21549e-16
 5988.8461 7.23739e-16
 5991.8716 7.29473e-16
 5994.8972 7.26655e-16
 5997.9228 7.03719e-16
 6000.9483 7.29283e-16
 6003.9739 7.71953e-16
 6006.9994 7.63499e-16
 6010.0250 6.79376e-16
 6013.0505 6.43346e-16
 6016.0761 5.89892e-16
 6019.1016 6.08239e-16
 6022.1272 5.86983e-16
 6025.1528 5.71552e-16
 6028.1783 5.80051e-16
 6031.2039 5.85545e-16
 6034.2294 5.91149e-16
 6037.2550 5.95957e-16
 6040.2805 6.06601e-16
 6043.3061 5.59712e-16
 6046.3316 5.63949e-16
 6049.3572 6.16371e-16
 6052.3827 5.83179e-16
 6055.4083 5.06322e-16
 6058.4339 5.11473e-16
 6061.4594 5.57105e-16
 6064.4850 5.18465e-16
 6067.5105 5.49692e-16
 6070.5361 5.65321e-16
 6073.5616 5.44078e-16
 6076.5872 5.74212e-16
 6079.6127 5.73631e-16
 6082.6383 6.06034e-16
 6085.6639 5.07911e-16
 6088.6894 5.15482e-16
 6091.7150 5.17893e-16
 6094.7405 5.51409e-16
 6097.7661 5.20082e-16
 6100.7916 5.67768e-16
 6103.8172 5.56563e-16
 6106.8427 5.55403e-16
 6109.8683 5.69179e-16
 6112.8939 6.13346e-16
 6115.9194 5.80498e-16
 6118.9450 5.96256e-16
 6121.9705 5.83949e-16
 6124.9961 5.76204e-16
 6128.0216 6.59280e-16
 6131.0472 5.75877e-16
 6134.0727 5.46260e-16
 6137.0983 5.86996e-16
 6140.1238 5.87755e-16
 6143.1494 6.01177e-16
 6146.1750 5.92883e-16
 6149.2005 5.90936e-16
 6152.2261 6.14704e-16
 6155.2516 6.38337e-16
 6158.2772 5.99694e-16
 6161.3027 5.83540e-16
 6164.3283 5.70603e-16
 6167.3539 6.24806e-16
 6170.3794 6.48149e-16
 6173.4050 6.00248e-16
 6176.4305 5.63883e-16
 6179.4561 6.38717e-16
 6182.4816 6.70722e-16
 6185.5072 5.99221e-16
 6188.5327 6.14492e-16
 6191.5583 6.69016e-16
 6194.5839 6.01056e-16
 6197.6094 6.96707e-16
 6200.6350 6.52479e-16
 6203.6605 6.63162e-16
 6206.6861 6.54954e-16
 6209.7116 6.49902e-16
 6212.7372 6.33438e-16
 6215.7627 7.13038e-16
 6218.7883 7.33424e-16
 6221.8138 7.19712e-16
 6224.8394 7.15236e-16
 6227.8650 6.99726e-16
 6230.8905 7.33102e-16
 6233.9161 6.75966e-16
 6236.9416 7.29778e-16
 6239.9672 7.32849e-16
 6242.9927 7.32310e-16
 6246.0183 7.92024e-16
 6249.0438 7.85702e-16
 6252.0694 7.41417e-16
 6255.0950 7.86235e-16
 6258.1205 7.91433e-16
 6261.1461 8.19415e-16
 6264.1716 7.28008e-16
 6267.1972 6.81201e-16
 6270.2227 8.09010e-16
 6273.2483 7.55837e-16
 6276.2738 7.33048e-16
 6279.2994 7.27450e-16
 6282.3250 7.78335e-16
 6285.3505 7.35572e-16
 6288.3761 7.46328e-16
 6291.4016 7.38835e-16
 6294.4272 7.50883e-16
 6297.4527 6.93231e-16
 6300.4783 6.32595e-16
 6303.5038 6.25505e-16
 6306.5294 6.83369e-16
 6309.5549 7.13717e-16
 6312.5805 6.77370e-16
 6315.6061 6.38529e-16
 6318.6316 6.45824e-16
 6321.6572 6.08003e-16
 6324.6827 5.78589e-16
 6327.7083 5.94192e-16
 6330.7338 5.65637e-16
 6333.7594 5.55880e-16
 6336.7850 5.89027e-16
 6339.8105 5.25862e-16
 6342.8361 5.61705e-16
 6345.8616 5.81093e-16
 6348.8872 5.33517e-16
 6351.9127 5.35271e-16
 6354.9383 4.98943e-16
 6357.9638 5.65971e-16
 6360.9894 5.70002e-16
 6364.0150 5.05806e-16
 6367.0405 4.84418e-16
 6370.0661 5.00342e-16
 6373.0916 5.37204e-16
 6376.1172 5.02595e-16
 6379.1427 5.61037e-16
 6382.1683 5.66719e-16
 6385.1938 5.56436e-16
 6388.2194 5.47100e-16
 6391.2449 5.82094e-16
 6394.2705 5.96364e-16
 6397.2961 6.34748e-16
 6400.3216 6.71199e-16
 6403.3472 6.38241e-16
 6406.3727 6.49638e-16
 6409.3983 6.45679e-16
 6412.4238 6.81697e-16
 6415.4494 6.62272e-16
 6418.4749 7.43350e-16
 6421.5005 7.36097e-16
 6424.5261 7.10626e-16
 6427.5516 7.22703e-16
 6430.5772 8.21566e-16
 6433.6027 8.04986e-16
 6436.6283 7.50198e-16
 6439.6538 7.80999e-16
 6442.6794 8.23567e-16
 6445.7049 8.47330e-16
 6448.7305 8.78799e-16
 6451.7561 8.46242e-16
 6454.7816 8.32405e-16
 6457.8072 8.54998e-16
 6460.8327 8.40712e-16
 6463.8583 9.36801e-16
 6466.8838 9.45721e-16
 6469.9094 9.21674e-16
 6472.9349 9.53448e-16
 6475.9605 9.90984e-16
 6478.9860 1.05194e-15
 6482.0116 1.05574e-15
 6485.0372 1.03482e-15
 6488.0627 1.02660e-15
 6491.0883 1.03567e-15
 6494.1138 1.08723e-15
 6497.1394 1.07732e-15
 6500.1649 1.06943e-15
 6503.1905 1.12637e-15
 6506.2161 1.11568e-15
 6509.2416 1.06002e-15
 6512.2672 1.08571e-15
 6515.2927 1.09468e-15
 6518.3183 1.14268e-15
 6521.3438 1.13563e-15
 6524.3694 1.20574e-15
 6527.3949 1.21140e-15
 6530.4205 1.11696e-15
 6533.4461 1.11214e-15
 6536.4716 1.05549e-15
 6539.4972 1.08731e-15
 6542.5227 1.21130e-15
 6545.5483 1.19938e-15
 6548.5738 1.12275e-15
 6551.5994 1.12875e-15
 6554.6249 1.15279e-15
 6557.6505 1.14963e-15
 6560.6760 1.11501e-15
 6563.7016 1.06444e-15
 6566.7272 1.00600e-15
 6569.7527 1.11086e-15
 6572.7783 1.12296e-15
 6575.8038 1.11398e-15
 6578.8294 1.09413e-15
 6581.8549 1.06586e-15
 6584.8805 1.03442e-15
 6587.9060 1.07856e-15
 6590.9316 1.08396e-15
 6593.9572 1.06278e-15
 6596.9827 1.03157e-15
 6600.0083 1.04388e-15
 6603.0338 1.02327e-15
 6606.0594 1.00346e-15
 6609.0849 9.28080e-16
 6612.1105 8.63533e-16
 6615.1360 9.26853e-16
 6618.1616 9.43200e-16
 6621.1872 9.20307e-16
 6624.2127 8.86400e-16
 6627.2383 8.64202e-16
 6630.2638 8.58767e-16
 6633.2894 7.96400e-16
 6636.3149 7.92508e-16
 6639.3405 8.01773e-16
 6642.3660 7.28543e-16
 6645.3916 7.54834e-16
 6648.4172 7.41904e-16
 6651.4427 7.49926e-16
 6654.4683 6.84453e-16
 6657.4938 6.72474e-16
 6660.5194 6.49928e-16
 6663.5449 6.34411e-16
 6666.5705 5.95175e-16
 6669.5960 5.41897e-16
 6672.6216 5.53959e-16
 6675.6472 4.86493e-16
 6678.6727 4.79001e-16
 6681.6983 4.95648e-16
 6684.7238 4.31422e-16
 6687.7494 4.95439e-16
 6690.7749 5.07032e-16
 6693.8005 4.43404e-16
 6696.8260 4.36169e-16
 6699.8516 4.28015e-16
 6702.8772 4.51269e-16
 6705.9027 3.99027e-16
 6708.9283 3.94080e-16
 6711.9538 4.01913e-16
 6714.9794 3.69944e-16
 6718.0049 3.31686e-16
 6721.0305 3.10381e-16
 6724.0560 3.19722e-16
 6727.0816 3.70560e-16
 6730.1071 3.69029e-16
 6733.1327 2.91406e-16
 6736.1583 3.14064e-16
 6739.1838 3.50253e-16
 6742.2094 3.04801e-16
 6745.2349 2.75713e-16
 6748.2605 3.29317e-16
 6751.2860 3.04291e-16
 6754.3116 2.60313e-16
 6757.3371 3.15060e-16
 6760.3627 2.82533e-16
 6763.3883 2.31226e-16
 6766.4138 3.06638e-16
 6769.4394 2.88040e-16
 6772.4649 2.49924e-16
 6775.4905 2.73707e-16
 6778.5160 2.48560e-16
 6781.5416 2.53782e-16
 6784.5671 2.60288e-16
 6787.5927 2.41179e-16
 6790.6183 1.86899e-16
 6793.6438 2.29817e-16
 6796.6694 2.72938e-16
 6799.6949 2.58021e-16
 6802.7205 2.57526e-16
 6805.7460 2.51451e-16
 6808.7716 2.46889e-16
 6811.7971 2.55854e-16
 6814.8227 2.64384e-16
 6817.8483 3.12501e-16
 6820.8738 2.77798e-16
 6823.8994 1.83937e-16
 6826.9249 2.21616e-16
 6829.9505 2.60320e-16
 6832.9760 2.30868e-16
 6836.0016 2.24701e-16
 6839.0271 2.40345e-16
 6842.0527 2.87818e-16
 6845.0783 2.54738e-16
 6848.1038 2.64828e-16
 6851.1294 2.62142e-16
 6854.1549 2.36393e-16
 6857.1805 2.97884e-16
 6860.2060 2.98600e-16
 6863.2316 2.65474e-16
 6866.2571 3.31691e-16
 6869.2827 3.05325e-16
 6872.3083 2.75496e-16
 6875.3338 2.36016e-16
 6878.3594 2.98454e-16
 6881.3849 3.19427e-16
 6884.4105 2.57463e-16
 6887.4360 3.10844e-16
 6890.4616 3.22856e-16
 6893.4871 3.12209e-16
 6896.5127 3.30434e-16
 6899.5383 2.70248e-16
 6902.5638 3.20594e-16
 6905.5894 3.26916e-16
 6908.6149 2.70315e-16
 6911.6405 2.92547e-16
 6914.6660 3.01290e-16
 6917.6916 3.05313e-16
 6920.7171 2.83188e-16
 6923.7427 3.28063e-16
 6926.7682 3.77601e-16
 6929.7938 4.01568e-16
 6932.8194 3.62334e-16
 6935.8449 3.10569e-16
 6938.8705 3.24812e-16
 6941.8960 3.87697e-16
 6944.9216 3.40519e-16
 6947.9471 3.50842e-16
 6950.9727 3.57083e-16
 6953.9982 3.41030e-16
 6957.0238 3.32363e-16
 6960.0494 3.29716e-16
 6963.0749 3.40088e-16
 6966.1005 3.30907e-16
 6969.1260 3.27519e-16
 6972.1516 2.70157e-16
 6975.1771 3.37919e-16
 6978.2027 3.44987e-16
 6981.2283 3.36686e-16
 6984.2538 3.28687e-16
 6987.2794 2.98720e-16
 6990.3049 3.49596e-16
 6993.3305 3.74943e-16
 6996.3560 3.65240e-16
 6999.3816 3.31561e-16
 7002.4071 3.54843e-16
 7005.4327 3.43998e-16
 7008.4582 3.36221e-16
 7011.4838 3.20953e-16
 7014.5094 3.24464e-16
 7017.5349 3.42012e-16
 7020.5605 3.44857e-16
 7023.5860 3.04449e-16
 7026.6116 3.35826e-16
 7029.6371 3.25719e-16
 7032.6627 3.20636e-16
 7035.6882 3.79539e-16
 7038.7138 3.41293e-16
 7041.7394 3.80624e-16
 7044.7649 2.89064e-16
 7047.7905 3.24519e-16
 7050.8160 3.66841e-16
 7053.8416 3.44200e-16
 7056.8671 3.54824e-16
 7059.8927 3.60147e-16
 7062.9182 3.19197e-16
 7065.9438 3.00045e-16
 7068.9694 3.91010e-16
 7071.9949 3.79018e-16
 7075.0205 3.22791e-16
 7078.0460 3.52813e-16
 7081.0716 3.62624e-16
 7084.0971 4.16444e-16
 7087.1227 3.95812e-16
 7090.1482 3.70407e-16
 7093.1738 3.10355e-16
 7096.1993 3.51648e-16
 7099.2249 3.78661e-16
 7102.2505 4.46835e-16
 7105.2760 4.81462e-16
 7108.3016 4.21496e-16
 7111.3271 4.14463e-16
 7114.3527 3.98325e-16
 7117.3782 4.37797e-16
 7120.4038 4.53415e-16
 7123.4293 4.20771e-16
 7126.4549 4.69081e-16
 7129.4805 4.66284e-16
 7132.5060 4.62009e-16
 7135.5316 4.33008e-16
 7138.5571 4.31121e-16
 7141.5827 4.32182e-16
 7144.6082 4.91028e-16
 7147.6338 5.02835e-16
 7150.6594 4.75546e-16
 7153.6849 5.30983e-16
 7156.7105 5.29237e-16
 7159.7360 4.29296e-16
 7162.7616 4.91569e-16
 7165.7871 5.43495e-16
 7168.8127 5.34504e-16
 7171.8382 4.94727e-16
 7174.8638 6.02621e-16
 7177.8893 5.25315e-16
 7180.9149 4.75480e-16
 7183.9405 5.03198e-16
 7186.9660 5.26813e-16
 7189.9916 5.69964e-16
 7193.0171 5.26178e-16
 7196.0427 5.64799e-16
 7199.0682 5.73799e-16
 7202.0938 6.31471e-16
 7205.1193 6.97903e-16
 7208.1449 5.64244e-16
 7211.1705 7.00307e-16
 7214.1960 5.99247e-16
 7217.2216 5.62853e-16
 7220.2471 5.71558e-16
 7223.2727 5.90838e-16
 7226.2982 5.70409e-16
 7229.3238 6.97335e-16
 7232.3493 7.02205e-16
 7235.3749 6.65442e-16
 7238.4005 6.35760e-16
 7241.4260 6.01115e-16
 7244.4516 6.41405e-16
 7247.4771 6.78721e-16
 7250.5027 6.84927e-16
 7253.5282 6.81363e-16
 7256.5538 6.39812e-16
 7259.5793 6.94507e-16
 7262.6049 7.52364e-16
 7265.6304 7.53288e-16
 7268.6560 7.58968e-16
 7271.6816 6.88085e-16
 7274.7071 7.54239e-16
 7277.7327 6.99675e-16
 7280.7582 6.08750e-16
 7283.7838 7.29356e-16
 7286.8093 7.06403e-16
 7289.8349 7.41371e-16
 7292.8604 7.96896e-16
 7295.8860 7.02163e-16
 7298.9116 6.57974e-16
 7301.9371 8.22572e-16
 7304.9627 7.67215e-16
 7307.9882 7.75750e-16
 7311.0138 7.99982e-16
 7314.0393 7.25661e-16
 7317.0649 7.14395e-16
 7320.0905 7.65540e-16
 7323.1160 8.00044e-16
 7326.1416 8.08979e-16
 7329.1671 7.53211e-16
 7332.1927 7.64992e-16
 7335.2182 7.30434e-16
 7338.2438 7.66332e-16
 7341.2693 7.86429e-16
 7344.2949 7.30328e-16
 7347.3204 7.33438e-16
 7350.3460 7.40906e-16
 7353.3716 7.27158e-16
 7356.3971 6.91575e-16
 7359.4227 7.35914e-16
 7362.4482 7.15471e-16
 7365.4738 7.56235e-16
 7368.4993 7.25691e-16
 7371.5249 6.83289e-16
 7374.5504 7.55198e-16
 7377.5760 6.73307e-16
 7380.6016 7.43261e-16
 7383.6271 7.29572e-16
 7386.6527 7.39319e-16
 7389.6782 6.99473e-16
 7392.7038 7.50217e-16
 7395.7293 6.71437e-16
 7398.7549 6.98907e-16
 7401.7804 7.66054e-16
 7404.8060 6.92787e-16
 7407.8316 6.66324e-16
 7410.8571 6.89362e-16
 7413.8827 7.36341e-16
 7416.9082 7.48473e-16
 7419.9338 6.61869e-16
 7422.9593 6.22237e-16
 7425.9849 6.44041e-16
 7429.0104 7.24897e-16
 7432.0360 7.06354e-16
 7435.0615 7.79018e-16
 7438.0871 7.49034e-16
 7441.1127 7.11730e-16
 7444.1382 6.87197e-16
 7447.1638 7.36950e-16
 7450.1893 7.88171e-16
 7453.2149 7.23253e-16
 7456.2404 7.02153e-16
 7459.2660 7.79744e-16
 7462.2915 7.89519e-16
 7465.3171 7.86647e-16
 7468.3427 7.65769e-16
 7471.3682 7.74852e-16
 7474.3938 7.86284e-16
 7477.4193 7.55108e-16
 7480.4449 8.09613e-16
 7483.4704 7.87270e-16
 7486.4960 8.37313e-16
 7489.5216 8.07174e-16
 7492.5471 7.22707e-16
 7495.5727 7.78996e-16
 7498.5982 8.55941e-16
 7501.6238 8.34620e-16
 7504.6493 8.16499e-16
 7507.6749 8.77425e-16
 7510.7004 8.53463e-16
 7513.7260 7.96420e-16
 7516.7515 8.19741e-16
 7519.7771 8.31078e-16
 7522.8027 8.28530e-16
 7525.8282 8.35083e-16
 7528.8538 7.97917e-16
 7531.8793 8.37463e-16
 7534.9049 8.15084e-16
 7537.9304 8.00596e-16
 7540.9560 8.09995e-16
 7543.9815 7.69768e-16
 7547.0071 8.12634e-16
 7550.0327 8.73360e-16
 7553.0582 8.72822e-16
 7556.0838 8.25840e-16
 7559.1093 7.17210e-16
 7562.1349 6.52901e-16
 7565.1604 6.54541e-16
 7568.1860 6.21904e-16
 7571.2115 5.65698e-16
 7574.2371 5.63529e-16
 7577.2627 6.24323e-16
 7580.2882 7.15244e-16
 7583.3138 6.61795e-16
 7586.3393 5.93397e-16
 7589.3649 5.47563e-16
 7592.3904 5.19044e-16
 7595.4160 5.79085e-16
 7598.4415 5.22977e-16
 7601.4671 6.17616e-16
 7604.4926 5.60013e-16
 7607.5182 4.98061e-16
 7610.5438 5.54287e-16
 7613.5693 4.59595e-16
 7616.5949 4.76442e-16
 7619.6204 5.23245e-16
 7622.6460 5.78948e-16
 7625.6715 5.11466e-16
 7628.6971 5.03473e-16
 7631.7227 5.88161e-16
 7634.7482 5.94968e-16
 7637.7738 5.90006e-16
 7640.7993 6.16240e-16
 7643.8249 5.78266e-16
 7646.8504 6.07595e-16
 7649.8760 6.10162e-16
 7652.9015 6.23842e-16
 7655.9271 6.21483e-16
 7658.9527 6.08808e-16
 7661.9782 5.92109e-16
 7665.0038 5.36224e-16
 7668.0293 5.43936e-16
 7671.0549 6.44234e-16
 7674.0804 6.31959e-16
 7677.1060 6.38247e-16
 7680.1315 6.35011e-16
 7683.1571 6.55941e-16
 7686.1826 6.43169e-16
 7689.2082 6.85590e-16
 7692.2338 6.91779e-16
 7695.2593 6.78180e-16
 7698.2849 7.36698e-16
 7701.3104 6.96048e-16
 7704.3360 7.02759e-16
 7707.3615 7.36170e-16
 7710.3871 7.32944e-16
 7713.4126 7.84798e-16
 7716.4382 8.57550e-16
 7719.4638 8.27389e-16
 7722.4893 7.48745e-16
 7725.5149 7.81554e-16
 7728.5404 8.34259e-16
 7731.5660 8.26712e-16
 7734.5915 8.27289e-16
 7737.6171 8.56548e-16
 7740.6426 9.12219e-16
 7743.6682 8.30033e-16
 7746.6938 8.34319e-16
 7749.7193 9.08090e-16
 7752.7449 9.27463e-16
 7755.7704 8.50669e-16
 7758.7960 8.92152e-16
 7761.8215 9.20725e-16
 7764.8471 8.79962e-16
 7767.8726 7.92315e-16
 7770.8982 8.54383e-16
 7773.9237 9.29450e-16
 7776.9493 9.51576e-16
 7779.9749 8.84237e-16
 7783.0004 8.56570e-16
 7786.0260 8.48398e-16
 7789.0515 8.76185e-16
 7792.0771 8.51904e-16
 7795.1026 8.88630e-16
 7798.1282 8.97039e-16
 7801.1538 9.09678e-16
 7804.1793 8.43729e-16
 7807.2049 8.30183e-16
 7810.2304 7.47607e-16
 7813.2560 7.70554e-16
 7816.2815 8.98804e-16
 7819.3071 8.85823e-16
 7822.3326 9.06032e-16
 7825.3582 8.49009e-16
 7828.3838 8.40626e-16
 7831.4093 7.55518e-16
 7834.4349 7.40823e-16
 7837.4604 7.78895e-16
 7840.4860 7.95221e-16
 7843.5115 8.16061e-16
 7846.5371 8.00450e-16
 7849.5626 7.54068e-16
 7852.5882 7.51791e-16
 7855.6137 6.86679e-16
 7858.6393 7.33272e-16
 7861.6649 7.26050e-16
 7864.6904 7.10871e-16
 7867.7160 6.90353e-16
 7870.7415 6.77110e-16
 7873.7671 6.69952e-16
 7876.7926 6.32124e-16
 7879.8182 6.43358e-16
 7882.8437 5.39383e-16
 7885.8693 5.41859e-16
 7888.8949 6.53659e-16
 7891.9204 6.29444e-16
 7894.9460 6.26530e-16
 7897.9715 5.79965e-16
 7900.9971 5.17114e-16
 7904.0226 5.03006e-16
 7907.0482 5.46085e-16
 7910.0737 5.73678e-16
 7913.0993 5.53141e-16
 7916.1249 5.80847e-16
 7919.1504 6.00495e-16
 7922.1760 5.54343e-16
 7925.2015 5.53749e-16
 7928.2271 5.09300e-16
 7931.2526 4.25306e-16
 7934.2782 4.59796e-16
 7937.3037 3.90246e-16
 7940.3293 4.72879e-16
 7943.3548 5.67104e-16
 7946.3804 3.98634e-16
 7949.4060 3.58073e-16
 7952.4315 4.42134e-16
 7955.4571 4.60787e-16
 7958.4826 3.78540e-16
 7961.5082 4.18165e-16
 7964.5337 4.26386e-16
 7967.5593 3.54549e-16
 7970.5849 3.52610e-16
 7973.6104 2.76908e-16
 7976.6360 2.73231e-16
 7979.6615 3.24649e-16
 7982.6871 3.22243e-16
 7985.7126 2.87169e-16
 7988.7382 3.29638e-16
 7991.7637 3.25912e-16
 7994.7893 2.64353e-16
 7997.8149 2.24770e-16
 8000.8404 2.37229e-16
 8003.8660 2.12429e-16
 8006.8915 2.28836e-16
 8009.9171 2.26459e-16
 8012.9426 2.28475e-16
 8015.9682 2.24663e-16
 8018.9937 2.02701e-16
 8022.0193 2.43123e-16
 8025.0448 1.97911e-16
 8028.0704 1.71451e-16
 8031.0960 1.53957e-16
 8034.1215 2.48675e-16
 8037.1471 1.75921e-16
 8040.1726 1.68001e-16
 8043.1982 1.41428e-16
 8046.2237 1.27179e-16
 8049.2493 2.38505e-16
 8052.2748 1.62927e-16
 8055.3004 1.65179e-16
 8058.3260 1.82582e-16
 8061.3515 1.56896e-16
 8064.3771 1.59954e-16
 8067.4026 1.89933e-16
 8070.4282 1.46995e-16
 8073.4537 6.24914e-17
 8076.4793 8.64970e-17
 8079.5048 1.14628e-16
 8082.5304 5.26883e-17
 8085.5560 2.64260e-17
 8088.5815 5.17839e-17
 8091.6071 4.82762e-17
 8094.6326 8.20843e-17
 8097.6582 5.59492e-17
 8100.6837 9.23690e-17
 8103.7093 4.76688e-17
 8106.7348 -6.33237e-19
 8109.7604 4.55605e-17
 8112.7859 -1.49549e-17
 8115.8115 1.14578e-17
 8118.8371 2.89666e-17
 8121.8626 3.91833e-17
 8124.8882 1.01156e-17
 8127.9137 -3.12674e-19
 8130.9393 3.26304e-17
 8133.9648 1.86362e-17
 8136.9904 3.93015e-17
 8140.0160 3.06674e-17
 8143.0415 6.94829e-19
 8146.0671 1.00397e-16
 8149.0926 6.40866e-17
 8152.1182 -1.38784e-17
 8155.1437 6.64014e-17
 8158.1693 5.92104e-17
 8161.1948 2.74118e-17
 8164.2204 -1.00611e-17
 8167.2460 6.92653e-17
 8170.2715 5.72952e-17
 8173.2971 1.22713e-16
 8176.3226 6.08374e-17
 8179.3482 5.39060e-17
 8182.3737 1.86887e-17
 8185.3993 6.49246e-17
 8188.4248 2.78848e-17
 8191.4504 3.24472e-17
 8194.4759 3.97888e-17
 8197.5015 4.25353e-17
 8200.5271 7.41563e-17
 8203.5526 4.49839e-17
 8206.5782 1.79748e-18
 8209.6037 6.35725e-17
 8212.6293 8.38956e-17
 8215.6548 7.90320e-18
 8218.6804 -1.82857e-17
 8221.7059 7.15517e-17
 8224.7315 -1.24316e-17
 8227.7571 4.03451e-17
 8230.7826 3.31364e-17
 8233.8082 1.46815e-18
 8236.8337 4.62987e-17
 8239.8593 -2.74100e-17
 8242.8848 8.23399e-18
 8245.9104 5.96529e-17
 8248.9359 6.76709e-17
 8251.9615 3.29552e-17
 8254.9871 -5.94050e-17
 8258.0126 -6.25174e-18
 8261.0382 2.13691e-17
 8264.0637 8.38234e-19
 8267.0893 1.09359e-16
 8270.1148 1.07393e-16
 8273.1404 5.99296e-17
 8276.1659 6.59967e-17
 8279.1915 1.99565e-17
 8282.2170 -2.59906e-17
 8285.2426 2.55915e-17
 8288.2682 4.42804e-17
 8291.2937 1.92928e-17
 8294.3193 2.83401e-17
 8297.3448 -5.77983e-17
 8300.3704 3.94183e-17
 8303.3959 1.79544e-16
 8306.4215 1.03742e-17
 8309.4471 1.66594e-17
 8312.4726 9.38937e-17
 8315.4982 4.88677e-17
 8318.5237 1.01828e-16
 8321.5493 9.05950e-17
 8324.5748 6.27067e-17
 8327.6004 9.48415e-17
 8330.6259 2.74081e-17
 8333.6515 1.57274e-17
 8336.6771 -1.20004e-17
 8339.7026 2.86023e-17
 8342.7282 7.20145e-17
 8345.7537 2.28322e-17
 8348.7793 1.15723e-16
 8351.8048 1.16014e-16
 8354.8304 9.78271e-17
 8357.8559 1.19019e-16
 8360.8815 1.18735e-16
 8363.9070 1.02181e-16
 8366.9326 1.85272e-16
 8369.9582 1.77083e-16
 8372.9837 1.79599e-16
 8376.0093 2.40861e-16
 8379.0348 1.39471e-16
 8382.0604 1.32598e-16
 8385.0859 7.94649e-17
 8388.1115 4.98140e-17
 8391.1370 2.22153e-16
 8394.1626 1.27198e-16
 8397.1882 1.51222e-16
 8400.2137 1.74424e-16
 8403.2393 2.40119e-16
 8406.2648 1.95195e-16
 8409.2904 1.71302e-16
 8412.3159 2.21310e-16
 8415.3415 2.73906e-16
 8418.3670 2.52785e-16
 8421.3926 2.95845e-16
 8424.4182 2.94222e-16
 8427.4437 3.21397e-16
 8430.4693 2.30463e-16
 8433.4948 2.36003e-16
 8436.5204 3.66021e-16
 8439.5459 3.92287e-16
 8442.5715 4.33859e-16
 8445.5970 3.79896e-16
 8448.6226 3.35453e-16
 8451.6482 4.22122e-16
 8454.6737 4.05698e-16
 8457.6993 4.20834e-16
 8460.7248 4.52644e-16
 8463.7504 5.07848e-16
 8466.7759 4.87629e-16
 8469.8015 4.20083e-16
 8472.8270 4.64195e-16
 8475.8526 4.35316e-16
 8478.8782 4.32811e-16
 8481.9037 5.27316e-16
 8484.9293 4.16227e-16
 8487.9548 4.44992e-16
 8490.9804 5.24289e-16
 8494.0059 5.48105e-16
 8497.0315 5.93477e-16
 8500.0570 6.19805e-16
 8503.0826 5.20710e-16
 8506.1082 4.66532e-16
 8509.1337 4.78180e-16
 8512.1593 5.69999e-16
 8515.1848 5.32726e-16
 8518.2104 5.36105e-16
 8521.2359 6.17281e-16
 8524.2615 5.38449e-16
 8527.2870 4.76985e-16
 8530.3126 5.13035e-16
 8533.3381 6.41434e-16
 8536.3637 6.03603e-16
 8539.3893 6.14407e-16
 8542.4148 5.90771e-16
 8545.4404 5.15999e-16
 8548.4659 4.91763e-16
 8551.4915 6.24329e-16
 8554.5170 6.84448e-16
 8557.5426 5.37722e-16
 8560.5681 5.68671e-16
 8563.5937 6.01936e-16
 8566.6193 5.53911e-16
 8569.6448 6.03703e-16
 8572.6704 6.31934e-16
 8575.6959 6.73195e-16
 8578.7215 7.11942e-16
 8581.7470 5.79672e-16
 8584.7726 5.87455e-16
 8587.7981 4.69212e-16
 8590.8237 5.10570e-16
 8593.8493 6.32188e-16
 8596.8748 6.62548e-16
 8599.9004 6.35070e-16
 8602.9259 7.43139e-16
 8605.9515 6.72320e-16
 8608.9770 5.73809e-16
 8612.0026 5.56725e-16
 8615.0281 5.57245e-16
 8618.0537 6.23680e-16
 8621.0793 6.11309e-16
 8624.1048 6.08642e-16
 8627.1304 5.73616e-16
 8630.1559 5.77850e-16
 8633.1815 5.76055e-16
 8636.2070 6.76143e-16
 8639.2326 5.95442e-16
 8642.2581 6.71538e-16
 8645.2837 6.59417e-16
 8648.3093 6.51174e-16
 8651.3348 6.58849e-16
 8654.3604 5.24940e-16
 8657.3859 5.09316e-16
 8660.4115 6.83572e-16
 8663.4370 6.97395e-16
 8666.4626 5.78413e-16
 8669.4881 6.26695e-16
 8672.5137 5.52536e-16
 8675.5393 5.72669e-16
 8678.5648 5.85391e-16
 8681.5904 6.55987e-16
 8684.6159 7.29668e-16
 8687.6415 7.23609e-16
 8690.6670 6.75524e-16
 8693.6926 6.00261e-16
 8696.7181 6.98491e-16
 8699.7437 7.08665e-16
 8702.7692 8.17719e-16
 8705.7948 7.23367e-16
 8708.8204 6.08405e-16
 8711.8459 5.44238e-16
 8714.8715 5.61446e-16
 8717.8970 5.33187e-16
 8720.9226 6.57454e-16
 8723.9481 7.34783e-16
 8726.9737 6.60078e-16
 8729.9992 7.65079e-16
 8733.0248 6.70184e-16
 8736.0504 8.26287e-16
 8739.0759 8.28001e-16
 8742.1015 8.30637e-16
 8745.1270 6.48482e-16
 8748.1526 6.24582e-16
 8751.1781 6.47052e-16
 8754.2037 6.55067e-16
 8757.2292 7.29922e-16
 8760.2548 6.86424e-16
 8763.2804 6.21479e-16
 8766.3059 5.95680e-16
 8769.3315 6.03550e-16
 8772.3570 7.43724e-16
 8775.3826 7.71964e-16
 8778.4081 4.71722e-16
 8781.4337 7.16237e-16
 8784.4592 8.44092e-16
 8787.4848 7.50882e-16
 8790.5104 7.69459e-16
 8793.5359 7.88859e-16
 8796.5615 6.05124e-16
 8799.5870 6.81894e-16
 8802.6126 6.52231e-16
 8805.6381 6.66408e-16
 8808.6637 7.54151e-16
 8811.6892 7.87901e-16
 8814.7148 7.81709e-16
 8817.7404 6.80961e-16
 8820.7659 7.22604e-16
 8823.7915 6.93031e-16
 8826.8170 6.65381e-16
 8829.8426 6.91179e-16
 8832.8681 6.58516e-16
 8835.8937 6.32182e-16
 8838.9192 7.10500e-16
 8841.9448 5.87481e-16
 8844.9704 5.92717e-16
 8847.9959 6.67814e-16
 8851.0215 5.44226e-16
 8854.0470 6.16008e-16
 8857.0726 6.48522e-16
 8860.0981 5.77970e-16
 8863.1237 5.33893e-16
 8866.1492 5.42020e-16
 8869.1748 6.10209e-16
 8872.2003 6.29320e-16
 8875.2259 5.94172e-16
 8878.2515 7.20212e-16
 8881.2770 6.05451e-16
 8884.3026 6.84266e-16
 8887.3281 5.91751e-16
 8890.3537 5.94543e-16
 8893.3792 4.82001e-16
 8896.4048 6.26608e-16
 8899.4303 5.90151e-16
 8902.4559 7.15774e-16
 8905.4815 5.46845e-16
 8908.5070 4.68032e-16
 8911.5326 6.69386e-16
 8914.5581 7.34256e-16
 8917.5837 6.79209e-16
 8920.6092 5.59184e-16
 8923.6348 4.12007e-16
 8926.6603 5.34699e-16
 8929.6859 5.13257e-16
 8932.7115 5.11382e-16
 8935.7370 4.26664e-16
 8938.7626 6.68371e-16
 8941.7881 5.19395e-16
 8944.8137 4.67516e-16
 8947.8392 5.58485e-16
 8950.8648 6.14755e-16
 8953.8903 4.82077e-16
 8956.9159 6.19669e-16
 8959.9415 4.20392e-16
 8962.9670 4.81201e-16
 8965.9926 5.42178e-16
 8969.0181 5.53369e-16
 8972.0437 5.03726e-16
 8975.0692 3.75347e-16
 8978.0948 4.75457e-16
 8981.1203 4.65891e-16
 8984.1459 5.02007e-16
 8987.1715 4.76521e-16
 8990.1970 4.53172e-16
 8993.2226 4.51674e-16
 8996.2481 4.43705e-16
 8999.2737 4.05023e-16
 9002.2992 4.21520e-16
 9005.3248 4.81495e-16
 9008.3503 4.44820e-16
 9011.3759 3.56852e-16
 9014.4015 3.95983e-16
 9017.4270 5.38845e-16
 9020.4526 4.07455e-16
 9023.4781 3.04548e-16
 9026.5037 3.79867e-16
 9029.5292 3.16488e-16
 9032.5548 3.24107e-16
 9035.5803 4.06338e-16
 9038.6059 3.26098e-16
 9041.6314 3.73937e-16
 9044.6570 3.41336e-16
 9047.6826 5.18435e-16
 9050.7081 4.11666e-16
 9053.7337 2.61194e-16
 9056.7592 2.63027e-16
 9059.7848 4.83493e-16
 9062.8103 4.72967e-16
 9065.8359 5.42462e-16
 9068.8614 4.15498e-16
 9071.8870 3.26207e-16
 9074.9126 4.49729e-16
 9077.9381 4.09149e-16
 9080.9637 4.50804e-16
 9083.9892 4.62269e-16
 9087.0148 4.42115e-16
 9090.0403 4.06954e-16
 9093.0659 4.15282e-16
 9096.0914 5.17568e-16
 9099.1170 4.58718e-16
 9102.1426 4.48988e-16
 9105.1681 5.08943e-16
 9108.1937 4.18487e-16
 9111.2192 3.87158e-16
 9114.2448 4.16193e-16
 9117.2703 4.82185e-16
 9120.2959 4.08830e-16
 9123.3214 2.85642e-16
 9126.3470 3.82698e-16
 9129.3726 5.00666e-16
 9132.3981 2.82130e-16
 9135.4237 3.42471e-16
 9138.4492 4.23561e-16
 9141.4748 2.83743e-16
 9144.5003 4.54853e-16
 9147.5259 5.94556e-16
 9150.5514 6.50306e-16
 9153.5770 4.71295e-16
 9156.6026 4.30289e-16
 9159.6281 4.44766e-16
 9162.6537 4.12705e-16
 9165.6792 4.48392e-16
 9168.7048 6.31952e-16
 9171.7303 5.77280e-16
 9174.7559 5.23538e-16
 9177.7814 4.91722e-16
 9180.8070 4.62255e-16
 9183.8326 4.20048e-16
 9186.8581 4.14995e-16
