#Object:               SN2006is
#FITS_file:            SN06is_061106_mdm_z.fits
#Redshift:             0.03136
#JDate_of_max:         2454008.39
#JDate_of_observation: 2454046.88
#Epoch:                37.32     
#
3747.2743154092  7.441141E-17
3750.24800750064  -6.345179E-19
3753.22169959207  -2.239056E-17
3756.19539168351  7.506241E-17
3759.16908377494  9.913492E-17
3762.14277586638  8.715577E-17
3765.11646795782  5.776676E-18
3768.09016004925  1.087514E-16
3771.06385214069  9.788161E-17
3774.03754423212  8.078462E-17
3777.01123632356  9.638249E-17
3779.98492841499  9.404674E-17
3782.95862050643  2.420493E-17
3785.93231259787  7.027965E-17
3788.9060046893  1.297610E-16
3791.87969678074  9.668160E-17
3794.85338887217  6.109131E-17
3797.82708096361  8.257615E-17
3800.80077305505  6.264850E-17
3803.77446514648  7.295646E-17
3806.74815723792  2.904438E-17
3809.72184932935  4.648602E-17
3812.69554142079  1.328296E-16
3815.66923351223  1.412889E-16
3818.64292560366  8.547812E-17
3821.6166176951  1.131619E-16
3824.59030978653  1.065400E-16
3827.56400187797  1.313326E-16
3830.53769396941  1.898919E-16
3833.51138606084  1.310824E-16
3836.48507815228  1.352745E-16
3839.45877024371  1.873739E-16
3842.43246233515  1.156359E-16
3845.40615442658  8.766699E-17
3848.37984651802  1.024175E-16
3851.35353860946  1.015618E-16
3854.32723070089  2.002781E-16
3857.30092279233  1.631610E-16
3860.27461488376  2.000201E-16
3863.2483069752  2.380723E-16
3866.22199906664  1.705575E-16
3869.19569115807  1.276635E-16
3872.16938324951  1.768527E-16
3875.14307534094  1.154659E-16
3878.11676743238  1.971151E-16
3881.09045952381  2.171505E-16
3884.06415161525  1.712074E-16
3887.03784370669  2.054359E-16
3890.01153579812  1.947332E-16
3892.98522788956  2.064457E-16
3895.95891998099  2.314661E-16
3898.93261207243  2.108388E-16
3901.90630416387  1.972316E-16
3904.8799962553  2.229185E-16
3907.85368834674  2.284111E-16
3910.82738043817  2.413835E-16
3913.80107252961  1.667354E-16
3916.77476462105  1.678943E-16
3919.74845671248  2.215622E-16
3922.72214880392  2.323698E-16
3925.69584089535  2.669501E-16
3928.66953298679  2.926789E-16
3931.64322507823  2.635445E-16
3934.61691716966  2.568959E-16
3937.5906092611  2.441298E-16
3940.56430135253  2.178726E-16
3943.53799344397  2.097075E-16
3946.51168553541  2.067089E-16
3949.48537762684  2.325665E-16
3952.45906971828  2.170616E-16
3955.43276180971  2.299266E-16
3958.40645390115  1.990820E-16
3961.38014599258  1.708997E-16
3964.35383808402  1.579568E-16
3967.32753017546  2.621426E-16
3970.30122226689  2.524649E-16
3973.27491435833  1.781222E-16
3976.24860644976  1.731676E-16
3979.2222985412  2.088086E-16
3982.19599063264  1.970508E-16
3985.16968272407  1.664832E-16
3988.14337481551  1.750928E-16
3991.11706690694  1.768842E-16
3994.09075899838  1.984976E-16
3997.06445108982  1.976276E-16
4000.03814318125  1.762658E-16
4003.01183527269  1.496293E-16
4005.98552736412  1.679649E-16
4008.95921945556  1.888523E-16
4011.93291154699  1.510495E-16
4014.90660363843  1.730302E-16
4017.88029572987  1.704005E-16
4020.8539878213  1.483935E-16
4023.82767991274  1.929157E-16
4026.80137200417  1.319251E-16
4029.77506409561  9.704854E-17
4032.74875618705  1.215255E-16
4035.72244827848  1.552860E-16
4038.69614036992  1.400805E-16
4041.66983246135  1.580614E-16
4044.64352455279  1.420973E-16
4047.61721664422  1.346726E-16
4050.59090873566  1.131911E-16
4053.5646008271  1.185327E-16
4056.53829291853  1.056411E-16
4059.51198500997  8.979699E-17
4062.48567710141  9.165149E-17
4065.45936919284  1.368641E-16
4068.43306128428  1.423474E-16
4071.40675337571  1.525462E-16
4074.38044546715  9.919738E-17
4077.35413755858  1.291709E-16
4080.32782965002  9.804308E-17
4083.30152174146  1.278529E-16
4086.27521383289  1.013617E-16
4089.24890592433  1.291270E-16
4092.22259801576  1.169105E-16
4095.1962901072  8.981421E-17
4098.16998219864  1.326612E-16
4101.14367429007  1.996196E-16
4104.11736638151  1.094686E-16
4107.09105847294  9.963952E-17
4110.06475056438  6.715815E-17
4113.03844265582  9.096389E-17
4116.01213474725  7.784599E-17
4118.98582683869  9.078494E-17
4121.95951893012  1.006435E-16
4124.93321102156  1.134197E-16
4127.906903113  1.168641E-16
4130.88059520443  7.909537E-17
4133.85428729587  1.350406E-16
4136.8279793873  1.198830E-16
4139.80167147874  1.172797E-16
4142.77536357018  1.041070E-16
4145.74905566161  1.743306E-16
4148.72274775305  1.156062E-16
4151.69643984448  1.905891E-16
4154.67013193592  1.700750E-16
4157.64382402735  1.625833E-16
4160.61751611879  1.590141E-16
4163.59120821023  1.638663E-16
4166.56490030166  1.327515E-16
4169.5385923931  1.392990E-16
4172.51228448453  1.044309E-16
4175.48597657597  1.199715E-16
4178.45966866741  1.167513E-16
4181.43336075884  1.497734E-16
4184.40705285028  1.668836E-16
4187.38074494171  1.951763E-16
4190.35443703315  1.475886E-16
4193.32812912458  1.128292E-16
4196.30182121602  1.528704E-16
4199.27551330746  1.684261E-16
4202.24920539889  2.000442E-16
4205.22289749033  1.826487E-16
4208.19658958176  1.614018E-16
4211.1702816732  1.251805E-16
4214.14397376464  1.427796E-16
4217.11766585607  1.497022E-16
4220.09135794751  1.343567E-16
4223.06505003894  9.353273E-17
4226.03874213038  1.439340E-16
4229.01243422182  2.059569E-16
4231.98612631325  1.853049E-16
4234.95981840469  1.592709E-16
4237.93351049612  9.903957E-17
4240.90720258756  1.381736E-16
4243.88089467899  1.391534E-16
4246.85458677043  1.367095E-16
4249.82827886187  1.311868E-16
4252.8019709533  1.069038E-16
4255.77566304474  1.405113E-16
4258.74935513618  1.900350E-16
4261.72304722761  1.532768E-16
4264.69673931905  1.568416E-16
4267.67043141048  1.483915E-16
4270.64412350192  1.303240E-16
4273.61781559335  1.716299E-16
4276.59150768479  1.801838E-16
4279.56519977623  1.651583E-16
4282.53889186766  1.516078E-16
4285.5125839591  1.888761E-16
4288.48627605053  1.805173E-16
4291.45996814197  1.579539E-16
4294.4336602334  1.393119E-16
4297.40735232484  1.489912E-16
4300.38104441628  1.283285E-16
4303.35473650771  1.297575E-16
4306.32842859915  1.394832E-16
4309.30212069058  1.905828E-16
4312.27581278202  1.725167E-16
4315.24950487346  1.605023E-16
4318.22319696489  1.375921E-16
4321.19688905633  1.282277E-16
4324.17058114776  1.504781E-16
4327.1442732392  1.367617E-16
4330.11796533064  1.317088E-16
4333.09165742207  1.342273E-16
4336.06534951351  1.414628E-16
4339.03904160494  1.244126E-16
4342.01273369638  1.101376E-16
4344.98642578782  1.118555E-16
4347.96011787925  1.029253E-16
4350.93380997069  9.880917E-17
4353.90750206212  1.064250E-16
4356.88119415356  9.519930E-17
4359.85488624499  9.400148E-17
4362.82857833643  1.037475E-16
4365.80227042787  1.049611E-16
4368.7759625193  1.002759E-16
4371.74965461074  1.260956E-16
4374.72334670217  1.592230E-16
4377.69703879361  1.101060E-16
4380.67073088505  8.018555E-17
4383.64442297648  4.582821E-17
4386.61811506792  5.431233E-17
4389.59180715935  6.272649E-17
4392.56549925079  7.802020E-17
4395.53919134223  8.477373E-17
4398.51288343366  6.341486E-17
4401.4865755251  3.058803E-17
4404.46026761653  3.635035E-17
4407.43395970797  6.745997E-17
4410.40765179941  7.139579E-17
4413.38134389084  8.551307E-17
4416.35503598228  7.040499E-17
4419.32872807371  6.160526E-17
4422.30242016515  8.330084E-17
4425.27611225658  9.653586E-17
4428.24980434802  9.767930E-17
4431.22349643946  8.681167E-17
4434.19718853089  7.870383E-17
4437.17088062233  9.824695E-17
4440.14457271376  1.045748E-16
4443.1182648052  8.582676E-17
4446.09195689664  1.015821E-16
4449.06564898807  1.083261E-16
4452.03934107951  1.092878E-16
4455.01303317094  9.166210E-17
4457.98672526238  1.111946E-16
4460.96041735382  8.934458E-17
4463.93410944525  1.321367E-16
4466.90780153669  1.250113E-16
4469.88149362812  1.032944E-16
4472.85518571956  1.616362E-16
4475.828877811  1.198544E-16
4478.80256990243  1.287033E-16
4481.77626199387  1.344350E-16
4484.7499540853  1.198473E-16
4487.72364617674  1.569210E-16
4490.69733826818  1.266534E-16
4493.67103035961  1.448329E-16
4496.64472245105  1.768328E-16
4499.61841454248  1.406099E-16
4502.59210663392  1.549496E-16
4505.56579872536  1.491080E-16
4508.53949081679  1.955665E-16
4511.51318290823  1.579124E-16
4514.48687499966  1.426829E-16
4517.4605670911  1.353773E-16
4520.43425918253  1.686554E-16
4523.40795127397  1.464595E-16
4526.38164336541  1.554493E-16
4529.35533545684  1.573599E-16
4532.32902754828  1.765116E-16
4535.30271963971  1.776464E-16
4538.27641173115  1.645603E-16
4541.25010382259  1.908132E-16
4544.22379591402  1.922220E-16
4547.19748800546  1.855913E-16
4550.17118009689  1.681931E-16
4553.14487218833  2.295761E-16
4556.11856427976  2.515731E-16
4559.0922563712  2.425235E-16
4562.06594846264  2.249833E-16
4565.03964055407  2.465217E-16
4568.01333264551  2.513677E-16
4570.98702473694  2.338970E-16
4573.96071682838  2.154539E-16
4576.93440891982  2.400911E-16
4579.90810101125  2.430044E-16
4582.88179310269  2.384956E-16
4585.85548519412  2.435160E-16
4588.82917728556  2.488343E-16
4591.802869377  2.906666E-16
4594.77656146843  2.591260E-16
4597.75025355987  2.659980E-16
4600.7239456513  2.574143E-16
4603.69763774274  2.723869E-16
4606.67132983417  2.794312E-16
4609.64502192561  2.274305E-16
4612.61871401705  2.244878E-16
4615.59240610848  2.375782E-16
4618.56609819992  2.494992E-16
4621.53979029136  2.424662E-16
4624.51348238279  2.558195E-16
4627.48717447423  2.441622E-16
4630.46086656566  2.221178E-16
4633.4345586571  2.248627E-16
4636.40825074853  2.140548E-16
4639.38194283997  2.388168E-16
4642.35563493141  2.403972E-16
4645.32932702284  2.310200E-16
4648.30301911428  2.465056E-16
4651.27671120571  2.656314E-16
4654.25040329715  2.462463E-16
4657.22409538858  2.433501E-16
4660.19778748002  2.336656E-16
4663.17147957146  2.275512E-16
4666.14517166289  2.338584E-16
4669.11886375433  1.983125E-16
4672.09255584576  1.910749E-16
4675.0662479372  2.198827E-16
4678.03994002864  2.225563E-16
4681.01363212007  2.364618E-16
4683.98732421151  2.151666E-16
4686.96101630294  1.849803E-16
4689.93470839438  1.880396E-16
4692.90840048582  2.015171E-16
4695.88209257725  1.734743E-16
4698.85578466869  1.973843E-16
4701.82947676012  1.664592E-16
4704.80316885156  1.718237E-16
4707.776860943  1.639401E-16
4710.75055303443  1.335190E-16
4713.72424512587  1.280088E-16
4716.6979372173  1.272238E-16
4719.67162930874  1.324090E-16
4722.64532140018  1.301870E-16
4725.61901349161  1.474948E-16
4728.59270558305  1.622287E-16
4731.56639767448  1.205156E-16
4734.54008976592  9.381796E-17
4737.51378185735  1.061630E-16
4740.48747394879  1.110672E-16
4743.46116604023  1.115768E-16
4746.43485813166  1.249033E-16
4749.4085502231  1.275070E-16
4752.38224231453  1.152290E-16
4755.35593440597  1.428807E-16
4758.32962649741  1.111746E-16
4761.30331858884  1.243195E-16
4764.27701068028  1.191926E-16
4767.25070277171  9.747699E-17
4770.22439486315  1.138438E-16
4773.19808695458  1.177341E-16
4776.17177904602  1.244800E-16
4779.14547113746  1.204144E-16
4782.11916322889  9.486345E-17
4785.09285532033  1.072302E-16
4788.06654741176  1.324817E-16
4791.0402395032  1.108022E-16
4794.01393159464  7.668688E-17
4796.98762368607  9.141839E-17
4799.96131577751  9.245455E-17
4802.93500786894  8.818297E-17
4805.90869996038  1.025737E-16
4808.88239205182  9.839470E-17
4811.85608414325  9.055566E-17
4814.82977623469  9.862213E-17
4817.80346832612  9.934143E-17
4820.77716041756  1.145051E-16
4823.750852509  9.400569E-17
4826.72454460043  1.062943E-16
4829.69823669187  9.064550E-17
4832.6719287833  1.129957E-16
4835.64562087474  1.147873E-16
4838.61931296618  1.064395E-16
4841.59300505761  1.103668E-16
4844.56669714905  1.175213E-16
4847.54038924048  1.199309E-16
4850.51408133192  1.081668E-16
4853.48777342336  1.067176E-16
4856.46146551479  9.080060E-17
4859.43515760623  8.672044E-17
4862.40884969766  7.838113E-17
4865.3825417891  9.791159E-17
4868.35623388053  9.350874E-17
4871.32992597197  1.071480E-16
4874.30361806341  1.285276E-16
4877.27731015484  1.225280E-16
4880.25100224628  1.292897E-16
4883.22469433771  1.281976E-16
4886.19838642915  1.155260E-16
4889.17207852059  1.150893E-16
4892.14577061202  1.392480E-16
4895.11946270346  1.454375E-16
4898.09315479489  1.385294E-16
4901.06684688633  1.330112E-16
4904.04053897777  1.377933E-16
4907.0142310692  1.418361E-16
4909.98792316064  1.272199E-16
4912.96161525207  1.214738E-16
4915.93530734351  1.516602E-16
4918.90899943494  1.599942E-16
4921.88269152638  1.466163E-16
4924.85638361782  1.344381E-16
4927.83007570925  1.444444E-16
4930.80376780069  1.494892E-16
4933.77745989212  1.289346E-16
4936.75115198356  1.306656E-16
4939.724844075  1.359195E-16
4942.69853616643  1.379609E-16
4945.67222825787  1.327314E-16
4948.6459203493  1.227868E-16
4951.61961244074  1.112400E-16
4954.59330453218  1.146964E-16
4957.56699662361  1.174301E-16
4960.54068871505  1.063068E-16
4963.51438080648  1.301767E-16
4966.48807289792  1.215497E-16
4969.46176498935  1.139883E-16
4972.43545708079  1.248001E-16
4975.40914917223  1.229559E-16
4978.38284126366  1.395324E-16
4981.3565333551  1.405708E-16
4984.33022544653  1.065463E-16
4987.30391753797  1.125687E-16
4990.27760962941  1.217449E-16
4993.25130172084  1.045034E-16
4996.22499381228  1.165907E-16
4999.19868590371  9.970377E-17
5002.17237799515  8.825834E-17
5005.14607008659  1.034477E-16
5008.11976217802  9.303179E-17
5011.09345426946  1.015776E-16
5014.06714636089  1.176172E-16
5017.04083845233  9.272562E-17
5020.01453054377  9.791569E-17
5022.9882226352  9.632715E-17
5025.96191472664  1.101353E-16
5028.93560681807  1.110487E-16
5031.90929890951  1.201907E-16
5034.88299100094  1.198440E-16
5037.85668309238  9.216740E-17
5040.83037518382  1.011233E-16
5043.80406727525  1.152898E-16
5046.77775936669  1.122601E-16
5049.75145145812  9.132255E-17
5052.72514354956  8.938931E-17
5055.698835641  1.121968E-16
5058.67252773243  1.071076E-16
5061.64621982387  9.078463E-17
5064.6199119153  1.139414E-16
5067.59360400674  1.198109E-16
5070.56729609818  8.566662E-17
5073.54098818961  7.211340E-17
5076.51468028105  8.181543E-17
5079.48837237248  9.444135E-17
5082.46206446392  1.110988E-16
5085.43575655535  1.070260E-16
5088.40944864679  8.877891E-17
5091.38314073823  1.105187E-16
5094.35683282966  1.105627E-16
5097.3305249211  9.519826E-17
5100.30421701253  1.101849E-16
5103.27790910397  9.683592E-17
5106.25160119541  1.044747E-16
5109.22529328684  1.338596E-16
5112.19898537828  1.143300E-16
5115.17267746971  1.139025E-16
5118.14636956115  1.226224E-16
5121.12006165259  1.188576E-16
5124.09375374402  1.153219E-16
5127.06744583546  1.364485E-16
5130.04113792689  1.371635E-16
5133.01483001833  1.461829E-16
5135.98852210977  1.383500E-16
5138.9622142012  1.337110E-16
5141.93590629264  1.298633E-16
5144.90959838407  1.420131E-16
5147.88329047551  1.549518E-16
5150.85698256695  1.312775E-16
5153.83067465838  1.392978E-16
5156.80436674982  1.273626E-16
5159.77805884125  1.406262E-16
5162.75175093269  1.425414E-16
5165.72544302412  1.551134E-16
5168.69913511556  1.581073E-16
5171.672827207  1.410746E-16
5174.64651929843  1.725703E-16
5177.62021138987  1.832421E-16
5180.5939034813  1.476684E-16
5183.56759557274  1.473866E-16
5186.54128766418  1.506522E-16
5189.51497975561  1.578573E-16
5192.48867184705  1.529066E-16
5195.46236393848  1.402545E-16
5198.43605602992  1.730359E-16
5201.40974812136  1.772614E-16
5204.38344021279  1.687054E-16
5207.35713230423  1.730167E-16
5210.33082439566  1.870061E-16
5213.3045164871  1.781042E-16
5216.27820857854  1.999503E-16
5219.25190066997  2.003804E-16
5222.22559276141  1.822841E-16
5225.19928485284  1.925031E-16
5228.17297694428  2.111489E-16
5231.14666903571  1.989299E-16
5234.12036112715  1.862886E-16
5237.09405321859  2.103227E-16
5240.06774531002  2.142889E-16
5243.04143740146  1.917620E-16
5246.01512949289  1.890452E-16
5248.98882158433  2.010031E-16
5251.96251367577  2.097578E-16
5254.9362057672  1.948369E-16
5257.90989785864  1.907907E-16
5260.88358995007  2.132818E-16
5263.85728204151  2.354898E-16
5266.83097413295  2.278557E-16
5269.80466622438  2.308440E-16
5272.77835831582  2.225781E-16
5275.75205040725  2.380011E-16
5278.72574249869  2.251363E-16
5281.69943459013  2.158424E-16
5284.67312668156  2.173351E-16
5287.646818773  2.208918E-16
5290.62051086443  2.277691E-16
5293.59420295587  2.493043E-16
5296.5678950473  2.267306E-16
5299.54158713874  2.313718E-16
5302.51527923018  2.537962E-16
5305.48897132161  2.376746E-16
5308.46266341305  2.475975E-16
5311.43635550448  2.376300E-16
5314.41004759592  2.430418E-16
5317.38373968736  2.554671E-16
5320.35743177879  2.486978E-16
5323.33112387023  2.396375E-16
5326.30481596166  2.551067E-16
5329.2785080531  2.486574E-16
5332.25220014453  2.537772E-16
5335.22589223597  2.699194E-16
5338.19958432741  2.624211E-16
5341.17327641884  2.672149E-16
5344.14696851028  2.675122E-16
5347.12066060171  2.278621E-16
5350.09435269315  2.737619E-16
5353.06804478459  2.872548E-16
5356.04173687602  2.819592E-16
5359.01542896746  2.840519E-16
5361.98912105889  2.902064E-16
5364.96281315033  2.816285E-16
5367.93650524177  2.827607E-16
5370.9101973332  2.869288E-16
5373.88388942464  2.827446E-16
5376.85758151607  2.693755E-16
5379.83127360751  2.888032E-16
5382.80496569895  2.964320E-16
5385.77865779038  2.814865E-16
5388.75234988182  2.705490E-16
5391.72604197325  2.905042E-16
5394.69973406469  2.839419E-16
5397.67342615612  2.781413E-16
5400.64711824756  2.712415E-16
5403.620810339  2.809198E-16
5406.59450243043  2.719274E-16
5409.56819452187  2.338098E-16
5412.54188661331  2.504666E-16
5415.51557870474  2.918526E-16
5418.48927079618  2.500895E-16
5421.46296288761  2.596347E-16
5424.43665497905  2.780967E-16
5427.41034707048  2.527318E-16
5430.38403916192  2.616750E-16
5433.35773125336  2.775107E-16
5436.33142334479  2.558330E-16
5439.30511543623  2.355260E-16
5442.27880752766  2.554203E-16
5445.2524996191  2.538523E-16
5448.22619171054  2.451019E-16
5451.19988380197  2.511512E-16
5454.17357589341  2.646992E-16
5457.14726798484  2.489796E-16
5460.12096007628  2.413507E-16
5463.09465216771  2.592210E-16
5466.06834425915  2.588994E-16
5469.04203635059  2.532570E-16
5472.01572844202  2.460616E-16
5474.98942053346  2.576117E-16
5477.96311262489  2.859868E-16
5480.93680471633  2.758393E-16
5483.91049680777  2.616992E-16
5486.8841888992  2.560081E-16
5489.85788099064  2.755914E-16
5492.83157308207  2.883788E-16
5495.80526517351  2.801427E-16
5498.77895726495  2.778670E-16
5501.75264935638  2.665377E-16
5504.72634144782  2.685526E-16
5507.70003353925  2.668639E-16
5510.67372563069  2.906186E-16
5513.64741772212  3.018994E-16
5516.62110981356  2.811721E-16
5519.594801905  2.960001E-16
5522.56849399643  3.115798E-16
5525.54218608787  2.922139E-16
5528.5158781793  2.909155E-16
5531.48957027074  3.181143E-16
5534.46326236218  3.206487E-16
5537.43695445361  3.303452E-16
5540.41064654505  3.371404E-16
5543.38433863648  3.189524E-16
5546.35803072792  3.108808E-16
5549.33172281936  3.214507E-16
5552.30541491079  3.309799E-16
5555.27910700223  3.176983E-16
5558.25279909366  3.106071E-16
5561.2264911851  3.220765E-16
5564.20018327654  3.080941E-16
5567.17387536797  2.919502E-16
5570.14756745941  2.929780E-16
5573.12125955084  3.155433E-16
5576.09495164228  3.085548E-16
5579.06864373372  2.947542E-16
5582.04233582515  3.066577E-16
5585.01602791659  3.168699E-16
5587.98972000802  3.052396E-16
5590.96341209946  2.721251E-16
5593.93710419089  2.735372E-16
5596.91079628233  2.754319E-16
5599.88448837377  2.777762E-16
5602.8581804652  2.951030E-16
5605.83187255664  3.152837E-16
5608.80556464807  2.879202E-16
5611.77925673951  2.762994E-16
5614.75294883094  2.712139E-16
5617.72664092238  2.731912E-16
5620.70033301382  2.797243E-16
5623.67402510525  2.833878E-16
5626.64771719669  2.685358E-16
5629.62140928813  2.523345E-16
5632.59510137956  2.528934E-16
5635.568793471  2.659272E-16
5638.54248556243  2.769611E-16
5641.51617765387  2.537606E-16
5644.4898697453  2.506246E-16
5647.46356183674  2.319595E-16
5650.43725392818  2.364590E-16
5653.41094601961  2.405325E-16
5656.38463811105  2.355242E-16
5659.35833020248  2.266364E-16
5662.33202229392  2.344825E-16
5665.30571438536  2.330169E-16
5668.27940647679  2.349796E-16
5671.25309856823  2.290858E-16
5674.22679065966  2.325238E-16
5677.2004827511  2.135670E-16
5680.17417484253  2.077306E-16
5683.14786693397  2.102577E-16
5686.12155902541  2.073564E-16
5689.09525111684  2.085537E-16
5692.06894320828  1.995143E-16
5695.04263529972  1.991336E-16
5698.01632739115  1.985022E-16
5700.99001948259  2.132880E-16
5703.96371157402  1.994432E-16
5706.93740366546  1.874681E-16
5709.91109575689  1.972416E-16
5712.88478784833  1.970667E-16
5715.85847993977  1.783528E-16
5718.8321720312  1.791608E-16
5721.80586412264  1.768356E-16
5724.77955621407  1.850825E-16
5727.75324830551  1.979187E-16
5730.72694039695  2.130937E-16
5733.70063248838  2.084289E-16
5736.67432457982  2.001470E-16
5739.64801667125  2.385272E-16
5742.62170876269  2.315985E-16
5745.59540085412  2.056146E-16
5748.56909294556  2.103279E-16
5751.542785037  2.113883E-16
5754.51647712843  2.163305E-16
5757.49016921987  2.048301E-16
5760.4638613113  2.198631E-16
5763.43755340274  2.288042E-16
5766.41124549418  2.117376E-16
5769.38493758561  2.289951E-16
5772.35862967705  2.364204E-16
5775.33232176848  2.394077E-16
5778.30601385992  2.551085E-16
5781.27970595135  2.463390E-16
5784.25339804279  2.415999E-16
5787.22709013423  2.670619E-16
5790.20078222566  2.772377E-16
5793.1744743171  2.706319E-16
5796.14816640854  2.813965E-16
5799.12185849997  2.823507E-16
5802.09555059141  2.788361E-16
5805.06924268284  2.912969E-16
5808.04293477428  2.748339E-16
5811.01662686572  2.643080E-16
5813.99031895715  2.904054E-16
5816.96401104859  2.853580E-16
5819.93770314002  2.785464E-16
5822.91139523146  2.871547E-16
5825.88508732289  2.949146E-16
5828.85877941433  3.051785E-16
5831.83247150577  2.954197E-16
5834.8061635972  2.918420E-16
5837.77985568864  2.985584E-16
5840.75354778007  2.954407E-16
5843.72723987151  2.870856E-16
5846.70093196295  2.871701E-16
5849.67462405438  2.771930E-16
5852.64831614582  2.772502E-16
5855.62200823725  2.908412E-16
5858.59570032869  2.855015E-16
5861.56939242013  2.930950E-16
5864.54308451156  2.981328E-16
5867.516776603  2.955205E-16
5870.49046869443  2.922254E-16
5873.46416078587  2.960016E-16
5876.4378528773  2.951708E-16
5879.41154496874  2.934884E-16
5882.38523706018  2.695916E-16
5885.35892915161  2.561674E-16
5888.33262124305  2.679736E-16
5891.30631333448  2.576144E-16
5894.28000542592  2.580548E-16
5897.25369751736  2.797416E-16
5900.22738960879  2.699785E-16
5903.20108170023  2.661207E-16
5906.17477379166  2.783412E-16
5909.1484658831  2.578181E-16
5912.12215797454  2.504034E-16
5915.09585006597  2.506981E-16
5918.06954215741  2.481522E-16
5921.04323424884  2.412985E-16
5924.01692634028  2.360951E-16
5926.99061843172  2.607240E-16
5929.96431052315  2.463434E-16
5932.93800261459  2.376613E-16
5935.91169470602  2.402396E-16
5938.88538679746  2.237069E-16
5941.8590788889  2.292771E-16
5944.83277098033  2.242930E-16
5947.80646307177  2.152796E-16
5950.7801551632  2.187049E-16
5953.75384725464  2.314040E-16
5956.72753934607  2.375179E-16
5959.70123143751  2.210493E-16
5962.67492352895  2.152617E-16
5965.64861562038  2.245983E-16
5968.62230771182  2.106078E-16
5971.59599980325  2.098939E-16
5974.56969189469  1.906705E-16
5977.54338398612  1.921715E-16
5980.51707607756  2.154309E-16
5983.490768169  1.932749E-16
5986.46446026043  1.892755E-16
5989.43815235187  1.934718E-16
5992.4118444433  1.748536E-16
5995.38553653474  1.693091E-16
5998.35922862618  1.687530E-16
6001.33292071761  1.780857E-16
6004.30661280905  1.777126E-16
6007.28030490048  1.716173E-16
6010.25399699192  1.639888E-16
6013.22768908336  1.759314E-16
6016.20138117479  1.806177E-16
6019.17507326623  1.418408E-16
6022.14876535766  1.508201E-16
6025.1224574491  1.667930E-16
6028.09614954054  1.555514E-16
6031.06984163197  1.431991E-16
6034.04353372341  1.377608E-16
6037.01722581484  1.523835E-16
6039.99091790628  1.554814E-16
6042.96460999771  1.430761E-16
6045.93830208915  1.404211E-16
6048.91199418059  1.373124E-16
6051.88568627202  1.333879E-16
6054.85937836346  1.481544E-16
6057.83307045489  1.422128E-16
6060.80676254633  1.233272E-16
6063.78045463777  1.303151E-16
6066.7541467292  1.391718E-16
6069.72783882064  1.567838E-16
6072.70153091207  1.431085E-16
6075.67522300351  1.461625E-16
6078.64891509495  1.437212E-16
6081.62260718638  1.408732E-16
6084.59629927782  1.475970E-16
6087.56999136925  1.382273E-16
6090.54368346069  1.313566E-16
6093.51737555212  1.263150E-16
6096.49106764356  1.232852E-16
6099.464759735  1.314675E-16
6102.43845182643  1.259938E-16
6105.41214391787  1.244495E-16
6108.3858360093  1.306235E-16
6111.35952810074  1.187271E-16
6114.33322019218  1.376270E-16
6117.30691228361  1.388041E-16
6120.28060437505  1.286823E-16
6123.25429646648  1.321437E-16
6126.22798855792  1.348693E-16
6129.20168064935  1.479009E-16
6132.17537274079  1.454600E-16
6135.14906483223  1.298113E-16
6138.12275692366  1.354212E-16
6141.0964490151  1.395838E-16
6144.07014110654  1.317890E-16
6147.04383319797  1.478567E-16
6150.01752528941  1.616312E-16
6152.99121738084  1.384791E-16
6155.96490947228  1.465902E-16
6158.93860156372  1.441181E-16
6161.91229365515  1.699186E-16
6164.88598574659  1.602869E-16
6167.85967783802  1.450149E-16
6170.83336992946  1.575082E-16
6173.80706202089  1.778015E-16
6176.78075411233  1.743533E-16
6179.75444620377  1.681684E-16
6182.7281382952  1.530412E-16
6185.70183038664  1.651923E-16
6188.67552247807  1.756156E-16
6191.64921456951  1.719328E-16
6194.62290666095  1.668621E-16
6197.59659875238  1.681865E-16
6200.57029084382  1.807246E-16
6203.54398293525  1.713087E-16
6206.51767502669  1.754193E-16
6209.49136711812  1.662069E-16
6212.46505920956  1.801490E-16
6215.438751301  1.798502E-16
6218.41244339243  1.858237E-16
6221.38613548387  1.666592E-16
6224.35982757531  1.808756E-16
6227.33351966674  1.878938E-16
6230.30721175818  1.832353E-16
6233.28090384961  2.002356E-16
6236.25459594105  1.819613E-16
6239.22828803248  1.724158E-16
6242.20198012392  2.059440E-16
6245.17567221536  1.899700E-16
6248.14936430679  1.932011E-16
6251.12305639823  1.832939E-16
6254.09674848966  1.812739E-16
6257.0704405811  1.634467E-16
6260.04413267254  1.670420E-16
6263.01782476397  1.756552E-16
6265.99151685541  1.813481E-16
6268.96520894684  1.852254E-16
6271.93890103828  1.634793E-16
6274.91259312972  1.718586E-16
6277.88628522115  1.497956E-16
6280.85997731259  1.505360E-16
6283.83366940402  1.450977E-16
6286.80736149546  1.418109E-16
6289.7810535869  1.592318E-16
6292.75474567833  1.463817E-16
6295.72843776977  1.360545E-16
6298.7021298612  1.429920E-16
6301.67582195264  1.339985E-16
6304.64951404407  1.401798E-16
6307.62320613551  1.434080E-16
6310.59689822695  1.451501E-16
6313.57059031838  1.422265E-16
6316.54428240982  1.320532E-16
6319.51797450125  1.240357E-16
6322.49166659269  1.346535E-16
6325.46535868413  1.398256E-16
6328.43905077556  1.288363E-16
6331.412742867  1.242607E-16
6334.38643495843  1.418994E-16
6337.36012704987  1.356063E-16
6340.33381914131  1.301675E-16
6343.30751123274  1.175087E-16
6346.28120332418  1.225041E-16
6349.25489541561  1.320495E-16
6352.22858750705  1.342764E-16
6355.20227959848  1.473209E-16
6358.17597168992  1.407887E-16
6361.14966378136  1.367230E-16
6364.12335587279  1.300779E-16
6367.09704796423  1.342261E-16
6370.07074005566  1.419766E-16
6373.0444321471  1.416320E-16
6376.01812423854  1.300227E-16
6378.99181632997  1.584128E-16
6381.96550842141  1.632754E-16
6384.93920051284  1.700867E-16
6387.91289260428  1.508491E-16
6390.88658469572  1.486122E-16
6393.86027678715  1.683471E-16
6396.83396887859  1.531372E-16
6399.80766097002  1.458710E-16
6402.78135306146  1.654296E-16
6405.75504515289  1.730581E-16
6408.72873724433  1.770472E-16
6411.70242933577  1.848179E-16
6414.6761214272  1.699024E-16
6417.64981351864  1.994436E-16
6420.62350561007  1.801166E-16
6423.59719770151  1.886424E-16
6426.57088979294  2.087202E-16
6429.54458188438  1.929416E-16
6432.51827397582  1.741312E-16
6435.49196606725  2.029467E-16
6438.46565815869  2.091157E-16
6441.43935025013  2.035759E-16
6444.41304234156  2.078746E-16
6447.386734433  1.964414E-16
6450.36042652443  1.840963E-16
6453.33411861587  2.036553E-16
6456.3078107073  2.190624E-16
6459.28150279874  2.109639E-16
6462.25519489018  2.132844E-16
6465.22888698161  2.163392E-16
6468.20257907305  2.136154E-16
6471.17627116448  2.259983E-16
6474.14996325592  2.302539E-16
6477.12365534736  2.171096E-16
6480.09734743879  2.238357E-16
6483.07103953023  2.300523E-16
6486.04473162166  2.244344E-16
6489.0184237131  2.399279E-16
6491.99211580454  2.537197E-16
6494.96580789597  2.309752E-16
6497.93949998741  2.365401E-16
6500.91319207884  2.489023E-16
6503.88688417028  2.361361E-16
6506.86057626172  2.392275E-16
6509.83426835315  2.501294E-16
6512.80796044459  2.406061E-16
6515.78165253602  2.458704E-16
6518.75534462746  2.633128E-16
6521.7290367189  2.592982E-16
6524.70272881033  2.372645E-16
6527.67642090177  2.381209E-16
6530.6501129932  2.562309E-16
6533.62380508464  2.300800E-16
6536.59749717607  2.477792E-16
6539.57118926751  2.698381E-16
6542.54488135895  2.514043E-16
6545.51857345038  2.459636E-16
6548.49226554182  2.374080E-16
6551.46595763325  2.369863E-16
6554.43964972469  2.415591E-16
6557.41334181613  2.357581E-16
6560.38703390756  2.410264E-16
6563.360725999  2.477527E-16
6566.33441809043  2.422995E-16
6569.30811018187  2.309953E-16
6572.2818022733  2.234519E-16
6575.25549436474  2.220799E-16
6578.22918645618  2.137509E-16
6581.20287854761  2.245042E-16
6584.17657063905  2.349909E-16
6587.15026273049  2.256040E-16
6590.12395482192  2.227018E-16
6593.09764691336  2.257603E-16
6596.07133900479  2.287891E-16
6599.04503109623  2.262309E-16
6602.01872318766  2.238111E-16
6604.9924152791  2.327370E-16
6607.96610737054  2.155391E-16
6610.93979946197  1.967719E-16
6613.91349155341  2.187886E-16
6616.88718364484  2.214157E-16
6619.86087573628  2.187530E-16
6622.83456782772  1.988670E-16
6625.80825991915  1.977063E-16
6628.78195201059  2.033590E-16
6631.75564410202  1.835444E-16
6634.72933619346  1.982819E-16
6637.7030282849  2.088415E-16
6640.67672037633  2.136478E-16
6643.65041246777  2.065848E-16
6646.6241045592  1.897734E-16
6649.59779665064  1.876647E-16
6652.57148874207  1.738695E-16
6655.54518083351  1.478794E-16
6658.51887292495  1.256095E-16
6661.49256501638  1.300540E-16
6664.46625710782  1.254626E-16
6667.43994919925  1.197546E-16
6670.41364129069  1.360156E-16
6673.38733338213  1.205096E-16
6676.36102547356  1.278277E-16
6679.334717565  1.356189E-16
6682.30840965643  1.200342E-16
6685.28210174787  1.102344E-16
6688.25579383931  1.217589E-16
6691.22948593074  1.249579E-16
6694.20317802218  1.289191E-16
6697.17687011361  1.182809E-16
6700.15056220505  1.349928E-16
6703.12425429649  1.226090E-16
6706.09794638792  1.228933E-16
6709.07163847936  1.184868E-16
6712.04533057079  1.037002E-16
6715.01902266223  1.062357E-16
6717.99271475366  1.005510E-16
6720.9664068451  1.103184E-16
6723.94009893654  1.078891E-16
6726.91379102797  1.075536E-16
6729.88748311941  9.679373E-17
6732.86117521085  1.073366E-16
6735.83486730228  1.014163E-16
6738.80855939372  1.006847E-16
6741.78225148515  1.077171E-16
6744.75594357659  1.064150E-16
6747.72963566802  1.039374E-16
6750.70332775946  9.499631E-17
6753.67701985089  9.564615E-17
6756.65071194233  9.902466E-17
6759.62440403377  1.032621E-16
6762.5980961252  9.824639E-17
6765.57178821664  8.109192E-17
6768.54548030807  8.863704E-17
6771.51917239951  1.115312E-16
6774.49286449095  8.312544E-17
6777.46655658238  9.103091E-17
6780.44024867382  9.163398E-17
6783.41394076526  8.576331E-17
6786.38763285669  9.345524E-17
6789.36132494813  9.209861E-17
6792.33501703956  8.348659E-17
6795.308709131  9.777270E-17
6798.28240122243  1.144421E-16
6801.25609331387  9.551163E-17
6804.22978540531  9.764082E-17
6807.20347749674  8.057388E-17
6810.17716958818  8.737058E-17
6813.15086167961  7.843064E-17
6816.12455377105  1.118008E-16
6819.09824586249  1.139725E-16
6822.07193795392  1.103893E-16
6825.04563004536  9.686842E-17
6828.01932213679  9.479900E-17
6830.99301422823  9.597747E-17
6833.96670631966  9.192470E-17
6836.9403984111  9.262654E-17
6839.91409050254  1.010460E-16
6842.88778259397  9.678974E-17
6845.86147468541  1.034995E-16
6848.83516677684  8.471292E-17
6851.80885886828  9.547992E-17
6854.78255095972  1.021099E-16
6857.75624305115  8.632299E-17
6860.72993514259  8.225672E-17
6863.70362723402  8.073675E-17
6866.67731932546  9.084815E-17
6869.65101141689  9.433651E-17
6872.62470350833  9.874317E-17
6875.59839559977  8.757747E-17
6878.5720876912  9.179078E-17
6881.54577978264  8.835311E-17
6884.51947187407  9.250657E-17
6887.49316396551  8.504803E-17
6890.46685605695  9.032358E-17
6893.44054814838  9.450435E-17
6896.41424023982  8.115329E-17
6899.38793233125  1.006003E-16
6902.36162442269  1.008840E-16
6905.33531651413  8.706372E-17
6908.30900860556  9.592055E-17
6911.282700697  8.939036E-17
6914.25639278843  8.198224E-17
6917.23008487987  7.422554E-17
6920.2037769713  7.233051E-17
6923.17746906274  7.809087E-17
6926.15116115418  8.249114E-17
6929.12485324561  7.743865E-17
6932.09854533705  6.903885E-17
6935.07223742848  8.593995E-17
6938.04592951992  8.461716E-17
6941.01962161136  7.874097E-17
6943.99331370279  8.635748E-17
6946.96700579423  8.173621E-17
6949.94069788566  7.785204E-17
6952.9143899771  7.623199E-17
6955.88808206854  7.192031E-17
6958.86177415997  6.688166E-17
6961.83546625141  6.375131E-17
6964.80915834284  6.685781E-17
6967.78285043428  7.594087E-17
6970.75654252572  7.478189E-17
6973.73023461715  6.951361E-17
6976.70392670859  6.457538E-17
6979.67761880002  6.424583E-17
6982.65131089146  6.881232E-17
6985.6250029829  7.394032E-17
6988.59869507433  7.269013E-17
6991.57238716577  9.205170E-17
6994.5460792572  7.286711E-17
6997.51977134864  6.675967E-17
7000.49346344007  7.790154E-17
7003.46715553151  6.811404E-17
7006.44084762295  7.846635E-17
7009.41453971438  8.130458E-17
7012.38823180582  7.171409E-17
7015.36192389725  7.213169E-17
7018.33561598869  5.831344E-17
7021.30930808013  6.993515E-17
7024.28300017156  8.088243E-17
7027.256692263  7.068880E-17
7030.23038435444  9.127462E-17
7033.20407644587  8.465798E-17
7036.17776853731  7.415173E-17
7039.15146062874  8.030524E-17
7042.12515272018  6.426540E-17
7045.09884481161  7.337748E-17
7048.07253690305  8.062513E-17
7051.04622899449  8.606417E-17
7054.01992108592  9.482733E-17
7056.99361317736  7.629661E-17
7059.96730526879  4.397597E-17
7062.94099736023  6.135019E-17
7065.91468945167  7.657683E-17
7068.8883815431  7.109339E-17
7071.86207363454  6.674415E-17
7074.83576572597  6.278140E-17
7077.80945781741  7.126639E-17
7080.78314990884  7.310837E-17
7083.75684200028  7.439087E-17
7086.73053409172  5.710603E-17
7089.70422618315  7.589319E-17
7092.67791827459  8.123742E-17
7095.65161036602  8.665716E-17
