#Object:               SN2007ai
#FITS_file:            SN07ai_b01_DUP_BC_14mar07.fits
#Redshift:             0.03166
#JDate_of_max:         2454171.81
#JDate_of_observation: 2454173.85
#Epoch:                1.98      
#
 3324.1218 1.10163e-16
 3327.0654 1.01219e-16
 3330.0090 6.10031e-17
 3332.9526 8.93323e-17
 3335.8962 6.75599e-17
 3338.8398 7.56448e-17
 3341.7833 8.29616e-17
 3344.7269 1.07989e-16
 3347.6705 1.25670e-16
 3350.6141 1.02457e-16
 3353.5577 8.28916e-17
 3356.5013 1.11319e-16
 3359.4449 9.57169e-17
 3362.3885 4.32385e-17
 3365.3320 8.18362e-17
 3368.2756 8.61584e-17
 3371.2192 1.30979e-16
 3374.1628 1.01216e-16
 3377.1064 9.57774e-17
 3380.0500 8.10085e-17
 3382.9936 8.80962e-17
 3385.9372 8.92476e-17
 3388.8807 7.97107e-17
 3391.8243 6.81631e-17
 3394.7679 7.83806e-17
 3397.7115 8.20144e-17
 3400.6551 7.53678e-17
 3403.5987 9.70405e-17
 3406.5423 1.31550e-16
 3409.4859 1.08534e-16
 3412.4295 7.37663e-17
 3415.3730 1.17285e-16
 3418.3166 1.20247e-16
 3421.2602 1.06130e-16
 3424.2038 1.09356e-16
 3427.1474 7.98171e-17
 3430.0910 1.21110e-16
 3433.0346 1.51701e-16
 3435.9782 1.63378e-16
 3438.9217 1.42760e-16
 3441.8653 9.88681e-17
 3444.8089 1.31769e-16
 3447.7525 1.53390e-16
 3450.6961 1.53080e-16
 3453.6397 1.52362e-16
 3456.5833 1.60898e-16
 3459.5269 1.65811e-16
 3462.4704 1.61818e-16
 3465.4140 1.58754e-16
 3468.3576 1.67482e-16
 3471.3012 1.76192e-16
 3474.2448 2.13090e-16
 3477.1884 1.97993e-16
 3480.1320 1.65591e-16
 3483.0756 2.12699e-16
 3486.0191 2.20181e-16
 3488.9627 1.97590e-16
 3491.9063 2.06685e-16
 3494.8499 2.36754e-16
 3497.7935 2.35045e-16
 3500.7371 2.22743e-16
 3503.6807 2.48140e-16
 3506.6243 2.74519e-16
 3509.5679 2.56569e-16
 3512.5114 2.49536e-16
 3515.4550 2.35772e-16
 3518.3986 2.58219e-16
 3521.3422 2.54802e-16
 3524.2858 2.80266e-16
 3527.2294 3.21267e-16
 3530.1730 2.43591e-16
 3533.1166 2.72637e-16
 3536.0602 2.84267e-16
 3539.0037 3.04376e-16
 3541.9473 2.90157e-16
 3544.8909 2.61576e-16
 3547.8345 2.50283e-16
 3550.7781 2.68106e-16
 3553.7217 2.60986e-16
 3556.6653 2.53900e-16
 3559.6089 2.71373e-16
 3562.5524 2.69576e-16
 3565.4960 2.38865e-16
 3568.4396 2.51374e-16
 3571.3832 3.05666e-16
 3574.3268 2.74894e-16
 3577.2704 2.81116e-16
 3580.2140 2.79845e-16
 3583.1576 2.85521e-16
 3586.1011 2.94948e-16
 3589.0447 3.06666e-16
 3591.9883 3.21296e-16
 3594.9319 3.14033e-16
 3597.8755 2.96163e-16
 3600.8191 2.59658e-16
 3603.7627 2.97377e-16
 3606.7063 3.12366e-16
 3609.6498 3.14179e-16
 3612.5934 3.17644e-16
 3615.5370 3.21536e-16
 3618.4806 3.34341e-16
 3621.4242 3.51487e-16
 3624.3678 3.27053e-16
 3627.3114 3.52687e-16
 3630.2550 3.39203e-16
 3633.1986 3.40071e-16
 3636.1421 3.21432e-16
 3639.0857 3.19245e-16
 3642.0293 3.25971e-16
 3644.9729 3.18654e-16
 3647.9165 3.15074e-16
 3650.8601 3.11788e-16
 3653.8037 2.96776e-16
 3656.7473 3.08089e-16
 3659.6908 3.00355e-16
 3662.6344 2.71637e-16
 3665.5780 2.45506e-16
 3668.5216 2.40399e-16
 3671.4652 2.36694e-16
 3674.4088 2.27950e-16
 3677.3524 2.24274e-16
 3680.2960 2.16606e-16
 3683.2395 2.06931e-16
 3686.1831 2.15659e-16
 3689.1267 2.21313e-16
 3692.0703 2.12634e-16
 3695.0139 2.13997e-16
 3697.9575 1.91816e-16
 3700.9011 1.71045e-16
 3703.8447 1.80031e-16
 3706.7882 1.83155e-16
 3709.7318 1.93744e-16
 3712.6754 2.05965e-16
 3715.6190 1.85480e-16
 3718.5626 1.83902e-16
 3721.5062 1.70429e-16
 3724.4498 1.57038e-16
 3727.3934 1.67921e-16
 3730.3369 1.70793e-16
 3733.2805 1.73827e-16
 3736.2241 1.60982e-16
 3739.1677 1.57919e-16
 3742.1113 1.74857e-16
 3745.0549 1.54864e-16
 3747.9985 1.70397e-16
 3750.9421 1.82063e-16
 3753.8857 1.76898e-16
 3756.8292 1.61293e-16
 3759.7728 1.78837e-16
 3762.7164 1.78035e-16
 3765.6600 1.67526e-16
 3768.6036 1.80540e-16
 3771.5472 1.78750e-16
 3774.4908 1.76160e-16
 3777.4344 1.76248e-16
 3780.3780 1.91732e-16
 3783.3215 1.89135e-16
 3786.2651 1.81167e-16
 3789.2087 1.93157e-16
 3792.1523 1.94921e-16
 3795.0959 1.88799e-16
 3798.0395 2.15975e-16
 3800.9831 2.02601e-16
 3803.9267 1.88992e-16
 3806.8702 1.82970e-16
 3809.8138 2.01125e-16
 3812.7574 2.02591e-16
 3815.7010 2.35735e-16
 3818.6446 2.43588e-16
 3821.5882 2.27918e-16
 3824.5318 2.36241e-16
 3827.4754 2.53698e-16
 3830.4189 2.46516e-16
 3833.3625 2.63894e-16
 3836.3061 2.48118e-16
 3839.2497 2.53581e-16
 3842.1933 2.53263e-16
 3845.1369 2.73754e-16
 3848.0805 2.63525e-16
 3851.0241 2.86219e-16
 3853.9677 2.87187e-16
 3856.9112 2.96069e-16
 3859.8548 3.03722e-16
 3862.7984 3.19523e-16
 3865.7420 3.20030e-16
 3868.6856 3.47151e-16
 3871.6292 3.21861e-16
 3874.5728 3.22659e-16
 3877.5164 3.23117e-16
 3880.4599 3.36108e-16
 3883.4035 3.03258e-16
 3886.3471 3.14529e-16
 3889.2907 3.43751e-16
 3892.2343 3.32947e-16
 3895.1779 3.30778e-16
 3898.1215 3.00666e-16
 3901.0651 3.19460e-16
 3904.0086 3.33814e-16
 3906.9522 3.21255e-16
 3909.8958 3.21629e-16
 3912.8394 3.26219e-16
 3915.7830 3.04180e-16
 3918.7266 3.17300e-16
 3921.6702 3.28788e-16
 3924.6138 3.15888e-16
 3927.5573 3.11494e-16
 3930.5009 3.25989e-16
 3933.4445 3.18300e-16
 3936.3881 3.34296e-16
 3939.3317 3.17746e-16
 3942.2753 3.21017e-16
 3945.2189 3.32757e-16
 3948.1625 3.29165e-16
 3951.1060 3.29095e-16
 3954.0496 3.28316e-16
 3956.9932 3.40937e-16
 3959.9368 3.34995e-16
 3962.8804 3.20466e-16
 3965.8240 3.20603e-16
 3968.7676 3.33307e-16
 3971.7112 3.34077e-16
 3974.6548 3.05765e-16
 3977.5983 3.45912e-16
 3980.5419 3.59852e-16
 3983.4855 3.37140e-16
 3986.4291 3.22947e-16
 3989.3727 3.45855e-16
 3992.3163 3.32968e-16
 3995.2599 3.12078e-16
 3998.2035 3.13617e-16
 4001.1470 3.12918e-16
 4004.0906 3.22748e-16
 4007.0342 3.07600e-16
 4009.9778 3.03659e-16
 4012.9214 3.28265e-16
 4015.8650 3.23501e-16
 4018.8086 3.35132e-16
 4021.7522 3.18111e-16
 4024.6958 3.22423e-16
 4027.6393 3.12315e-16
 4030.5829 3.25276e-16
 4033.5265 3.32398e-16
 4036.4701 3.40397e-16
 4039.4137 3.38085e-16
 4042.3573 3.38825e-16
 4045.3009 3.33421e-16
 4048.2445 3.38214e-16
 4051.1880 3.47481e-16
 4054.1316 3.49240e-16
 4057.0752 3.63060e-16
 4060.0188 3.67795e-16
 4062.9624 3.82492e-16
 4065.9060 3.65180e-16
 4068.8496 3.78209e-16
 4071.7932 3.68423e-16
 4074.7367 3.76035e-16
 4077.6803 3.74255e-16
 4080.6239 3.81839e-16
 4083.5675 3.62543e-16
 4086.5111 3.66509e-16
 4089.4547 3.83849e-16
 4092.3983 3.81189e-16
 4095.3419 3.57814e-16
 4098.2855 3.66089e-16
 4101.2290 3.70233e-16
 4104.1726 3.59931e-16
 4107.1162 3.61259e-16
 4110.0598 3.79395e-16
 4113.0034 3.71782e-16
 4115.9470 3.56569e-16
 4118.8906 3.63463e-16
 4121.8342 3.58207e-16
 4124.7777 3.31516e-16
 4127.7213 3.09997e-16
 4130.6649 3.45915e-16
 4133.6085 3.28266e-16
 4136.5521 3.14666e-16
 4139.4957 3.35749e-16
 4142.4393 3.31406e-16
 4145.3829 3.27971e-16
 4148.3264 3.06590e-16
 4151.2700 3.13042e-16
 4154.2136 3.19045e-16
 4157.1572 3.04153e-16
 4160.1008 3.01266e-16
 4163.0444 3.14164e-16
 4165.9880 3.19297e-16
 4168.9316 3.13615e-16
 4171.8751 3.14666e-16
 4174.8187 3.07562e-16
 4177.7623 3.11104e-16
 4180.7059 3.24071e-16
 4183.6495 3.15216e-16
 4186.5931 3.06964e-16
 4189.5367 2.99736e-16
 4192.4803 3.11174e-16
 4195.4239 3.02323e-16
 4198.3674 2.95533e-16
 4201.3110 2.85660e-16
 4204.2546 2.97516e-16
 4207.1982 2.62949e-16
 4210.1418 2.55015e-16
 4213.0854 2.65555e-16
 4216.0290 2.68956e-16
 4218.9726 2.58518e-16
 4221.9161 2.47273e-16
 4224.8597 2.51823e-16
 4227.8033 2.60467e-16
 4230.7469 2.40650e-16
 4233.6905 2.30078e-16
 4236.6341 2.19949e-16
 4239.5777 2.22715e-16
 4242.5213 2.23244e-16
 4245.4648 2.24307e-16
 4248.4084 2.09145e-16
 4251.3520 2.08397e-16
 4254.2956 1.95770e-16
 4257.2392 1.97654e-16
 4260.1828 2.06594e-16
 4263.1264 1.87439e-16
 4266.0700 2.07993e-16
 4269.0136 1.95332e-16
 4271.9571 1.96448e-16
 4274.9007 1.93586e-16
 4277.8443 1.79327e-16
 4280.7879 1.88629e-16
 4283.7315 1.82941e-16
 4286.6751 1.75524e-16
 4289.6187 1.78053e-16
 4292.5623 1.75704e-16
 4295.5058 1.78227e-16
 4298.4494 1.71944e-16
 4301.3930 1.70776e-16
 4304.3366 1.74715e-16
 4307.2802 1.76706e-16
 4310.2238 1.87457e-16
 4313.1674 1.87195e-16
 4316.1110 1.90549e-16
 4319.0546 1.96472e-16
 4321.9981 1.90068e-16
 4324.9417 2.00796e-16
 4327.8853 2.10985e-16
 4330.8289 2.04644e-16
 4333.7725 2.00509e-16
 4336.7161 1.96544e-16
 4339.6597 2.14293e-16
 4342.6033 2.20059e-16
 4345.5468 2.18642e-16
 4348.4904 2.08278e-16
 4351.4340 2.16335e-16
 4354.3776 2.29254e-16
 4357.3212 2.35754e-16
 4360.2648 2.33583e-16
 4363.2084 2.34876e-16
 4366.1520 2.36315e-16
 4369.0955 2.32378e-16
 4372.0391 2.41839e-16
 4374.9827 2.46496e-16
 4377.9263 2.37443e-16
 4380.8699 2.50119e-16
 4383.8135 2.75039e-16
 4386.7571 2.49055e-16
 4389.7007 2.64376e-16
 4392.6442 2.73518e-16
 4395.5878 2.85233e-16
 4398.5314 2.77367e-16
 4401.4750 2.62297e-16
 4404.4186 2.66266e-16
 4407.3622 2.69887e-16
 4410.3058 2.52137e-16
 4413.2494 2.67281e-16
 4416.1929 2.59702e-16
 4419.1365 2.53967e-16
 4422.0801 2.61542e-16
 4425.0237 2.45362e-16
 4427.9673 2.42201e-16
 4430.9109 2.50221e-16
 4433.8545 2.38709e-16
 4436.7981 2.51057e-16
 4439.7417 2.55514e-16
 4442.6852 2.68945e-16
 4445.6288 2.67596e-16
 4448.5724 2.70663e-16
 4451.5160 2.81970e-16
 4454.4596 2.87845e-16
 4457.4032 2.99167e-16
 4460.3468 3.06285e-16
 4463.2904 3.14289e-16
 4466.2339 3.18757e-16
 4469.1775 3.01283e-16
 4472.1211 3.15082e-16
 4475.0647 3.14686e-16
 4478.0083 3.16605e-16
 4480.9519 3.31024e-16
 4483.8955 3.27824e-16
 4486.8391 3.35867e-16
 4489.7826 3.32506e-16
 4492.7262 3.11175e-16
 4495.6698 3.14644e-16
 4498.6134 3.29344e-16
 4501.5570 3.36165e-16
 4504.5006 3.26503e-16
 4507.4442 3.31569e-16
 4510.3878 3.37449e-16
 4513.3314 3.20143e-16
 4516.2749 3.23490e-16
 4519.2185 3.18108e-16
 4522.1621 3.14049e-16
 4525.1057 3.18617e-16
 4528.0493 3.14764e-16
 4530.9929 3.13901e-16
 4533.9365 3.21574e-16
 4536.8801 3.01303e-16
 4539.8236 3.23533e-16
 4542.7672 3.12856e-16
 4545.7108 3.03182e-16
 4548.6544 3.04819e-16
 4551.5980 3.16814e-16
 4554.5416 3.27158e-16
 4557.4852 3.20002e-16
 4560.4288 3.04654e-16
 4563.3724 3.03303e-16
 4566.3159 3.07829e-16
 4569.2595 2.95463e-16
 4572.2031 2.92789e-16
 4575.1467 3.02008e-16
 4578.0903 2.85976e-16
 4581.0339 2.96374e-16
 4583.9775 2.92636e-16
 4586.9211 2.95225e-16
 4589.8646 2.88560e-16
 4592.8082 2.96264e-16
 4595.7518 2.94154e-16
 4598.6954 2.78944e-16
 4601.6390 2.85767e-16
 4604.5826 2.90493e-16
 4607.5262 2.85618e-16
 4610.4698 2.66447e-16
 4613.4133 2.80091e-16
 4616.3569 2.68384e-16
 4619.3005 2.74392e-16
 4622.2441 2.66857e-16
 4625.1877 2.80447e-16
 4628.1313 2.74542e-16
 4631.0749 2.71062e-16
 4634.0185 2.76845e-16
 4636.9620 2.61917e-16
 4639.9056 2.57944e-16
 4642.8492 2.60736e-16
 4645.7928 2.54087e-16
 4648.7364 2.52680e-16
 4651.6800 2.52254e-16
 4654.6236 2.54398e-16
 4657.5672 2.39663e-16
 4660.5108 2.17177e-16
 4663.4543 2.19968e-16
 4666.3979 2.17370e-16
 4669.3415 2.15927e-16
 4672.2851 2.27178e-16
 4675.2287 2.15029e-16
 4678.1723 2.19650e-16
 4681.1159 2.18282e-16
 4684.0595 2.10542e-16
 4687.0030 2.14740e-16
 4689.9466 2.10547e-16
 4692.8902 2.15545e-16
 4695.8338 2.16356e-16
 4698.7774 2.11402e-16
 4701.7210 2.17181e-16
 4704.6646 2.16428e-16
 4707.6082 2.15826e-16
 4710.5517 2.26828e-16
 4713.4953 2.17989e-16
 4716.4389 2.08586e-16
 4719.3825 2.22937e-16
 4722.3261 2.19683e-16
 4725.2697 2.17270e-16
 4728.2133 2.09377e-16
 4731.1569 1.96410e-16
 4734.1004 2.04787e-16
 4737.0440 2.05407e-16
 4739.9876 2.08631e-16
 4742.9312 2.11839e-16
 4745.8748 2.05293e-16
 4748.8184 2.16883e-16
 4751.7620 2.16720e-16
 4754.7056 2.06630e-16
 4757.6492 2.05727e-16
 4760.5927 1.93301e-16
 4763.5363 1.97894e-16
 4766.4799 2.00570e-16
 4769.4235 1.96717e-16
 4772.3671 1.95113e-16
 4775.3107 1.95861e-16
 4778.2543 1.96523e-16
 4781.1979 1.97314e-16
 4784.1414 2.08460e-16
 4787.0850 2.12585e-16
 4790.0286 2.13590e-16
 4792.9722 2.16050e-16
 4795.9158 2.30090e-16
 4798.8594 2.26743e-16
 4801.8030 2.24833e-16
 4804.7466 2.24208e-16
 4807.6902 2.33910e-16
 4810.6337 2.41655e-16
 4813.5773 2.42564e-16
 4816.5209 2.39376e-16
 4819.4645 2.47150e-16
 4822.4081 2.40650e-16
 4825.3517 2.43701e-16
 4828.2953 2.31685e-16
 4831.2389 2.27674e-16
 4834.1824 2.27806e-16
 4837.1260 2.30770e-16
 4840.0696 2.24825e-16
 4843.0132 2.27668e-16
 4845.9568 2.10155e-16
 4848.9004 1.92266e-16
 4851.8440 2.04041e-16
 4854.7876 1.98610e-16
 4857.7311 1.96968e-16
 4860.6747 1.86321e-16
 4863.6183 1.80292e-16
 4866.5619 1.84999e-16
 4869.5055 1.74697e-16
 4872.4491 1.69642e-16
 4875.3927 1.66879e-16
 4878.3363 1.71274e-16
 4881.2799 1.68814e-16
 4884.2234 1.65493e-16
 4887.1670 1.64822e-16
 4890.1106 1.59778e-16
 4893.0542 1.67721e-16
 4895.9978 1.59868e-16
 4898.9414 1.57900e-16
 4901.8850 1.69934e-16
 4904.8286 1.68044e-16
 4907.7721 1.65503e-16
 4910.7157 1.55328e-16
 4913.6593 1.66382e-16
 4916.6029 1.56632e-16
 4919.5465 1.62064e-16
 4922.4901 1.66648e-16
 4925.4337 1.74594e-16
 4928.3773 1.65389e-16
 4931.3208 1.58009e-16
 4934.2644 1.61183e-16
 4937.2080 1.77568e-16
 4940.1516 1.72296e-16
 4943.0952 1.84604e-16
 4946.0388 1.90824e-16
 4948.9824 1.98064e-16
 4951.9260 1.96641e-16
 4954.8695 2.00213e-16
 4957.8131 1.83848e-16
 4960.7567 1.86987e-16
 4963.7003 1.85458e-16
 4966.6439 1.94838e-16
 4969.5875 2.02008e-16
 4972.5311 2.04529e-16
 4975.4747 2.03565e-16
 4978.4182 1.92907e-16
 4981.3618 2.06312e-16
 4984.3054 2.04668e-16
 4987.2490 2.08922e-16
 4990.1926 2.06253e-16
 4993.1362 2.06699e-16
 4996.0798 2.09815e-16
 4999.0234 2.03992e-16
 5001.9670 1.99989e-16
 5004.9105 2.06137e-16
 5007.8541 2.03560e-16
 5010.7977 2.16586e-16
 5013.7413 2.16873e-16
 5016.6849 2.19312e-16
 5019.6285 2.30451e-16
 5022.5721 2.19995e-16
 5025.5157 2.29690e-16
 5028.4592 2.25302e-16
 5031.4028 2.30343e-16
 5034.3464 2.24006e-16
 5037.2900 2.25937e-16
 5040.2336 2.33923e-16
 5043.1772 2.30630e-16
 5046.1208 2.47640e-16
 5049.0644 2.45122e-16
 5052.0080 2.24146e-16
 5054.9515 2.43068e-16
 5057.8951 2.48075e-16
 5060.8387 2.46393e-16
 5063.7823 2.41553e-16
 5066.7259 2.49723e-16
 5069.6695 2.55964e-16
 5072.6131 2.46229e-16
 5075.5567 2.55508e-16
 5078.5002 2.63128e-16
 5081.4438 2.64667e-16
 5084.3874 2.69867e-16
 5087.3310 2.70027e-16
 5090.2746 2.62340e-16
 5093.2182 2.72072e-16
 5096.1618 2.75060e-16
 5099.1054 2.76725e-16
 5102.0489 2.78378e-16
 5104.9925 2.86357e-16
 5107.9361 2.90136e-16
 5110.8797 2.91019e-16
 5113.8233 2.85716e-16
 5116.7669 2.98707e-16
 5119.7105 2.90798e-16
 5122.6541 2.91590e-16
 5125.5977 2.98140e-16
 5128.5412 3.01322e-16
 5131.4848 2.95701e-16
 5134.4284 2.99849e-16
 5137.3720 3.05708e-16
 5140.3156 2.98207e-16
 5143.2592 2.97047e-16
 5146.2028 2.91869e-16
 5149.1464 2.83750e-16
 5152.0899 2.81302e-16
 5155.0335 2.95545e-16
 5157.9771 2.80563e-16
 5160.9207 2.77887e-16
 5163.8643 2.75994e-16
 5166.8079 2.74942e-16
 5169.7515 2.84845e-16
 5172.6951 2.74279e-16
 5175.6386 2.67049e-16
 5178.5822 2.71754e-16
 5181.5258 2.73111e-16
 5184.4694 2.60536e-16
 5187.4130 2.69322e-16
 5190.3566 2.73170e-16
 5193.3002 2.67530e-16
 5196.2438 2.58424e-16
 5199.1873 2.64102e-16
 5202.1309 2.70525e-16
 5205.0745 2.83359e-16
 5208.0181 2.69343e-16
 5210.9617 2.72099e-16
 5213.9053 2.69267e-16
 5216.8489 2.82928e-16
 5219.7925 2.80595e-16
 5222.7361 2.82760e-16
 5225.6796 2.79217e-16
 5228.6232 2.84238e-16
 5231.5668 2.79041e-16
 5234.5104 2.72960e-16
 5237.4540 2.79765e-16
 5240.3976 2.67854e-16
 5243.3412 2.67222e-16
 5246.2848 2.72144e-16
 5249.2283 2.67220e-16
 5252.1719 2.44590e-16
 5255.1155 2.58409e-16
 5258.0591 2.46001e-16
 5261.0027 2.38737e-16
 5263.9463 2.39736e-16
 5266.8899 2.29703e-16
 5269.8335 2.42366e-16
 5272.7770 2.30883e-16
 5275.7206 2.24336e-16
 5278.6642 2.08197e-16
 5281.6078 2.12854e-16
 5284.5514 1.98452e-16
 5287.4950 1.99333e-16
 5290.4386 2.04202e-16
 5293.3822 1.99404e-16
 5296.3258 2.03728e-16
 5299.2693 1.85704e-16
 5302.2129 1.98482e-16
 5305.1565 1.94865e-16
 5308.1001 2.00268e-16
 5311.0437 2.01888e-16
 5313.9873 2.12925e-16
 5316.9309 2.00421e-16
 5319.8745 2.04103e-16
 5322.8180 2.09261e-16
 5325.7616 2.14697e-16
 5328.7052 2.10639e-16
 5331.6488 2.08114e-16
 5334.5924 2.03723e-16
 5337.5360 2.08982e-16
 5340.4796 2.10047e-16
 5343.4232 2.04303e-16
 5346.3668 2.15312e-16
 5349.3103 2.11437e-16
 5352.2539 2.25336e-16
 5355.1975 2.16827e-16
 5358.1411 2.26119e-16
 5361.0847 2.32118e-16
 5364.0283 2.27752e-16
 5366.9719 2.26197e-16
 5369.9155 2.22969e-16
 5372.8590 2.26751e-16
 5375.8026 2.29175e-16
 5378.7462 2.25773e-16
 5381.6898 2.16357e-16
 5384.6334 2.26977e-16
 5387.5770 2.24884e-16
 5390.5206 2.19407e-16
 5393.4642 2.34666e-16
 5396.4077 2.22204e-16
 5399.3513 2.18221e-16
 5402.2949 1.97953e-16
 5405.2385 2.02937e-16
 5408.1821 2.29218e-16
 5411.1257 2.39630e-16
 5414.0693 2.33381e-16
 5417.0129 2.25320e-16
 5419.9564 2.25850e-16
 5422.9000 2.21578e-16
 5425.8436 2.12698e-16
 5428.7872 2.07025e-16
 5431.7308 2.00725e-16
 5434.6744 2.07212e-16
 5437.6180 2.01271e-16
 5440.5616 1.99773e-16
 5443.5051 2.03642e-16
 5446.4487 2.02379e-16
 5449.3923 1.99080e-16
 5452.3359 2.09135e-16
 5455.2795 2.14589e-16
 5458.2231 1.96924e-16
 5461.1667 1.92246e-16
 5464.1103 1.94982e-16
 5467.0539 1.90435e-16
 5469.9974 1.89622e-16
 5472.9410 1.81523e-16
 5475.8846 1.69194e-16
 5478.8282 1.74317e-16
 5481.7718 1.79670e-16
 5484.7154 1.75898e-16
 5487.6590 1.84324e-16
 5490.6026 1.86814e-16
 5493.5461 1.82256e-16
 5496.4897 1.88278e-16
 5499.4333 1.89051e-16
 5502.3769 2.04031e-16
 5505.3205 2.07971e-16
 5508.2641 1.96826e-16
 5511.2077 1.94133e-16
 5514.1513 2.04185e-16
 5517.0949 2.11473e-16
 5520.0384 2.16761e-16
 5522.9820 2.12371e-16
 5525.9256 2.26406e-16
 5528.8692 2.43939e-16
 5531.8128 2.37850e-16
 5534.7564 2.37479e-16
 5537.7000 2.42564e-16
 5540.6436 2.52986e-16
 5543.5871 2.48387e-16
 5546.5307 2.41514e-16
 5549.4743 2.44819e-16
 5552.4179 2.49882e-16
 5555.3615 2.65260e-16
 5558.3051 2.55965e-16
 5561.2487 2.43767e-16
 5564.1923 2.38011e-16
 5567.1359 2.35562e-16
 5570.0794 2.37355e-16
 5573.0230 2.45366e-16
 5575.9666 2.39070e-16
 5578.9102 2.39901e-16
 5581.8538 2.39799e-16
 5584.7974 2.48268e-16
 5587.7410 2.52099e-16
 5590.6846 2.38590e-16
 5593.6281 2.50398e-16
 5596.5717 2.57746e-16
 5599.5153 2.47757e-16
 5602.4589 2.48613e-16
 5605.4025 2.48933e-16
 5608.3461 2.48132e-16
 5611.2897 2.53459e-16
 5614.2333 2.57464e-16
 5617.1768 2.48243e-16
 5620.1204 2.37101e-16
 5623.0640 2.44743e-16
 5626.0076 2.37485e-16
 5628.9512 2.47328e-16
 5631.8948 2.56532e-16
 5634.8384 2.57121e-16
 5637.7820 2.45679e-16
 5640.7255 2.49219e-16
 5643.6691 2.44326e-16
 5646.6127 2.42999e-16
 5649.5563 2.43035e-16
 5652.4999 2.36240e-16
 5655.4435 2.35993e-16
 5658.3871 2.46118e-16
 5661.3307 2.48595e-16
 5664.2742 2.38221e-16
 5667.2178 2.40625e-16
 5670.1614 2.38513e-16
 5673.1050 2.37392e-16
 5676.0486 2.41801e-16
 5678.9922 2.54418e-16
 5681.9358 2.50893e-16
 5684.8794 2.44887e-16
 5687.8230 2.42944e-16
 5690.7665 2.61158e-16
 5693.7101 2.44620e-16
 5696.6537 2.42580e-16
 5699.5973 2.43360e-16
 5702.5409 2.48602e-16
 5705.4845 2.49958e-16
 5708.4281 2.49977e-16
 5711.3717 2.44571e-16
 5714.3152 2.30993e-16
 5717.2588 2.41277e-16
 5720.2024 2.45747e-16
 5723.1460 2.46841e-16
 5726.0896 2.41811e-16
 5729.0332 2.36210e-16
 5731.9768 2.33323e-16
 5734.9204 2.33069e-16
 5737.8639 2.39842e-16
 5740.8075 2.46230e-16
 5743.7511 2.43700e-16
 5746.6947 2.39145e-16
 5749.6383 2.44873e-16
 5752.5819 2.32396e-16
 5755.5255 2.36132e-16
 5758.4691 2.29491e-16
 5761.4127 2.29052e-16
 5764.3562 2.28917e-16
 5767.2998 2.33447e-16
 5770.2434 2.17069e-16
 5773.1870 2.21583e-16
 5776.1306 2.28422e-16
 5779.0742 2.11527e-16
 5782.0178 2.20649e-16
 5784.9614 2.34199e-16
 5787.9049 2.09163e-16
 5790.8485 2.18070e-16
 5793.7921 2.23477e-16
 5796.7357 2.12445e-16
 5799.6793 2.15989e-16
 5802.6229 2.26916e-16
 5805.5665 2.24952e-16
 5808.5101 2.21713e-16
 5811.4537 2.28476e-16
 5814.3972 2.25032e-16
 5817.3408 2.21449e-16
 5820.2844 2.32156e-16
 5823.2280 2.28474e-16
 5826.1716 2.21612e-16
 5829.1152 2.19518e-16
 5832.0588 2.25193e-16
 5835.0024 2.32430e-16
 5837.9459 2.29422e-16
 5840.8895 2.18897e-16
 5843.8331 2.22062e-16
 5846.7767 2.31934e-16
 5849.7203 2.28163e-16
 5852.6639 2.27963e-16
 5855.6075 2.25640e-16
 5858.5511 2.19916e-16
 5861.4946 2.25982e-16
 5864.4382 2.36565e-16
 5867.3818 2.36576e-16
 5870.3254 2.32919e-16
 5873.2690 2.39657e-16
 5876.2126 2.24500e-16
 5879.1562 2.30766e-16
 5882.0998 2.35458e-16
 5885.0433 2.17366e-16
 5887.9869 2.14537e-16
 5890.9305 2.16731e-16
 5893.8741 2.25085e-16
 5896.8177 2.39543e-16
 5899.7613 2.44176e-16
 5902.7049 2.32273e-16
 5905.6485 2.40625e-16
 5908.5921 2.47071e-16
 5911.5356 2.50156e-16
 5914.4792 2.46446e-16
 5917.4228 2.53789e-16
 5920.3664 2.51477e-16
 5923.3100 2.26628e-16
 5926.2536 2.39446e-16
 5929.1972 2.44793e-16
 5932.1408 2.44737e-16
 5935.0843 2.43069e-16
 5938.0279 2.33706e-16
 5940.9715 2.36438e-16
 5943.9151 2.37785e-16
 5946.8587 2.44890e-16
 5949.8023 2.36010e-16
 5952.7459 2.38339e-16
 5955.6895 2.27493e-16
 5958.6330 2.15949e-16
 5961.5766 2.32430e-16
 5964.5202 2.36409e-16
 5967.4638 2.33011e-16
 5970.4074 2.37590e-16
 5973.3510 2.30156e-16
 5976.2946 2.35728e-16
 5979.2382 2.39820e-16
 5982.1817 2.37617e-16
 5985.1253 2.30888e-16
 5988.0689 2.36608e-16
 5991.0125 2.31109e-16
 5993.9561 2.24819e-16
 5996.8997 2.33733e-16
 5999.8433 2.37790e-16
 6002.7869 2.43929e-16
 6005.7305 2.23769e-16
 6008.6740 2.16008e-16
 6011.6176 2.26380e-16
 6014.5612 2.22893e-16
 6017.5048 2.24536e-16
 6020.4484 2.19872e-16
 6023.3920 2.16015e-16
 6026.3356 2.12685e-16
 6029.2792 2.19501e-16
 6032.2227 2.20867e-16
 6035.1663 2.09455e-16
 6038.1099 2.02948e-16
 6041.0535 2.04964e-16
 6043.9971 1.99211e-16
 6046.9407 2.03101e-16
 6049.8843 2.06763e-16
 6052.8279 1.96664e-16
 6055.7715 1.98987e-16
 6058.7150 1.96334e-16
 6061.6586 1.85783e-16
 6064.6022 1.80823e-16
 6067.5458 1.92586e-16
 6070.4894 2.02264e-16
 6073.4330 1.90646e-16
 6076.3766 1.82917e-16
 6079.3202 1.63940e-16
 6082.2637 1.63214e-16
 6085.2073 1.59441e-16
 6088.1509 1.60702e-16
 6091.0945 1.58319e-16
 6094.0381 1.58891e-16
 6096.9817 1.64120e-16
 6099.9253 1.58048e-16
 6102.8689 1.56835e-16
 6105.8124 1.44806e-16
 6108.7560 1.38384e-16
 6111.6996 1.44502e-16
 6114.6432 1.51331e-16
 6117.5868 1.46874e-16
 6120.5304 1.42691e-16
 6123.4740 1.49288e-16
 6126.4176 1.38667e-16
 6129.3611 1.53884e-16
 6132.3047 1.52546e-16
 6135.2483 1.51000e-16
 6138.1919 1.54890e-16
 6141.1355 1.46869e-16
 6144.0791 1.25169e-16
 6147.0227 1.28039e-16
 6149.9663 1.40445e-16
 6152.9099 1.29469e-16
 6155.8534 1.30046e-16
 6158.7970 1.26981e-16
 6161.7406 1.33197e-16
 6164.6842 1.27353e-16
 6167.6278 1.39829e-16
 6170.5714 1.44391e-16
 6173.5150 1.45115e-16
 6176.4586 1.39367e-16
 6179.4021 1.40111e-16
 6182.3457 1.46114e-16
 6185.2893 1.47055e-16
 6188.2329 1.54673e-16
 6191.1765 1.49923e-16
 6194.1201 1.49693e-16
 6197.0637 1.49056e-16
 6200.0073 1.47982e-16
 6202.9508 1.54249e-16
 6205.8944 1.60547e-16
 6208.8380 1.54774e-16
 6211.7816 1.64007e-16
 6214.7252 1.66374e-16
 6217.6688 1.71596e-16
 6220.6124 1.80653e-16
 6223.5560 1.72570e-16
 6226.4995 1.74819e-16
 6229.4431 1.76760e-16
 6232.3867 1.76912e-16
 6235.3303 1.88106e-16
 6238.2739 1.88227e-16
 6241.2175 1.86885e-16
 6244.1611 1.87646e-16
 6247.1047 1.92276e-16
 6250.0483 1.99071e-16
 6252.9918 1.98901e-16
 6255.9354 1.98426e-16
 6258.8790 1.98398e-16
 6261.8226 1.97050e-16
 6264.7662 2.03696e-16
 6267.7098 2.04823e-16
 6270.6534 2.00204e-16
 6273.5970 2.02725e-16
 6276.5405 2.04470e-16
 6279.4841 2.06081e-16
 6282.4277 2.08250e-16
 6285.3713 2.14913e-16
 6288.3149 2.15510e-16
 6291.2585 2.18593e-16
 6294.2021 2.11961e-16
 6297.1457 2.17397e-16
 6300.0893 2.23425e-16
 6303.0328 2.18645e-16
 6305.9764 2.09127e-16
 6308.9200 2.07748e-16
 6311.8636 2.04883e-16
 6314.8072 2.08319e-16
 6317.7508 2.06194e-16
 6320.6944 2.07067e-16
 6323.6380 2.22414e-16
 6326.5815 2.28299e-16
 6329.5251 2.24326e-16
 6332.4687 2.10962e-16
 6335.4123 2.13816e-16
 6338.3559 2.20300e-16
 6341.2995 2.14807e-16
 6344.2431 2.07030e-16
 6347.1867 2.11811e-16
 6350.1302 2.16913e-16
 6353.0738 2.25039e-16
 6356.0174 2.03135e-16
 6358.9610 2.18810e-16
 6361.9046 2.19386e-16
 6364.8482 2.02665e-16
 6367.7918 2.15754e-16
 6370.7354 2.14087e-16
 6373.6790 2.16874e-16
 6376.6225 2.15999e-16
 6379.5661 2.18043e-16
 6382.5097 2.10438e-16
 6385.4533 2.05761e-16
 6388.3969 2.06202e-16
 6391.3405 2.12066e-16
 6394.2841 2.02175e-16
 6397.2277 2.08211e-16
 6400.1712 2.13265e-16
 6403.1148 2.03719e-16
 6406.0584 2.00797e-16
 6409.0020 2.04871e-16
 6411.9456 1.98277e-16
 6414.8892 2.08324e-16
 6417.8328 2.03776e-16
 6420.7764 1.95601e-16
 6423.7199 1.91990e-16
 6426.6635 2.00581e-16
 6429.6071 1.95145e-16
 6432.5507 1.91509e-16
 6435.4943 1.90287e-16
 6438.4379 1.92837e-16
 6441.3815 1.90713e-16
 6444.3251 1.88537e-16
 6447.2686 1.85341e-16
 6450.2122 1.87415e-16
 6453.1558 1.84573e-16
 6456.0994 1.79739e-16
 6459.0430 1.76024e-16
 6461.9866 1.81880e-16
 6464.9302 1.83980e-16
 6467.8738 1.80588e-16
 6470.8173 1.87753e-16
 6473.7609 1.82841e-16
 6476.7045 1.70206e-16
 6479.6481 1.88860e-16
 6482.5917 1.84048e-16
 6485.5353 1.79124e-16
 6488.4789 1.80377e-16
 6491.4225 1.76169e-16
 6494.3661 1.77078e-16
 6497.3096 1.76061e-16
 6500.2532 1.83127e-16
 6503.1968 1.73723e-16
 6506.1404 1.74357e-16
 6509.0840 1.84088e-16
 6512.0276 1.89511e-16
 6514.9712 1.85872e-16
 6517.9148 1.77676e-16
 6520.8583 1.79284e-16
 6523.8019 1.76927e-16
 6526.7455 1.71877e-16
 6529.6891 1.71238e-16
 6532.6327 1.64536e-16
 6535.5763 1.71305e-16
 6538.5199 1.79407e-16
 6541.4635 1.69596e-16
 6544.4071 1.69978e-16
 6547.3506 1.68517e-16
 6550.2942 1.72691e-16
 6553.2378 1.70492e-16
 6556.1814 1.48007e-16
 6559.1250 1.50467e-16
 6562.0686 1.58933e-16
 6565.0122 1.62150e-16
 6567.9558 1.71944e-16
 6570.8993 1.72309e-16
 6573.8429 1.68856e-16
 6576.7865 1.72169e-16
 6579.7301 1.62614e-16
 6582.6737 1.60157e-16
 6585.6173 1.73903e-16
 6588.5609 1.69441e-16
 6591.5045 1.64258e-16
 6594.4481 1.62848e-16
 6597.3916 1.69832e-16
 6600.3352 1.67205e-16
 6603.2788 1.55359e-16
 6606.2224 1.62407e-16
 6609.1660 1.76327e-16
 6612.1096 1.71626e-16
 6615.0532 1.54127e-16
 6617.9968 1.56058e-16
 6620.9403 1.59172e-16
 6623.8839 1.59903e-16
 6626.8275 1.55290e-16
 6629.7711 1.59306e-16
 6632.7147 1.61216e-16
 6635.6583 1.58653e-16
 6638.6019 1.62481e-16
 6641.5455 1.61822e-16
 6644.4890 1.45706e-16
 6647.4326 1.53221e-16
 6650.3762 1.47572e-16
 6653.3198 1.49926e-16
 6656.2634 1.53128e-16
 6659.2070 1.55836e-16
 6662.1506 1.88540e-16
 6665.0942 1.83481e-16
 6668.0377 1.65686e-16
 6670.9813 1.55018e-16
 6673.9249 1.46366e-16
 6676.8685 1.42432e-16
 6679.8121 1.62008e-16
 6682.7557 1.49537e-16
 6685.6993 1.43468e-16
 6688.6429 1.56384e-16
 6691.5864 1.51501e-16
 6694.5300 1.65949e-16
 6697.4736 1.52946e-16
 6700.4172 1.50450e-16
 6703.3608 1.62314e-16
 6706.3044 1.62642e-16
 6709.2480 1.54509e-16
 6712.1916 1.46831e-16
 6715.1352 1.36733e-16
 6718.0787 1.46503e-16
 6721.0223 1.48376e-16
 6723.9659 1.42155e-16
 6726.9095 1.40807e-16
 6729.8531 1.46023e-16
 6732.7967 1.35393e-16
 6735.7403 1.42730e-16
 6738.6839 1.47940e-16
 6741.6274 1.30105e-16
 6744.5710 1.48524e-16
 6747.5146 1.45768e-16
 6750.4582 1.37149e-16
 6753.4018 1.37114e-16
 6756.3454 1.37389e-16
 6759.2890 1.33327e-16
 6762.2326 1.41286e-16
 6765.1761 1.38147e-16
 6768.1197 1.38606e-16
 6771.0633 1.35404e-16
 6774.0069 1.36308e-16
 6776.9505 1.33950e-16
 6779.8941 1.37444e-16
 6782.8377 1.42267e-16
 6785.7813 1.22321e-16
 6788.7249 1.31052e-16
 6791.6684 1.42799e-16
 6794.6120 1.41967e-16
 6797.5556 1.29479e-16
 6800.4992 1.25819e-16
 6803.4428 1.27107e-16
 6806.3864 1.35070e-16
 6809.3300 1.34267e-16
 6812.2736 1.29180e-16
 6815.2171 1.34325e-16
 6818.1607 1.35553e-16
 6821.1043 1.28242e-16
 6824.0479 1.27594e-16
 6826.9915 1.41991e-16
 6829.9351 1.29986e-16
 6832.8787 1.25716e-16
 6835.8223 1.20506e-16
 6838.7659 1.17655e-16
 6841.7094 1.26583e-16
 6844.6530 1.15801e-16
 6847.5966 1.26438e-16
 6850.5402 1.23778e-16
 6853.4838 1.28529e-16
 6856.4274 1.33522e-16
 6859.3710 1.25124e-16
 6862.3146 1.28545e-16
 6865.2581 1.32448e-16
 6868.2017 1.21812e-16
 6871.1453 1.23486e-16
 6874.0889 1.24855e-16
 6877.0325 1.20945e-16
 6879.9761 1.19739e-16
 6882.9197 1.26925e-16
 6885.8633 1.25316e-16
 6888.8068 1.19866e-16
 6891.7504 1.18786e-16
 6894.6940 1.21115e-16
 6897.6376 1.10948e-16
 6900.5812 1.15431e-16
 6903.5248 1.28986e-16
 6906.4684 1.18440e-16
 6909.4120 1.16757e-16
 6912.3555 1.17614e-16
 6915.2991 1.14949e-16
 6918.2427 1.18022e-16
 6921.1863 1.21569e-16
 6924.1299 1.23952e-16
 6927.0735 1.09445e-16
 6930.0171 1.13622e-16
 6932.9607 1.18492e-16
 6935.9043 1.24141e-16
 6938.8478 1.16736e-16
 6941.7914 1.18197e-16
 6944.7350 1.13912e-16
 6947.6786 1.23968e-16
 6950.6222 1.20941e-16
 6953.5658 1.07878e-16
 6956.5094 1.15220e-16
 6959.4530 1.24008e-16
 6962.3965 1.26917e-16
 6965.3401 1.24972e-16
 6968.2837 1.13383e-16
 6971.2273 1.18010e-16
 6974.1709 1.22925e-16
 6977.1145 1.14517e-16
 6980.0581 1.21344e-16
 6983.0017 1.14010e-16
 6985.9452 1.24025e-16
 6988.8888 1.29752e-16
 6991.8324 1.12549e-16
 6994.7760 1.18831e-16
 6997.7196 1.12742e-16
 7000.6632 1.14627e-16
 7003.6068 1.09280e-16
 7006.5504 9.39692e-17
 7009.4939 1.02663e-16
 7012.4375 1.06250e-16
 7015.3811 1.00392e-16
 7018.3247 1.07885e-16
 7021.2683 1.23090e-16
 7024.2119 1.38727e-16
 7027.1555 1.25147e-16
 7030.0991 1.17255e-16
 7033.0427 1.18792e-16
 7035.9862 1.16044e-16
 7038.9298 1.03703e-16
 7041.8734 1.20052e-16
 7044.8170 1.20920e-16
 7047.7606 1.15952e-16
 7050.7042 1.15481e-16
 7053.6478 1.20032e-16
 7056.5914 1.25562e-16
 7059.5350 1.17931e-16
 7062.4785 1.18073e-16
 7065.4221 1.08399e-16
 7068.3657 1.13169e-16
 7071.3093 1.16910e-16
 7074.2529 1.13981e-16
 7077.1965 1.03961e-16
 7080.1401 1.08978e-16
 7083.0837 1.17802e-16
 7086.0272 1.27111e-16
 7088.9708 1.17685e-16
 7091.9144 1.08191e-16
 7094.8580 1.20006e-16
 7097.8016 1.25642e-16
 7100.7452 1.28018e-16
 7103.6888 1.22666e-16
 7106.6324 1.11278e-16
 7109.5759 1.23038e-16
 7112.5195 1.22920e-16
 7115.4631 1.14869e-16
 7118.4067 1.10316e-16
 7121.3503 1.17926e-16
 7124.2939 1.11354e-16
 7127.2375 1.00592e-16
 7130.1811 1.03950e-16
 7133.1246 1.16795e-16
 7136.0682 1.13360e-16
 7139.0118 9.96934e-17
 7141.9554 1.00884e-16
 7144.8990 1.06110e-16
 7147.8426 1.22181e-16
 7150.7862 1.19942e-16
 7153.7298 1.14993e-16
 7156.6733 1.19788e-16
 7159.6169 1.12800e-16
 7162.5605 1.28442e-16
 7165.5041 1.14512e-16
 7168.4477 1.23467e-16
 7171.3913 1.22923e-16
 7174.3349 1.07567e-16
 7177.2785 1.11606e-16
 7180.2221 1.07376e-16
 7183.1656 1.08562e-16
 7186.1092 1.15889e-16
 7189.0528 9.93316e-17
 7191.9964 1.05367e-16
 7194.9400 1.10925e-16
 7197.8836 1.10786e-16
 7200.8272 1.15055e-16
 7203.7708 1.33960e-16
 7206.7143 1.16815e-16
 7209.6579 1.12333e-16
 7212.6015 1.10714e-16
 7215.5451 1.09451e-16
 7218.4887 1.07971e-16
 7221.4323 1.22540e-16
 7224.3759 1.11258e-16
 7227.3195 1.20747e-16
 7230.2630 1.22295e-16
 7233.2066 1.10138e-16
 7236.1502 1.11728e-16
 7239.0938 1.15921e-16
 7242.0374 1.08351e-16
 7244.9810 1.13913e-16
 7247.9246 1.06344e-16
 7250.8682 1.13821e-16
 7253.8117 1.10406e-16
 7256.7553 1.17842e-16
 7259.6989 1.05797e-16
 7262.6425 1.03107e-16
 7265.5861 1.07328e-16
 7268.5297 1.06768e-16
 7271.4733 1.06708e-16
 7274.4169 1.04442e-16
 7277.3605 1.08317e-16
 7280.3040 1.08216e-16
 7283.2476 1.04957e-16
 7286.1912 9.98710e-17
 7289.1348 1.05103e-16
 7292.0784 1.05275e-16
 7295.0220 1.13398e-16
 7297.9656 1.01292e-16
 7300.9092 1.06904e-16
 7303.8528 9.79169e-17
 7306.7963 1.06925e-16
 7309.7399 1.05031e-16
 7312.6835 1.03692e-16
 7315.6271 1.13493e-16
 7318.5707 1.05830e-16
 7321.5143 9.45044e-17
 7324.4579 1.11583e-16
 7327.4015 1.10630e-16
 7330.3450 1.01175e-16
 7333.2886 8.63694e-17
 7336.2322 8.71435e-17
 7339.1758 1.12106e-16
 7342.1194 1.16711e-16
 7345.0630 1.05731e-16
 7348.0066 1.07198e-16
 7350.9502 9.47916e-17
 7353.8937 8.44139e-17
 7356.8373 9.11897e-17
 7359.7809 8.59961e-17
 7362.7245 9.48430e-17
 7365.6681 8.35354e-17
 7368.6117 1.20161e-16
 7371.5553 1.19626e-16
 7374.4989 1.07884e-16
 7377.4424 1.37326e-16
 7380.3860 1.42549e-16
 7383.3296 1.15683e-16
 7386.2732 8.59266e-17
 7389.2168 8.21959e-17
 7392.1604 9.60632e-17
 7395.1040 8.64382e-17
 7398.0476 8.04161e-17
 7400.9912 9.90722e-17
 7403.9347 9.46440e-17
 7406.8783 8.59558e-17
 7409.8219 9.72989e-17
 7412.7655 9.46621e-17
 7415.7091 9.83761e-17
 7418.6527 9.48201e-17
 7421.5963 8.24139e-17
 7424.5399 9.23608e-17
 7427.4834 7.77294e-17
 7430.4270 9.88233e-17
 7433.3706 1.01874e-16
 7436.3142 9.69459e-17
 7439.2578 9.51556e-17
 7442.2014 9.16311e-17
 7445.1450 8.58775e-17
 7448.0886 9.64699e-17
 7451.0321 1.14505e-16
 7453.9757 1.04227e-16
 7456.9193 8.10843e-17
 7459.8629 8.74372e-17
 7462.8065 9.97102e-17
 7465.7501 8.19637e-17
 7468.6937 7.61354e-17
 7471.6373 7.98848e-17
 7474.5808 7.12546e-17
 7477.5244 8.10433e-17
 7480.4680 1.13352e-16
 7483.4116 9.22044e-17
 7486.3552 7.90554e-17
 7489.2988 7.82176e-17
 7492.2424 8.88163e-17
 7495.1860 7.91175e-17
 7498.1295 7.67867e-17
 7501.0731 7.67875e-17
 7504.0167 6.95550e-17
 7506.9603 7.24829e-17
 7509.9039 8.17520e-17
 7512.8475 8.36320e-17
 7515.7911 8.08561e-17
 7518.7347 6.89155e-17
 7521.6783 7.36305e-17
 7524.6218 8.30941e-17
 7527.5654 7.11146e-17
 7530.5090 7.68648e-17
 7533.4526 8.87868e-17
 7536.3962 8.87813e-17
 7539.3398 7.28436e-17
 7542.2834 6.32122e-17
 7545.2270 6.48764e-17
 7548.1706 7.35872e-17
 7551.1141 8.68232e-17
 7554.0577 8.09692e-17
 7557.0013 8.47870e-17
 7559.9449 8.42567e-17
 7562.8885 8.12980e-17
 7565.8321 7.50537e-17
 7568.7757 8.73598e-17
 7571.7193 8.25595e-17
 7574.6628 9.59572e-17
 7577.6064 1.04357e-16
 7580.5500 9.56795e-17
 7583.4936 7.05404e-17
 7586.4372 9.10625e-17
 7589.3808 9.03983e-17
 7592.3244 8.80273e-17
 7595.2680 1.02343e-16
 7598.2115 7.99942e-17
 7601.1551 9.32647e-17
 7604.0987 8.38066e-17
 7607.0423 9.70210e-17
 7609.9859 6.96829e-17
 7612.9295 7.46613e-17
 7615.8731 6.69103e-17
 7618.8167 7.31175e-17
 7621.7603 9.05065e-17
 7624.7038 8.41647e-17
 7627.6474 7.67535e-17
 7630.5910 1.02194e-16
 7633.5346 9.90762e-17
 7636.4782 8.08506e-17
 7639.4218 7.99022e-17
 7642.3654 7.11878e-17
 7645.3090 8.68774e-17
 7648.2525 9.00508e-17
 7651.1961 8.51093e-17
 7654.1397 9.27403e-17
 7657.0833 1.00237e-16
 7660.0269 9.45074e-17
 7662.9705 7.61071e-17
 7665.9141 9.40921e-17
 7668.8577 8.89869e-17
 7671.8012 8.08783e-17
 7674.7448 8.04654e-17
 7677.6884 1.02647e-16
 7680.6320 7.97626e-17
 7683.5756 9.22380e-17
 7686.5192 9.74312e-17
 7689.4628 9.97943e-17
 7692.4064 1.10703e-16
 7695.3499 9.84042e-17
 7698.2935 1.08882e-16
 7701.2371 1.13775e-16
 7704.1807 9.68942e-17
 7707.1243 8.49863e-17
 7710.0679 9.76881e-17
 7713.0115 9.80088e-17
 7715.9551 9.18599e-17
 7718.8986 9.39846e-17
 7721.8422 1.01815e-16
 7724.7858 9.81461e-17
 7727.7294 1.01647e-16
 7730.6730 7.37877e-17
 7733.6166 7.25518e-17
 7736.5602 1.08543e-16
 7739.5038 1.01885e-16
 7742.4474 1.09360e-16
 7745.3909 9.25364e-17
 7748.3345 1.02066e-16
 7751.2781 1.08170e-16
 7754.2217 1.10435e-16
 7757.1653 1.00042e-16
 7760.1089 1.03886e-16
 7763.0525 1.07528e-16
 7765.9961 9.31884e-17
 7768.9396 1.03143e-16
 7771.8832 8.80829e-17
 7774.8268 8.55825e-17
 7777.7704 6.90325e-17
 7780.7140 8.44884e-17
 7783.6576 1.06260e-16
 7786.6012 1.04566e-16
 7789.5448 9.59398e-17
 7792.4884 1.09829e-16
 7795.4319 1.10514e-16
 7798.3755 1.03638e-16
 7801.3191 1.17174e-16
 7804.2627 1.09301e-16
 7807.2063 1.02931e-16
 7810.1499 1.16484e-16
 7813.0935 9.99892e-17
 7816.0371 1.00893e-16
 7818.9806 1.05659e-16
 7821.9242 1.09240e-16
 7824.8678 1.09372e-16
 7827.8114 1.15614e-16
 7830.7550 1.08556e-16
 7833.6986 9.71731e-17
 7836.6422 8.69037e-17
 7839.5858 8.23531e-17
 7842.5293 8.34064e-17
 7845.4729 9.05750e-17
 7848.4165 9.31366e-17
 7851.3601 9.93411e-17
 7854.3037 9.90298e-17
 7857.2473 9.89049e-17
 7860.1909 1.08442e-16
 7863.1345 1.09311e-16
 7866.0781 1.10180e-16
 7869.0216 1.08555e-16
 7871.9652 1.22920e-16
 7874.9088 1.04945e-16
 7877.8524 1.03316e-16
 7880.7960 1.06856e-16
 7883.7396 1.12266e-16
 7886.6832 1.10622e-16
 7889.6268 1.05147e-16
 7892.5703 1.02938e-16
 7895.5139 1.03592e-16
 7898.4575 9.91625e-17
 7901.4011 8.94618e-17
 7904.3447 1.13446e-16
 7907.2883 1.14387e-16
 7910.2319 9.11010e-17
 7913.1755 9.34506e-17
 7916.1190 1.01478e-16
 7919.0626 8.90449e-17
 7922.0062 9.71567e-17
 7924.9498 1.06040e-16
 7927.8934 8.46013e-17
 7930.8370 1.06186e-16
 7933.7806 1.02887e-16
 7936.7242 9.34766e-17
 7939.6677 1.05662e-16
 7942.6113 9.99615e-17
 7945.5549 9.28381e-17
 7948.4985 9.20753e-17
 7951.4421 9.35729e-17
 7954.3857 7.44826e-17
 7957.3293 8.22041e-17
 7960.2729 8.52058e-17
 7963.2165 9.57033e-17
 7966.1600 8.56688e-17
 7969.1036 5.53585e-17
 7972.0472 7.07073e-17
 7974.9908 5.83044e-17
 7977.9344 7.55763e-17
 7980.8780 1.01689e-16
 7983.8216 9.14168e-17
 7986.7652 9.81124e-17
 7989.7087 1.08658e-16
 7992.6523 9.72301e-17
 7995.5959 8.59295e-17
 7998.5395 8.71752e-17
 8001.4831 9.27475e-17
 8004.4267 9.72624e-17
 8007.3703 8.60761e-17
 8010.3139 8.89133e-17
 8013.2574 9.48213e-17
 8016.2010 7.67024e-17
 8019.1446 8.18422e-17
 8022.0882 6.25917e-17
 8025.0318 5.33643e-17
 8027.9754 5.64743e-17
 8030.9190 5.95833e-17
 8033.8626 6.26933e-17
 8036.8062 6.58033e-17
 8039.7497 6.89123e-17
 8042.6933 7.20223e-17
 8045.6369 7.64992e-17
 8048.5805 9.15532e-17
 8051.5241 1.04183e-16
 8054.4677 8.44339e-17
 8057.4113 7.96244e-17
 8060.3549 7.28941e-17
 8063.2984 8.02868e-17
 8066.2420 9.58945e-17
 8069.1856 8.06065e-17
 8072.1292 8.77689e-17
 8075.0728 8.82162e-17
 8078.0164 1.04153e-16
 8080.9600 9.82270e-17
 8083.9036 1.04780e-16
 8086.8472 7.46049e-17
 8089.7907 8.58918e-17
 8092.7343 6.62316e-17
 8095.6779 8.43786e-17
 8098.6215 6.28458e-17
 8101.5651 8.42513e-17
 8104.5087 8.54260e-17
 8107.4523 5.92469e-17
 8110.3959 6.57395e-17
 8113.3394 7.73288e-17
 8116.2830 7.75636e-17
 8119.2266 7.46926e-17
 8122.1702 6.27874e-17
 8125.1138 6.77844e-17
 8128.0574 9.34922e-17
 8131.0010 9.79850e-17
 8133.9446 9.51127e-17
 8136.8881 1.10155e-16
 8139.8317 9.51196e-17
 8142.7753 1.07549e-16
 8145.7189 9.14572e-17
 8148.6625 8.22615e-17
 8151.6061 8.61256e-17
 8154.5497 8.13523e-17
 8157.4933 8.38854e-17
 8160.4368 8.91163e-17
 8163.3804 7.38488e-17
 8166.3240 7.22414e-17
 8169.2676 9.82144e-17
 8172.2112 8.02081e-17
 8175.1548 7.78377e-17
 8178.0984 9.29240e-17
 8181.0420 7.18952e-17
 8183.9855 7.84297e-17
 8186.9291 9.90042e-17
 8189.8727 9.14432e-17
 8192.8163 5.10062e-17
 8195.7599 8.00208e-17
 8198.7035 9.93514e-17
 8201.6471 9.15586e-17
 8204.5907 6.76284e-17
 8207.5343 7.44044e-17
 8210.4778 8.77656e-17
 8213.4214 1.06657e-16
 8216.3650 9.68440e-17
 8219.3086 8.22350e-17
 8222.2522 7.42088e-17
 8225.1958 8.16826e-17
 8228.1394 8.68792e-17
 8231.0830 9.37908e-17
 8234.0265 8.60864e-17
 8236.9701 6.33876e-17
 8239.9137 7.21614e-17
 8242.8573 1.02493e-16
 8245.8009 1.04144e-16
 8248.7445 1.05999e-16
 8251.6881 8.41663e-17
 8254.6317 8.27227e-17
 8257.5752 7.29892e-17
 8260.5188 8.05450e-17
 8263.4624 7.78273e-17
 8266.4060 8.43981e-17
 8269.3496 8.95864e-17
 8272.2932 6.58767e-17
 8275.2368 5.80402e-17
 8278.1804 8.74933e-17
 8281.1240 1.01441e-16
 8284.0675 1.03585e-16
 8287.0111 8.60968e-17
 8289.9547 7.91399e-17
 8292.8983 9.05931e-17
 8295.8419 8.94468e-17
 8298.7855 9.67968e-17
 8301.7291 9.06763e-17
 8304.6727 9.28436e-17
 8307.6163 8.82306e-17
 8310.5598 8.34097e-17
 8313.5034 1.01862e-16
 8316.4470 8.00879e-17
 8319.3906 7.40604e-17
 8322.3342 8.52606e-17
 8325.2778 1.03326e-16
 8328.2214 1.03616e-16
 8331.1650 1.17632e-16
 8334.1085 1.15843e-16
 8337.0521 9.21723e-17
 8339.9957 1.03135e-16
 8342.9393 1.07434e-16
 8345.8829 9.49503e-17
 8348.8265 8.71722e-17
 8351.7701 9.44442e-17
 8354.7137 8.48084e-17
 8357.6572 7.40727e-17
 8360.6008 1.14641e-16
 8363.5444 9.19816e-17
 8366.4880 7.47452e-17
 8369.4316 8.78026e-17
 8372.3752 8.63741e-17
 8375.3188 8.98782e-17
 8378.2624 1.08268e-16
 8381.2059 1.06346e-16
 8384.1495 1.24685e-16
 8387.0931 9.72746e-17
 8390.0367 8.11820e-17
 8392.9803 1.18767e-16
 8395.9239 1.08061e-16
 8398.8675 8.46154e-17
 8401.8111 9.02197e-17
 8404.7546 1.02686e-16
 8407.6982 8.09074e-17
 8410.6418 9.09686e-17
 8413.5854 1.00028e-16
 8416.5290 7.89256e-17
 8419.4726 8.79693e-17
 8422.4162 1.05995e-16
 8425.3598 1.14233e-16
 8428.3034 1.20424e-16
 8431.2469 1.14269e-16
 8434.1905 1.12747e-16
 8437.1341 8.72536e-17
 8440.0777 1.00315e-16
 8443.0213 1.13840e-16
 8445.9649 1.12056e-16
 8448.9085 1.00882e-16
 8451.8521 9.55689e-17
 8454.7956 9.02519e-17
 8457.7392 8.26080e-17
 8460.6828 8.58944e-17
 8463.6264 8.74730e-17
 8466.5700 9.81475e-17
 8469.5136 9.42046e-17
 8472.4572 7.97510e-17
 8475.4008 1.32113e-16
 8478.3443 1.29847e-16
 8481.2879 1.11521e-16
 8484.2315 1.35569e-16
 8487.1751 1.38478e-16
 8490.1187 1.23207e-16
 8493.0623 9.33746e-17
 8496.0059 1.04455e-16
 8498.9495 9.10649e-17
 8501.8930 9.04991e-17
 8504.8366 7.83686e-17
 8507.7802 1.09967e-16
 8510.7238 1.14421e-16
 8513.6674 1.03324e-16
 8516.6110 8.68442e-17
 8519.5546 1.04991e-16
 8522.4982 1.16223e-16
 8525.4418 9.15656e-17
 8528.3853 8.89113e-17
 8531.3289 9.92898e-17
 8534.2725 8.09275e-17
 8537.2161 1.05736e-16
 8540.1597 1.09462e-16
 8543.1033 9.53171e-17
 8546.0469 8.99890e-17
 8548.9905 1.19972e-16
 8551.9341 8.80061e-17
 8554.8776 1.75929e-17
 8557.8212 1.81516e-17
 8560.7648 4.44135e-17
 8563.7084 5.61963e-17
 8566.6520 9.72551e-17
 8569.5956 1.24806e-16
 8572.5392 1.19677e-16
 8575.4828 1.15657e-16
 8578.4263 9.25446e-17
 8581.3699 1.08006e-16
 8584.3135 1.09522e-16
 8587.2571 9.91791e-17
 8590.2007 8.57441e-17
 8593.1443 1.13821e-16
 8596.0879 1.16345e-16
 8599.0315 1.05077e-16
 8601.9750 1.12993e-16
 8604.9186 1.09188e-16
 8607.8622 1.34149e-16
 8610.8058 1.20742e-16
 8613.7494 1.15912e-16
 8616.6930 8.54272e-17
 8619.6366 8.64758e-17
 8622.5802 9.18662e-17
 8625.5237 9.16870e-17
 8628.4673 7.06312e-17
 8631.4109 7.40711e-17
 8634.3545 1.21513e-16
 8637.2981 1.20443e-16
 8640.2417 1.11978e-16
 8643.1853 6.24564e-17
 8646.1289 6.40032e-17
 8649.0725 9.65920e-17
 8652.0160 8.91446e-17
 8654.9596 7.30411e-17
 8657.9032 1.07688e-16
 8660.8468 1.02227e-16
 8663.7904 7.76601e-17
 8666.7340 1.18268e-16
 8669.6776 9.42660e-17
 8672.6212 9.41861e-17
 8675.5647 9.32943e-17
 8678.5083 1.03001e-16
 8681.4519 7.98867e-17
 8684.3955 8.37026e-17
 8687.3391 5.61250e-17
 8690.2827 7.75348e-17
 8693.2263 6.24692e-17
 8696.1699 5.84549e-17
 8699.1134 7.55118e-17
 8702.0570 7.05551e-17
 8705.0006 8.08303e-17
 8707.9442 5.14316e-17
 8710.8878 3.58065e-17
 8713.8314 2.60036e-17
 8716.7750 6.00364e-17
 8719.7186 1.01847e-16
 8722.6621 1.08835e-16
 8725.6057 1.05520e-16
 8728.5493 1.24388e-16
 8731.4929 1.18173e-16
 8734.4365 1.01323e-16
 8737.3801 8.75048e-17
 8740.3237 8.22876e-17
 8743.2673 1.21737e-16
 8746.2108 1.11942e-16
 8749.1544 8.52229e-17
 8752.0980 8.98167e-17
 8755.0416 8.17258e-17
 8757.9852 9.38190e-17
 8760.9288 1.05998e-16
 8763.8724 7.92749e-17
 8766.8160 7.55515e-17
 8769.7596 7.48358e-17
 8772.7031 7.71737e-17
 8775.6467 6.43377e-17
 8778.5903 6.69364e-17
 8781.5339 5.60128e-17
 8784.4775 5.92558e-17
 8787.4211 5.91840e-17
 8790.3647 7.84505e-17
 8793.3083 8.23221e-17
 8796.2519 8.83412e-17
 8799.1954 7.61803e-17
 8802.1390 5.62349e-17
 8805.0826 9.82232e-17
 8808.0262 7.60432e-17
 8810.9698 6.58870e-17
 8813.9134 8.75568e-17
 8816.8570 8.85063e-17
 8819.8006 1.03728e-16
 8822.7441 1.20363e-16
 8825.6877 9.99480e-17
 8828.6313 7.72810e-17
 8831.5749 8.08556e-17
 8834.5185 7.99295e-17
 8837.4621 9.70985e-17
 8840.4057 6.97994e-17
 8843.3493 8.16838e-17
 8846.2928 7.65631e-17
 8849.2364 7.34947e-17
 8852.1800 6.49213e-17
 8855.1236 6.66840e-17
 8858.0672 4.77579e-17
 8861.0108 5.09107e-17
 8863.9544 7.08203e-17
 8866.8980 7.61966e-17
 8869.8416 7.70152e-17
 8872.7851 5.58685e-17
 8875.7287 8.29499e-17
 8878.6723 9.49208e-17
 8881.6159 6.01347e-17
 8884.5595 5.17306e-17
 8887.5031 5.81134e-17
 8890.4467 6.26464e-17
 8893.3903 9.04655e-17
 8896.3338 6.61848e-17
 8899.2774 9.25734e-17
 8902.2210 8.68759e-17
 8905.1646 7.70640e-17
 8908.1082 6.46977e-17
 8911.0518 6.06365e-17
 8913.9954 1.10984e-16
 8916.9390 9.98222e-17
 8919.8825 8.36680e-17
 8922.8261 6.50326e-17
 8925.7697 7.60681e-17
 8928.7133 8.56824e-17
 8931.6569 7.16000e-17
 8934.6005 8.76510e-17
 8937.5441 7.50127e-17
 8940.4877 6.63008e-17
 8943.4312 6.82584e-17
 8946.3748 7.18963e-17
 8949.3184 6.12073e-17
 8952.2620 6.92590e-17
 8955.2056 6.83020e-17
 8958.1492 8.35824e-17
 8961.0928 8.16005e-17
 8964.0364 7.75772e-17
 8966.9799 4.49738e-17
 8969.9235 6.85938e-17
 8972.8671 8.01657e-17
 8975.8107 4.97592e-17
 8978.7543 5.90595e-17
 8981.6979 7.14569e-17
 8984.6415 6.02280e-17
 8987.5851 6.90296e-17
 8990.5287 5.01598e-17
 8993.4722 6.36902e-17
 8996.4158 5.81174e-17
 8999.3594 4.04475e-17
 9002.3030 4.24932e-17
 9005.2466 7.60012e-17
 9008.1902 6.14081e-17
 9011.1338 4.26813e-17
 9014.0774 3.73308e-17
 9017.0209 8.51589e-17
 9019.9645 2.71568e-17
 9022.9081 3.12950e-17
 9025.8517 3.54345e-17
 9028.7953 3.95741e-17
 9031.7389 4.37123e-17
 9034.6825 4.78518e-17
 9037.6261 5.19913e-17
 9040.5697 5.61295e-17
 9043.5132 6.02691e-17
 9046.4568 6.44086e-17
 9049.4004 6.85468e-17
 9052.3440 1.62614e-17
 9055.2876 3.64434e-17
 9058.2312 4.45186e-17
 9061.1748 3.92153e-17
 9064.1184 1.76116e-17
 9067.0619 -1.55125e-17
 9070.0055 -3.34716e-18
 9072.9491 5.44602e-17
 9075.8927 6.50016e-17
 9078.8363 3.16720e-17
 9081.7799 6.23212e-17
 9084.7235 8.04446e-17
 9087.6671 3.31067e-17
 9090.6106 -3.49154e-17
 9093.5542 -3.23481e-17
 9096.4978 1.96634e-17
 9099.4414 1.01951e-16
 9102.3850 8.44561e-17
 9105.3286 5.84167e-17
 9108.2722 2.61227e-17
 9111.2158 5.38278e-17
 9114.1594 5.17556e-17
 9117.1029 4.26060e-17
 9120.0465 2.46462e-17
 9122.9901 4.91488e-17
 9125.9337 7.10456e-17
 9128.8773 2.74664e-17
 9131.8209 2.98283e-17
 9134.7645 4.67264e-17
 9137.7081 6.44991e-17
 9140.6516 7.60160e-17
 9143.5952 8.48706e-17
 9146.5388 2.55247e-17
 9149.4824 -1.02006e-17
 9152.4260 2.68042e-17
 9155.3696 2.23340e-17
 9158.3132 1.78623e-17
 9161.2568 1.33906e-17
 9164.2003 2.35288e-17
 9167.1439 8.32929e-17
 9170.0875 1.65901e-17
 9173.0311 -2.96179e-17
 9175.9747 2.22741e-17
 9178.9183 3.67821e-17
 9181.8619 2.49489e-17
 9184.8055 2.59100e-17
 9187.7490 2.02631e-17
 9190.6926 6.05703e-17
 9193.6362 4.73468e-17
 9196.5798 4.66158e-19
 9199.5234 3.86137e-17
 9202.4670 2.06770e-17
 9205.4106 2.59444e-17
 9208.3542 6.06485e-17
 9211.2978 8.42755e-17
 9214.2413 4.77885e-17
 9217.1849 3.48617e-18
 9220.1285 -1.84166e-18
 9223.0721 5.24084e-17
 9226.0157 6.01671e-17
 9228.9593 -2.27016e-18
 9231.9029 7.43373e-17
 9234.8465 7.17866e-17
 9237.7900 9.93356e-17
 9240.7336 5.73871e-17
 9243.6772 8.75709e-17
 9246.6208 6.69089e-17
 9249.5644 3.90609e-17
 9252.5080 5.28351e-17
 9255.4516 4.94162e-17
 9258.3952 1.97147e-18
 9261.3387 -4.08537e-18
 9264.2823 3.76937e-17
 9267.2259 1.56849e-17
 9270.1695 1.35785e-17
 9273.1131 3.18971e-17
 9276.0567 2.55128e-17
 9279.0003 2.93872e-17
 9281.9439 2.60356e-17
 9284.8875 3.43656e-17
 9287.8310 3.36979e-17
 9290.7746 2.49474e-17
 9293.7182 2.43984e-17
 9296.6618 2.84389e-17
 9299.6054 4.15477e-17
 9302.5490 4.37326e-17
 9305.4926 2.90775e-17
 9308.4362 6.29237e-17
 9311.3797 8.23826e-17
 9314.3233 8.69577e-17
 9317.2669 4.69432e-17
 9320.2105 3.00336e-17
 9323.1541 5.64426e-17
 9326.0977 3.73455e-17
 9329.0413 5.98165e-17
 9331.9849 1.03804e-16
 9334.9285 1.59246e-17
 9337.8720 1.54655e-17
 9340.8156 3.35699e-17
 9343.7592 6.53765e-17
 9346.7028 2.97996e-17
 9349.6464 3.37438e-17
