#Object:               SN2007on
#FITS_file:            SN07on_b01_DUP_BC_05jan08.fits
#Redshift:             0.00649
#JDate_of_max:         2454419.71
#JDate_of_observation: 2454470.56
#Epoch:                50.52     
#
 4139.0191 9.93710e-16
 4142.0316 9.04458e-16
 4145.0440 9.40998e-16
 4148.0565 9.41703e-16
 4151.0689 9.22576e-16
 4154.0814 9.13916e-16
 4157.0938 9.28133e-16
 4160.1063 9.52927e-16
 4163.1187 8.97473e-16
 4166.1311 8.77517e-16
 4169.1436 8.82661e-16
 4172.1561 9.05633e-16
 4175.1685 9.33305e-16
 4178.1809 9.02599e-16
 4181.1934 8.67093e-16
 4184.2058 8.87789e-16
 4187.2183 9.26595e-16
 4190.2307 9.19145e-16
 4193.2432 9.62104e-16
 4196.2556 9.88363e-16
 4199.2681 9.53743e-16
 4202.2805 9.72134e-16
 4205.2930 9.74366e-16
 4208.3054 9.70944e-16
 4211.3179 9.99331e-16
 4214.3303 1.05454e-15
 4217.3428 1.03493e-15
 4220.3552 1.04762e-15
 4223.3676 1.13953e-15
 4226.3801 1.09370e-15
 4229.3925 1.09728e-15
 4232.4050 1.05326e-15
 4235.4174 1.09892e-15
 4238.4299 1.05849e-15
 4241.4423 1.10398e-15
 4244.4548 1.05835e-15
 4247.4672 1.06595e-15
 4250.4797 1.05422e-15
 4253.4921 1.08913e-15
 4256.5046 1.02067e-15
 4259.5170 1.01662e-15
 4262.5295 1.03321e-15
 4265.5419 1.08454e-15
 4268.5544 1.05036e-15
 4271.5668 1.07675e-15
 4274.5793 1.03258e-15
 4277.5917 1.08946e-15
 4280.6041 1.14633e-15
 4283.6166 1.12463e-15
 4286.6290 1.10548e-15
 4289.6415 1.06211e-15
 4292.6539 1.04778e-15
 4295.6664 1.12845e-15
 4298.6788 1.14001e-15
 4301.6913 1.12977e-15
 4304.7037 1.10868e-15
 4307.7162 1.07935e-15
 4310.7286 1.09891e-15
 4313.7411 1.14498e-15
 4316.7535 1.15451e-15
 4319.7660 1.15066e-15
 4322.7784 1.13933e-15
 4325.7908 1.18516e-15
 4328.8033 1.14990e-15
 4331.8157 1.16677e-15
 4334.8282 1.19158e-15
 4337.8406 1.13176e-15
 4340.8531 1.16113e-15
 4343.8655 1.19144e-15
 4346.8780 1.14791e-15
 4349.8904 1.16207e-15
 4352.9029 1.11533e-15
 4355.9153 1.08121e-15
 4358.9278 1.06427e-15
 4361.9402 1.00898e-15
 4364.9527 1.03790e-15
 4367.9651 1.02124e-15
 4370.9776 9.92810e-16
 4373.9900 9.99509e-16
 4377.0025 9.89622e-16
 4380.0149 9.58413e-16
 4383.0273 9.18199e-16
 4386.0398 8.41715e-16
 4389.0522 8.40679e-16
 4392.0647 8.60394e-16
 4395.0771 7.87279e-16
 4398.0896 7.83319e-16
 4401.1020 7.87895e-16
 4404.1145 7.36001e-16
 4407.1269 7.76379e-16
 4410.1394 7.91721e-16
 4413.1518 7.62530e-16
 4416.1643 7.16180e-16
 4419.1767 7.10787e-16
 4422.1892 6.48860e-16
 4425.2016 6.65717e-16
 4428.2141 7.15604e-16
 4431.2265 7.26948e-16
 4434.2389 6.62892e-16
 4437.2514 6.78696e-16
 4440.2638 6.78059e-16
 4443.2763 6.96283e-16
 4446.2887 6.86497e-16
 4449.3012 7.10253e-16
 4452.3136 6.96291e-16
 4455.3261 7.38675e-16
 4458.3385 7.29061e-16
 4461.3510 7.66124e-16
 4464.3634 7.27571e-16
 4467.3759 8.02126e-16
 4470.3883 7.72598e-16
 4473.4008 7.30772e-16
 4476.4132 7.78851e-16
 4479.4257 7.78453e-16
 4482.4381 8.17546e-16
 4485.4505 8.27931e-16
 4488.4630 8.81264e-16
 4491.4754 8.92948e-16
 4494.4879 9.07447e-16
 4497.5003 9.59619e-16
 4500.5128 9.27366e-16
 4503.5252 9.38066e-16
 4506.5377 9.94247e-16
 4509.5501 1.03909e-15
 4512.5626 1.04742e-15
 4515.5750 1.13285e-15
 4518.5875 1.09312e-15
 4521.5999 1.09481e-15
 4524.6124 1.14542e-15
 4527.6248 1.15409e-15
 4530.6373 1.24516e-15
 4533.6497 1.27490e-15
 4536.6621 1.30545e-15
 4539.6746 1.33180e-15
 4542.6870 1.38636e-15
 4545.6995 1.46461e-15
 4548.7119 1.53050e-15
 4551.7244 1.57194e-15
 4554.7368 1.55196e-15
 4557.7493 1.61622e-15
 4560.7617 1.69639e-15
 4563.7742 1.74751e-15
 4566.7866 1.86381e-15
 4569.7991 1.86731e-15
 4572.8115 1.93214e-15
 4575.8240 1.94699e-15
 4578.8364 2.00475e-15
 4581.8489 2.04519e-15
 4584.8613 2.08806e-15
 4587.8738 2.15568e-15
 4590.8862 2.11328e-15
 4593.8986 2.07013e-15
 4596.9111 2.20468e-15
 4599.9235 2.21423e-15
 4602.9360 2.22691e-15
 4605.9484 2.26846e-15
 4608.9609 2.24851e-15
 4611.9733 2.22498e-15
 4614.9858 2.24942e-15
 4617.9982 2.26100e-15
 4621.0107 2.22681e-15
 4624.0231 2.25574e-15
 4627.0356 2.23902e-15
 4630.0480 2.21161e-15
 4633.0605 2.20082e-15
 4636.0729 2.26526e-15
 4639.0853 2.26730e-15
 4642.0978 2.25744e-15
 4645.1102 2.24378e-15
 4648.1227 2.27717e-15
 4651.1351 2.22596e-15
 4654.1476 2.18053e-15
 4657.1600 2.06733e-15
 4660.1725 1.98303e-15
 4663.1849 2.06239e-15
 4666.1974 1.99820e-15
 4669.2098 1.86389e-15
 4672.2223 1.81644e-15
 4675.2347 1.77920e-15
 4678.2472 1.65866e-15
 4681.2596 1.58808e-15
 4684.2721 1.47603e-15
 4687.2845 1.39036e-15
 4690.2970 1.39712e-15
 4693.3094 1.40132e-15
 4696.3218 1.28924e-15
 4699.3343 1.25166e-15
 4702.3467 1.17258e-15
 4705.3592 1.14388e-15
 4708.3716 1.11758e-15
 4711.3841 1.08229e-15
 4714.3965 1.06053e-15
 4717.4090 1.00934e-15
 4720.4214 1.01415e-15
 4723.4339 1.01742e-15
 4726.4463 9.93666e-16
 4729.4588 9.62552e-16
 4732.4712 9.63810e-16
 4735.4837 9.70511e-16
 4738.4961 9.32633e-16
 4741.5085 9.18419e-16
 4744.5210 9.36134e-16
 4747.5335 9.36527e-16
 4750.5459 9.41429e-16
 4753.5583 9.78567e-16
 4756.5708 9.72892e-16
 4759.5832 9.30757e-16
 4762.5957 9.32071e-16
 4765.6081 9.50709e-16
 4768.6206 9.85838e-16
 4771.6330 9.90010e-16
 4774.6455 9.50677e-16
 4777.6579 9.86696e-16
 4780.6704 9.88720e-16
 4783.6828 1.00177e-15
 4786.6953 1.05410e-15
 4789.7077 1.07855e-15
 4792.7202 1.09530e-15
 4795.7326 1.10700e-15
 4798.7450 1.17119e-15
 4801.7575 1.22871e-15
 4804.7699 1.20521e-15
 4807.7824 1.25265e-15
 4810.7948 1.31558e-15
 4813.8073 1.37659e-15
 4816.8197 1.36520e-15
 4819.8322 1.43772e-15
 4822.8446 1.49882e-15
 4825.8571 1.52621e-15
 4828.8695 1.52177e-15
 4831.8820 1.53398e-15
 4834.8944 1.50450e-15
 4837.9069 1.50681e-15
 4840.9193 1.48357e-15
 4843.9318 1.45913e-15
 4846.9442 1.40476e-15
 4849.9567 1.40115e-15
 4852.9691 1.43948e-15
 4855.9815 1.35777e-15
 4858.9940 1.33378e-15
 4862.0064 1.32124e-15
 4865.0189 1.27664e-15
 4868.0313 1.22402e-15
 4871.0438 1.26880e-15
 4874.0562 1.26453e-15
 4877.0687 1.25363e-15
 4880.0811 1.23848e-15
 4883.0936 1.22145e-15
 4886.1060 1.34335e-15
 4889.1185 1.35388e-15
 4892.1309 1.30584e-15
 4895.1434 1.29754e-15
 4898.1558 1.36271e-15
 4901.1682 1.43411e-15
 4904.1807 1.46512e-15
 4907.1931 1.48269e-15
 4910.2056 1.56384e-15
 4913.2180 1.56529e-15
 4916.2305 1.60225e-15
 4919.2429 1.59109e-15
 4922.2554 1.67811e-15
 4925.2678 1.71236e-15
 4928.2803 1.78442e-15
 4931.2927 1.77869e-15
 4934.3052 1.80636e-15
 4937.3176 1.93353e-15
 4940.3301 1.87927e-15
 4943.3425 1.91604e-15
 4946.3550 1.97977e-15
 4949.3674 2.00149e-15
 4952.3799 2.01350e-15
 4955.3923 2.01594e-15
 4958.4047 2.07929e-15
 4961.4172 2.07264e-15
 4964.4296 2.05409e-15
 4967.4421 2.02489e-15
 4970.4545 2.00916e-15
 4973.4670 1.97960e-15
 4976.4794 1.96604e-15
 4979.4919 1.90774e-15
 4982.5043 1.81046e-15
 4985.5168 1.75600e-15
 4988.5292 1.67683e-15
 4991.5417 1.66600e-15
 4994.5541 1.61673e-15
 4997.5666 1.55370e-15
 5000.5790 1.49649e-15
 5003.5915 1.38855e-15
 5006.6039 1.34301e-15
 5009.6163 1.30266e-15
 5012.6288 1.27175e-15
 5015.6412 1.22251e-15
 5018.6537 1.23129e-15
 5021.6661 1.19543e-15
 5024.6786 1.13806e-15
 5027.6910 1.11685e-15
 5030.7035 1.05769e-15
 5033.7159 1.09474e-15
 5036.7284 1.13367e-15
 5039.7408 1.11628e-15
 5042.7533 1.06019e-15
 5045.7657 1.03639e-15
 5048.7782 1.02677e-15
 5051.7906 1.07239e-15
 5054.8031 1.08484e-15
 5057.8155 1.01039e-15
 5060.8279 1.06259e-15
 5063.8404 1.06227e-15
 5066.8528 1.03832e-15
 5069.8653 1.02649e-15
 5072.8777 1.02955e-15
 5075.8902 1.04642e-15
 5078.9026 9.91606e-16
 5081.9151 1.02209e-15
 5084.9275 1.06170e-15
 5087.9400 1.04093e-15
 5090.9524 1.01526e-15
 5093.9649 1.11839e-15
 5096.9773 9.97193e-16
 5099.9898 1.05791e-15
 5103.0022 1.05460e-15
 5106.0147 1.03613e-15
 5109.0271 1.02239e-15
 5112.0395 1.07562e-15
 5115.0520 1.05138e-15
 5118.0644 1.07476e-15
 5121.0769 1.09404e-15
 5124.0893 1.07845e-15
 5127.1018 1.10890e-15
 5130.1142 1.06978e-15
 5133.1267 1.06333e-15
 5136.1391 1.05046e-15
 5139.1516 1.07723e-15
 5142.1640 1.05674e-15
 5145.1765 1.05503e-15
 5148.1889 1.04770e-15
 5151.2014 1.06087e-15
 5154.2138 1.04792e-15
 5157.2263 1.01955e-15
 5160.2387 1.06606e-15
 5163.2512 1.07611e-15
 5166.2636 1.06967e-15
 5169.2760 1.05406e-15
 5172.2885 1.12757e-15
 5175.3009 1.14886e-15
 5178.3134 1.13429e-15
 5181.3258 1.14765e-15
 5184.3383 1.15128e-15
 5187.3507 1.14574e-15
 5190.3632 1.16430e-15
 5193.3756 1.22362e-15
 5196.3881 1.16200e-15
 5199.4005 1.20516e-15
 5202.4130 1.26194e-15
 5205.4254 1.22469e-15
 5208.4379 1.25710e-15
 5211.4503 1.29904e-15
 5214.4627 1.29403e-15
 5217.4752 1.34751e-15
 5220.4876 1.38955e-15
 5223.5001 1.35744e-15
 5226.5125 1.43114e-15
 5229.5250 1.45436e-15
 5232.5374 1.45882e-15
 5235.5499 1.45609e-15
 5238.5623 1.47913e-15
 5241.5748 1.47385e-15
 5244.5872 1.49875e-15
 5247.5997 1.56878e-15
 5250.6121 1.60672e-15
 5253.6246 1.60078e-15
 5256.6370 1.55200e-15
 5259.6495 1.59123e-15
 5262.6619 1.62062e-15
 5265.6744 1.63279e-15
 5268.6868 1.62900e-15
 5271.6992 1.65983e-15
 5274.7117 1.69751e-15
 5277.7241 1.74192e-15
 5280.7366 1.73894e-15
 5283.7490 1.72688e-15
 5286.7615 1.70668e-15
 5289.7739 1.78339e-15
 5292.7864 1.73219e-15
 5295.7988 1.81425e-15
 5298.8113 1.85470e-15
 5301.8237 1.82617e-15
 5304.8362 1.84261e-15
 5307.8486 1.85753e-15
 5310.8611 1.85757e-15
 5313.8735 1.87307e-15
 5316.8859 1.84249e-15
 5319.8984 1.79942e-15
 5322.9109 1.86430e-15
 5325.9233 1.89062e-15
 5328.9357 1.92209e-15
 5331.9482 1.87076e-15
 5334.9606 1.88764e-15
 5337.9731 1.86396e-15
 5340.9855 1.78709e-15
 5343.9980 1.83769e-15
 5347.0104 1.79241e-15
 5350.0229 1.76519e-15
 5353.0353 1.70190e-15
 5356.0478 1.73944e-15
 5359.0602 1.79281e-15
 5362.0727 1.76781e-15
 5365.0851 1.72728e-15
 5368.0976 1.70549e-15
 5371.1100 1.74315e-15
 5374.1224 1.68307e-15
 5377.1349 1.69053e-15
 5380.1473 1.72167e-15
 5383.1598 1.67101e-15
 5386.1722 1.67231e-15
 5389.1847 1.70968e-15
 5392.1971 1.74393e-15
 5395.2096 1.76116e-15
 5398.2220 1.72562e-15
 5401.2345 1.75737e-15
 5404.2469 1.80243e-15
 5407.2594 1.82926e-15
 5410.2718 1.86720e-15
 5413.2843 1.85995e-15
 5416.2967 1.85062e-15
 5419.3092 1.88298e-15
 5422.3216 1.92014e-15
 5425.3341 1.97605e-15
 5428.3465 1.95040e-15
 5431.3589 2.04371e-15
 5434.3714 2.03496e-15
 5437.3838 2.00916e-15
 5440.3963 2.10841e-15
 5443.4087 2.14645e-15
 5446.4212 2.17169e-15
 5449.4336 2.16661e-15
 5452.4461 2.16961e-15
 5455.4585 2.15128e-15
 5458.4710 2.16669e-15
 5461.4834 2.23400e-15
 5464.4959 2.25991e-15
 5467.5083 2.34067e-15
 5470.5208 2.27720e-15
 5473.5332 2.38503e-15
 5476.5456 2.41561e-15
 5479.5581 2.43383e-15
 5482.5705 2.41435e-15
 5485.5830 2.42574e-15
 5488.5954 2.42571e-15
 5491.6079 2.45857e-15
 5494.6203 2.42266e-15
 5497.6328 2.44427e-15
 5500.6452 2.52222e-15
 5503.6577 2.52438e-15
 5506.6701 2.45025e-15
 5509.6826 2.44641e-15
 5512.6950 2.43634e-15
 5515.7075 2.44831e-15
 5518.7199 2.40942e-15
 5521.7324 2.39646e-15
 5524.7448 2.42964e-15
 5527.7573 2.33521e-15
 5530.7697 2.32918e-15
 5533.7821 2.38214e-15
 5536.7946 2.32755e-15
 5539.8070 2.24321e-15
 5542.8195 2.21084e-15
 5545.8319 2.32356e-15
 5548.8444 2.24552e-15
 5551.8568 2.24479e-15
 5554.8693 2.18023e-15
 5557.8817 2.09822e-15
 5560.8942 2.17046e-15
 5563.9066 2.11992e-15
 5566.9191 2.05290e-15
 5569.9315 2.07835e-15
 5572.9440 2.08995e-15
 5575.9564 1.97302e-15
 5578.9689 1.90287e-15
 5581.9813 1.84476e-15
 5584.9937 1.87912e-15
 5588.0062 1.87103e-15
 5591.0186 1.85531e-15
 5594.0311 1.84634e-15
 5597.0435 1.76760e-15
 5600.0560 1.72169e-15
 5603.0684 1.68915e-15
 5606.0809 1.66621e-15
 5609.0933 1.61670e-15
 5612.1058 1.52589e-15
 5615.1182 1.49854e-15
 5618.1307 1.52242e-15
 5621.1431 1.45900e-15
 5624.1556 1.44984e-15
 5627.1680 1.38867e-15
 5630.1805 1.34727e-15
 5633.1929 1.25786e-15
 5636.2053 1.23591e-15
 5639.2178 1.25798e-15
 5642.2302 1.19532e-15
 5645.2427 1.12765e-15
 5648.2551 1.11793e-15
 5651.2676 1.08151e-15
 5654.2800 1.03874e-15
 5657.2925 9.58441e-16
 5660.3049 9.43597e-16
 5663.3174 9.55873e-16
 5666.3298 8.60793e-16
 5669.3423 8.51637e-16
 5672.3547 8.19993e-16
 5675.3672 8.07844e-16
 5678.3796 7.82804e-16
 5681.3921 7.68087e-16
 5684.4045 7.40499e-16
 5687.4169 7.66438e-16
 5690.4294 7.88675e-16
 5693.4418 7.58071e-16
 5696.4543 7.50309e-16
 5699.4667 7.87316e-16
 5702.4792 7.47744e-16
 5705.4916 7.36720e-16
 5708.5041 7.85377e-16
 5711.5165 7.71167e-16
 5714.5290 7.72711e-16
 5717.5414 7.77144e-16
 5720.5539 7.74502e-16
 5723.5663 8.02435e-16
 5726.5788 7.82858e-16
 5729.5912 8.15101e-16
 5732.6037 8.21707e-16
 5735.6161 8.69638e-16
 5738.6286 8.54190e-16
 5741.6410 8.67129e-16
 5744.6534 8.82269e-16
 5747.6659 8.87257e-16
 5750.6783 9.41674e-16
 5753.6908 9.46261e-16
 5756.7032 1.02319e-15
 5759.7157 1.06233e-15
 5762.7281 1.12728e-15
 5765.7406 1.13333e-15
 5768.7530 1.16045e-15
 5771.7655 1.20898e-15
 5774.7779 1.23847e-15
 5777.7904 1.31234e-15
 5780.8028 1.33074e-15
 5783.8153 1.39707e-15
 5786.8277 1.43256e-15
 5789.8401 1.50086e-15
 5792.8526 1.49774e-15
 5795.8650 1.54594e-15
 5798.8775 1.62461e-15
 5801.8899 1.62860e-15
 5804.9024 1.61090e-15
 5807.9148 1.67553e-15
 5810.9273 1.69939e-15
 5813.9397 1.70184e-15
 5816.9522 1.74798e-15
 5819.9646 1.74102e-15
 5822.9771 1.69888e-15
 5825.9895 1.72262e-15
 5829.0020 1.76656e-15
 5832.0144 1.78017e-15
 5835.0269 1.75616e-15
 5838.0393 1.73264e-15
 5841.0518 1.75480e-15
 5844.0642 1.70278e-15
 5847.0766 1.68205e-15
 5850.0891 1.66584e-15
 5853.1015 1.70065e-15
 5856.1140 1.68972e-15
 5859.1264 1.66209e-15
 5862.1389 1.66225e-15
 5865.1513 1.62839e-15
 5868.1638 1.66054e-15
 5871.1762 1.64558e-15
 5874.1887 1.64730e-15
 5877.2011 1.66118e-15
 5880.2136 1.61569e-15
 5883.2260 1.59244e-15
 5886.2385 1.58502e-15
 5889.2509 1.61504e-15
 5892.2633 1.53417e-15
 5895.2758 1.52691e-15
 5898.2883 1.55429e-15
 5901.3007 1.52719e-15
 5904.3131 1.53429e-15
 5907.3256 1.53292e-15
 5910.3380 1.49441e-15
 5913.3505 1.48017e-15
 5916.3629 1.43602e-15
 5919.3754 1.47059e-15
 5922.3878 1.44725e-15
 5925.4003 1.37556e-15
 5928.4127 1.45829e-15
 5931.4252 1.41356e-15
 5934.4376 1.39205e-15
 5937.4501 1.36540e-15
 5940.4625 1.34644e-15
 5943.4750 1.33334e-15
 5946.4874 1.33964e-15
 5949.4998 1.30204e-15
 5952.5123 1.25963e-15
 5955.5247 1.24791e-15
 5958.5372 1.24002e-15
 5961.5496 1.23799e-15
 5964.5621 1.17729e-15
 5967.5745 1.18555e-15
 5970.5870 1.12717e-15
 5973.5994 1.14622e-15
 5976.6119 1.12264e-15
 5979.6243 1.12393e-15
 5982.6368 1.08953e-15
 5985.6492 1.02422e-15
 5988.6617 1.06085e-15
 5991.6741 1.06544e-15
 5994.6866 1.01990e-15
 5997.6990 9.93653e-16
 6000.7115 1.00636e-15
 6003.7239 9.96973e-16
 6006.7363 9.84116e-16
 6009.7488 1.01232e-15
 6012.7612 1.01846e-15
 6015.7737 9.92981e-16
 6018.7861 1.00366e-15
 6021.7986 1.03453e-15
 6024.8110 1.03359e-15
 6027.8235 9.98688e-16
 6030.8359 1.02460e-15
 6033.8484 1.04233e-15
 6036.8608 1.03431e-15
 6039.8733 1.05071e-15
 6042.8857 1.02217e-15
 6045.8982 1.05237e-15
 6048.9106 1.03627e-15
 6051.9230 1.07919e-15
 6054.9355 1.07929e-15
 6057.9479 1.04401e-15
 6060.9604 1.08209e-15
 6063.9728 1.07050e-15
 6066.9853 1.07806e-15
 6069.9977 1.08394e-15
 6073.0102 1.08034e-15
 6076.0226 1.06737e-15
 6079.0351 1.08452e-15
 6082.0475 1.11090e-15
 6085.0600 1.13197e-15
 6088.0724 1.12910e-15
 6091.0849 1.08797e-15
 6094.0973 1.12579e-15
 6097.1098 1.11219e-15
 6100.1222 1.08187e-15
 6103.1347 1.11693e-15
 6106.1471 1.12977e-15
 6109.1595 1.13025e-15
 6112.1720 1.14933e-15
 6115.1844 1.11996e-15
 6118.1969 1.13912e-15
 6121.2093 1.13172e-15
 6124.2218 1.13803e-15
 6127.2342 1.14715e-15
 6130.2467 1.14310e-15
 6133.2591 1.13908e-15
 6136.2716 1.17103e-15
 6139.2840 1.12413e-15
 6142.2965 1.14193e-15
 6145.3089 1.15510e-15
 6148.3214 1.12928e-15
 6151.3338 1.15697e-15
 6154.3463 1.14949e-15
 6157.3587 1.12899e-15
 6160.3711 1.14488e-15
 6163.3836 1.10465e-15
 6166.3960 1.09117e-15
 6169.4085 1.08050e-15
 6172.4209 1.09072e-15
 6175.4334 1.08333e-15
 6178.4458 1.06123e-15
 6181.4583 1.05471e-15
 6184.4707 1.08190e-15
 6187.4832 1.07889e-15
 6190.4956 1.06592e-15
 6193.5081 1.06751e-15
 6196.5205 1.05094e-15
 6199.5330 1.02077e-15
 6202.5454 1.04020e-15
 6205.5579 1.03859e-15
 6208.5703 1.04223e-15
 6211.5827 1.15635e-15
 6214.5952 1.11748e-15
 6217.6076 1.09335e-15
 6220.6201 1.09019e-15
 6223.6325 1.11412e-15
 6226.6450 1.11634e-15
 6229.6574 1.14065e-15
 6232.6699 1.15688e-15
 6235.6823 1.15636e-15
 6238.6948 1.15212e-15
 6241.7072 1.15286e-15
 6244.7197 1.16804e-15
 6247.7321 1.17248e-15
 6250.7446 1.14874e-15
 6253.7570 1.14756e-15
 6256.7695 1.13369e-15
 6259.7819 1.10261e-15
 6262.7943 1.10972e-15
 6265.8068 1.08837e-15
 6268.8192 1.06142e-15
 6271.8317 1.07553e-15
 6274.8441 1.04756e-15
 6277.8566 1.05598e-15
 6280.8690 1.01444e-15
 6283.8815 9.82389e-16
 6286.8939 9.95214e-16
 6289.9064 1.01416e-15
 6292.9188 1.03038e-15
 6295.9313 1.02289e-15
 6298.9437 1.04742e-15
 6301.9562 1.03558e-15
 6304.9686 1.06854e-15
 6307.9811 1.03441e-15
 6310.9935 1.00470e-15
 6314.0060 1.02884e-15
 6317.0184 1.02017e-15
 6320.0308 1.04439e-15
 6323.0433 1.06885e-15
 6326.0557 1.07217e-15
 6329.0682 1.05107e-15
 6332.0806 1.08730e-15
 6335.0931 1.05612e-15
 6338.1055 1.03758e-15
 6341.1180 1.11830e-15
 6344.1304 1.15602e-15
 6347.1429 1.15501e-15
 6350.1553 1.14559e-15
 6353.1678 1.16117e-15
 6356.1802 1.22768e-15
 6359.1927 1.21498e-15
 6362.2051 1.24839e-15
 6365.2175 1.24940e-15
 6368.2300 1.26976e-15
 6371.2424 1.24386e-15
 6374.2549 1.27196e-15
 6377.2673 1.34669e-15
 6380.2798 1.35014e-15
 6383.2922 1.30825e-15
 6386.3047 1.34376e-15
 6389.3171 1.35759e-15
 6392.3296 1.36666e-15
 6395.3420 1.41925e-15
 6398.3545 1.39637e-15
 6401.3669 1.43019e-15
 6404.3794 1.46978e-15
 6407.3918 1.47895e-15
 6410.4043 1.46225e-15
 6413.4167 1.50280e-15
 6416.4292 1.55350e-15
 6419.4416 1.57256e-15
 6422.4540 1.57507e-15
 6425.4665 1.59236e-15
 6428.4789 1.57248e-15
 6431.4914 1.62194e-15
 6434.5038 1.64264e-15
 6437.5163 1.62634e-15
 6440.5287 1.66038e-15
 6443.5412 1.68672e-15
 6446.5536 1.72582e-15
 6449.5661 1.79107e-15
 6452.5785 1.77758e-15
 6455.5910 1.73618e-15
 6458.6034 1.74887e-15
 6461.6159 1.75927e-15
 6464.6283 1.80095e-15
 6467.6407 1.82631e-15
 6470.6532 1.87226e-15
 6473.6656 1.88900e-15
 6476.6781 1.92516e-15
 6479.6905 1.82110e-15
 6482.7030 1.82452e-15
 6485.7154 1.86290e-15
 6488.7279 1.86941e-15
 6491.7403 1.83431e-15
 6494.7528 1.84550e-15
 6497.7652 1.81524e-15
 6500.7777 1.83470e-15
 6503.7901 1.76502e-15
 6506.8026 1.75488e-15
 6509.8150 1.78027e-15
 6512.8275 1.76909e-15
 6515.8399 1.75128e-15
 6518.8524 1.73545e-15
 6521.8648 1.71526e-15
 6524.8772 1.64287e-15
 6527.8897 1.63841e-15
 6530.9021 1.64506e-15
 6533.9146 1.59648e-15
 6536.9270 1.63484e-15
 6539.9395 1.58881e-15
 6542.9519 1.50801e-15
 6545.9644 1.47210e-15
 6548.9768 1.44099e-15
 6551.9893 1.38060e-15
 6555.0017 1.41911e-15
 6558.0142 1.38238e-15
 6561.0266 1.38845e-15
 6564.0391 1.31819e-15
 6567.0515 1.29751e-15
 6570.0640 1.30686e-15
 6573.0764 1.24107e-15
 6576.0889 1.22038e-15
 6579.1013 1.20958e-15
 6582.1137 1.21419e-15
 6585.1262 1.14720e-15
 6588.1386 1.11984e-15
 6591.1511 1.08064e-15
 6594.1635 1.02011e-15
 6597.1760 9.89277e-16
 6600.1884 9.70394e-16
 6603.2009 9.66938e-16
 6606.2133 9.15860e-16
 6609.2258 9.22968e-16
 6612.2382 9.17283e-16
 6615.2507 9.27184e-16
 6618.2631 9.25605e-16
 6621.2756 8.94999e-16
 6624.2880 8.54616e-16
 6627.3004 8.22137e-16
 6630.3129 7.76287e-16
 6633.3253 7.90794e-16
 6636.3378 7.87960e-16
 6639.3502 7.98929e-16
 6642.3627 7.39044e-16
 6645.3751 7.43766e-16
 6648.3876 7.17823e-16
 6651.4000 6.70833e-16
 6654.4125 6.55380e-16
 6657.4249 6.32413e-16
 6660.4374 6.00485e-16
 6663.4498 5.83421e-16
 6666.4623 5.89589e-16
 6669.4747 5.56433e-16
 6672.4872 5.30973e-16
 6675.4996 5.63155e-16
 6678.5121 5.22480e-16
 6681.5245 4.87099e-16
 6684.5369 5.09588e-16
 6687.5494 4.82559e-16
 6690.5618 4.43511e-16
 6693.5743 4.46081e-16
 6696.5867 4.34673e-16
 6699.5992 4.25097e-16
 6702.6116 4.17350e-16
 6705.6241 4.13961e-16
 6708.6365 3.97610e-16
 6711.6490 4.02965e-16
 6714.6614 4.02445e-16
 6717.6739 4.01181e-16
 6720.6863 3.84358e-16
 6723.6988 3.66964e-16
 6726.7112 3.66350e-16
 6729.7237 3.63623e-16
 6732.7361 3.79799e-16
 6735.7486 3.77729e-16
 6738.7610 3.45049e-16
 6741.7734 3.53505e-16
 6744.7859 3.49787e-16
 6747.7983 3.53113e-16
 6750.8108 3.39975e-16
 6753.8232 3.36677e-16
 6756.8357 3.44541e-16
 6759.8481 3.39904e-16
 6762.8606 3.63063e-16
 6765.8730 3.79040e-16
 6768.8855 3.56942e-16
 6771.8979 3.69261e-16
 6774.9104 3.56230e-16
 6777.9228 3.62711e-16
 6780.9353 3.47956e-16
 6783.9477 3.44282e-16
 6786.9601 3.08825e-16
 6789.9726 3.17597e-16
 6792.9850 3.38720e-16
 6795.9975 3.21718e-16
 6799.0099 3.50435e-16
 6802.0224 3.35707e-16
 6805.0348 3.39178e-16
 6808.0473 3.70701e-16
 6811.0597 3.53543e-16
 6814.0722 3.50649e-16
 6817.0846 3.49333e-16
 6820.0971 3.62488e-16
 6823.1095 3.53559e-16
 6826.1220 3.90216e-16
 6829.1344 3.59879e-16
 6832.1469 3.53110e-16
 6835.1593 3.84672e-16
 6838.1718 3.69987e-16
 6841.1842 3.90650e-16
 6844.1966 3.86564e-16
 6847.2091 3.88307e-16
 6850.2215 3.84930e-16
 6853.2340 4.19879e-16
 6856.2464 4.01315e-16
 6859.2589 3.95627e-16
 6862.2713 3.97864e-16
 6865.2838 3.92040e-16
 6868.2962 3.95486e-16
 6871.3087 3.97179e-16
 6874.3211 4.17775e-16
 6877.3336 4.44581e-16
 6880.3460 4.34923e-16
 6883.3585 4.32503e-16
 6886.3709 4.59209e-16
 6889.3834 4.34936e-16
 6892.3958 4.48940e-16
 6895.4082 4.46138e-16
 6898.4207 4.42460e-16
 6901.4331 4.51073e-16
 6904.4456 4.50248e-16
 6907.4580 4.73499e-16
 6910.4705 4.70061e-16
 6913.4829 4.28547e-16
 6916.4954 4.81905e-16
 6919.5078 4.91380e-16
 6922.5203 5.00615e-16
 6925.5327 5.30283e-16
 6928.5452 5.35783e-16
 6931.5576 5.00225e-16
 6934.5701 4.96942e-16
 6937.5825 5.11046e-16
 6940.5950 5.32666e-16
 6943.6074 5.42007e-16
 6946.6198 5.55174e-16
 6949.6323 5.80412e-16
 6952.6447 5.82416e-16
 6955.6572 5.65867e-16
 6958.6696 5.86024e-16
 6961.6821 6.31024e-16
 6964.6945 6.27095e-16
 6967.7070 6.57567e-16
 6970.7194 6.27509e-16
 6973.7319 6.14234e-16
 6976.7443 6.09765e-16
 6979.7568 5.73869e-16
 6982.7692 5.99367e-16
 6985.7817 6.09181e-16
 6988.7941 5.95702e-16
 6991.8066 5.91555e-16
 6994.8190 5.75592e-16
 6997.8314 6.13175e-16
 7000.8439 5.84491e-16
 7003.8563 5.94572e-16
 7006.8688 6.17606e-16
 7009.8812 6.20839e-16
 7012.8937 6.36077e-16
 7015.9061 6.57404e-16
 7018.9186 6.85532e-16
 7021.9310 7.02575e-16
 7024.9435 6.72900e-16
 7027.9559 6.74217e-16
 7030.9684 7.01564e-16
 7033.9808 7.04031e-16
 7036.9933 7.08688e-16
 7040.0057 6.87770e-16
 7043.0182 6.62929e-16
 7046.0306 6.57010e-16
 7049.0430 6.58509e-16
 7052.0555 7.06637e-16
 7055.0679 7.32756e-16
 7058.0804 7.27174e-16
 7061.0928 7.46961e-16
 7064.1053 7.49720e-16
 7067.1177 7.51039e-16
 7070.1302 7.77958e-16
 7073.1426 7.88301e-16
 7076.1551 7.74482e-16
 7079.1675 8.11441e-16
 7082.1800 8.60057e-16
 7085.1924 8.22218e-16
 7088.2049 7.90081e-16
 7091.2173 8.27466e-16
 7094.2298 8.13149e-16
 7097.2422 8.00905e-16
 7100.2546 7.83306e-16
 7103.2671 8.31563e-16
 7106.2795 8.67407e-16
 7109.2920 9.13692e-16
 7112.3044 9.33865e-16
 7115.3169 9.16316e-16
 7118.3293 9.09782e-16
 7121.3418 9.38757e-16
 7124.3542 9.20848e-16
 7127.3667 8.73773e-16
 7130.3791 8.74197e-16
 7133.3916 8.78056e-16
 7136.4040 9.09582e-16
 7139.4165 9.49673e-16
 7142.4289 9.35333e-16
 7145.4414 9.65273e-16
 7148.4538 9.87416e-16
 7151.4663 1.03920e-15
 7154.4787 1.02700e-15
 7157.4911 1.01270e-15
 7160.5036 9.72943e-16
 7163.5160 9.85580e-16
 7166.5285 9.66943e-16
 7169.5409 9.71187e-16
 7172.5534 9.53370e-16
 7175.5658 9.48633e-16
 7178.5783 9.94533e-16
 7181.5907 1.00746e-15
 7184.6032 1.04701e-15
 7187.6156 1.05945e-15
 7190.6281 1.02798e-15
 7193.6405 1.07303e-15
 7196.6530 1.08049e-15
 7199.6654 1.05265e-15
 7202.6778 1.02917e-15
 7205.6903 1.03555e-15
 7208.7027 9.63731e-16
 7211.7152 1.00313e-15
 7214.7276 9.96290e-16
 7217.7401 9.44200e-16
 7220.7525 9.75831e-16
 7223.7650 1.00069e-15
 7226.7774 1.01648e-15
 7229.7899 1.02909e-15
 7232.8023 1.05862e-15
 7235.8148 1.03458e-15
 7238.8272 1.09267e-15
 7241.8397 1.13206e-15
 7244.8521 1.02103e-15
 7247.8646 9.93766e-16
 7250.8770 9.98692e-16
 7253.8895 1.02482e-15
 7256.9019 1.02681e-15
 7259.9143 1.00711e-15
 7262.9268 9.50679e-16
 7265.9392 9.51348e-16
 7268.9517 9.26209e-16
 7271.9641 9.64365e-16
 7274.9766 9.98221e-16
 7277.9890 1.01475e-15
 7281.0015 1.00569e-15
 7284.0139 1.08771e-15
 7287.0264 1.07997e-15
 7290.0388 1.03008e-15
 7293.0513 1.07419e-15
 7296.0637 1.10384e-15
 7299.0762 1.08924e-15
 7302.0886 1.10481e-15
 7305.1011 1.06921e-15
 7308.1135 1.01154e-15
 7311.1260 9.64533e-16
 7314.1384 1.01644e-15
 7317.1508 1.06863e-15
 7320.1633 9.95564e-16
 7323.1757 1.00409e-15
 7326.1882 1.01462e-15
 7329.2006 9.70276e-16
 7332.2131 9.43829e-16
 7335.2255 1.00287e-15
 7338.2380 9.63110e-16
 7341.2504 1.03351e-15
 7344.2629 1.01702e-15
 7347.2753 9.94605e-16
 7350.2878 1.01241e-15
 7353.3002 1.00633e-15
 7356.3127 1.01109e-15
 7359.3251 1.01066e-15
 7362.3375 1.06661e-15
 7365.3500 1.05297e-15
 7368.3624 9.87951e-16
 7371.3749 1.01870e-15
 7374.3873 1.06614e-15
 7377.3998 1.03132e-15
 7380.4122 1.02980e-15
 7383.4247 1.03637e-15
 7386.4371 1.04865e-15
 7389.4496 1.04540e-15
 7392.4620 1.04090e-15
 7395.4745 1.01736e-15
 7398.4869 9.95833e-16
 7401.4994 9.81541e-16
 7404.5118 9.88595e-16
 7407.5243 9.64666e-16
 7410.5367 9.32425e-16
 7413.5492 9.48080e-16
 7416.5616 9.61130e-16
 7419.5740 9.28913e-16
 7422.5865 8.60014e-16
 7425.5989 8.72740e-16
 7428.6114 8.80743e-16
 7431.6238 8.86260e-16
 7434.6363 8.75409e-16
 7437.6487 9.36178e-16
 7440.6612 8.80867e-16
 7443.6736 8.85902e-16
 7446.6861 8.80575e-16
 7449.6985 9.43326e-16
 7452.7110 9.37302e-16
 7455.7234 9.53778e-16
 7458.7359 9.76593e-16
 7461.7483 9.70839e-16
 7464.7607 9.22167e-16
 7467.7732 9.54814e-16
 7470.7856 9.20913e-16
 7473.7981 9.12734e-16
 7476.8105 9.30033e-16
 7479.8230 8.72031e-16
 7482.8354 8.73240e-16
 7485.8479 8.73015e-16
 7488.8603 8.53467e-16
 7491.8728 7.93831e-16
 7494.8852 8.31831e-16
 7497.8977 7.51365e-16
 7500.9101 7.70425e-16
 7503.9226 7.83473e-16
 7506.9350 7.62642e-16
 7509.9475 7.46138e-16
 7512.9599 7.26712e-16
 7515.9724 7.46139e-16
 7518.9848 7.56747e-16
 7521.9972 7.35654e-16
 7525.0097 6.89518e-16
 7528.0221 7.14295e-16
 7531.0346 7.50198e-16
 7534.0470 7.18355e-16
 7537.0595 7.38215e-16
 7540.0719 7.03548e-16
 7543.0844 7.78493e-16
 7546.0968 8.31556e-16
 7549.1093 8.03761e-16
 7552.1217 7.79576e-16
 7555.1342 7.70425e-16
 7558.1466 7.26132e-16
 7561.1591 6.76780e-16
 7564.1715 6.40507e-16
 7567.1840 6.16218e-16
 7570.1964 7.14417e-16
 7573.2088 7.76327e-16
 7576.2213 7.69215e-16
 7579.2337 7.63019e-16
 7582.2462 7.69803e-16
 7585.2586 7.62946e-16
 7588.2711 7.65814e-16
 7591.2835 7.77972e-16
 7594.2960 7.91080e-16
 7597.3084 8.06977e-16
 7600.3209 8.41357e-16
 7603.3333 8.06813e-16
 7606.3458 8.46543e-16
 7609.3582 8.43122e-16
 7612.3707 8.44836e-16
 7615.3831 8.23413e-16
 7618.3956 8.36376e-16
 7621.4080 8.84419e-16
 7624.4204 8.67180e-16
 7627.4329 8.66264e-16
 7630.4453 8.47888e-16
 7633.4578 8.88351e-16
 7636.4702 9.10506e-16
 7639.4827 9.05584e-16
 7642.4951 8.72504e-16
 7645.5076 8.55569e-16
 7648.5200 9.03447e-16
 7651.5325 9.21630e-16
 7654.5449 8.81096e-16
 7657.5574 8.47438e-16
 7660.5698 9.07513e-16
 7663.5823 1.00961e-15
 7666.5947 9.22497e-16
 7669.6072 8.90396e-16
 7672.6196 9.63595e-16
 7675.6320 9.27429e-16
 7678.6445 8.75710e-16
 7681.6569 9.46992e-16
 7684.6694 9.22720e-16
 7687.6818 9.13352e-16
 7690.6943 9.20795e-16
 7693.7067 9.21526e-16
 7696.7192 9.65895e-16
 7699.7316 8.90070e-16
 7702.7441 9.04868e-16
 7705.7565 9.40006e-16
 7708.7690 9.23145e-16
 7711.7814 9.75360e-16
 7714.7939 9.64101e-16
 7717.8063 8.76848e-16
 7720.8188 8.67245e-16
 7723.8312 8.87415e-16
 7726.8437 8.90307e-16
 7729.8561 9.05567e-16
 7732.8685 8.47331e-16
 7735.8810 8.32325e-16
 7738.8934 9.07020e-16
 7741.9059 9.04316e-16
 7744.9183 9.06777e-16
 7747.9308 8.80715e-16
 7750.9432 8.32039e-16
 7753.9557 7.65117e-16
 7756.9681 8.11813e-16
 7759.9806 8.04285e-16
 7762.9930 8.10432e-16
 7766.0055 7.96823e-16
 7769.0179 7.86942e-16
 7772.0304 7.99732e-16
 7775.0428 7.64878e-16
 7778.0552 8.06377e-16
 7781.0677 8.19868e-16
 7784.0801 7.91358e-16
 7787.0926 7.62036e-16
 7790.1050 7.17570e-16
 7793.1175 7.39172e-16
 7796.1299 7.90746e-16
 7799.1424 8.13149e-16
 7802.1548 8.13711e-16
 7805.1673 8.20390e-16
 7808.1797 8.30117e-16
 7811.1922 7.98835e-16
 7814.2046 7.93759e-16
 7817.2171 7.68123e-16
 7820.2295 7.04732e-16
 7823.2420 7.58402e-16
 7826.2544 7.67963e-16
 7829.2669 7.40805e-16
 7832.2793 6.60751e-16
 7835.2917 7.00998e-16
 7838.3042 6.75734e-16
 7841.3166 7.36577e-16
 7844.3291 7.01622e-16
 7847.3415 6.73590e-16
 7850.3540 6.81004e-16
 7853.3664 6.85939e-16
 7856.3789 6.55658e-16
 7859.3913 6.38690e-16
 7862.4038 6.98876e-16
 7865.4162 6.72206e-16
 7868.4287 6.79774e-16
 7871.4411 6.53118e-16
 7874.4536 6.19582e-16
 7877.4660 6.29672e-16
 7880.4785 6.06367e-16
 7883.4909 6.15783e-16
 7886.5034 5.98017e-16
 7889.5158 5.42072e-16
 7892.5282 5.46907e-16
 7895.5407 5.88719e-16
 7898.5531 5.69711e-16
 7901.5656 5.53455e-16
 7904.5780 5.71951e-16
 7907.5905 5.12512e-16
 7910.6029 4.87565e-16
 7913.6154 5.11904e-16
 7916.6278 5.68776e-16
 7919.6403 5.32945e-16
 7922.6527 5.07522e-16
 7925.6652 5.06989e-16
 7928.6776 4.95186e-16
 7931.6901 4.82890e-16
 7934.7025 4.51055e-16
 7937.7149 4.07828e-16
 7940.7274 4.14945e-16
 7943.7398 4.62033e-16
 7946.7523 4.18653e-16
 7949.7647 4.32626e-16
 7952.7772 4.36267e-16
 7955.7896 4.39325e-16
 7958.8021 3.99336e-16
 7961.8145 3.93097e-16
 7964.8270 3.81233e-16
 7967.8394 3.83747e-16
 7970.8519 3.87369e-16
 7973.8643 3.86327e-16
 7976.8768 3.97914e-16
 7979.8892 4.06207e-16
 7982.9017 3.83336e-16
 7985.9141 3.70573e-16
 7988.9266 3.73236e-16
 7991.9390 3.53751e-16
 7994.9514 3.54600e-16
 7997.9639 4.07468e-16
 8000.9763 3.64700e-16
 8003.9888 3.47906e-16
 8007.0012 3.22934e-16
 8010.0137 3.52051e-16
 8013.0261 3.17135e-16
 8016.0386 3.18738e-16
 8019.0510 3.45159e-16
 8022.0635 3.61223e-16
 8025.0759 3.64619e-16
 8028.0884 3.26685e-16
 8031.1008 3.58181e-16
 8034.1133 3.18234e-16
 8037.1257 3.28199e-16
 8040.1381 3.27009e-16
 8043.1506 3.48315e-16
 8046.1630 3.41971e-16
 8049.1755 3.93972e-16
 8052.1879 3.56965e-16
 8055.2004 3.34033e-16
 8058.2128 3.17249e-16
 8061.2253 3.18503e-16
 8064.2377 3.39015e-16
 8067.2502 3.16195e-16
 8070.2626 2.77691e-16
 8073.2751 2.72617e-16
 8076.2875 2.97310e-16
 8079.3000 2.90613e-16
 8082.3124 3.14351e-16
 8085.3249 3.19679e-16
 8088.3373 3.23916e-16
 8091.3498 3.56367e-16
 8094.3622 3.23239e-16
 8097.3746 3.59671e-16
 8100.3871 3.29361e-16
 8103.3995 3.49619e-16
 8106.4120 3.13661e-16
 8109.4244 3.42910e-16
 8112.4369 3.15579e-16
 8115.4493 3.06549e-16
 8118.4618 2.92917e-16
 8121.4742 3.15801e-16
 8124.4867 3.37627e-16
 8127.4991 3.42278e-16
 8130.5116 3.00867e-16
 8133.5240 3.12129e-16
 8136.5365 3.39975e-16
 8139.5489 3.45097e-16
 8142.5614 3.38799e-16
 8145.5738 3.28912e-16
 8148.5862 3.25716e-16
 8151.5987 3.29505e-16
 8154.6111 3.10917e-16
 8157.6236 3.15171e-16
 8160.6360 2.72745e-16
 8163.6485 2.90260e-16
 8166.6609 2.71985e-16
 8169.6734 2.85274e-16
 8172.6858 2.45109e-16
 8175.6983 2.65668e-16
 8178.7107 2.70646e-16
 8181.7232 2.32378e-16
 8184.7356 1.87443e-16
 8187.7481 2.38377e-16
 8190.7605 2.24196e-16
 8193.7730 2.34868e-16
 8196.7854 2.18754e-16
 8199.7978 1.90254e-16
 8202.8103 1.73423e-16
 8205.8227 1.79893e-16
 8208.8352 1.64228e-16
 8211.8476 1.60890e-16
 8214.8601 1.58465e-16
 8217.8725 2.11106e-16
 8220.8850 1.58480e-16
 8223.8974 1.29975e-16
 8226.9099 1.24683e-16
 8229.9223 1.48973e-16
 8232.9348 1.81644e-16
 8235.9472 1.56115e-16
 8238.9597 1.91887e-16
 8241.9721 1.47137e-16
 8244.9846 1.10237e-16
 8247.9970 8.72046e-17
 8251.0094 1.10405e-16
 8254.0219 1.21175e-16
 8257.0343 9.36235e-17
 8260.0468 1.31652e-16
 8263.0592 1.32482e-16
 8266.0717 1.25537e-16
 8269.0841 1.18542e-16
 8272.0966 1.11637e-16
 8275.1090 1.35058e-16
 8278.1215 1.60176e-16
 8281.1339 1.40334e-16
 8284.1464 1.73329e-16
 8287.1588 2.14216e-16
 8290.1713 2.53096e-16
 8293.1837 2.69335e-16
 8296.1962 2.54422e-16
 8299.2086 2.65744e-16
 8302.2211 2.17684e-16
 8305.2335 2.18375e-16
 8308.2459 2.52779e-16
 8311.2584 2.13378e-16
 8314.2708 2.22825e-16
 8317.2833 2.37097e-16
 8320.2957 2.09020e-16
 8323.3082 1.98359e-16
 8326.3206 2.14276e-16
 8329.3331 2.01268e-16
 8332.3455 2.44817e-16
 8335.3580 2.33659e-16
 8338.3704 1.75873e-16
 8341.3829 1.54226e-16
 8344.3953 1.51096e-16
 8347.4078 2.18479e-16
 8350.4202 2.16250e-16
 8353.4326 2.07536e-16
 8356.4451 1.83933e-16
 8359.4575 2.41398e-16
 8362.4700 2.17662e-16
 8365.4824 2.02399e-16
 8368.4949 2.31934e-16
 8371.5073 2.52988e-16
 8374.5198 2.60459e-16
 8377.5322 2.26702e-16
 8380.5447 2.15374e-16
 8383.5571 2.23650e-16
 8386.5696 2.40027e-16
 8389.5820 2.28954e-16
 8392.5945 2.51104e-16
 8395.6069 2.56836e-16
 8398.6194 2.32792e-16
 8401.6318 3.09500e-16
 8404.6443 3.26445e-16
 8407.6567 2.84309e-16
 8410.6691 3.15667e-16
 8413.6816 3.67394e-16
 8416.6940 3.15305e-16
 8419.7065 3.71914e-16
 8422.7189 3.24599e-16
 8425.7314 2.98458e-16
 8428.7438 3.00738e-16
 8431.7563 3.57822e-16
 8434.7687 3.68287e-16
 8437.7812 3.35502e-16
 8440.7936 3.40766e-16
 8443.8061 3.64742e-16
 8446.8185 3.93374e-16
 8449.8310 3.63950e-16
 8452.8434 3.52535e-16
 8455.8559 3.55615e-16
 8458.8683 3.61260e-16
 8461.8808 3.91768e-16
 8464.8932 4.06559e-16
 8467.9056 4.08551e-16
 8470.9181 4.21056e-16
 8473.9305 4.16847e-16
 8476.9430 4.04851e-16
 8479.9554 4.75171e-16
 8482.9679 4.39231e-16
 8485.9803 4.36801e-16
 8488.9928 4.49453e-16
 8492.0052 4.35689e-16
 8495.0177 5.35658e-16
 8498.0301 6.11209e-16
 8501.0426 4.57302e-16
 8504.0550 4.95476e-16
 8507.0675 4.89493e-16
 8510.0799 4.63480e-16
 8513.0923 5.17604e-16
 8516.1048 5.29062e-16
 8519.1172 4.81768e-16
 8522.1297 5.97912e-16
 8525.1421 5.80375e-16
 8528.1546 5.38489e-16
 8531.1670 5.78905e-16
 8534.1795 5.56122e-16
 8537.1919 5.82612e-16
 8540.2044 5.37996e-16
 8543.2168 5.19030e-16
 8546.2293 4.90089e-16
 8549.2417 5.46413e-16
 8552.2542 5.62619e-16
 8555.2666 5.90089e-16
 8558.2791 5.98944e-16
 8561.2915 5.50071e-16
 8564.3040 5.49883e-16
 8567.3164 5.54844e-16
 8570.3288 4.62112e-16
 8573.3413 4.03400e-16
 8576.3537 5.02918e-16
 8579.3662 6.05886e-16
 8582.3786 5.88054e-16
 8585.3911 5.50128e-16
 8588.4035 5.54929e-16
 8591.4160 5.63405e-16
 8594.4284 6.22907e-16
 8597.4409 6.67590e-16
 8600.4533 6.38037e-16
 8603.4658 6.40535e-16
 8606.4782 6.47132e-16
 8609.4907 6.83312e-16
 8612.5031 6.85381e-16
 8615.5155 6.38388e-16
 8618.5280 5.60011e-16
 8621.5404 6.27784e-16
 8624.5529 7.32229e-16
 8627.5653 5.89109e-16
 8630.5778 5.96134e-16
 8633.5902 6.35677e-16
 8636.6027 6.07107e-16
 8639.6151 6.02217e-16
 8642.6276 6.71868e-16
 8645.6400 6.27263e-16
 8648.6525 6.39423e-16
 8651.6649 6.33376e-16
 8654.6774 6.53509e-16
 8657.6898 6.81082e-16
 8660.7023 6.26347e-16
 8663.7147 6.49814e-16
 8666.7272 6.26932e-16
 8669.7396 6.75771e-16
 8672.7520 6.34567e-16
 8675.7645 6.27431e-16
 8678.7769 5.81921e-16
 8681.7894 6.58574e-16
 8684.8018 6.65576e-16
 8687.8143 6.85589e-16
 8690.8267 7.03286e-16
 8693.8392 6.45855e-16
 8696.8516 7.27178e-16
 8699.8641 7.26492e-16
 8702.8765 7.23567e-16
 8705.8890 7.14078e-16
 8708.9014 7.90508e-16
 8711.9139 6.38872e-16
 8714.9263 6.47355e-16
 8717.9388 7.07493e-16
 8720.9512 7.01174e-16
 8723.9636 6.25997e-16
 8726.9761 6.78262e-16
 8729.9885 6.55316e-16
 8733.0010 5.88821e-16
 8736.0134 5.42705e-16
 8739.0259 6.03425e-16
 8742.0383 5.80085e-16
 8745.0508 5.90601e-16
 8748.0632 5.34711e-16
 8751.0757 6.32989e-16
 8754.0881 4.73340e-16
 8757.1006 4.71428e-16
 8760.1130 4.52424e-16
 8763.1255 4.56884e-16
 8766.1379 3.98851e-16
 8769.1504 3.59305e-16
 8772.1628 4.54310e-16
 8775.1752 4.69846e-16
 8778.1877 4.35357e-16
 8781.2001 4.98082e-16
 8784.2126 4.68182e-16
 8787.2250 4.91818e-16
 8790.2375 4.84087e-16
 8793.2499 4.73536e-16
 8796.2624 5.25704e-16
 8799.2748 5.54553e-16
 8802.2873 5.27497e-16
 8805.2997 5.24809e-16
 8808.3122 5.94053e-16
 8811.3246 5.53735e-16
 8814.3371 5.80328e-16
 8817.3495 6.03615e-16
 8820.3620 5.69906e-16
 8823.3744 6.28126e-16
 8826.3868 6.29089e-16
 8829.3993 5.99284e-16
 8832.4117 5.48487e-16
 8835.4242 5.50888e-16
 8838.4366 5.38281e-16
 8841.4491 4.71519e-16
 8844.4615 4.68945e-16
 8847.4740 4.52510e-16
 8850.4864 4.79897e-16
 8853.4989 4.70745e-16
 8856.5113 4.28858e-16
 8859.5238 2.41626e-16
 8862.5362 2.50058e-16
 8865.5487 3.59925e-16
 8868.5611 4.33531e-16
 8871.5736 4.28108e-16
 8874.5860 4.09917e-16
 8877.5985 4.00439e-16
 8880.6109 4.01432e-16
 8883.6233 3.62132e-16
 8886.6358 3.99580e-16
 8889.6482 4.69726e-16
 8892.6607 4.51184e-16
 8895.6731 4.65843e-16
 8898.6856 4.82504e-16
 8901.6980 4.35640e-16
 8904.7105 4.79161e-16
 8907.7229 4.71891e-16
 8910.7354 3.49972e-16
 8913.7478 4.18727e-16
 8916.7603 4.21604e-16
 8919.7727 4.07658e-16
 8922.7852 3.49465e-16
 8925.7976 2.90802e-16
 8928.8100 3.06703e-16
 8931.8225 3.23515e-16
 8934.8349 3.69159e-16
 8937.8474 3.49727e-16
 8940.8598 3.39982e-16
 8943.8723 2.59475e-16
 8946.8847 3.37383e-16
 8949.8972 3.96540e-16
 8952.9096 3.40806e-16
 8955.9221 3.27276e-16
 8958.9345 3.29298e-16
 8961.9470 2.63985e-16
 8964.9594 3.34884e-16
 8967.9719 2.86366e-16
 8970.9843 3.08179e-16
 8973.9968 3.25139e-16
 8977.0092 2.91812e-16
 8980.0217 3.11679e-16
 8983.0341 3.55743e-16
 8986.0465 3.02288e-16
 8989.0590 2.85278e-16
 8992.0714 3.06667e-16
 8995.0839 2.58173e-16
 8998.0963 2.59754e-16
 9001.1088 2.97031e-16
 9004.1212 2.07008e-16
 9007.1337 2.00326e-16
 9010.1461 2.80051e-16
 9013.1586 2.83847e-16
 9016.1710 2.45680e-16
 9019.1835 2.47120e-16
 9022.1959 2.56139e-16
 9025.2084 2.15950e-16
 9028.2208 2.81179e-16
 9031.2332 3.14510e-16
 9034.2457 2.74699e-16
 9037.2582 2.99066e-16
 9040.2706 3.15543e-16
 9043.2830 2.91241e-16
 9046.2955 3.00363e-16
 9049.3079 3.00738e-16
 9052.3204 3.17183e-16
 9055.3328 3.10279e-16
 9058.3453 3.08074e-16
 9061.3577 3.36415e-16
 9064.3702 3.13580e-16
 9067.3826 2.70810e-16
 9070.3951 2.68474e-16
 9073.4075 2.57792e-16
 9076.4200 2.81950e-16
 9079.4324 3.42859e-16
 9082.4449 2.97257e-16
 9085.4573 3.63744e-16
 9088.4697 2.98350e-16
 9091.4822 2.55410e-16
 9094.4946 3.16109e-16
 9097.5071 2.76499e-16
 9100.5195 2.78312e-16
 9103.5320 3.29129e-16
 9106.5444 3.27901e-16
 9109.5569 2.87252e-16
 9112.5693 3.53092e-16
 9115.5818 3.00093e-16
 9118.5942 3.06743e-16
 9121.6067 3.18515e-16
 9124.6191 3.37885e-16
 9127.6316 3.40509e-16
 9130.6440 3.49152e-16
 9133.6565 3.30705e-16
 9136.6689 3.28544e-16
 9139.6814 2.97277e-16
 9142.6938 2.65937e-16
 9145.7062 2.49415e-16
 9148.7187 3.16035e-16
 9151.7311 3.30030e-16
 9154.7436 2.92064e-16
 9157.7560 2.49617e-16
 9160.7685 3.12551e-16
 9163.7809 3.25653e-16
 9166.7934 3.13756e-16
 9169.8058 2.91065e-16
 9172.8183 3.21466e-16
 9175.8307 3.83726e-16
 9178.8432 3.25006e-16
 9181.8556 3.21143e-16
 9184.8681 3.36591e-16
 9187.8805 3.21082e-16
 9190.8929 3.37212e-16
 9193.9054 3.06464e-16
 9196.9178 3.63393e-16
 9199.9303 3.73803e-16
 9202.9427 3.42552e-16
 9205.9552 3.93330e-16
 9208.9676 3.75038e-16
 9211.9801 3.59629e-16
 9214.9925 4.10949e-16
 9218.0050 4.40876e-16
 9221.0174 4.35983e-16
 9224.0299 3.85798e-16
 9227.0423 3.60404e-16
 9230.0548 3.94536e-16
 9233.0672 4.19953e-16
 9236.0797 4.35313e-16
 9239.0921 3.67114e-16
 9242.1046 3.14104e-16
 9245.1170 2.39112e-16
 9248.1294 2.97633e-16
 9251.1419 5.09560e-16
 9254.1543 6.57449e-16
 9257.1668 5.24661e-16
 9260.1792 4.87899e-16
 9263.1917 3.98818e-16
 9266.2041 4.42934e-16
 9269.2166 5.28255e-16
 9272.2290 5.87328e-16
 9275.2415 4.32191e-16
 9278.2539 3.86304e-16
 9281.2664 4.47038e-16
 9284.2788 4.32877e-16
 9287.2913 4.11050e-16
 9290.3037 5.57559e-16
 9293.3162 5.89586e-16
 9296.3286 5.29205e-16
 9299.3410 4.14444e-16
 9302.3535 5.33174e-16
 9305.3659 5.84662e-16
 9308.3784 5.62012e-16
 9311.3908 4.72178e-16
 9314.4033 2.79717e-16
 9317.4157 2.32264e-16
 9320.4282 2.87832e-16
 9323.4406 4.31306e-16
 9326.4531 3.48336e-16
 9329.4655 3.40419e-16
 9332.4780 3.39502e-16
 9335.4904 4.24941e-16
 9338.5029 4.56003e-16
 9341.5153 4.93425e-16
 9344.5278 4.35254e-16
 9347.5402 4.02477e-16
 9350.5526 5.13433e-16
 9353.5651 4.74639e-16
 9356.5775 4.87152e-16
 9359.5900 4.85622e-16
 9362.6024 5.44043e-16
 9365.6149 5.85958e-16
 9368.6273 3.75605e-16
 9371.6398 4.82747e-16
 9374.6522 5.15788e-16
 9377.6647 4.96990e-16
 9380.6771 2.62969e-16
 9383.6896 2.74605e-16
 9386.7020 3.35600e-16
 9389.7145 4.33418e-16
 9392.7269 4.30524e-16
 9395.7394 1.48585e-16
 9398.7518 2.69806e-16
 9401.7642 3.08846e-16
 9404.7767 5.18177e-16
 9407.7891 4.47903e-16
 9410.8016 4.20438e-16
 9413.8140 4.48838e-16
 9416.8265 5.23207e-16
 9419.8389 5.12362e-16
 9422.8514 4.97657e-16
 9425.8638 4.09263e-16
 9428.8763 4.46899e-16
 9431.8887 5.08032e-16
 9434.9012 4.18067e-16
 9437.9136 3.61558e-16
 9440.9261 2.85721e-16
 9443.9385 3.97190e-16
 9446.9510 4.95258e-16
 9449.9634 4.80568e-16
 9452.9759 3.78919e-16
 9455.9883 3.77668e-16
 9459.0007 4.40566e-16
 9462.0132 4.82411e-16
 9465.0256 4.47683e-16
 9468.0381 3.66935e-16
 9471.0505 3.94651e-16
 9474.0630 4.17643e-16
 9477.0754 3.94367e-16
 9480.0879 3.78538e-16
 9483.1003 4.11800e-16
 9486.1128 4.03437e-16
 9489.1252 3.48337e-16
 9492.1377 3.30643e-16
 9495.1501 2.34966e-16
 9498.1626 3.06281e-16
 9501.1750 2.99316e-16
 9504.1874 3.15274e-16
 9507.1999 3.04433e-16
 9510.2123 3.55910e-16
 9513.2248 3.69609e-16
 9516.2372 4.85380e-16
 9519.2497 4.28871e-16
 9522.2621 2.15861e-16
 9525.2746 2.08080e-16
 9528.2870 2.64063e-16
 9531.2995 1.94316e-16
 9534.3119 3.21359e-16
 9537.3244 3.02656e-16
 9540.3368 2.18646e-16
 9543.3493 3.64614e-16
 9546.3617 3.53835e-16
 9549.3742 3.48604e-16
 9552.3866 3.16580e-16
 9555.3991 2.71009e-16
 9558.4115 3.01118e-16
 9561.4239 4.35742e-16
 9564.4364 4.24611e-16
 9567.4488 4.15617e-16
 9570.4613 3.97821e-16
 9573.4737 3.28185e-16
 9576.4862 3.77783e-16
 9579.4986 3.24573e-16
 9582.5111 3.54011e-16
 9585.5235 2.55945e-16
 9588.5360 2.85689e-16
 9591.5484 2.67340e-16
 9594.5609 3.66452e-16
 9597.5733 3.64120e-16
 9600.5858 2.82522e-16
 9603.5982 3.59753e-16
 9606.6106 3.47398e-16
 9609.6231 2.40263e-16
 9612.6356 1.55520e-16
 9615.6480 2.25767e-16
 9618.6604 2.48390e-16
 9621.6729 3.26353e-16
 9624.6853 3.61061e-16
 9627.6978 4.13150e-16
 9630.7102 2.63796e-16
 9633.7227 3.88397e-16
 9636.7351 4.90318e-16
 9639.7476 4.35552e-16
 9642.7600 2.75219e-16
 9645.7725 1.57195e-16
 9648.7849 2.95482e-16
 9651.7974 4.02867e-16
 9654.8098 4.94836e-16
 9657.8223 3.55116e-16
 9660.8347 3.44237e-16
 9663.8471 3.85313e-16
 9666.8596 4.43366e-16
 9669.8720 2.66725e-16
 9672.8845 1.90335e-16
 9675.8969 3.31308e-16
 9678.9094 3.00218e-16
 9681.9218 1.91062e-16
 9684.9343 1.79102e-16
 9687.9467 1.88990e-16
 9690.9592 2.46033e-16
 9693.9716 2.96424e-16
 9696.9841 3.21016e-16
 9699.9965 4.01618e-16
 9703.0090 3.84874e-16
 9706.0214 3.58200e-16
 9709.0339 2.72256e-16
 9712.0463 2.20537e-16
 9715.0588 3.74541e-16
 9718.0712 2.76831e-16
 9721.0836 2.61129e-16
 9724.0961 2.12392e-16
 9727.1085 1.37320e-16
 9730.1210 2.58032e-16
 9733.1334 3.39239e-16
 9736.1459 3.74331e-16
 9739.1583 3.39027e-16
 9742.1708 2.42741e-16
 9745.1832 2.71773e-16
 9748.1957 4.69743e-16
 9751.2081 3.24805e-16
 9754.2206 4.17580e-16
 9757.2330 2.59319e-16
 9760.2455 3.40832e-16
 9763.2579 3.16168e-16
 9766.2703 2.61634e-16
 9769.2828 3.11069e-16
 9772.2952 2.71375e-16
 9775.3077 1.81729e-16
 9778.3201 3.42771e-16
 9781.3326 3.58073e-16
 9784.3450 3.28296e-16
 9787.3575 2.23370e-16
 9790.3699 3.24678e-16
 9793.3824 3.08223e-16
 9796.3948 2.33686e-16
 9799.4073 3.96389e-16
 9802.4197 2.43690e-16
 9805.4322 1.49945e-16
 9808.4446 3.07589e-16
 9811.4571 2.76536e-16
 9814.4695 3.83704e-16
 9817.4820 3.02994e-16
 9820.4944 3.42430e-16
 9823.5068 2.67877e-16
 9826.5193 3.85089e-16
 9829.5317 4.26433e-16
 9832.5442 4.62055e-16
 9835.5566 5.43467e-16
 9838.5691 3.99508e-16
 9841.5815 2.11360e-16
 9844.5940 3.88352e-16
 9847.6064 4.04389e-16
 9850.6189 2.59519e-16
 9853.6313 3.57813e-16
 9856.6438 4.01816e-16
 9859.6562 5.12779e-16
 9862.6687 5.14323e-16
 9865.6811 3.95405e-16
 9868.6936 3.93331e-16
 9871.7060 3.75703e-16
 9874.7184 4.30898e-16
 9877.7309 4.28972e-16
 9880.7433 5.17428e-16
 9883.7558 3.73636e-16
 9886.7682 3.68493e-16
 9889.7807 4.62300e-16
 9892.7931 4.31507e-16
 9895.8056 5.20161e-16
 9898.8180 5.50512e-16
 9901.8305 3.67073e-16
 9904.8429 3.42764e-16
 9907.8554 3.87808e-16
 9910.8678 4.14551e-16
 9913.8803 4.21942e-16
 9916.8927 4.36979e-16
 9919.9052 2.32649e-16
 9922.9176 2.01080e-16
 9925.9300 3.14991e-16
 9928.9425 4.04240e-16
 9931.9549 5.25850e-16
 9934.9674 4.16515e-16
 9937.9798 3.35759e-16
 9940.9923 3.76687e-16
 9944.0047 4.35331e-16
 9947.0172 3.76866e-16
 9950.0296 4.07688e-16
 9953.0421 2.95089e-16
 9956.0545 3.05447e-16
 9959.0670 3.78488e-16
 9962.0794 3.26163e-16
 9965.0919 2.65463e-16
 9968.1043 2.89644e-16
 9971.1168 2.97184e-16
 9974.1292 4.98188e-16
 9977.1416 3.19006e-16
 9980.1541 3.31704e-16
 9983.1665 3.20196e-16
 9986.1790 3.66629e-16
 9989.1914 3.57451e-16
 9992.2039 3.68418e-16
 9995.2163 3.60766e-16
 9998.2288 2.98690e-16
10001.2412 4.13652e-16
10004.2537 3.96367e-16
10007.2661 4.19483e-16
10010.2786 2.98737e-16
10013.2910 3.93471e-16
10016.3035 3.31024e-16
10019.3159 1.92802e-16
10022.3284 4.05099e-16
10025.3408 4.84808e-16
10028.3533 2.41847e-16
10031.3657 2.17465e-16
10034.3781 2.17758e-16
10037.3906 2.38554e-16
10040.4030 3.37179e-16
10043.4155 3.54210e-16
10046.4279 3.94128e-16
10049.4404 4.56914e-16
10052.4528 4.29278e-16
10055.4653 4.73567e-16
10058.4777 2.81681e-16
10061.4902 5.92324e-17
10064.5026 2.19723e-16
10067.5151 2.74812e-16
10070.5275 4.12029e-16
10073.5400 3.79162e-16
10076.5524 3.02126e-16
10079.5648 4.59607e-16
10082.5773 4.62387e-16
10085.5897 2.72848e-16
10088.6022 3.22133e-16
10091.6146 1.22551e-16
10094.6271 2.93335e-16
10097.6395 2.53894e-16
10100.6520 3.62367e-16
10103.6644 3.85463e-16
10106.6769 3.30672e-16
10109.6893 4.94541e-17
10112.7018 1.65518e-16
10115.7142 2.52166e-16
10118.7267 3.99102e-16
10121.7391 2.09732e-16
10124.7516 1.73384e-16
10127.7640 3.73699e-16
10130.7765 2.55103e-16
10133.7889 9.34260e-17
10136.8013 1.14043e-16
10139.8138 1.91563e-16
10142.8262 2.51707e-16
10145.8387 3.38116e-16
10148.8511 2.67589e-16
10151.8636 2.67330e-16
10154.8760 1.54801e-16
10157.8885 1.56725e-16
10160.9009 2.30019e-16
10163.9134 2.75031e-16
10166.9258 1.76402e-16
10169.9383 2.98747e-16
10172.9507 3.12212e-16
10175.9632 2.77518e-16
10178.9756 2.74217e-16
10181.9880 3.11815e-16
10185.0005 2.91694e-16
10188.0130 2.47353e-16
10191.0254 2.31148e-16
10194.0378 2.72174e-16
10197.0503 2.60528e-16
10200.0627 3.50344e-17
10203.0752 1.61472e-16
10206.0876 3.81463e-16
10209.1001 1.24390e-16
10212.1125 1.27894e-16
10215.1250 8.32403e-17
10218.1374 1.26737e-16
10221.1499 2.68603e-16
10224.1623 2.97141e-16
10227.1748 1.16609e-16
10230.1872 2.05314e-16
10233.1997 1.99367e-16
10236.2121 1.64753e-16
10239.2245 3.36171e-16
10242.2370 1.35069e-16
10245.2494 1.06408e-16
10248.2619 1.29150e-16
10251.2743 1.83637e-16
10254.2868 -8.12765e-17
10257.2992 3.31172e-16
10260.3117 5.21276e-16
10263.3241 2.77482e-16
10266.3366 1.25132e-16
10269.3490 6.21657e-17
10272.3615 1.91014e-16
10275.3739 5.14344e-17
10278.3864 8.87889e-17
10281.3988 2.74669e-16
10284.4113 5.58398e-17
10287.4237 5.34937e-17
10290.4362 4.22112e-17
10293.4486 5.48883e-17
10296.4610 1.70565e-16
10299.4735 8.19311e-17
10302.4859 3.73125e-16
10305.4984 4.41090e-16
