#Object:               SN2007al
#FITS_file:            SN07al_g01_BAA_IM_13mar07.fits
#Redshift:             0.01212
#JDate_of_max:         2454171.80
#JDate_of_observation: 2454172.75
#Epoch:                0.94      
#
 4322.8018 2.64443e-16
 4324.6246 2.94099e-16
 4326.4474 2.65824e-16
 4328.2703 2.57313e-16
 4330.0931 2.88404e-16
 4331.9159 2.54002e-16
 4333.7387 2.50129e-16
 4335.5616 2.50486e-16
 4337.3844 2.30528e-16
 4339.2072 2.56063e-16
 4341.0300 2.55904e-16
 4342.8529 2.64533e-16
 4344.6757 2.56495e-16
 4346.4985 2.58255e-16
 4348.3213 2.36011e-16
 4350.1442 2.18054e-16
 4351.9670 2.44489e-16
 4353.7898 2.28712e-16
 4355.6126 2.39109e-16
 4357.4355 2.59020e-16
 4359.2583 2.36240e-16
 4361.0811 2.23945e-16
 4362.9039 2.43475e-16
 4364.7268 2.94591e-16
 4366.5496 2.52131e-16
 4368.3724 1.99727e-16
 4370.1952 2.17391e-16
 4372.0181 2.33166e-16
 4373.8409 2.63688e-16
 4375.6637 2.63717e-16
 4377.4865 2.66876e-16
 4379.3094 2.48139e-16
 4381.1322 2.06860e-16
 4382.9550 2.25766e-16
 4384.7778 2.88355e-16
 4386.6007 2.73691e-16
 4388.4235 2.80493e-16
 4390.2463 3.09231e-16
 4392.0691 2.90748e-16
 4393.8920 2.75855e-16
 4395.7148 2.66924e-16
 4397.5376 2.84654e-16
 4399.3604 3.03140e-16
 4401.1833 2.57474e-16
 4403.0061 2.64581e-16
 4404.8289 2.72818e-16
 4406.6517 2.94843e-16
 4408.4746 3.14863e-16
 4410.2974 3.23557e-16
 4412.1202 3.09969e-16
 4413.9430 2.77772e-16
 4415.7659 2.46160e-16
 4417.5887 2.74710e-16
 4419.4115 2.82970e-16
 4421.2343 3.26175e-16
 4423.0572 3.18219e-16
 4424.8800 2.81525e-16
 4426.7028 3.38864e-16
 4428.5256 3.41083e-16
 4430.3485 3.32275e-16
 4432.1713 3.16479e-16
 4433.9941 3.35960e-16
 4435.8169 3.57961e-16
 4437.6398 3.76833e-16
 4439.4626 3.70402e-16
 4441.2854 3.71104e-16
 4443.1082 3.86101e-16
 4444.9311 4.24754e-16
 4446.7539 4.05397e-16
 4448.5767 4.05973e-16
 4450.3995 4.40823e-16
 4452.2224 4.32618e-16
 4454.0452 4.01478e-16
 4455.8680 4.42032e-16
 4457.6908 4.58526e-16
 4459.5137 4.07762e-16
 4461.3365 4.57767e-16
 4463.1593 5.11804e-16
 4464.9821 4.93601e-16
 4466.8050 5.31306e-16
 4468.6278 5.02850e-16
 4470.4506 4.98722e-16
 4472.2734 5.35853e-16
 4474.0963 4.99202e-16
 4475.9191 5.32989e-16
 4477.7419 5.72877e-16
 4479.5647 5.26237e-16
 4481.3876 5.49901e-16
 4483.2104 5.68834e-16
 4485.0332 5.91662e-16
 4486.8560 5.94670e-16
 4488.6789 5.94283e-16
 4490.5017 6.05754e-16
 4492.3245 6.13464e-16
 4494.1473 6.02836e-16
 4495.9702 5.86172e-16
 4497.7930 5.86239e-16
 4499.6158 6.05563e-16
 4501.4386 6.22770e-16
 4503.2615 5.90051e-16
 4505.0843 6.10444e-16
 4506.9071 5.78533e-16
 4508.7299 5.83262e-16
 4510.5528 6.12529e-16
 4512.3756 6.41036e-16
 4514.1984 6.41590e-16
 4516.0212 6.51709e-16
 4517.8440 6.70291e-16
 4519.6669 6.58062e-16
 4521.4897 6.37943e-16
 4523.3125 6.75091e-16
 4525.1354 6.95612e-16
 4526.9582 6.56463e-16
 4528.7810 6.51456e-16
 4530.6038 6.89231e-16
 4532.4267 6.69524e-16
 4534.2495 6.62007e-16
 4536.0723 6.91758e-16
 4537.8951 7.06105e-16
 4539.7179 7.27468e-16
 4541.5408 7.27310e-16
 4543.3636 7.09990e-16
 4545.1864 7.03568e-16
 4547.0093 7.15033e-16
 4548.8321 7.31033e-16
 4550.6549 7.09728e-16
 4552.4777 6.93238e-16
 4554.3006 6.94169e-16
 4556.1234 6.82309e-16
 4557.9462 6.70995e-16
 4559.7690 6.70209e-16
 4561.5918 6.76048e-16
 4563.4147 6.74576e-16
 4565.2375 6.54360e-16
 4567.0603 6.65007e-16
 4568.8831 6.67588e-16
 4570.7060 6.43175e-16
 4572.5288 6.43719e-16
 4574.3516 6.58008e-16
 4576.1745 6.61882e-16
 4577.9973 6.54142e-16
 4579.8201 6.44286e-16
 4581.6429 6.54856e-16
 4583.4658 6.48287e-16
 4585.2886 6.18635e-16
 4587.1114 6.15421e-16
 4588.9342 6.06963e-16
 4590.7570 6.05144e-16
 4592.5799 6.10856e-16
 4594.4027 6.33809e-16
 4596.2255 6.35349e-16
 4598.0483 6.15031e-16
 4599.8712 6.26831e-16
 4601.6940 6.26104e-16
 4603.5168 6.17594e-16
 4605.3397 6.14641e-16
 4607.1625 6.27602e-16
 4608.9853 6.21821e-16
 4610.8081 6.27265e-16
 4612.6309 6.05552e-16
 4614.4538 5.73586e-16
 4616.2766 5.77771e-16
 4618.0994 5.78147e-16
 4619.9222 5.64657e-16
 4621.7451 5.79957e-16
 4623.5679 5.91953e-16
 4625.3907 5.89513e-16
 4627.2136 5.96722e-16
 4629.0364 6.13250e-16
 4630.8592 6.13511e-16
 4632.6820 6.14046e-16
 4634.5048 6.00179e-16
 4636.3277 5.83812e-16
 4638.1505 5.82205e-16
 4639.9733 5.75632e-16
 4641.7961 5.80975e-16
 4643.6190 5.94599e-16
 4645.4418 5.85087e-16
 4647.2646 5.75549e-16
 4649.0874 5.92795e-16
 4650.9103 5.83044e-16
 4652.7331 5.53794e-16
 4654.5559 5.37243e-16
 4656.3787 5.40005e-16
 4658.2016 5.36095e-16
 4660.0244 5.40154e-16
 4661.8472 5.43535e-16
 4663.6700 5.42087e-16
 4665.4929 5.41073e-16
 4667.3157 5.24279e-16
 4669.1385 5.25323e-16
 4670.9613 5.20012e-16
 4672.7842 5.28367e-16
 4674.6070 5.19944e-16
 4676.4298 4.97974e-16
 4678.2526 5.05471e-16
 4680.0755 5.05704e-16
 4681.8983 4.89222e-16
 4683.7211 4.89722e-16
 4685.5439 5.08072e-16
 4687.3668 5.14051e-16
 4689.1896 5.02391e-16
 4691.0124 5.02607e-16
 4692.8352 5.02505e-16
 4694.6581 4.97174e-16
 4696.4809 5.06699e-16
 4698.3037 5.14694e-16
 4700.1265 5.06402e-16
 4701.9494 5.10902e-16
 4703.7722 5.01094e-16
 4705.5950 4.89481e-16
 4707.4178 4.90376e-16
 4709.2407 4.75490e-16
 4711.0635 4.96085e-16
 4712.8863 5.14367e-16
 4714.7091 5.27286e-16
 4716.5320 5.16507e-16
 4718.3548 5.01585e-16
 4720.1776 5.06295e-16
 4722.0004 5.27823e-16
 4723.8233 5.27095e-16
 4725.6461 5.27299e-16
 4727.4689 5.37242e-16
 4729.2917 5.48898e-16
 4731.1146 5.51857e-16
 4732.9374 5.48250e-16
 4734.7602 5.41860e-16
 4736.5830 5.63593e-16
 4738.4059 5.89136e-16
 4740.2287 5.74783e-16
 4742.0515 5.65282e-16
 4743.8743 5.53150e-16
 4745.6972 5.64334e-16
 4747.5200 5.86388e-16
 4749.3428 5.94624e-16
 4751.1656 6.03165e-16
 4752.9885 5.78971e-16
 4754.8113 5.68005e-16
 4756.6341 5.60106e-16
 4758.4569 5.55311e-16
 4760.2798 5.74451e-16
 4762.1026 5.66005e-16
 4763.9254 5.69555e-16
 4765.7482 5.79052e-16
 4767.5711 5.70243e-16
 4769.3939 5.62018e-16
 4771.2167 5.74489e-16
 4773.0395 5.96163e-16
 4774.8624 5.64292e-16
 4776.6852 5.63507e-16
 4778.5080 5.71818e-16
 4780.3308 5.62215e-16
 4782.1537 5.69492e-16
 4783.9765 5.69474e-16
 4785.7993 5.73478e-16
 4787.6221 5.74486e-16
 4789.4450 5.70082e-16
 4791.2678 5.74649e-16
 4793.0906 5.91765e-16
 4794.9134 5.92581e-16
 4796.7363 5.71633e-16
 4798.5591 5.53555e-16
 4800.3819 5.61465e-16
 4802.2047 5.73600e-16
 4804.0276 5.93240e-16
 4805.8504 5.96885e-16
 4807.6732 5.90199e-16
 4809.4960 6.00170e-16
 4811.3189 5.93830e-16
 4813.1417 6.03971e-16
 4814.9645 5.86793e-16
 4816.7873 5.82296e-16
 4818.6102 5.94532e-16
 4820.4330 5.79410e-16
 4822.2558 5.75884e-16
 4824.0786 5.98056e-16
 4825.9015 6.21625e-16
 4827.7243 6.12630e-16
 4829.5471 5.91674e-16
 4831.3699 5.90829e-16
 4833.1928 5.93726e-16
 4835.0156 5.93092e-16
 4836.8384 5.90827e-16
 4838.6612 5.89220e-16
 4840.4841 5.72994e-16
 4842.3069 5.68294e-16
 4844.1297 5.63451e-16
 4845.9525 5.51979e-16
 4847.7754 5.52012e-16
 4849.5982 5.44975e-16
 4851.4210 5.44848e-16
 4853.2438 5.34194e-16
 4855.0667 5.27197e-16
 4856.8895 5.28272e-16
 4858.7123 5.27232e-16
 4860.5351 5.14829e-16
 4862.3580 4.99920e-16
 4864.1808 5.11398e-16
 4866.0036 5.12616e-16
 4867.8264 5.00694e-16
 4869.6493 4.99000e-16
 4871.4721 4.91556e-16
 4873.2949 4.92613e-16
 4875.1177 4.87111e-16
 4876.9406 4.73875e-16
 4878.7634 4.73609e-16
 4880.5862 4.72473e-16
 4882.4090 4.76039e-16
 4884.2319 4.90445e-16
 4886.0547 4.87783e-16
 4887.8775 4.71848e-16
 4889.7003 4.61143e-16
 4891.5232 4.68031e-16
 4893.3460 4.78403e-16
 4895.1688 4.84208e-16
 4896.9916 4.77143e-16
 4898.8145 4.63654e-16
 4900.6373 4.62382e-16
 4902.4601 4.67586e-16
 4904.2829 4.64875e-16
 4906.1058 4.59336e-16
 4907.9286 4.51806e-16
 4909.7514 4.49982e-16
 4911.5742 4.59280e-16
 4913.3970 4.73736e-16
 4915.2199 4.75291e-16
 4917.0427 4.55988e-16
 4918.8655 4.46577e-16
 4920.6884 4.45999e-16
 4922.5112 4.46791e-16
 4924.3340 4.53843e-16
 4926.1568 4.54958e-16
 4927.9797 4.53145e-16
 4929.8025 4.54439e-16
 4931.6253 4.63324e-16
 4933.4481 4.63287e-16
 4935.2709 4.51314e-16
 4937.0938 4.52087e-16
 4938.9166 4.47860e-16
 4940.7394 4.55057e-16
 4942.5623 4.69572e-16
 4944.3851 4.58925e-16
 4946.2079 4.38930e-16
 4948.0307 4.33121e-16
 4949.8536 4.46211e-16
 4951.6764 4.64996e-16
 4953.4992 4.57899e-16
 4955.3220 4.46829e-16
 4957.1449 4.49816e-16
 4958.9677 4.35344e-16
 4960.7905 4.30890e-16
 4962.6133 4.36053e-16
 4964.4361 4.25673e-16
 4966.2590 4.24292e-16
 4968.0818 4.20950e-16
 4969.9046 4.15323e-16
 4971.7275 4.13528e-16
 4973.5503 4.20939e-16
 4975.3731 4.20641e-16
 4977.1959 4.19262e-16
 4979.0188 4.18934e-16
 4980.8416 4.20217e-16
 4982.6644 4.17095e-16
 4984.4872 4.12977e-16
 4986.3100 4.04014e-16
 4988.1329 3.92173e-16
 4989.9557 3.99266e-16
 4991.7785 3.97545e-16
 4993.6014 3.91567e-16
 4995.4242 3.90272e-16
 4997.2470 3.84960e-16
 4999.0698 3.78375e-16
 5000.8927 3.78785e-16
 5002.7155 3.80243e-16
 5004.5383 3.77735e-16
 5006.3611 3.79321e-16
 5008.1839 3.81470e-16
 5010.0068 3.71915e-16
 5011.8296 3.72316e-16
 5013.6524 3.77873e-16
 5015.4752 3.78370e-16
 5017.2981 3.71336e-16
 5019.1209 3.70766e-16
 5020.9437 3.64521e-16
 5022.7666 3.65490e-16
 5024.5894 3.67642e-16
 5026.4122 3.68308e-16
 5028.2350 3.67667e-16
 5030.0578 3.70819e-16
 5031.8807 3.80488e-16
 5033.7035 3.78766e-16
 5035.5263 3.83863e-16
 5037.3491 3.84499e-16
 5039.1720 3.86733e-16
 5040.9948 3.99661e-16
 5042.8176 3.97861e-16
 5044.6404 4.13081e-16
 5046.4633 4.22535e-16
 5048.2861 4.18364e-16
 5050.1089 4.16555e-16
 5051.9317 4.17447e-16
 5053.7546 4.10521e-16
 5055.5774 4.08189e-16
 5057.4002 4.15783e-16
 5059.2230 4.10088e-16
 5061.0459 4.16355e-16
 5062.8687 4.25460e-16
 5064.6915 4.25054e-16
 5066.5143 4.27931e-16
 5068.3372 4.32149e-16
 5070.1600 4.29666e-16
 5071.9828 4.42664e-16
 5073.8056 4.55634e-16
 5075.6285 4.59659e-16
 5077.4513 4.60304e-16
 5079.2741 4.69867e-16
 5081.0969 4.77471e-16
 5082.9198 4.70680e-16
 5084.7426 4.71289e-16
 5086.5654 4.64571e-16
 5088.3882 4.55552e-16
 5090.2111 4.67705e-16
 5092.0339 4.74254e-16
 5093.8567 4.78746e-16
 5095.6795 4.79657e-16
 5097.5024 4.71980e-16
 5099.3252 4.63710e-16
 5101.1480 4.62285e-16
 5102.9708 4.70412e-16
 5104.7937 4.68947e-16
 5106.6165 4.68457e-16
 5108.4393 4.66854e-16
 5110.2621 4.68668e-16
 5112.0850 4.79304e-16
 5113.9078 4.86899e-16
 5115.7306 4.80650e-16
 5117.5534 4.78849e-16
 5119.3763 4.79543e-16
 5121.1991 4.88917e-16
 5123.0219 4.89609e-16
 5124.8447 4.76765e-16
 5126.6676 4.77421e-16
 5128.4904 4.90582e-16
 5130.3132 5.00347e-16
 5132.1360 5.05350e-16
 5133.9589 5.04922e-16
 5135.7817 5.01393e-16
 5137.6045 5.01255e-16
 5139.4273 4.99734e-16
 5141.2502 4.95054e-16
 5143.0730 4.99340e-16
 5144.8958 5.23803e-16
 5146.7186 5.14169e-16
 5148.5415 5.18662e-16
 5150.3643 5.15226e-16
 5152.1871 5.22019e-16
 5154.0099 5.15246e-16
 5155.8328 5.14503e-16
 5157.6556 5.10419e-16
 5159.4784 5.03837e-16
 5161.3012 5.12261e-16
 5163.1241 5.33116e-16
 5164.9469 5.35021e-16
 5166.7697 5.23392e-16
 5168.5925 5.29367e-16
 5170.4154 5.40468e-16
 5172.2382 5.37719e-16
 5174.0610 5.30430e-16
 5175.8838 5.26681e-16
 5177.7067 5.33073e-16
 5179.5295 5.37761e-16
 5181.3523 5.39077e-16
 5183.1751 5.47940e-16
 5184.9980 5.50966e-16
 5186.8208 5.47333e-16
 5188.6436 5.62041e-16
 5190.4664 5.57944e-16
 5192.2893 5.48385e-16
 5194.1121 5.64832e-16
 5195.9349 5.70252e-16
 5197.7577 5.79920e-16
 5199.5806 5.80509e-16
 5201.4034 5.77982e-16
 5203.2262 5.87145e-16
 5205.0490 5.87021e-16
 5206.8719 5.85506e-16
 5208.6947 6.05944e-16
 5210.5175 6.13588e-16
 5212.3403 6.05498e-16
 5214.1632 6.07881e-16
 5215.9860 6.18063e-16
 5217.8088 6.19548e-16
 5219.6316 6.22075e-16
 5221.4545 6.29292e-16
 5223.2773 6.36249e-16
 5225.1001 6.38319e-16
 5226.9229 6.40788e-16
 5228.7458 6.30724e-16
 5230.5686 6.41482e-16
 5232.3914 6.49914e-16
 5234.2142 6.50371e-16
 5236.0371 6.58641e-16
 5237.8599 6.61170e-16
 5239.6827 6.46048e-16
 5241.5055 6.40305e-16
 5243.3284 6.43561e-16
 5245.1512 6.47007e-16
 5246.9740 6.49905e-16
 5248.7968 6.50669e-16
 5250.6197 6.56170e-16
 5252.4425 6.56837e-16
 5254.2653 6.51488e-16
 5256.0881 6.55172e-16
 5257.9110 6.51187e-16
 5259.7338 6.41010e-16
 5261.5566 6.46270e-16
 5263.3794 6.46018e-16
 5265.2023 6.39694e-16
 5267.0251 6.41982e-16
 5268.8479 6.44313e-16
 5270.6707 6.39329e-16
 5272.4936 6.30085e-16
 5274.3164 6.35741e-16
 5276.1392 6.36090e-16
 5277.9620 6.26239e-16
 5279.7849 6.20860e-16
 5281.6077 6.16205e-16
 5283.4305 6.11647e-16
 5285.2533 6.14906e-16
 5287.0762 6.15065e-16
 5288.8990 5.99513e-16
 5290.7218 6.00878e-16
 5292.5446 6.21771e-16
 5294.3675 6.02660e-16
 5296.1903 5.98378e-16
 5298.0131 6.08485e-16
 5299.8359 6.16553e-16
 5301.6588 6.06915e-16
 5303.4816 5.98309e-16
 5305.3044 5.94402e-16
 5307.1272 5.96043e-16
 5308.9500 6.01897e-16
 5310.7729 6.05267e-16
 5312.5957 5.95354e-16
 5314.4185 5.96342e-16
 5316.2414 6.02472e-16
 5318.0642 5.96673e-16
 5319.8870 6.01219e-16
 5321.7098 6.04960e-16
 5323.5327 5.94457e-16
 5325.3555 5.89884e-16
 5327.1783 6.01461e-16
 5329.0011 6.03284e-16
 5330.8240 5.95995e-16
 5332.6468 5.99010e-16
 5334.4696 6.02329e-16
 5336.2924 6.04368e-16
 5338.1153 6.03923e-16
 5339.9381 6.13315e-16
 5341.7609 6.15622e-16
 5343.5837 5.99760e-16
 5345.4066 5.93449e-16
 5347.2294 6.10593e-16
 5349.0522 6.12273e-16
 5350.8750 6.14438e-16
 5352.6979 6.14909e-16
 5354.5207 6.07693e-16
 5356.3435 6.14789e-16
 5358.1663 6.17575e-16
 5359.9891 6.13153e-16
 5361.8120 6.24175e-16
 5363.6348 6.25059e-16
 5365.4576 6.35254e-16
 5367.2805 6.39205e-16
 5369.1033 6.41476e-16
 5370.9261 6.31700e-16
 5372.7489 6.26962e-16
 5374.5718 6.37447e-16
 5376.3946 6.48760e-16
 5378.2174 6.52854e-16
 5380.0402 6.55445e-16
 5381.8630 6.54801e-16
 5383.6859 6.54716e-16
 5385.5087 6.52292e-16
 5387.3315 6.52288e-16
 5389.1544 6.48040e-16
 5390.9772 6.48000e-16
 5392.8000 6.59952e-16
 5394.6228 6.57809e-16
 5396.4457 6.58361e-16
 5398.2685 6.63586e-16
 5400.0913 6.49356e-16
 5401.9141 6.47925e-16
 5403.7369 6.48892e-16
 5405.5598 6.59047e-16
 5407.3826 6.62927e-16
 5409.2054 6.42644e-16
 5411.0282 6.36446e-16
 5412.8511 6.42730e-16
 5414.6739 6.48699e-16
 5416.4967 6.45960e-16
 5418.3196 6.45236e-16
 5420.1424 6.37402e-16
 5421.9652 6.34777e-16
 5423.7880 6.42899e-16
 5425.6108 6.31994e-16
 5427.4337 6.38236e-16
 5429.2565 6.37483e-16
 5431.0793 6.35330e-16
 5432.9021 6.24028e-16
 5434.7250 6.15055e-16
 5436.5478 6.14113e-16
 5438.3706 6.07927e-16
 5440.1934 6.07072e-16
 5442.0163 6.14127e-16
 5443.8391 6.14412e-16
 5445.6619 6.06738e-16
 5447.4847 5.97601e-16
 5449.3076 5.97491e-16
 5451.1304 5.85681e-16
 5452.9532 5.73447e-16
 5454.7760 5.77591e-16
 5456.5989 5.80222e-16
 5458.4217 5.78624e-16
 5460.2445 5.71007e-16
 5462.0673 5.69768e-16
 5463.8902 5.63706e-16
 5465.7130 5.57289e-16
 5467.5358 5.54186e-16
 5469.3586 5.46966e-16
 5471.1815 5.46736e-16
 5473.0043 5.49045e-16
 5474.8271 5.39572e-16
 5476.6499 5.32993e-16
 5478.4728 5.35281e-16
 5480.2956 5.22837e-16
 5482.1184 5.28577e-16
 5483.9412 5.33373e-16
 5485.7641 5.28688e-16
 5487.5869 5.24687e-16
 5489.4097 5.29599e-16
 5491.2325 5.11363e-16
 5493.0554 5.10086e-16
 5494.8782 5.12832e-16
 5496.7010 5.26465e-16
 5498.5238 5.23380e-16
 5500.3467 5.16567e-16
 5502.1695 5.17141e-16
 5503.9923 5.18446e-16
 5505.8151 5.29455e-16
 5507.6380 5.47916e-16
 5509.4608 5.41803e-16
 5511.2836 5.12051e-16
 5513.1064 5.11904e-16
 5514.9293 5.25826e-16
 5516.7521 5.29722e-16
 5518.5749 5.33654e-16
 5520.3977 5.48068e-16
 5522.2206 5.55488e-16
 5524.0434 5.58432e-16
 5525.8662 5.56401e-16
 5527.6890 5.59835e-16
 5529.5119 5.61393e-16
 5531.3347 5.51722e-16
 5533.1575 5.61533e-16
 5534.9803 5.61176e-16
 5536.8032 5.61879e-16
 5538.6260 5.71976e-16
 5540.4488 5.74484e-16
 5542.2716 5.81559e-16
 5544.0945 5.88686e-16
 5545.9173 5.84036e-16
 5547.7401 5.87321e-16
 5549.5629 5.90870e-16
 5551.3858 5.80880e-16
 5553.2086 5.78614e-16
 5555.0314 5.93416e-16
 5556.8542 5.94586e-16
 5558.6771 5.92906e-16
 5560.4999 5.98425e-16
 5562.3227 6.03512e-16
 5564.1455 6.08717e-16
 5565.9684 6.07405e-16
 5567.7912 6.04621e-16
 5569.6140 6.02811e-16
 5571.4368 6.01256e-16
 5573.2597 5.99710e-16
 5575.0825 6.04014e-16
 5576.9053 6.09821e-16
 5578.7281 6.11877e-16
 5580.5510 6.08877e-16
 5582.3738 5.99504e-16
 5584.1966 6.04188e-16
 5586.0194 5.98595e-16
 5587.8423 6.08881e-16
 5589.6651 6.10593e-16
 5591.4879 6.17382e-16
 5593.3107 6.20309e-16
 5595.1336 6.14216e-16
 5596.9564 6.07389e-16
 5598.7792 6.07519e-16
 5600.6020 6.13448e-16
 5602.4249 6.13951e-16
 5604.2477 6.11082e-16
 5606.0705 6.05706e-16
 5607.8933 6.06639e-16
 5609.7162 6.13566e-16
 5611.5390 6.06122e-16
 5613.3618 6.08536e-16
 5615.1846 6.11471e-16
 5617.0075 6.06543e-16
 5618.8303 6.18356e-16
 5620.6531 6.18069e-16
 5622.4759 6.05578e-16
 5624.2988 6.03625e-16
 5626.1216 6.02945e-16
 5627.9444 5.95317e-16
 5629.7672 5.83118e-16
 5631.5901 5.73011e-16
 5633.4129 5.90445e-16
 5635.2357 5.86243e-16
 5637.0585 5.76218e-16
 5638.8814 5.76415e-16
 5640.7042 5.72170e-16
 5642.5270 5.67608e-16
 5644.3498 5.70943e-16
 5646.1727 5.69579e-16
 5647.9955 5.63693e-16
 5649.8183 5.47336e-16
 5651.6411 5.45981e-16
 5653.4640 5.56148e-16
 5655.2868 5.56876e-16
 5657.1096 5.53711e-16
 5658.9324 5.45687e-16
 5660.7553 5.48687e-16
 5662.5781 5.48522e-16
 5664.4009 5.37603e-16
 5666.2237 5.34004e-16
 5668.0466 5.36321e-16
 5669.8694 5.35242e-16
 5671.6922 5.27518e-16
 5673.5150 5.13949e-16
 5675.3379 5.28748e-16
 5677.1607 5.29848e-16
 5678.9835 5.31489e-16
 5680.8063 5.33069e-16
 5682.6292 5.24209e-16
 5684.4520 5.29151e-16
 5686.2748 5.23678e-16
 5688.0976 5.17978e-16
 5689.9205 5.19832e-16
 5691.7433 5.19975e-16
 5693.5661 5.19182e-16
 5695.3889 5.23335e-16
 5697.2118 5.18760e-16
 5699.0346 5.08199e-16
 5700.8574 5.24175e-16
 5702.6802 5.31941e-16
 5704.5031 5.30407e-16
 5706.3259 5.33937e-16
 5708.1487 5.35626e-16
 5709.9715 5.40246e-16
 5711.7944 5.34919e-16
 5713.6172 5.34683e-16
 5715.4400 5.35350e-16
 5717.2628 5.37054e-16
 5719.0857 5.37169e-16
 5720.9085 5.38394e-16
 5722.7313 5.33155e-16
 5724.5541 5.30950e-16
 5726.3770 5.23405e-16
 5728.1998 5.28473e-16
 5730.0226 5.31795e-16
 5731.8454 5.38038e-16
 5733.6683 5.38331e-16
 5735.4911 5.32584e-16
 5737.3139 5.29876e-16
 5739.1367 5.35467e-16
 5740.9596 5.39467e-16
 5742.7824 5.32496e-16
 5744.6052 5.13567e-16
 5746.4280 5.03083e-16
 5748.2509 5.04788e-16
 5750.0737 5.05100e-16
 5751.8965 4.97916e-16
 5753.7193 4.87859e-16
 5755.5421 4.78423e-16
 5757.3650 4.67703e-16
 5759.1878 4.56922e-16
 5761.0106 4.57584e-16
 5762.8335 4.48782e-16
 5764.6563 4.43412e-16
 5766.4791 4.39856e-16
 5768.3019 4.34257e-16
 5770.1248 4.33001e-16
 5771.9476 4.27214e-16
 5773.7704 4.21350e-16
 5775.5932 4.24271e-16
 5777.4160 4.19980e-16
 5779.2389 4.08496e-16
 5781.0617 4.04773e-16
 5782.8845 4.10705e-16
 5784.7074 4.12240e-16
 5786.5302 4.09249e-16
 5788.3530 4.08784e-16
 5790.1758 4.02354e-16
 5791.9987 4.04702e-16
 5793.8215 4.13180e-16
 5795.6443 4.12421e-16
 5797.4671 4.13856e-16
 5799.2899 4.13785e-16
 5801.1128 4.11597e-16
 5802.9356 4.19454e-16
 5804.7584 4.25444e-16
 5806.5812 4.30237e-16
 5808.4041 4.26492e-16
 5810.2269 4.24180e-16
 5812.0497 4.32353e-16
 5813.8726 4.31823e-16
 5815.6954 4.31591e-16
 5817.5182 4.31688e-16
 5819.3410 4.50793e-16
 5821.1638 4.49189e-16
 5822.9867 4.61483e-16
 5824.8095 4.56089e-16
 5826.6323 4.59557e-16
 5828.4551 4.76052e-16
 5830.2780 4.82882e-16
 5832.1008 4.85711e-16
 5833.9236 4.82337e-16
 5835.7465 4.80470e-16
 5837.5693 4.81792e-16
 5839.3921 4.82652e-16
 5841.2149 4.91102e-16
 5843.0377 4.99363e-16
 5844.8606 5.01673e-16
 5846.6834 4.99370e-16
 5848.5062 4.96521e-16
 5850.3290 5.11107e-16
 5852.1519 5.17718e-16
 5853.9747 5.18676e-16
 5855.7975 5.31383e-16
 5857.6203 5.30336e-16
 5859.4432 5.30172e-16
 5861.2660 5.38308e-16
 5863.0888 5.43918e-16
 5864.9116 5.43060e-16
 5866.7345 5.43436e-16
 5868.5573 5.40443e-16
 5870.3801 5.47691e-16
 5872.2029 5.58169e-16
 5874.0258 5.65432e-16
 5875.8486 5.66803e-16
 5877.6714 5.57377e-16
 5879.4942 5.60388e-16
 5881.3171 5.78771e-16
 5883.1399 5.86122e-16
 5884.9627 5.82862e-16
 5886.7855 5.83072e-16
 5888.6084 5.84787e-16
 5890.4312 5.89774e-16
 5892.2540 5.94072e-16
 5894.0768 5.93274e-16
 5895.8997 5.82526e-16
 5897.7225 5.91927e-16
 5899.5453 6.00105e-16
 5901.3681 5.97959e-16
 5903.1910 5.94246e-16
 5905.0138 5.95206e-16
 5906.8366 5.97187e-16
 5908.6594 6.12183e-16
 5910.4823 6.19997e-16
 5912.3051 6.12678e-16
 5914.1279 6.07427e-16
 5915.9507 6.05715e-16
 5917.7736 6.02382e-16
 5919.5964 6.02415e-16
 5921.4192 6.09822e-16
 5923.2420 6.04410e-16
 5925.0649 5.92304e-16
 5926.8877 5.92442e-16
 5928.7105 5.92761e-16
 5930.5333 5.88360e-16
 5932.3562 5.84407e-16
 5934.1790 5.87872e-16
 5936.0018 5.92574e-16
 5937.8246 5.82304e-16
 5939.6475 5.76944e-16
 5941.4703 5.77990e-16
 5943.2931 5.67713e-16
 5945.1159 5.72264e-16
 5946.9388 5.71982e-16
 5948.7616 5.65285e-16
 5950.5844 5.59114e-16
 5952.4072 5.54713e-16
 5954.2301 5.52642e-16
 5956.0529 5.46368e-16
 5957.8757 5.43763e-16
 5959.6985 5.58852e-16
 5961.5214 5.69938e-16
 5963.3442 5.56601e-16
 5965.1670 5.49631e-16
 5966.9898 5.49173e-16
 5968.8127 5.44972e-16
 5970.6355 5.43043e-16
 5972.4583 5.40527e-16
 5974.2811 5.53407e-16
 5976.1040 5.59925e-16
 5977.9268 5.53931e-16
 5979.7496 5.48594e-16
 5981.5724 5.47693e-16
 5983.3953 5.49179e-16
 5985.2181 5.45222e-16
 5987.0409 5.46097e-16
 5988.8637 5.52551e-16
 5990.6866 5.53016e-16
 5992.5094 5.49711e-16
 5994.3322 5.53942e-16
 5996.1550 5.48688e-16
 5997.9779 5.51439e-16
 5999.8007 5.68238e-16
 6001.6235 5.55718e-16
 6003.4463 5.43081e-16
 6005.2692 5.45724e-16
 6007.0920 5.54116e-16
 6008.9148 5.49090e-16
 6010.7376 5.54068e-16
 6012.5605 5.54654e-16
 6014.3833 5.46879e-16
 6016.2061 5.43129e-16
 6018.0289 5.47891e-16
 6019.8518 5.44579e-16
 6021.6746 5.43624e-16
 6023.4974 5.40270e-16
 6025.3202 5.40902e-16
 6027.1431 5.49386e-16
 6028.9659 5.43378e-16
 6030.7887 5.32285e-16
 6032.6115 5.26871e-16
 6034.4344 5.23840e-16
 6036.2572 5.21399e-16
 6038.0800 5.28623e-16
 6039.9028 5.31134e-16
 6041.7257 5.30524e-16
 6043.5485 5.27481e-16
 6045.3713 5.17449e-16
 6047.1941 5.10440e-16
 6049.0170 5.07796e-16
 6050.8398 5.07435e-16
 6052.6626 5.15631e-16
 6054.4854 5.06832e-16
 6056.3083 5.10349e-16
 6058.1311 5.11253e-16
 6059.9539 5.08096e-16
 6061.7767 4.95731e-16
 6063.5996 4.93098e-16
 6065.4224 5.04964e-16
 6067.2452 5.03796e-16
 6069.0680 4.99643e-16
 6070.8909 5.05189e-16
 6072.7137 5.08452e-16
 6074.5365 5.04630e-16
 6076.3593 4.94648e-16
 6078.1822 4.87819e-16
 6080.0050 4.79161e-16
 6081.8278 4.72671e-16
 6083.6506 4.69137e-16
 6085.4735 4.62018e-16
 6087.2963 4.50373e-16
 6089.1191 4.48137e-16
 6090.9419 4.47998e-16
 6092.7648 4.41728e-16
 6094.5876 4.32322e-16
 6096.4104 4.17634e-16
 6098.2332 4.13656e-16
 6100.0561 4.15303e-16
 6101.8789 4.07080e-16
 6103.7017 3.94304e-16
 6105.5245 3.85984e-16
 6107.3474 3.85661e-16
 6109.1702 3.88965e-16
 6110.9930 3.78396e-16
 6112.8158 3.68131e-16
 6114.6387 3.63585e-16
 6116.4615 3.58487e-16
 6118.2843 3.49524e-16
 6120.1071 3.42827e-16
 6121.9300 3.28796e-16
 6123.7528 3.29355e-16
 6125.5756 3.27056e-16
 6127.3984 3.18284e-16
 6129.2213 3.16920e-16
 6131.0441 3.11030e-16
 6132.8669 3.03730e-16
 6134.6897 3.05259e-16
 6136.5126 3.00347e-16
 6138.3354 2.95950e-16
 6140.1582 2.94957e-16
 6141.9810 2.88597e-16
 6143.8039 2.84084e-16
 6145.6267 2.79459e-16
 6147.4495 2.82977e-16
 6149.2723 2.84123e-16
 6151.0951 2.89320e-16
 6152.9180 2.82630e-16
 6154.7408 2.80042e-16
 6156.5636 2.73949e-16
 6158.3865 2.69713e-16
 6160.2093 2.77593e-16
 6162.0321 2.79240e-16
 6163.8549 2.80713e-16
 6165.6778 2.85269e-16
 6167.5006 2.86555e-16
 6169.3234 2.81660e-16
 6171.1462 2.84358e-16
 6172.9690 2.91635e-16
 6174.7919 2.94092e-16
 6176.6147 3.00223e-16
 6178.4375 3.00638e-16
 6180.2604 2.98239e-16
 6182.0832 3.05215e-16
 6183.9060 3.10229e-16
 6185.7288 3.11793e-16
 6187.5517 3.14697e-16
 6189.3745 3.13268e-16
 6191.1973 3.14699e-16
 6193.0201 3.23085e-16
 6194.8429 3.26161e-16
 6196.6658 3.28526e-16
 6198.4886 3.21403e-16
 6200.3114 3.14605e-16
 6202.1342 3.23812e-16
 6203.9571 3.29137e-16
 6205.7799 3.32314e-16
 6207.6027 3.42451e-16
 6209.4256 3.49830e-16
 6211.2484 3.48310e-16
 6213.0712 3.48319e-16
 6214.8940 3.55118e-16
 6216.7168 3.51911e-16
 6218.5397 3.54787e-16
 6220.3625 3.60429e-16
 6222.1853 3.63450e-16
 6224.0081 3.65210e-16
 6225.8310 3.66846e-16
 6227.6538 3.66375e-16
 6229.4766 3.64337e-16
 6231.2995 3.65299e-16
 6233.1223 3.73157e-16
 6234.9451 3.79882e-16
 6236.7679 3.79219e-16
 6238.5907 3.81765e-16
 6240.4136 3.92088e-16
 6242.2364 3.99325e-16
 6244.0592 4.01306e-16
 6245.8820 4.04405e-16
 6247.7049 4.06948e-16
 6249.5277 4.10137e-16
 6251.3505 4.11172e-16
 6253.1733 4.07694e-16
 6254.9962 4.20824e-16
 6256.8190 4.25507e-16
 6258.6418 4.24499e-16
 6260.4646 4.31366e-16
 6262.2875 4.37021e-16
 6264.1103 4.43310e-16
 6265.9331 4.44585e-16
 6267.7559 4.43090e-16
 6269.5788 4.43441e-16
 6271.4016 4.47692e-16
 6273.2244 4.50231e-16
 6275.0472 4.57848e-16
 6276.8701 4.64790e-16
 6278.6929 4.64136e-16
 6280.5157 4.66213e-16
 6282.3385 4.71207e-16
 6284.1614 4.71437e-16
 6285.9842 4.70912e-16
 6287.8070 4.79985e-16
 6289.6298 4.81183e-16
 6291.4527 4.74831e-16
 6293.2755 4.77643e-16
 6295.0983 4.83182e-16
 6296.9211 4.83027e-16
 6298.7440 4.78450e-16
 6300.5668 4.82156e-16
 6302.3896 4.89137e-16
 6304.2124 4.94373e-16
 6306.0353 4.96613e-16
 6307.8581 4.94536e-16
 6309.6809 4.92482e-16
 6311.5037 4.90033e-16
 6313.3266 4.89599e-16
 6315.1494 4.96147e-16
 6316.9722 4.95439e-16
 6318.7950 5.01764e-16
 6320.6179 5.13070e-16
 6322.4407 5.11333e-16
 6324.2635 5.06682e-16
 6326.0863 5.08084e-16
 6327.9092 5.10454e-16
 6329.7320 5.09397e-16
 6331.5548 5.08354e-16
 6333.3776 5.15333e-16
 6335.2005 5.15936e-16
 6337.0233 5.10304e-16
 6338.8461 5.12935e-16
 6340.6689 5.13887e-16
 6342.4918 5.17397e-16
 6344.3146 5.29058e-16
 6346.1374 5.29162e-16
 6347.9602 5.25850e-16
 6349.7831 5.24302e-16
 6351.6059 5.27950e-16
 6353.4287 5.20992e-16
 6355.2515 5.32500e-16
 6357.0744 5.38646e-16
 6358.8972 5.35342e-16
 6360.7200 5.26766e-16
 6362.5428 5.23459e-16
 6364.3657 5.22477e-16
 6366.1885 5.30750e-16
 6368.0113 5.35051e-16
 6369.8341 5.30105e-16
 6371.6570 5.27701e-16
 6373.4798 5.19950e-16
 6375.3026 5.12174e-16
 6377.1254 5.19645e-16
 6378.9483 5.21093e-16
 6380.7711 5.14710e-16
 6382.5939 5.16449e-16
 6384.4167 5.09221e-16
 6386.2396 5.08383e-16
 6388.0624 5.15772e-16
 6389.8852 5.16844e-16
 6391.7080 5.23429e-16
 6393.5309 5.17745e-16
 6395.3537 5.14069e-16
 6397.1765 5.22019e-16
 6398.9993 5.19829e-16
 6400.8222 5.21234e-16
 6402.6450 5.22793e-16
 6404.4678 5.18084e-16
 6406.2906 5.20993e-16
 6408.1135 5.22958e-16
 6409.9363 5.27742e-16
 6411.7591 5.26799e-16
 6413.5819 5.15899e-16
 6415.4048 5.11490e-16
 6417.2276 5.10443e-16
 6419.0504 5.09397e-16
 6420.8732 5.08351e-16
 6422.6961 5.07305e-16
 6424.5189 5.06259e-16
 6426.3417 5.05212e-16
 6428.1645 5.04166e-16
 6429.9874 5.03120e-16
 6431.8102 5.02073e-16
 6433.6330 5.01027e-16
 6435.4558 4.99981e-16
 6437.2787 4.98935e-16
 6439.1015 4.97888e-16
 6440.9243 4.96842e-16
 6442.7471 4.95796e-16
 6444.5700 4.94750e-16
 6446.3928 4.93704e-16
 6448.2156 4.92657e-16
 6450.0384 4.91611e-16
 6451.8613 4.90565e-16
 6453.6841 4.89519e-16
 6455.5069 4.88472e-16
 6457.3297 4.87426e-16
 6459.1526 4.86380e-16
 6460.9754 4.85334e-16
 6462.7982 4.84287e-16
 6464.6210 4.83241e-16
 6466.4439 4.82195e-16
 6468.2667 4.81149e-16
 6470.0895 4.80103e-16
 6471.9123 4.79056e-16
 6473.7352 4.78010e-16
 6475.5580 4.76964e-16
 6477.3808 4.75918e-16
 6479.2036 4.74871e-16
 6481.0265 4.73825e-16
 6482.8493 4.72779e-16
 6484.6721 4.71733e-16
 6486.4949 4.70686e-16
 6488.3178 4.69640e-16
 6490.1406 4.68594e-16
 6491.9634 4.67548e-16
 6493.7862 4.66501e-16
 6495.6091 4.65455e-16
 6497.4319 4.64409e-16
 6499.2547 4.63363e-16
 6501.0775 4.62317e-16
 6502.9004 4.61270e-16
 6504.7232 4.60224e-16
 6506.5460 4.59178e-16
 6508.3688 4.58132e-16
 6510.1917 4.57085e-16
 6512.0145 4.56039e-16
 6513.8373 4.54993e-16
 6515.6601 4.53947e-16
 6517.4830 4.52900e-16
 6519.3058 4.51854e-16
 6521.1286 4.50808e-16
 6522.9514 4.49762e-16
 6524.7743 4.48716e-16
 6526.5971 4.47773e-16
 6528.4199 4.46272e-16
 6530.2427 4.45852e-16
 6532.0656 4.44381e-16
 6533.8884 4.42965e-16
 6535.7112 4.39609e-16
 6537.5340 4.33959e-16
 6539.3569 4.32181e-16
 6541.1797 4.34469e-16
 6543.0025 4.36339e-16
 6544.8253 4.36598e-16
 6546.6482 4.34642e-16
 6548.4710 4.34303e-16
 6550.2938 4.38102e-16
 6552.1166 4.32476e-16
 6553.9395 4.31150e-16
 6555.7623 4.33323e-16
 6557.5851 4.22321e-16
 6559.4079 4.18899e-16
 6561.2308 4.24636e-16
 6563.0536 4.28640e-16
 6564.8764 4.27939e-16
 6566.6992 4.23792e-16
 6568.5220 4.22801e-16
 6570.3449 4.23738e-16
 6572.1677 4.19608e-16
 6573.9905 4.14701e-16
 6575.8134 4.17652e-16
 6577.6362 4.26665e-16
 6579.4590 4.22668e-16
 6581.2818 4.18645e-16
 6583.1047 4.22411e-16
 6584.9275 4.27290e-16
 6586.7503 4.21717e-16
 6588.5731 4.14197e-16
 6590.3959 4.21809e-16
 6592.2188 4.29310e-16
 6594.0416 4.24260e-16
 6595.8644 4.16874e-16
 6597.6872 4.10903e-16
 6599.5101 4.16880e-16
 6601.3329 4.22180e-16
 6603.1557 4.12687e-16
 6604.9786 4.09339e-16
 6606.8014 4.12410e-16
 6608.6242 4.10392e-16
 6610.4470 4.08174e-16
 6612.2698 4.10386e-16
 6614.0927 4.12621e-16
 6615.9155 4.07518e-16
 6617.7383 4.00450e-16
 6619.5611 4.02200e-16
 6621.3840 4.07679e-16
 6623.2068 4.09495e-16
 6625.0296 4.08096e-16
 6626.8525 4.04718e-16
 6628.6753 4.03145e-16
 6630.4981 4.03020e-16
 6632.3209 4.03376e-16
 6634.1437 4.03666e-16
 6635.9666 3.99701e-16
 6637.7894 3.94346e-16
 6639.6122 3.96929e-16
 6641.4350 4.08706e-16
 6643.2579 4.07685e-16
 6645.0807 4.02844e-16
 6646.9035 4.05776e-16
 6648.7263 4.06703e-16
 6650.5492 4.05177e-16
 6652.3720 4.10393e-16
 6654.1948 4.07919e-16
 6656.0176 3.96398e-16
 6657.8405 3.94233e-16
 6659.6633 3.93112e-16
 6661.4861 3.95493e-16
 6663.3089 3.93108e-16
 6665.1318 3.91514e-16
 6666.9546 3.88959e-16
 6668.7774 3.86632e-16
 6670.6002 3.85687e-16
 6672.4231 3.84229e-16
 6674.2459 3.86746e-16
 6676.0687 3.89294e-16
 6677.8915 3.83444e-16
 6679.7144 3.77908e-16
 6681.5372 3.83132e-16
 6683.3600 3.88157e-16
 6685.1828 3.79174e-16
 6687.0057 3.73659e-16
 6688.8285 3.74104e-16
 6690.6513 3.76502e-16
 6692.4741 3.72637e-16
 6694.2970 3.69324e-16
 6696.1198 3.67396e-16
 6697.9426 3.63052e-16
 6699.7654 3.64143e-16
 6701.5883 3.71196e-16
 6703.4111 3.71898e-16
 6705.2339 3.68177e-16
 6707.0567 3.65476e-16
 6708.8796 3.60129e-16
 6710.7024 3.57219e-16
 6712.5252 3.55191e-16
 6714.3480 3.52226e-16
 6716.1709 3.55343e-16
 6717.9937 3.57591e-16
 6719.8165 3.55868e-16
 6721.6393 3.56026e-16
 6723.4622 3.57612e-16
 6725.2850 3.62533e-16
 6727.1078 3.67665e-16
 6728.9306 3.59934e-16
 6730.7535 3.55926e-16
 6732.5763 3.55884e-16
 6734.3991 3.51496e-16
 6736.2219 3.52510e-16
 6738.0448 3.58383e-16
 6739.8676 3.60509e-16
 6741.6904 3.65457e-16
 6743.5132 3.68023e-16
 6745.3361 3.64509e-16
 6747.1589 3.66291e-16
 6748.9817 3.64365e-16
 6750.8045 3.62780e-16
 6752.6274 3.66090e-16
 6754.4502 3.69465e-16
 6756.2730 3.67024e-16
 6758.0958 3.69855e-16
 6759.9187 3.70763e-16
 6761.7415 3.65316e-16
 6763.5643 3.57097e-16
 6765.3871 3.53735e-16
 6767.2100 3.56197e-16
 6769.0328 3.58288e-16
 6770.8556 3.60030e-16
 6772.6784 3.57431e-16
 6774.5013 3.56091e-16
 6776.3241 3.58923e-16
 6778.1469 3.52718e-16
 6779.9697 3.48264e-16
 6781.7926 3.36925e-16
 6783.6154 3.27419e-16
 6785.4382 3.26070e-16
 6787.2610 3.26338e-16
 6789.0839 3.26352e-16
 6790.9067 3.26402e-16
 6792.7295 3.26453e-16
 6794.5523 3.26505e-16
 6796.3752 3.26556e-16
 6798.1980 3.26608e-16
 6800.0208 3.26660e-16
 6801.8436 3.26709e-16
 6803.6665 3.26750e-16
 6805.4893 3.26979e-16
 6807.3121 3.25477e-16
 6809.1349 3.25349e-16
 6810.9578 3.27772e-16
 6812.7806 3.30922e-16
 6814.6034 3.34436e-16
 6816.4262 3.31500e-16
 6818.2491 3.27099e-16
 6820.0719 3.30749e-16
 6821.8947 3.30744e-16
 6823.7175 3.30360e-16
 6825.5404 3.29368e-16
 6827.3632 3.29408e-16
 6829.1860 3.33206e-16
 6831.0088 3.33876e-16
 6832.8317 3.33831e-16
 6834.6545 3.34312e-16
 6836.4773 3.29142e-16
 6838.3001 3.30186e-16
 6840.1230 3.33645e-16
 6841.9458 3.33576e-16
 6843.7686 3.29974e-16
 6845.5914 3.32336e-16
 6847.4143 3.37959e-16
 6849.2371 3.37274e-16
 6851.0599 3.32081e-16
 6852.8827 3.29031e-16
 6854.7056 3.31107e-16
 6856.5284 3.34995e-16
 6858.3512 3.35304e-16
 6860.1740 3.34270e-16
 6861.9969 3.36530e-16
 6863.8197 3.43101e-16
 6865.6425 3.48327e-16
 6867.4653 3.40063e-16
 6869.2882 3.35046e-16
 6871.1110 3.39253e-16
 6872.9338 3.40170e-16
 6874.7566 3.41548e-16
 6876.5795 3.43806e-16
 6878.4023 3.44174e-16
 6880.2251 3.45121e-16
 6882.0479 3.36664e-16
 6883.8708 3.26471e-16
 6885.6936 3.29111e-16
 6887.5164 3.30313e-16
 6889.3392 3.32880e-16
 6891.1621 3.33992e-16
 6892.9849 3.32382e-16
 6894.8077 3.33445e-16
 6896.6305 3.32767e-16
 6898.4534 3.31130e-16
 6900.2762 3.27659e-16
 6902.0990 3.21629e-16
 6903.9218 3.25162e-16
 6905.7447 3.31592e-16
 6907.5675 3.31020e-16
 6909.3903 3.25006e-16
 6911.2131 3.26377e-16
 6913.0360 3.25544e-16
 6914.8588 3.23603e-16
 6916.6816 3.27195e-16
 6918.5044 3.20984e-16
 6920.3273 3.14407e-16
 6922.1501 3.22432e-16
 6923.9729 3.27704e-16
 6925.7957 3.24529e-16
 6927.6186 3.22961e-16
 6929.4414 3.19350e-16
 6931.2642 3.21980e-16
 6933.0870 3.20353e-16
 6934.9099 3.18169e-16
 6936.7327 3.21902e-16
 6938.5555 3.20263e-16
 6940.3783 3.15961e-16
 6942.2012 3.22301e-16
 6944.0240 3.31941e-16
 6945.8468 3.30379e-16
 6947.6696 3.24259e-16
 6949.4925 3.24568e-16
 6951.3153 3.25638e-16
 6953.1381 3.24438e-16
 6954.9609 3.26084e-16
 6956.7838 3.22964e-16
 6958.6066 3.21396e-16
 6960.4294 3.19932e-16
 6962.2522 3.16937e-16
 6964.0750 3.19808e-16
 6965.8979 3.24866e-16
 6967.7207 3.27883e-16
 6969.5435 3.28886e-16
 6971.3664 3.21721e-16
 6973.1892 3.18096e-16
 6975.0120 3.18323e-16
 6976.8348 3.17187e-16
 6978.6577 3.15242e-16
 6980.4805 3.14368e-16
 6982.3033 3.19574e-16
 6984.1261 3.23705e-16
 6985.9489 3.23743e-16
 6987.7718 3.21565e-16
 6989.5946 3.18312e-16
 6991.4174 3.17330e-16
 6993.2402 3.20753e-16
 6995.0631 3.24964e-16
 6996.8859 3.19184e-16
 6998.7087 3.15523e-16
 7000.5316 3.21190e-16
 7002.3544 3.21224e-16
 7004.1772 3.12093e-16
 7006.0000 3.10067e-16
 7007.8228 3.19001e-16
 7009.6457 3.21462e-16
 7011.4685 3.14870e-16
 7013.2913 3.12696e-16
 7015.1141 3.14818e-16
 7016.9370 3.16567e-16
 7018.7598 3.17011e-16
 7020.5826 3.18798e-16
 7022.4055 3.16183e-16
 7024.2283 3.17586e-16
 7026.0511 3.16613e-16
 7027.8739 3.15712e-16
 7029.6967 3.15873e-16
 7031.5196 3.12460e-16
 7033.3424 3.11346e-16
 7035.1652 3.15004e-16
 7036.9880 3.12422e-16
 7038.8109 3.06233e-16
 7040.6337 3.07815e-16
 7042.4565 3.09905e-16
 7044.2793 3.12772e-16
 7046.1022 3.14342e-16
 7047.9250 3.08243e-16
 7049.7478 3.05919e-16
 7051.5706 3.08967e-16
 7053.3935 3.05807e-16
 7055.2163 3.02252e-16
 7057.0391 3.10585e-16
 7058.8619 3.16558e-16
 7060.6848 3.07694e-16
 7062.5076 3.04724e-16
 7064.3304 3.07046e-16
 7066.1532 3.04722e-16
 7067.9761 3.04286e-16
 7069.7989 3.01370e-16
 7071.6217 2.97660e-16
 7073.4446 2.99082e-16
 7075.2674 3.01392e-16
 7077.0902 2.99581e-16
 7078.9130 2.97470e-16
 7080.7358 2.97636e-16
 7082.5587 2.98186e-16
 7084.3815 3.01047e-16
 7086.2043 3.04267e-16
 7088.0271 3.04032e-16
 7089.8500 3.05965e-16
 7091.6728 3.11373e-16
 7093.4956 3.09634e-16
 7095.3184 2.97082e-16
 7097.1413 2.96261e-16
 7098.9641 3.14477e-16
 7100.7869 3.25556e-16
 7102.6097 3.16489e-16
 7104.4326 3.07707e-16
 7106.2554 3.12328e-16
 7108.0782 3.15802e-16
 7109.9010 3.13374e-16
 7111.7239 3.10182e-16
 7113.5467 3.11754e-16
 7115.3695 3.15104e-16
 7117.1923 3.16563e-16
 7119.0152 3.18398e-16
 7120.8380 3.22253e-16
 7122.6608 3.16273e-16
 7124.4836 3.06753e-16
 7126.3065 3.11760e-16
 7128.1293 3.11276e-16
 7129.9521 3.05912e-16
 7131.7749 3.08065e-16
 7133.5978 3.07170e-16
 7135.4206 3.08717e-16
 7137.2434 3.09105e-16
 7139.0662 3.07745e-16
 7140.8891 3.02724e-16
 7142.7119 2.94622e-16
 7144.5347 2.93323e-16
 7146.3575 3.03326e-16
 7148.1804 3.13784e-16
 7150.0032 3.12227e-16
 7151.8260 3.02374e-16
 7153.6488 3.02302e-16
 7155.4717 3.10575e-16
 7157.2945 3.20163e-16
 7159.1173 3.23754e-16
 7160.9401 3.09152e-16
 7162.7630 3.01858e-16
 7164.5858 3.08938e-16
 7166.4086 3.13885e-16
 7168.2314 3.14492e-16
 7170.0543 3.11691e-16
 7171.8771 3.07458e-16
 7173.6999 3.07630e-16
 7175.5227 3.08575e-16
 7177.3456 3.13406e-16
 7179.1684 3.17444e-16
 7180.9912 3.13093e-16
 7182.8140 3.03637e-16
 7184.6369 2.91085e-16
 7186.4597 2.88846e-16
 7188.2825 2.99717e-16
 7190.1053 3.09662e-16
 7191.9282 3.14346e-16
 7193.7510 3.14129e-16
 7195.5738 3.07069e-16
 7197.3966 2.99215e-16
 7199.2195 2.91183e-16
 7201.0423 2.90225e-16
 7202.8651 3.00117e-16
 7204.6879 3.05160e-16
 7206.5108 3.05423e-16
 7208.3336 2.99485e-16
 7210.1564 2.89562e-16
 7211.9792 2.87472e-16
 7213.8021 2.92823e-16
 7215.6249 2.97144e-16
 7217.4477 2.98046e-16
 7219.2705 2.92323e-16
 7221.0934 2.85975e-16
 7222.9162 2.88454e-16
 7224.7390 2.94144e-16
 7226.5618 2.90870e-16
 7228.3847 2.90218e-16
 7230.2075 2.93374e-16
 7232.0303 2.91453e-16
 7233.8531 2.90508e-16
 7235.6760 2.92205e-16
 7237.4988 2.87872e-16
 7239.3216 2.84943e-16
 7241.1444 2.87813e-16
 7242.9673 2.88126e-16
 7244.7901 2.86121e-16
 7246.6129 2.87824e-16
 7248.4357 2.88396e-16
 7250.2586 2.83297e-16
 7252.0814 2.80777e-16
 7253.9042 2.80854e-16
 7255.7270 2.79644e-16
 7257.5499 2.83746e-16
 7259.3727 2.87068e-16
 7261.1955 2.79204e-16
 7263.0183 2.78795e-16
 7264.8412 2.79926e-16
 7266.6640 2.78133e-16
 7268.4868 2.80901e-16
 7270.3096 2.79502e-16
 7272.1325 2.79078e-16
 7273.9553 2.85167e-16
 7275.7781 2.81838e-16
 7277.6009 2.76091e-16
 7279.4238 2.77821e-16
 7281.2466 2.75583e-16
 7283.0694 2.75413e-16
 7284.8922 2.76766e-16
 7286.7151 2.74429e-16
 7288.5379 2.72938e-16
 7290.3607 2.78201e-16
 7292.1835 2.77909e-16
 7294.0064 2.76690e-16
 7295.8292 2.76592e-16
 7297.6520 2.77505e-16
 7299.4748 2.72727e-16
 7301.2977 2.66195e-16
 7303.1205 2.68856e-16
 7304.9433 2.70428e-16
 7306.7661 2.68167e-16
 7308.5890 2.70041e-16
 7310.4118 2.71475e-16
 7312.2346 2.69501e-16
 7314.0574 2.66085e-16
 7315.8803 2.70366e-16
 7317.7031 2.70779e-16
 7319.5259 2.67074e-16
 7321.3487 2.67376e-16
 7323.1716 2.67489e-16
 7324.9944 2.65840e-16
 7326.8172 2.66289e-16
 7328.6400 2.65592e-16
 7330.4629 2.65901e-16
 7332.2857 2.69012e-16
 7334.1085 2.69424e-16
 7335.9313 2.66557e-16
 7337.7542 2.64750e-16
 7339.5770 2.64297e-16
 7341.3998 2.63222e-16
 7343.2226 2.62001e-16
 7345.0455 2.64529e-16
 7346.8683 2.67469e-16
 7348.6911 2.67570e-16
 7350.5139 2.70046e-16
 7352.3368 2.65511e-16
 7354.1596 2.58393e-16
 7355.9824 2.63641e-16
 7357.8052 2.70214e-16
 7359.6280 2.66752e-16
 7361.4509 2.62747e-16
 7363.2737 2.59375e-16
 7365.0965 2.59669e-16
 7366.9194 2.60642e-16
 7368.7422 2.57812e-16
 7370.5650 2.56882e-16
 7372.3878 2.56418e-16
 7374.2107 2.56595e-16
 7376.0335 2.54896e-16
 7377.8563 2.51928e-16
 7379.6791 2.45946e-16
 7381.5019 2.43659e-16
 7383.3248 2.50242e-16
 7385.1476 2.52951e-16
 7386.9704 2.50102e-16
 7388.7933 2.48281e-16
 7390.6161 2.41699e-16
 7392.4389 2.33859e-16
 7394.2617 2.36378e-16
 7396.0846 2.38571e-16
 7397.9074 2.40821e-16
 7399.7302 2.42639e-16
 7401.5530 2.39709e-16
 7403.3758 2.39142e-16
 7405.1987 2.39775e-16
 7407.0215 2.40108e-16
 7408.8443 2.44162e-16
 7410.6671 2.45391e-16
 7412.4900 2.41817e-16
 7414.3128 2.41924e-16
 7416.1356 2.42289e-16
 7417.9585 2.37517e-16
 7419.7813 2.32053e-16
 7421.6041 2.31999e-16
 7423.4269 2.34232e-16
 7425.2497 2.29841e-16
 7427.0726 2.30283e-16
 7428.8954 2.34167e-16
 7430.7182 2.32715e-16
 7432.5410 2.28908e-16
 7434.3639 2.26055e-16
 7436.1867 2.25144e-16
 7438.0095 2.28181e-16
 7439.8323 2.28023e-16
 7441.6552 2.22951e-16
 7443.4780 2.23981e-16
 7445.3008 2.27125e-16
 7447.1237 2.25225e-16
 7448.9465 2.20600e-16
 7450.7693 2.13003e-16
 7452.5921 2.09880e-16
 7454.4149 2.12858e-16
 7456.2378 2.09320e-16
 7458.0606 1.99440e-16
 7459.8834 1.94107e-16
 7461.7062 1.90782e-16
 7463.5291 1.88863e-16
 7465.3519 1.85106e-16
 7467.1747 1.81216e-16
 7468.9976 1.78900e-16
 7470.8204 1.77305e-16
 7472.6432 1.73321e-16
 7474.4660 1.69086e-16
 7476.2888 1.65639e-16
 7478.1117 1.60931e-16
 7479.9345 1.56330e-16
 7481.7573 1.52020e-16
 7483.5801 1.48541e-16
 7485.4030 1.52158e-16
 7487.2258 1.52948e-16
 7489.0486 1.46896e-16
 7490.8714 1.45287e-16
 7492.6943 1.45783e-16
 7494.5171 1.44430e-16
 7496.3399 1.38210e-16
 7498.1627 1.26248e-16
 7499.9856 1.07502e-16
 7501.8084 9.07111e-17
 7503.6312 8.61984e-17
 7505.4540 8.65848e-17
 7507.2769 8.63669e-17
 7509.0997 8.67845e-17
 7510.9225 8.65903e-17
 7512.7453 1.04994e-16
 7514.5682 1.27106e-16
 7516.3910 1.35098e-16
 7518.2138 1.42962e-16
 7520.0366 1.57322e-16
 7521.8595 1.70549e-16
 7523.6823 1.72344e-16
 7525.5051 1.54466e-16
 7527.3279 1.24704e-16
 7529.1508 1.03710e-16
 7530.9736 1.01851e-16
 7532.7964 1.07746e-16
 7534.6192 1.10540e-16
 7536.4421 1.15352e-16
 7538.2649 1.26705e-16
 7540.0877 1.30825e-16
 7541.9105 1.31453e-16
 7543.7334 1.32463e-16
 7545.5562 1.31422e-16
 7547.3790 1.32866e-16
 7549.2018 1.39709e-16
 7551.0247 1.47391e-16
 7552.8475 1.47745e-16
 7554.6703 1.49071e-16
 7556.4931 1.53977e-16
 7558.3160 1.53543e-16
 7560.1388 1.54202e-16
 7561.9616 1.57426e-16
 7563.7844 1.57404e-16
 7565.6073 1.56416e-16
 7567.4301 1.60048e-16
 7569.2529 1.64500e-16
 7571.0757 1.65132e-16
 7572.8986 1.66044e-16
 7574.7214 1.66831e-16
 7576.5442 1.64839e-16
 7578.3670 1.67622e-16
 7580.1899 1.67804e-16
 7582.0127 1.68755e-16
 7583.8355 1.69220e-16
 7585.6583 1.70570e-16
 7587.4812 1.72614e-16
 7589.3040 1.73684e-16
 7591.1268 1.75094e-16
 7592.9496 1.76013e-16
 7594.7725 1.72820e-16
 7596.5953 1.66516e-16
 7598.4181 1.64438e-16
 7600.2409 1.67604e-16
 7602.0638 1.67609e-16
 7603.8866 1.66320e-16
 7605.7094 1.65968e-16
 7607.5322 1.65749e-16
 7609.3551 1.64877e-16
 7611.1779 1.64685e-16
 7613.0007 1.65315e-16
 7614.8235 1.64981e-16
 7616.6464 1.64745e-16
 7618.4692 1.65408e-16
 7620.2920 1.65240e-16
 7622.1148 1.69001e-16
 7623.9377 1.70716e-16
 7625.7605 1.67567e-16
 7627.5833 1.67704e-16
 7629.4061 1.70534e-16
 7631.2290 1.72238e-16
 7633.0518 1.74711e-16
 7634.8746 1.79430e-16
 7636.6974 1.82295e-16
 7638.5203 1.83304e-16
 7640.3431 1.85713e-16
 7642.1659 1.83676e-16
 7643.9887 1.86533e-16
 7645.8116 1.94132e-16
 7647.6344 1.93878e-16
 7649.4572 1.98182e-16
 7651.2800 2.02286e-16
 7653.1029 1.98342e-16
 7654.9257 2.00133e-16
 7656.7485 2.04596e-16
 7658.5713 2.01513e-16
 7660.3942 2.03223e-16
 7662.2170 2.11735e-16
 7664.0398 2.17937e-16
 7665.8626 2.17898e-16
 7667.6855 2.16407e-16
 7669.5083 2.17697e-16
 7671.3311 2.21511e-16
 7673.1539 2.25603e-16
 7674.9768 2.30305e-16
 7676.7996 2.33793e-16
 7678.6224 2.33100e-16
 7680.4452 2.32342e-16
 7682.2681 2.37882e-16
 7684.0909 2.43392e-16
 7685.9137 2.39531e-16
 7687.7365 2.37241e-16
 7689.5594 2.42815e-16
 7691.3822 2.48705e-16
 7693.2050 2.49920e-16
 7695.0278 2.49734e-16
 7696.8507 2.50760e-16
 7698.6735 2.49780e-16
 7700.4963 2.50864e-16
 7702.3191 2.53904e-16
 7704.1420 2.55037e-16
 7705.9648 2.58217e-16
 7707.7876 2.59420e-16
 7709.6104 2.61039e-16
 7711.4333 2.59015e-16
 7713.2561 2.54593e-16
 7715.0789 2.56485e-16
 7716.9017 2.62049e-16
 7718.7246 2.61432e-16
 7720.5474 2.62216e-16
 7722.3702 2.73290e-16
 7724.1930 2.80558e-16
 7726.0159 2.74313e-16
 7727.8387 2.69532e-16
 7729.6615 2.71122e-16
 7731.4843 2.70671e-16
 7733.3072 2.74414e-16
 7735.1300 2.77726e-16
 7736.9528 2.75769e-16
 7738.7756 2.78852e-16
 7740.5985 2.77481e-16
 7742.4213 2.79239e-16
 7744.2441 2.83023e-16
 7746.0669 2.78031e-16
 7747.8898 2.74070e-16
 7749.7126 2.76826e-16
 7751.5354 2.78893e-16
 7753.3582 2.81708e-16
 7755.1810 2.78558e-16
 7757.0039 2.78792e-16
 7758.8267 2.79948e-16
 7760.6495 2.79670e-16
 7762.4724 2.75652e-16
 7764.2952 2.70205e-16
 7766.1180 2.75030e-16
 7767.9408 2.81289e-16
 7769.7637 2.79429e-16
 7771.5865 2.83235e-16
 7773.4093 2.88006e-16
 7775.2321 2.81869e-16
 7777.0549 2.80445e-16
 7778.8778 2.80515e-16
 7780.7006 2.77052e-16
 7782.5234 2.74521e-16
 7784.3463 2.78000e-16
 7786.1691 2.82001e-16
 7787.9919 2.85620e-16
 7789.8147 2.84176e-16
 7791.6376 2.79882e-16
 7793.4604 2.83293e-16
 7795.2832 2.87642e-16
 7797.1060 2.88311e-16
 7798.9288 2.90741e-16
 7800.7517 2.93509e-16
 7802.5745 2.86139e-16
 7804.3973 2.82218e-16
 7806.2201 2.88738e-16
 7808.0430 2.94154e-16
 7809.8658 2.94151e-16
 7811.6886 2.87441e-16
 7813.5115 2.81444e-16
 7815.3343 2.84957e-16
 7817.1571 2.87704e-16
 7818.9799 2.84492e-16
 7820.8028 2.81606e-16
 7822.6256 2.83539e-16
 7824.4484 2.84295e-16
 7826.2712 2.94378e-16
 7828.0940 2.94102e-16
 7829.9169 2.91046e-16
 7831.7397 2.91575e-16
 7833.5625 2.90225e-16
 7835.3853 2.87173e-16
 7837.2082 2.79681e-16
 7839.0310 2.71256e-16
 7840.8538 2.74665e-16
 7842.6767 2.79033e-16
 7844.4995 2.77250e-16
 7846.3223 2.79294e-16
 7848.1451 2.80364e-16
 7849.9679 2.82422e-16
 7851.7908 2.83915e-16
 7853.6136 2.82655e-16
 7855.4364 2.81058e-16
 7857.2592 2.81855e-16
 7859.0821 2.81884e-16
 7860.9049 2.78747e-16
 7862.7277 2.76760e-16
 7864.5506 2.75947e-16
 7866.3734 2.76907e-16
 7868.1962 2.76458e-16
 7870.0190 2.77077e-16
 7871.8418 2.73321e-16
 7873.6647 2.74422e-16
 7875.4875 2.74907e-16
 7877.3103 2.73865e-16
 7879.1331 2.74291e-16
 7880.9560 2.75737e-16
 7882.7788 2.77319e-16
 7884.6016 2.74154e-16
 7886.4244 2.70616e-16
 7888.2473 2.67311e-16
 7890.0701 2.70189e-16
 7891.8929 2.70862e-16
 7893.7157 2.67012e-16
 7895.5386 2.67227e-16
 7897.3614 2.68741e-16
 7899.1842 2.69093e-16
 7901.0070 2.66447e-16
 7902.8299 2.66513e-16
 7904.6527 2.69191e-16
 7906.4755 2.63348e-16
 7908.2983 2.62278e-16
 7910.1212 2.65403e-16
 7911.9440 2.60901e-16
 7913.7668 2.58237e-16
 7915.5896 2.55573e-16
 7917.4125 2.53181e-16
 7919.2353 2.57980e-16
 7921.0581 2.54690e-16
 7922.8809 2.45653e-16
 7924.7038 2.44146e-16
 7926.5266 2.48669e-16
 7928.3494 2.54179e-16
 7930.1722 2.50502e-16
 7931.9951 2.43844e-16
 7933.8179 2.37495e-16
 7935.6407 2.39412e-16
 7937.4635 2.41270e-16
 7939.2864 2.39685e-16
 7941.1092 2.38089e-16
 7942.9320 2.31854e-16
 7944.7548 2.27879e-16
 7946.5777 2.28417e-16
 7948.4005 2.27707e-16
 7950.2233 2.28960e-16
 7952.0461 2.27470e-16
 7953.8690 2.21799e-16
 7955.6918 2.18717e-16
 7957.5146 2.17389e-16
 7959.3374 2.20068e-16
 7961.1603 2.16007e-16
 7962.9831 2.13153e-16
 7964.8059 2.25565e-16
 7966.6287 2.29967e-16
 7968.4516 2.16190e-16
 7970.2744 2.10988e-16
 7972.0972 2.17782e-16
 7973.9200 2.14729e-16
 7975.7429 2.06014e-16
 7977.5657 2.06911e-16
 7979.3885 2.05247e-16
 7981.2113 2.05297e-16
 7983.0342 2.04740e-16
 7984.8570 2.03107e-16
 7986.6798 2.10286e-16
 7988.5026 2.13833e-16
 7990.3255 2.13184e-16
 7992.1483 2.14907e-16
 7993.9711 2.08455e-16
 7995.7939 2.04155e-16
 7997.6168 2.11644e-16
 7999.4396 2.07650e-16
 8001.2624 2.01169e-16
 8003.0852 2.06949e-16
 8004.9081 2.06969e-16
 8006.7309 2.04777e-16
 8008.5537 2.09500e-16
 8010.3765 2.07017e-16
 8012.1994 1.99234e-16
 8014.0222 1.98713e-16
 8015.8450 2.01810e-16
 8017.6678 2.02977e-16
 8019.4907 1.99216e-16
 8021.3135 1.95133e-16
 8023.1363 1.95150e-16
 8024.9591 2.00180e-16
 8026.7820 2.03349e-16
 8028.6048 2.04183e-16
 8030.4276 1.99052e-16
 8032.2504 1.94489e-16
 8034.0733 1.95281e-16
 8035.8961 1.97417e-16
 8037.7189 1.97892e-16
 8039.5417 1.95774e-16
 8041.3646 1.93081e-16
 8043.1874 1.92086e-16
 8045.0102 1.89860e-16
 8046.8330 1.87181e-16
 8048.6559 1.88599e-16
 8050.4787 1.84960e-16
 8052.3015 1.81592e-16
 8054.1243 1.79424e-16
 8055.9472 1.76975e-16
 8057.7700 1.76593e-16
 8059.5928 1.72290e-16
 8061.4156 1.64148e-16
 8063.2385 1.66944e-16
 8065.0613 1.75888e-16
 8066.8841 1.76312e-16
 8068.7069 1.70077e-16
 8070.5298 1.67800e-16
 8072.3526 1.66283e-16
 8074.1754 1.58499e-16
 8075.9982 1.52236e-16
 8077.8211 1.51576e-16
 8079.6439 1.55073e-16
 8081.4667 1.61830e-16
 8083.2895 1.62754e-16
 8085.1124 1.54206e-16
 8086.9352 1.48681e-16
 8088.7580 1.44227e-16
 8090.5808 1.42156e-16
 8092.4037 1.43645e-16
 8094.2265 1.39865e-16
 8096.0493 1.33110e-16
 8097.8721 1.32364e-16
 8099.6950 1.34389e-16
 8101.5178 1.37168e-16
 8103.3406 1.40278e-16
 8105.1634 1.36687e-16
 8106.9863 1.28857e-16
 8108.8091 1.25502e-16
 8110.6319 1.23178e-16
 8112.4547 1.23554e-16
 8114.2776 1.23345e-16
 8116.1004 1.17351e-16
 8117.9232 1.12800e-16
 8119.7460 1.10182e-16
 8121.5689 1.09766e-16
 8123.3917 1.07988e-16
 8125.2145 9.95116e-17
 8127.0373 9.20665e-17
 8128.8602 9.28337e-17
 8130.6830 9.54416e-17
 8132.5058 9.92759e-17
 8134.3286 1.01021e-16
 8136.1515 1.02401e-16
 8137.9743 1.01035e-16
 8139.7971 9.78148e-17
 8141.6199 9.37054e-17
 8143.4428 9.24820e-17
 8145.2656 9.29398e-17
 8147.0884 9.29830e-17
 8148.9112 9.12542e-17
 8150.7340 8.69428e-17
 8152.5569 8.60713e-17
 8154.3797 8.52103e-17
 8156.2025 7.87489e-17
 8158.0254 8.21336e-17
 8159.8482 8.61859e-17
 8161.6710 8.17326e-17
 8163.4938 8.17436e-17
 8165.3167 8.44991e-17
 8167.1395 8.17477e-17
 8168.9623 7.58026e-17
 8170.7851 7.14115e-17
 8172.6079 7.09012e-17
 8174.4308 7.41511e-17
 8176.2536 7.67554e-17
 8178.0764 7.44329e-17
 8179.8993 7.14392e-17
 8181.7221 7.50522e-17
 8183.5449 7.66227e-17
 8185.3677 7.60254e-17
 8187.1906 7.61861e-17
 8189.0134 7.45494e-17
 8190.8362 7.44147e-17
 8192.6590 7.33165e-17
 8194.4819 6.75798e-17
 8196.3047 6.82959e-17
 8198.1275 7.26821e-17
 8199.9503 7.14612e-17
 8201.7731 6.98955e-17
 8203.5960 6.78870e-17
 8205.4188 6.51732e-17
 8207.2416 5.98562e-17
 8209.0645 5.93296e-17
 8210.8873 6.52100e-17
 8212.7101 6.50788e-17
 8214.5329 5.96852e-17
 8216.3558 5.98372e-17
 8218.1786 6.23309e-17
 8220.0014 6.31084e-17
 8221.8242 6.25558e-17
 8223.6470 6.51643e-17
 8225.4699 6.33186e-17
 8227.2927 6.03272e-17
 8229.1155 6.19829e-17
 8230.9384 6.27759e-17
 8232.7612 6.02043e-17
 8234.5840 5.70800e-17
 8236.4068 5.65601e-17
 8238.2297 5.79357e-17
 8240.0525 5.74089e-17
 8241.8753 5.78632e-17
 8243.6981 6.29542e-17
 8245.5209 6.49678e-17
 8247.3438 5.85495e-17
 8249.1666 6.16066e-17
 8250.9894 6.16553e-17
 8252.8122 5.56927e-17
 8254.6351 5.63812e-17
 8256.4579 6.03507e-17
 8258.2807 5.93147e-17
 8260.1036 6.02961e-17
 8261.9264 6.58261e-17
 8263.7492 6.46382e-17
 8265.5720 5.96585e-17
 8267.3948 6.04718e-17
 8269.2177 6.07115e-17
 8271.0405 6.29540e-17
 8272.8633 6.48932e-17
 8274.6861 6.28216e-17
 8276.5090 6.15095e-17
 8278.3318 6.52889e-17
 8280.1546 6.76019e-17
 8281.9774 6.55294e-17
 8283.8003 6.70586e-17
 8285.6231 7.06222e-17
 8287.4459 6.88810e-17
 8289.2687 6.96697e-17
 8291.0916 6.99072e-17
 8292.9144 6.98886e-17
 8294.7372 6.99631e-17
 8296.5600 6.89431e-17
 8298.3829 6.87488e-17
 8300.2057 7.02469e-17
 8302.0285 7.17077e-17
 8303.8513 7.33097e-17
 8305.6742 7.59999e-17
 8307.4970 7.81609e-17
 8309.3198 7.78711e-17
 8311.1426 7.48796e-17
 8312.9655 7.29905e-17
 8314.7883 7.44312e-17
 8316.6111 8.12822e-17
 8318.4339 8.39866e-17
 8320.2568 8.15197e-17
 8322.0796 8.16243e-17
 8323.9024 8.23848e-17
 8325.7252 8.07001e-17
 8327.5481 8.31774e-17
 8329.3709 8.87468e-17
 8331.1937 8.57647e-17
 8333.0165 8.11769e-17
 8334.8394 8.94373e-17
 8336.6622 9.01937e-17
 8338.4850 8.69000e-17
 8340.3078 8.68186e-17
 8342.1307 8.54032e-17
 8343.9535 8.95234e-17
 8345.7763 1.03834e-16
 8347.5991 1.02584e-16
 8349.4220 8.94735e-17
 8351.2448 9.30554e-17
 8353.0676 9.42187e-17
 8354.8904 9.41147e-17
 8356.7133 9.44663e-17
 8358.5361 9.58857e-17
 8360.3589 9.83796e-17
 8362.1817 1.02730e-16
 8364.0046 1.01427e-16
 8365.8274 1.01952e-16
 8367.6502 1.05531e-16
 8369.4730 1.04903e-16
 8371.2959 1.02532e-16
 8373.1187 1.03691e-16
 8374.9415 1.09012e-16
 8376.7643 1.15051e-16
 8378.5872 1.15563e-16
 8380.4100 1.15153e-16
 8382.2328 1.15152e-16
 8384.0556 1.13427e-16
 8385.8785 1.11441e-16
 8387.7013 1.13423e-16
 8389.5241 1.17020e-16
 8391.3469 1.17883e-16
 8393.1698 1.19172e-16
 8394.9926 1.22190e-16
 8396.8154 1.22043e-16
 8398.6382 1.20824e-16
 8400.4611 1.21118e-16
 8402.2839 1.24399e-16
 8404.1067 1.27145e-16
 8405.9295 1.31828e-16
 8407.7524 1.28869e-16
 8409.5752 1.29184e-16
 8411.3980 1.33320e-16
 8413.2208 1.36714e-16
 8415.0437 1.38016e-16
 8416.8665 1.36269e-16
 8418.6893 1.37411e-16
 8420.5121 1.37838e-16
 8422.3350 1.35504e-16
 8424.1578 1.39611e-16
 8425.9806 1.48825e-16
 8427.8034 1.53355e-16
 8429.6263 1.51861e-16
 8431.4491 1.51043e-16
 8433.2719 1.53701e-16
 8435.0947 1.55877e-16
 8436.9176 1.56858e-16
 8438.7404 1.58639e-16
 8440.5632 1.60128e-16
 8442.3860 1.59683e-16
 8444.2089 1.54923e-16
 8446.0317 1.52193e-16
 8447.8545 1.57770e-16
 8449.6773 1.60605e-16
 8451.5002 1.62998e-16
 8453.3230 1.68775e-16
 8455.1458 1.71623e-16
 8456.9686 1.70166e-16
 8458.7915 1.66481e-16
 8460.6143 1.66913e-16
 8462.4371 1.72479e-16
 8464.2599 1.73240e-16
 8466.0828 1.76971e-16
 8467.9056 1.78879e-16
 8469.7284 1.74518e-16
 8471.5512 1.72036e-16
 8473.3741 1.73832e-16
 8475.1969 1.73314e-16
 8477.0197 1.75964e-16
 8478.8425 1.81929e-16
 8480.6654 1.81367e-16
 8482.4882 1.80241e-16
 8484.3110 1.85083e-16
 8486.1338 1.84265e-16
 8487.9567 1.81875e-16
 8489.7795 1.84312e-16
 8491.6023 1.83763e-16
 8493.4251 1.85948e-16
 8495.2480 1.95456e-16
 8497.0708 1.99411e-16
 8498.8936 1.95527e-16
 8500.7164 1.92292e-16
 8502.5393 1.92520e-16
 8504.3621 1.94177e-16
 8506.1849 1.95516e-16
 8508.0077 1.94983e-16
 8509.8306 1.94286e-16
 8511.6534 1.97382e-16
 8513.4762 2.01537e-16
 8515.2990 2.02069e-16
 8517.1219 1.98380e-16
 8518.9447 1.93552e-16
 8520.7675 1.92005e-16
 8522.5903 1.92196e-16
 8524.4132 1.96554e-16
 8526.2360 2.02974e-16
 8528.0588 2.02623e-16
 8529.8816 1.98310e-16
 8531.7045 1.98671e-16
 8533.5273 2.02956e-16
 8535.3501 2.01038e-16
 8537.1729 1.98230e-16
 8538.9958 2.01392e-16
 8540.8186 2.08249e-16
 8542.6414 2.11813e-16
 8544.4642 2.04925e-16
 8546.2871 1.98161e-16
 8548.1099 2.01121e-16
 8549.9327 2.08599e-16
 8551.7555 2.13793e-16
 8553.5784 2.09576e-16
 8555.4012 1.99590e-16
 8557.2240 1.97507e-16
 8559.0468 2.00311e-16
 8560.8697 2.01027e-16
 8562.6925 2.01389e-16
 8564.5153 2.01162e-16
 8566.3381 2.03897e-16
 8568.1610 2.03212e-16
 8569.9838 2.00282e-16
 8571.8066 2.00849e-16
 8573.6294 2.01647e-16
 8575.4523 2.06625e-16
 8577.2751 2.09643e-16
 8579.0979 2.00272e-16
 8580.9207 1.97124e-16
 8582.7436 1.99078e-16
 8584.5664 2.03220e-16
 8586.3892 2.03621e-16
 8588.2120 2.00131e-16
 8590.0349 1.99687e-16
 8591.8577 1.98426e-16
 8593.6805 1.90110e-16
 8595.5033 1.88791e-16
 8597.3261 1.98751e-16
 8599.1490 1.97922e-16
 8600.9718 1.95933e-16
 8602.7946 1.93302e-16
 8604.6175 1.89332e-16
 8606.4403 1.89815e-16
 8608.2631 1.89321e-16
 8610.0859 1.85477e-16
 8611.9088 1.84896e-16
 8613.7316 1.86880e-16
 8615.5544 1.88660e-16
 8617.3772 1.90612e-16
 8619.2000 1.87978e-16
 8621.0229 1.84798e-16
 8622.8457 1.91110e-16
 8624.6685 1.92060e-16
 8626.4914 1.91694e-16
 8628.3142 1.88907e-16
 8630.1370 1.86186e-16
 8631.9598 1.86462e-16
 8633.7827 1.85455e-16
 8635.6055 1.82361e-16
 8637.4283 1.82434e-16
 8639.2511 1.83516e-16
 8641.0739 1.83733e-16
 8642.8968 1.84449e-16
 8644.7196 1.77931e-16
 8646.5424 1.82904e-16
 8648.3652 1.85002e-16
 8650.1881 1.85181e-16
 8652.0109 1.85560e-16
 8653.8337 1.81087e-16
 8655.6566 1.79536e-16
 8657.4794 1.75655e-16
 8659.3022 1.73436e-16
 8661.1250 1.81471e-16
 8662.9478 1.86262e-16
 8664.7707 1.84227e-16
 8666.5935 1.79517e-16
 8668.4163 1.76101e-16
 8670.2391 1.74573e-16
 8672.0620 1.82888e-16
 8673.8848 1.86142e-16
 8675.7076 1.86877e-16
 8677.5304 1.91140e-16
 8679.3533 1.85848e-16
 8681.1761 1.80731e-16
 8682.9989 1.85523e-16
 8684.8217 1.87828e-16
 8686.6446 1.88871e-16
 8688.4674 1.83835e-16
 8690.2902 1.80244e-16
 8692.1130 1.89620e-16
 8693.9359 1.90213e-16
 8695.7587 1.88103e-16
 8697.5815 1.89885e-16
 8699.4043 1.88155e-16
 8701.2272 1.83556e-16
 8703.0500 1.79313e-16
 8704.8728 1.76255e-16
 8706.6956 1.77023e-16
 8708.5185 1.82891e-16
 8710.3413 1.88500e-16
 8712.1641 1.83272e-16
 8713.9869 1.83789e-16
 8715.8098 1.83996e-16
 8717.6326 1.86401e-16
 8719.4554 1.94416e-16
 8721.2782 1.94373e-16
 8723.1011 1.84955e-16
 8724.9239 1.77471e-16
 8726.7467 1.80228e-16
 8728.5695 1.84653e-16
 8730.3924 1.80418e-16
 8732.2152 1.80055e-16
 8734.0380 1.82666e-16
 8735.8608 1.83061e-16
 8737.6837 1.79697e-16
 8739.5065 1.81533e-16
 8741.3293 1.80100e-16
 8743.1521 1.75392e-16
 8744.9750 1.71163e-16
 8746.7978 1.70316e-16
 8748.6206 1.69307e-16
 8750.4434 1.67966e-16
 8752.2663 1.71390e-16
 8754.0891 1.71192e-16
 8755.9119 1.67338e-16
 8757.7347 1.69849e-16
 8759.5576 1.71176e-16
 8761.3804 1.68264e-16
 8763.2032 1.65560e-16
 8765.0260 1.66605e-16
 8766.8489 1.69247e-16
 8768.6717 1.65522e-16
 8770.4945 1.60279e-16
 8772.3173 1.61886e-16
 8774.1402 1.65947e-16
 8775.9630 1.68259e-16
 8777.7858 1.66633e-16
 8779.6086 1.66047e-16
 8781.4315 1.70258e-16
 8783.2543 1.61365e-16
 8785.0771 1.57466e-16
 8786.8999 1.55919e-16
 8788.7228 1.53547e-16
 8790.5456 1.56647e-16
 8792.3684 1.56889e-16
 8794.1912 1.52617e-16
 8796.0141 1.56499e-16
 8797.8369 1.63939e-16
 8799.6597 1.63501e-16
 8801.4825 1.57497e-16
 8803.3054 1.58081e-16
 8805.1282 1.57072e-16
 8806.9510 1.55246e-16
 8808.7738 1.55603e-16
 8810.5967 1.56252e-16
 8812.4195 1.58064e-16
 8814.2423 1.62933e-16
 8816.0651 1.65288e-16
 8817.8880 1.63279e-16
 8819.7108 1.64226e-16
 8821.5336 1.64918e-16
 8823.3564 1.60944e-16
 8825.1793 1.61949e-16
 8827.0021 1.60885e-16
 8828.8249 1.64268e-16
 8830.6477 1.60544e-16
 8832.4706 1.56118e-16
 8834.2934 1.59555e-16
 8836.1162 1.57274e-16
 8837.9390 1.56420e-16
 8839.7619 1.61968e-16
 8841.5847 1.55325e-16
 8843.4075 1.49438e-16
 8845.2303 1.50243e-16
 8847.0532 1.53324e-16
 8848.8760 1.54641e-16
 8850.6988 1.56973e-16
 8852.5216 1.53244e-16
 8854.3445 1.48190e-16
 8856.1673 1.48905e-16
 8857.9901 1.56616e-16
 8859.8129 1.57449e-16
 8861.6358 1.47929e-16
 8863.4586 1.44752e-16
 8865.2814 1.48601e-16
 8867.1042 1.51931e-16
 8868.9271 1.48084e-16
 8870.7499 1.44463e-16
 8872.5727 1.42510e-16
 8874.3955 1.38834e-16
 8876.2184 1.36691e-16
 8878.0412 1.33963e-16
 8879.8640 1.32686e-16
 8881.6868 1.38159e-16
 8883.5097 1.45542e-16
 8885.3325 1.46045e-16
 8887.1553 1.37805e-16
 8888.9781 1.27087e-16
 8890.8010 1.27085e-16
 8892.6238 1.34649e-16
 8894.4466 1.38719e-16
 8896.2694 1.41024e-16
 8898.0923 1.39224e-16
 8899.9151 1.34422e-16
 8901.7379 1.34346e-16
 8903.5607 1.32255e-16
 8905.3836 1.28353e-16
 8907.2064 1.30185e-16
 8909.0292 1.29588e-16
 8910.8520 1.27115e-16
 8912.6749 1.21101e-16
 8914.4977 1.16563e-16
 8916.3205 1.24341e-16
 8918.1433 1.27144e-16
 8919.9662 1.21159e-16
 8921.7890 1.21738e-16
 8923.6118 1.21874e-16
 8925.4346 1.16325e-16
 8927.2575 1.14290e-16
 8929.0803 1.14642e-16
 8930.9031 1.12509e-16
 8932.7259 1.13271e-16
 8934.5488 1.16914e-16
 8936.3716 1.15563e-16
 8938.1944 1.16162e-16
 8940.0172 1.18293e-16
 8941.8401 1.19252e-16
 8943.6629 1.16396e-16
 8945.4857 1.15651e-16
 8947.3085 1.16766e-16
 8949.1314 1.14117e-16
 8950.9542 1.10243e-16
 8952.7770 1.11167e-16
 8954.5998 1.14374e-16
 8956.4227 1.12324e-16
 8958.2455 1.12124e-16
 8960.0683 1.13768e-16
 8961.8911 1.10596e-16
 8963.7140 1.14921e-16
 8965.5368 1.17151e-16
 8967.3596 1.10817e-16
 8969.1824 1.08994e-16
 8971.0053 1.13737e-16
 8972.8281 1.17922e-16
 8974.6509 1.20006e-16
 8976.4737 1.17171e-16
 8978.2966 1.14759e-16
 8980.1194 1.17640e-16
 8981.9422 1.19096e-16
 8983.7650 1.16177e-16
 8985.5879 1.12265e-16
 8987.4107 1.09498e-16
 8989.2335 1.11814e-16
 8991.0563 1.17550e-16
 8992.8791 1.16999e-16
 8994.7020 1.11625e-16
 8996.5248 1.11944e-16
 8998.3476 1.17140e-16
 9000.1705 1.20665e-16
 9001.9933 1.17848e-16
 9003.8161 1.14475e-16
 9005.6389 1.11219e-16
 9007.4618 1.15486e-16
 9009.2846 1.23405e-16
 9011.1074 1.22434e-16
 9012.9302 1.18338e-16
 9014.7530 1.14384e-16
 9016.5759 1.11387e-16
 9018.3987 1.15574e-16
 9020.2215 1.19805e-16
 9022.0444 1.18654e-16
 9023.8672 1.21034e-16
 9025.6900 1.24437e-16
 9027.5128 1.26753e-16
 9029.3357 1.29832e-16
 9031.1585 1.29152e-16
 9032.9813 1.27693e-16
 9034.8041 1.26363e-16
 9036.6269 1.21922e-16
 9038.4498 1.16895e-16
 9040.2726 1.15051e-16
 9042.0954 1.15120e-16
 9043.9182 1.16662e-16
 9045.7411 1.19794e-16
 9047.5639 1.22902e-16
 9049.3867 1.28140e-16
 9051.2096 1.28835e-16
 9053.0324 1.25443e-16
 9054.8552 1.19175e-16
 9056.6780 1.22734e-16
 9058.5008 1.24390e-16
 9060.3237 1.13583e-16
 9062.1465 1.08665e-16
 9063.9693 1.15670e-16
 9065.7921 1.24130e-16
 9067.6150 1.30280e-16
 9069.4378 1.23094e-16
 9071.2606 1.21037e-16
 9073.0835 1.27020e-16
 9074.9063 1.29003e-16
 9076.7291 1.25332e-16
 9078.5519 1.25348e-16
 9080.3747 1.23340e-16
 9082.1976 1.20296e-16
 9084.0204 1.23863e-16
 9085.8432 1.25868e-16
 9087.6660 1.24323e-16
 9089.4889 1.26734e-16
 9091.3117 1.24852e-16
 9093.1345 1.18781e-16
 9094.9573 1.22767e-16
 9096.7802 1.27414e-16
 9098.6030 1.29822e-16
 9100.4258 1.27561e-16
 9102.2486 1.21840e-16
 9104.0715 1.19715e-16
 9105.8943 1.22113e-16
 9107.7171 1.22848e-16
 9109.5399 1.21135e-16
 9111.3628 1.21366e-16
 9113.1856 1.21043e-16
 9115.0084 1.21116e-16
 9116.8312 1.22969e-16
 9118.6541 1.22134e-16
 9120.4769 1.20729e-16
 9122.2997 1.19927e-16
 9124.1225 1.15713e-16
 9125.9454 1.17789e-16
 9127.7682 1.23739e-16
 9129.5910 1.20372e-16
 9131.4138 1.17523e-16
 9133.2367 1.20076e-16
 9135.0595 1.19085e-16
 9136.8823 1.19241e-16
 9138.7051 1.22178e-16
 9140.5280 1.20936e-16
 9142.3508 1.20097e-16
 9144.1736 1.21759e-16
 9145.9964 1.21399e-16
 9147.8193 1.18216e-16
 9149.6421 1.19715e-16
 9151.4649 1.23184e-16
 9153.2877 1.18209e-16
 9155.1106 1.13643e-16
 9156.9334 1.16204e-16
 9158.7562 1.16097e-16
 9160.5790 1.18761e-16
 9162.4019 1.17702e-16
 9164.2247 1.15093e-16
 9166.0475 1.18725e-16
 9167.8703 1.21003e-16
 9169.6932 1.18183e-16
 9171.5160 1.15478e-16
 9173.3388 1.15429e-16
 9175.1616 1.17977e-16
 9176.9845 1.19617e-16
 9178.8073 1.17563e-16
 9180.6301 1.17207e-16
 9182.4529 1.15982e-16
 9184.2758 1.15207e-16
 9186.0986 1.15342e-16
 9187.9214 1.14414e-16
 9189.7442 1.11406e-16
 9191.5671 1.11370e-16
 9193.3899 1.05847e-16
 9195.2127 1.00512e-16
 9197.0355 1.11077e-16
 9198.8584 1.17244e-16
 9200.6812 1.08336e-16
 9202.5040 1.05631e-16
 9204.3268 1.16366e-16
 9206.1497 1.18637e-16
 9207.9725 1.10120e-16
 9209.7953 1.03440e-16
 9211.6181 1.10239e-16
 9213.4410 1.12668e-16
 9215.2638 1.11986e-16
 9217.0866 1.13260e-16
 9218.9094 1.10665e-16
 9220.7323 1.11066e-16
 9222.5551 1.08047e-16
 9224.3779 1.10077e-16
 9226.2007 1.09939e-16
 9228.0236 1.01551e-16
 9229.8464 1.04617e-16
 9231.6692 1.06918e-16
 9233.4920 1.06062e-16
 9235.3149 1.05786e-16
 9237.1377 1.05316e-16
 9238.9605 1.05765e-16
 9240.7833 1.07140e-16
 9242.6062 1.10694e-16
 9244.4290 1.18285e-16
 9246.2518 1.21670e-16
 9248.0746 1.19247e-16
 9249.8975 1.14295e-16
 9251.7203 1.11859e-16
 9253.5431 1.08039e-16
 9255.3659 1.05218e-16
 9257.1888 1.10429e-16
 9259.0116 1.13247e-16
 9260.8344 1.08186e-16
 9262.6572 1.01927e-16
 9264.4801 9.86263e-17
 9266.3029 1.06367e-16
 9268.1257 1.19930e-16
 9269.9485 1.22541e-16
 9271.7714 1.22115e-16
 9273.5942 1.20948e-16
 9275.4170 1.27795e-16
 9277.2398 1.29521e-16
 9279.0627 1.28540e-16
 9280.8855 1.27117e-16
 9282.7083 1.21062e-16
 9284.5311 1.13738e-16
 9286.3540 1.09457e-16
 9288.1768 1.12477e-16
 9289.9996 1.20343e-16
 9291.8224 1.14958e-16
 9293.6453 1.04896e-16
 9295.4681 1.11908e-16
 9297.2909 1.19440e-16
 9299.1137 1.18185e-16
 9300.9366 1.14538e-16
 9302.7594 1.10811e-16
 9304.5822 1.09322e-16
 9306.4050 1.16280e-16
 9308.2279 1.22002e-16
 9310.0507 1.11564e-16
 9311.8735 1.00681e-16
 9313.6963 1.05347e-16
 9315.5192 1.17549e-16
 9317.3420 1.28926e-16
 9319.1648 1.25544e-16
 9320.9876 1.09057e-16
 9322.8105 9.83829e-17
 9324.6333 9.77884e-17
 9326.4561 1.02843e-16
 9328.2789 1.13949e-16
 9330.1018 1.23069e-16
 9331.9246 1.19848e-16
 9333.7474 1.14075e-16
 9335.5702 1.14424e-16
 9337.3931 1.11119e-16
 9339.2159 1.09353e-16
 9341.0387 1.10753e-16
 9342.8615 1.04470e-16
 9344.6844 1.08639e-16
 9346.5072 1.20101e-16
 9348.3300 1.20335e-16
 9350.1528 1.12480e-16
 9351.9757 1.08178e-16
 9353.7985 1.10499e-16
 9355.6213 1.16214e-16
 9357.4441 1.17751e-16
 9359.2670 1.16525e-16
 9361.0898 1.13510e-16
 9362.9126 1.03610e-16
 9364.7354 9.74067e-17
 9366.5583 1.09797e-16
 9368.3811 1.23667e-16
 9370.2039 1.30789e-16
 9372.0267 1.30125e-16
 9373.8496 1.22446e-16
 9375.6724 1.16275e-16
 9377.4952 1.09985e-16
 9379.3180 1.07859e-16
 9381.1409 1.07884e-16
 9382.9637 1.05518e-16
 9384.7865 1.11461e-16
 9386.6093 1.19476e-16
 9388.4322 1.31587e-16
 9390.2550 1.35802e-16
 9392.0778 1.26103e-16
 9393.9006 1.16506e-16
 9395.7235 1.11891e-16
 9397.5463 1.05564e-16
 9399.3691 9.97720e-17
 9401.1919 1.00548e-16
 9403.0148 1.09302e-16
 9404.8376 1.11484e-16
 9406.6604 1.13993e-16
 9408.4832 1.24356e-16
 9410.3060 1.19491e-16
 9412.1289 1.12327e-16
 9413.9517 1.15116e-16
 9415.7745 1.16444e-16
 9417.5974 1.11936e-16
 9419.4202 1.10147e-16
 9421.2430 1.13132e-16
 9423.0658 1.11729e-16
 9424.8887 1.05394e-16
 9426.7115 1.04282e-16
 9428.5343 1.11620e-16
 9430.3571 1.14669e-16
 9432.1799 1.15594e-16
 9434.0028 1.13113e-16
 9435.8256 1.06360e-16
 9437.6484 1.07176e-16
 9439.4712 1.13178e-16
 9441.2941 1.18479e-16
 9443.1169 1.25923e-16
 9444.9397 1.20349e-16
 9446.7626 1.05175e-16
 9448.5854 1.02602e-16
 9450.4082 1.09864e-16
 9452.2310 1.18083e-16
 9454.0538 1.24783e-16
 9455.8767 1.25923e-16
 9457.6995 1.23659e-16
 9459.5223 1.17858e-16
 9461.3451 1.09537e-16
 9463.1680 1.06599e-16
 9464.9908 1.15690e-16
 9466.8136 1.27859e-16
 9468.6365 1.23714e-16
 9470.4593 1.15456e-16
 9472.2821 1.09390e-16
 9474.1049 1.11749e-16
 9475.9277 1.15248e-16
 9477.7506 1.23796e-16
 9479.5734 1.27072e-16
 9481.3962 1.24868e-16
 9483.2190 1.22749e-16
 9485.0419 1.18885e-16
 9486.8647 1.15410e-16
 9488.6875 1.14495e-16
 9490.5103 1.15649e-16
 9492.3332 1.16175e-16
 9494.1560 1.17101e-16
 9495.9788 1.16205e-16
 9497.8016 1.11360e-16
 9499.6245 1.11891e-16
 9501.4473 1.11385e-16
 9503.2701 1.09728e-16
 9505.0929 1.10267e-16
 9506.9158 1.10769e-16
 9508.7386 1.11632e-16
 9510.5614 1.13025e-16
 9512.3842 1.12448e-16
 9514.2071 1.08411e-16
 9516.0299 1.09045e-16
 9517.8527 1.01955e-16
 9519.6755 1.01001e-16
 9521.4984 1.05994e-16
 9523.3212 1.09341e-16
 9525.1440 1.05834e-16
 9526.9668 1.02588e-16
 9528.7897 1.05031e-16
 9530.6125 1.07422e-16
 9532.4353 1.09408e-16
 9534.2581 1.10909e-16
 9536.0810 1.08037e-16
 9537.9038 1.11173e-16
 9539.7266 1.07304e-16
 9541.5494 1.02123e-16
 9543.3723 9.92727e-17
 9545.1951 1.01530e-16
 9547.0179 1.04091e-16
 9548.8407 1.06953e-16
 9550.6636 1.08890e-16
 9552.4864 1.07863e-16
 9554.3092 1.07402e-16
 9556.1320 1.04948e-16
 9557.9549 1.02099e-16
 9559.7777 1.00390e-16
 9561.6005 1.00275e-16
 9563.4233 1.00774e-16
 9565.2462 1.02741e-16
 9567.0690 1.05360e-16
 9568.8918 1.00769e-16
 9570.7146 9.66318e-17
 9572.5375 1.00801e-16
 9574.3603 1.03882e-16
 9576.1831 1.01452e-16
 9578.0059 1.00375e-16
 9579.8288 1.00679e-16
 9581.6516 9.88027e-17
 9583.4744 9.64761e-17
 9585.2972 1.00629e-16
 9587.1201 1.08003e-16
 9588.9429 1.07418e-16
 9590.7657 1.00793e-16
 9592.5885 9.79606e-17
 9594.4114 9.73304e-17
 9596.2342 9.55759e-17
 9598.0570 9.81819e-17
 9599.8798 1.01974e-16
 9601.7027 9.78679e-17
 9603.5255 9.51626e-17
 9605.3483 9.84466e-17
 9607.1711 9.92981e-17
 9608.9940 1.01181e-16
 9610.8168 1.01761e-16
 9612.6396 9.96801e-17
 9614.4624 9.62572e-17
 9616.2853 9.23343e-17
 9618.1081 9.51310e-17
 9619.9309 1.01439e-16
 9621.7537 9.89068e-17
 9623.5766 9.63032e-17
 9625.3994 9.53070e-17
 9627.2222 9.27358e-17
 9629.0450 9.58556e-17
 9630.8679 1.00102e-16
 9632.6907 1.00502e-16
 9634.5135 9.95637e-17
 9636.3363 1.00349e-16
 9638.1592 9.94194e-17
 9639.9820 9.75647e-17
 9641.8048 9.68237e-17
 9643.6276 9.63567e-17
 9645.4505 9.84739e-17
 9647.2733 9.71568e-17
 9649.0961 9.63188e-17
 9650.9189 9.72671e-17
 9652.7418 9.96344e-17
 9654.5646 9.77694e-17
 9656.3874 9.43889e-17
 9658.2102 1.02762e-16
 9660.0331 1.04058e-16
 9661.8559 9.37035e-17
 9663.6787 9.38297e-17
 9665.5015 1.00369e-16
 9667.3244 1.00283e-16
 9669.1472 9.51526e-17
 9670.9700 9.35182e-17
 9672.7928 9.60481e-17
 9674.6157 9.56654e-17
 9676.4385 9.50508e-17
 9678.2613 9.36751e-17
 9680.0841 9.61844e-17
 9681.9070 9.79609e-17
 9683.7298 9.82928e-17
 9685.5526 1.00502e-16
 9687.3754 9.95877e-17
 9689.1983 9.72276e-17
 9691.0211 9.52334e-17
 9692.8439 8.90169e-17
 9694.6667 8.97871e-17
 9696.4896 9.96928e-17
 9698.3124 9.90511e-17
 9700.1352 1.00203e-16
 9701.9580 9.86867e-17
 9703.7809 9.46592e-17
 9705.6037 9.47164e-17
 9707.4265 9.15184e-17
 9709.2493 8.57105e-17
 9711.0722 8.69815e-17
 9712.8950 8.80420e-17
 9714.7178 8.61422e-17
 9716.5406 9.34526e-17
 9718.3635 9.78039e-17
 9720.1863 9.39270e-17
 9722.0091 9.48402e-17
 9723.8319 9.14681e-17
 9725.6548 8.79054e-17
 9727.4776 9.20036e-17
 9729.3004 9.56193e-17
 9731.1232 9.38679e-17
 9732.9461 9.35332e-17
 9734.7689 9.53056e-17
 9736.5917 8.99864e-17
 9738.4145 9.08290e-17
 9740.2374 9.11254e-17
 9742.0602 9.20560e-17
 9743.8830 9.12955e-17
 9745.7058 8.61423e-17
 9747.5287 8.63066e-17
 9749.3515 9.33014e-17
 9751.1743 9.46700e-17
 9752.9971 9.01309e-17
 9754.8200 8.91810e-17
 9756.6428 8.81206e-17
 9758.4656 8.33307e-17
 9760.2884 7.98334e-17
 9762.1113 8.34974e-17
 9763.9341 8.64383e-17
 9765.7569 8.66123e-17
 9767.5797 8.20589e-17
 9769.4026 8.18397e-17
 9771.2254 8.83359e-17
 9773.0482 8.96597e-17
 9774.8710 8.76518e-17
 9776.6939 8.88248e-17
 9778.5167 8.54247e-17
 9780.3395 8.23495e-17
 9782.1623 7.97052e-17
 9783.9852 7.72740e-17
 9785.8080 8.18069e-17
 9787.6308 8.52129e-17
 9789.4536 8.34332e-17
 9791.2765 8.28819e-17
 9793.0993 8.28343e-17
 9794.9221 8.07610e-17
 9796.7449 7.83656e-17
 9798.5678 7.61017e-17
 9800.3906 7.32266e-17
 9802.2134 7.29090e-17
 9804.0362 8.06920e-17
 9805.8590 8.33415e-17
 9807.6819 8.82056e-17
 9809.5047 9.16796e-17
 9811.3275 8.82700e-17
 9813.1504 8.27672e-17
 9814.9732 7.92564e-17
 9816.7960 8.11483e-17
 9818.6188 8.64400e-17
 9820.4417 8.50811e-17
 9822.2645 7.98934e-17
 9824.0873 8.09770e-17
 9825.9101 8.03764e-17
 9827.7329 8.60120e-17
 9829.5558 8.79615e-17
 9831.3786 8.87504e-17
 9833.2014 8.75887e-17
 9835.0242 8.37003e-17
 9836.8471 8.09903e-17
 9838.6699 8.38855e-17
 9840.4927 8.26307e-17
 9842.3156 8.10086e-17
 9844.1384 8.46271e-17
 9845.9612 7.55238e-17
 9847.7840 7.58796e-17
 9849.6068 7.72647e-17
 9851.4297 7.54872e-17
 9853.2525 7.91036e-17
 9855.0753 8.30017e-17
 9856.8981 8.61561e-17
 9858.7210 8.61070e-17
 9860.5438 8.07854e-17
 9862.3666 7.83583e-17
 9864.1895 8.17771e-17
 9866.0123 8.21347e-17
 9867.8351 7.77534e-17
 9869.6579 7.31406e-17
 9871.4807 7.16319e-17
 9873.3036 7.86576e-17
 9875.1264 8.47461e-17
 9876.9492 8.03244e-17
 9878.7720 7.96536e-17
 9880.5949 7.71163e-17
 9882.4177 7.51421e-17
 9884.2405 8.09315e-17
 9886.0633 8.54364e-17
 9887.8862 8.49977e-17
 9889.7090 8.51601e-17
 9891.5318 8.51797e-17
 9893.3546 8.45295e-17
