#Object:               SN2007on
#FITS_file:            SN07on_b01_DUP_WF_10dec07.fits
#Redshift:             0.00649
#JDate_of_max:         2454419.71
#JDate_of_observation: 2454444.70
#Epoch:                24.83     
#
 3775.4801 9.06415e-16
 3778.5019 8.88259e-16
 3781.5237 9.40387e-16
 3784.5455 8.17651e-16
 3787.5673 8.54046e-16
 3790.5891 7.93926e-16
 3793.6108 6.34259e-16
 3796.6326 7.34138e-16
 3799.6544 7.02637e-16
 3802.6762 7.24691e-16
 3805.6980 8.06224e-16
 3808.7198 7.45628e-16
 3811.7416 7.27663e-16
 3814.7633 7.99421e-16
 3817.7851 8.76620e-16
 3820.8069 8.85055e-16
 3823.8287 1.02445e-15
 3826.8505 1.03759e-15
 3829.8723 1.07169e-15
 3832.8940 1.19692e-15
 3835.9158 1.28697e-15
 3838.9376 1.36364e-15
 3841.9594 1.33312e-15
 3844.9812 1.41227e-15
 3848.0030 1.53954e-15
 3851.0248 1.50954e-15
 3854.0465 1.61567e-15
 3857.0683 1.73382e-15
 3860.0901 1.74352e-15
 3863.1119 1.80882e-15
 3866.1337 1.90137e-15
 3869.1555 1.89124e-15
 3872.1773 1.95018e-15
 3875.1990 1.96799e-15
 3878.2208 2.06294e-15
 3881.2426 2.09332e-15
 3884.2644 2.04591e-15
 3887.2862 2.15495e-15
 3890.3080 2.17006e-15
 3893.3298 2.21030e-15
 3896.3515 2.30526e-15
 3899.3733 2.31899e-15
 3902.3951 2.24380e-15
 3905.4169 2.30583e-15
 3908.4387 2.32932e-15
 3911.4605 2.57578e-15
 3914.4823 2.54825e-15
 3917.5040 2.58817e-15
 3920.5258 2.82344e-15
 3923.5476 2.74237e-15
 3926.5694 2.70249e-15
 3929.5912 2.79466e-15
 3932.6130 2.97331e-15
 3935.6347 2.93076e-15
 3938.6565 3.01333e-15
 3941.6783 3.04736e-15
 3944.7001 3.16635e-15
 3947.7219 3.36864e-15
 3950.7437 3.27446e-15
 3953.7655 3.49249e-15
 3956.7872 3.39370e-15
 3959.8090 3.33124e-15
 3962.8308 3.31471e-15
 3965.8526 3.21709e-15
 3968.8744 3.27280e-15
 3971.8962 3.26512e-15
 3974.9180 3.38176e-15
 3977.9397 3.31672e-15
 3980.9615 3.28016e-15
 3983.9833 3.25736e-15
 3987.0051 3.12264e-15
 3990.0269 2.96161e-15
 3993.0487 3.11431e-15
 3996.0704 2.94422e-15
 3999.0922 3.05859e-15
 4002.1140 2.97919e-15
 4005.1358 2.88923e-15
 4008.1576 2.80252e-15
 4011.1794 2.83325e-15
 4014.2012 2.71321e-15
 4017.2229 2.65909e-15
 4020.2447 2.67873e-15
 4023.2665 2.56970e-15
 4026.2883 2.49323e-15
 4029.3101 2.58552e-15
 4032.3319 2.48817e-15
 4035.3537 2.48256e-15
 4038.3754 2.55048e-15
 4041.3972 2.41634e-15
 4044.4190 2.41467e-15
 4047.4408 2.47009e-15
 4050.4626 2.48372e-15
 4053.4844 2.45585e-15
 4056.5062 2.31829e-15
 4059.5279 2.43298e-15
 4062.5497 2.50216e-15
 4065.5715 2.52620e-15
 4068.5933 2.40847e-15
 4071.6151 2.37927e-15
 4074.6369 2.30147e-15
 4077.6587 2.37961e-15
 4080.6804 2.34247e-15
 4083.7022 2.39951e-15
 4086.7240 2.36495e-15
 4089.7458 2.35315e-15
 4092.7676 2.24062e-15
 4095.7894 2.12895e-15
 4098.8111 2.12812e-15
 4101.8329 2.15045e-15
 4104.8547 2.09064e-15
 4107.8765 2.11791e-15
 4110.8983 2.08115e-15
 4113.9201 2.15620e-15
 4116.9419 2.13476e-15
 4119.9636 2.04778e-15
 4122.9854 1.99148e-15
 4126.0072 2.08929e-15
 4129.0290 2.06746e-15
 4132.0508 1.96148e-15
 4135.0726 1.91866e-15
 4138.0944 1.95566e-15
 4141.1161 1.92916e-15
 4144.1379 1.88882e-15
 4147.1597 1.87666e-15
 4150.1815 1.90398e-15
 4153.2033 1.89449e-15
 4156.2251 1.79921e-15
 4159.2468 1.85887e-15
 4162.2686 1.81059e-15
 4165.2904 1.80330e-15
 4168.3122 1.75844e-15
 4171.3340 1.78622e-15
 4174.3558 1.87704e-15
 4177.3776 1.87935e-15
 4180.3993 1.96042e-15
 4183.4211 1.87743e-15
 4186.4429 1.91467e-15
 4189.4647 1.91460e-15
 4192.4865 1.90968e-15
 4195.5083 1.94647e-15
 4198.5301 2.01763e-15
 4201.5518 1.95226e-15
 4204.5736 2.08824e-15
 4207.5954 2.15091e-15
 4210.6172 2.10982e-15
 4213.6390 2.12024e-15
 4216.6608 2.08172e-15
 4219.6826 2.10404e-15
 4222.7043 2.16614e-15
 4225.7261 2.06515e-15
 4228.7479 2.10969e-15
 4231.7697 2.15674e-15
 4234.7915 2.09909e-15
 4237.8133 2.06070e-15
 4240.8351 2.11697e-15
 4243.8568 2.08558e-15
 4246.8786 2.03223e-15
 4249.9004 2.03891e-15
 4252.9222 2.02761e-15
 4255.9440 2.09234e-15
 4258.9658 2.09889e-15
 4261.9875 2.09222e-15
 4265.0093 2.04004e-15
 4268.0311 2.14656e-15
 4271.0529 2.17695e-15
 4274.0747 2.17454e-15
 4277.0965 2.15789e-15
 4280.1183 2.16208e-15
 4283.1400 2.13907e-15
 4286.1618 2.16463e-15
 4289.1836 2.15157e-15
 4292.2054 2.19290e-15
 4295.2272 2.10745e-15
 4298.2490 2.18727e-15
 4301.2708 2.21057e-15
 4304.2925 2.21024e-15
 4307.3143 2.22129e-15
 4310.3361 2.19846e-15
 4313.3579 2.18697e-15
 4316.3797 2.16738e-15
 4319.4015 2.22952e-15
 4322.4232 2.24987e-15
 4325.4450 2.23100e-15
 4328.4668 2.20986e-15
 4331.4886 2.09372e-15
 4334.5104 2.08043e-15
 4337.5322 2.16110e-15
 4340.5540 2.10963e-15
 4343.5757 2.09581e-15
 4346.5975 2.06767e-15
 4349.6193 1.99021e-15
 4352.6411 1.99215e-15
 4355.6629 2.01073e-15
 4358.6847 1.99134e-15
 4361.7065 1.92080e-15
 4364.7282 1.82060e-15
 4367.7500 1.85653e-15
 4370.7718 1.85887e-15
 4373.7936 1.88354e-15
 4376.8154 1.79604e-15
 4379.8372 1.74421e-15
 4382.8590 1.74331e-15
 4385.8807 1.81476e-15
 4388.9025 1.68002e-15
 4391.9243 1.62575e-15
 4394.9461 1.58279e-15
 4397.9679 1.62124e-15
 4400.9897 1.58832e-15
 4404.0115 1.50616e-15
 4407.0332 1.50945e-15
 4410.0550 1.49623e-15
 4413.0768 1.49991e-15
 4416.0986 1.50553e-15
 4419.1204 1.45345e-15
 4422.1422 1.53261e-15
 4425.1640 1.49580e-15
 4428.1857 1.47502e-15
 4431.2075 1.52223e-15
 4434.2293 1.56442e-15
 4437.2511 1.57358e-15
 4440.2729 1.56193e-15
 4443.2947 1.52906e-15
 4446.3164 1.53836e-15
 4449.3382 1.57540e-15
 4452.3600 1.65546e-15
 4455.3818 1.67405e-15
 4458.4036 1.67316e-15
 4461.4254 1.63439e-15
 4464.4472 1.67409e-15
 4467.4689 1.67511e-15
 4470.4907 1.71755e-15
 4473.5125 1.69980e-15
 4476.5343 1.73421e-15
 4479.5561 1.74724e-15
 4482.5779 1.79241e-15
 4485.5997 1.80298e-15
 4488.6214 1.96098e-15
 4491.6432 1.93895e-15
 4494.6650 1.92642e-15
 4497.6868 2.04354e-15
 4500.7086 2.04171e-15
 4503.7304 2.05002e-15
 4506.7521 2.15506e-15
 4509.7739 2.14354e-15
 4512.7957 2.23737e-15
 4515.8175 2.34275e-15
 4518.8393 2.35098e-15
 4521.8611 2.42101e-15
 4524.8829 2.47363e-15
 4527.9047 2.57970e-15
 4530.9264 2.67328e-15
 4533.9482 2.90685e-15
 4536.9700 2.96332e-15
 4539.9918 2.99581e-15
 4543.0136 3.17738e-15
 4546.0354 3.24792e-15
 4549.0571 3.32855e-15
 4552.0789 3.40090e-15
 4555.1007 3.48513e-15
 4558.1225 3.67639e-15
 4561.1443 3.77845e-15
 4564.1661 3.83946e-15
 4567.1879 3.89093e-15
 4570.2096 3.94551e-15
 4573.2314 4.00212e-15
 4576.2532 3.98967e-15
 4579.2750 3.98621e-15
 4582.2968 4.01354e-15
 4585.3186 4.07264e-15
 4588.3404 4.05446e-15
 4591.3621 4.03098e-15
 4594.3839 3.97402e-15
 4597.4057 4.08925e-15
 4600.4275 4.04510e-15
 4603.4493 4.12014e-15
 4606.4711 4.07934e-15
 4609.4928 4.04107e-15
 4612.5146 4.03535e-15
 4615.5364 4.05693e-15
 4618.5582 4.12350e-15
 4621.5800 4.20764e-15
 4624.6018 4.09963e-15
 4627.6236 4.17459e-15
 4630.6453 4.22328e-15
 4633.6671 4.17397e-15
 4636.6889 4.10382e-15
 4639.7107 4.09405e-15
 4642.7325 3.93863e-15
 4645.7543 3.78538e-15
 4648.7761 3.82002e-15
 4651.7978 3.66308e-15
 4654.8196 3.63159e-15
 4657.8414 3.65193e-15
 4660.8632 3.38540e-15
 4663.8850 3.32610e-15
 4666.9068 3.14354e-15
 4669.9285 3.03283e-15
 4672.9503 2.99738e-15
 4675.9721 2.86748e-15
 4678.9939 2.73826e-15
 4682.0157 2.63243e-15
 4685.0375 2.56377e-15
 4688.0593 2.49880e-15
 4691.0811 2.42805e-15
 4694.1028 2.31584e-15
 4697.1246 2.30718e-15
 4700.1464 2.28072e-15
 4703.1682 2.21314e-15
 4706.1900 2.11220e-15
 4709.2118 2.05502e-15
 4712.2335 2.07015e-15
 4715.2553 2.05564e-15
 4718.2771 2.04593e-15
 4721.2989 2.09538e-15
 4724.3207 2.10510e-15
 4727.3425 2.08157e-15
 4730.3643 2.07135e-15
 4733.3860 2.06655e-15
 4736.4078 2.06172e-15
 4739.4296 2.04609e-15
 4742.4514 2.08557e-15
 4745.4732 2.06968e-15
 4748.4950 2.00442e-15
 4751.5168 2.03903e-15
 4754.5385 2.04555e-15
 4757.5603 2.07502e-15
 4760.5821 2.09730e-15
 4763.6039 2.09886e-15
 4766.6257 2.14747e-15
 4769.6475 2.23167e-15
 4772.6692 2.26307e-15
 4775.6910 2.22154e-15
 4778.7128 2.30594e-15
 4781.7346 2.35082e-15
 4784.7564 2.43519e-15
 4787.7782 2.57793e-15
 4790.8000 2.61496e-15
 4793.8217 2.69609e-15
 4796.8435 2.67863e-15
 4799.8653 2.89323e-15
 4802.8871 2.97374e-15
 4805.9089 3.05916e-15
 4808.9307 3.08585e-15
 4811.9525 3.26498e-15
 4814.9742 3.32159e-15
 4817.9960 3.33489e-15
 4821.0178 3.38227e-15
 4824.0396 3.35526e-15
 4827.0614 3.35113e-15
 4830.0832 3.28401e-15
 4833.1049 3.18504e-15
 4836.1267 3.05991e-15
 4839.1485 3.06245e-15
 4842.1703 3.08484e-15
 4845.1921 3.00333e-15
 4848.2139 2.94479e-15
 4851.2357 2.89287e-15
 4854.2575 2.93779e-15
 4857.2792 2.89363e-15
 4860.3010 2.83088e-15
 4863.3228 2.86770e-15
 4866.3446 2.83557e-15
 4869.3664 2.89635e-15
 4872.3882 2.88839e-15
 4875.4099 2.93227e-15
 4878.4317 2.94089e-15
 4881.4535 3.05897e-15
 4884.4753 3.10373e-15
 4887.4971 3.14911e-15
 4890.5189 3.17111e-15
 4893.5407 3.35780e-15
 4896.5624 3.38811e-15
 4899.5842 3.51051e-15
 4902.6060 3.64088e-15
 4905.6278 3.71483e-15
 4908.6496 3.76741e-15
 4911.6714 3.88277e-15
 4914.6932 3.96839e-15
 4917.7149 4.02311e-15
 4920.7367 4.07373e-15
 4923.7585 4.17683e-15
 4926.7803 4.24352e-15
 4929.8021 4.30010e-15
 4932.8239 4.37338e-15
 4935.8456 4.32692e-15
 4938.8674 4.33147e-15
 4941.8892 4.41463e-15
 4944.9110 4.31203e-15
 4947.9328 4.22970e-15
 4950.9546 4.19653e-15
 4953.9764 4.26013e-15
 4956.9981 4.20621e-15
 4960.0199 4.08137e-15
 4963.0417 3.96584e-15
 4966.0635 3.99573e-15
 4969.0853 3.88387e-15
 4972.1071 3.74439e-15
 4975.1289 3.65236e-15
 4978.1506 3.49286e-15
 4981.1724 3.40947e-15
 4984.1942 3.34760e-15
 4987.2160 3.18841e-15
 4990.2378 3.09998e-15
 4993.2596 3.00377e-15
 4996.2813 2.93222e-15
 4999.3031 2.84949e-15
 5002.3249 2.73788e-15
 5005.3467 2.67845e-15
 5008.3685 2.63260e-15
 5011.3903 2.53514e-15
 5014.4121 2.50757e-15
 5017.4339 2.46955e-15
 5020.4556 2.45298e-15
 5023.4774 2.43893e-15
 5026.4992 2.38588e-15
 5029.5210 2.34984e-15
 5032.5428 2.37538e-15
 5035.5646 2.34033e-15
 5038.5863 2.27654e-15
 5041.6081 2.22310e-15
 5044.6299 2.27317e-15
 5047.6517 2.21045e-15
 5050.6735 2.15858e-15
 5053.6953 2.14200e-15
 5056.7171 2.11760e-15
 5059.7388 2.12526e-15
 5062.7606 2.06679e-15
 5065.7824 2.10291e-15
 5068.8042 2.07151e-15
 5071.8260 2.07777e-15
 5074.8478 2.06975e-15
 5077.8696 2.02431e-15
 5080.8913 2.04135e-15
 5083.9131 2.03889e-15
 5086.9349 2.01895e-15
 5089.9567 1.99980e-15
 5092.9785 2.02347e-15
 5096.0003 2.03406e-15
 5099.0220 2.03222e-15
 5102.0438 2.08333e-15
 5105.0656 2.00711e-15
 5108.0874 1.97842e-15
 5111.1092 2.00531e-15
 5114.1310 2.00886e-15
 5117.1528 2.01841e-15
 5120.1745 2.06133e-15
 5123.1963 2.06975e-15
 5126.2181 2.08923e-15
 5129.2399 2.01646e-15
 5132.2617 2.06166e-15
 5135.2835 2.02448e-15
 5138.3053 2.03674e-15
 5141.3270 2.03294e-15
 5144.3488 2.04847e-15
 5147.3706 2.06337e-15
 5150.3924 2.05346e-15
 5153.4142 2.13652e-15
 5156.4360 2.08799e-15
 5159.4577 2.08768e-15
 5162.4795 2.15815e-15
 5165.5013 2.21414e-15
 5168.5231 2.22656e-15
 5171.5449 2.25465e-15
 5174.5667 2.24545e-15
 5177.5885 2.25724e-15
 5180.6103 2.35692e-15
 5183.6320 2.35034e-15
 5186.6538 2.31856e-15
 5189.6756 2.34325e-15
 5192.6974 2.42243e-15
 5195.7192 2.45616e-15
 5198.7410 2.53990e-15
 5201.7627 2.50760e-15
 5204.7845 2.59828e-15
 5207.8063 2.61893e-15
 5210.8281 2.69165e-15
 5213.8499 2.72256e-15
 5216.8717 2.71996e-15
 5219.8935 2.79337e-15
 5222.9152 2.86657e-15
 5225.9370 2.87326e-15
 5228.9588 2.91012e-15
 5231.9806 2.98260e-15
 5235.0024 3.02644e-15
 5238.0242 3.07530e-15
 5241.0460 3.10524e-15
 5244.0677 3.11410e-15
 5247.0895 3.12639e-15
 5250.1113 3.15009e-15
 5253.1331 3.16552e-15
 5256.1549 3.21693e-15
 5259.1767 3.21623e-15
 5262.1984 3.23370e-15
 5265.2202 3.28012e-15
 5268.2420 3.35538e-15
 5271.2638 3.40459e-15
 5274.2856 3.41656e-15
 5277.3074 3.48890e-15
 5280.3292 3.49690e-15
 5283.3509 3.58481e-15
 5286.3727 3.64519e-15
 5289.3945 3.72331e-15
 5292.4163 3.68836e-15
 5295.4381 3.75407e-15
 5298.4599 3.70910e-15
 5301.4817 3.69167e-15
 5304.5034 3.74358e-15
 5307.5252 3.65489e-15
 5310.5470 3.66871e-15
 5313.5688 3.66031e-15
 5316.5906 3.56906e-15
 5319.6124 3.56874e-15
 5322.6341 3.59659e-15
 5325.6559 3.52401e-15
 5328.6777 3.47376e-15
 5331.6995 3.39418e-15
 5334.7213 3.36141e-15
 5337.7431 3.29531e-15
 5340.7649 3.29655e-15
 5343.7867 3.28926e-15
 5346.8084 3.26335e-15
 5349.8302 3.27203e-15
 5352.8520 3.24235e-15
 5355.8738 3.20026e-15
 5358.8956 3.21877e-15
 5361.9174 3.27374e-15
 5364.9391 3.34801e-15
 5367.9609 3.26821e-15
 5370.9827 3.30449e-15
 5374.0045 3.44215e-15
 5377.0263 3.42497e-15
 5380.0481 3.45838e-15
 5383.0699 3.53374e-15
 5386.0916 3.54600e-15
 5389.1134 3.67432e-15
 5392.1352 3.81358e-15
 5395.1570 3.80343e-15
 5398.1788 3.95361e-15
 5401.2006 4.06400e-15
 5404.2224 4.10761e-15
 5407.2441 4.23570e-15
 5410.2659 4.41349e-15
 5413.2877 4.55361e-15
 5416.3095 4.49609e-15
 5419.3313 4.64257e-15
 5422.3531 4.84229e-15
 5425.3748 4.96762e-15
 5428.3966 5.04947e-15
 5431.4184 5.22636e-15
 5434.4402 5.42753e-15
 5437.4620 5.44058e-15
 5440.4838 5.58065e-15
 5443.5056 5.57431e-15
 5446.5273 5.71172e-15
 5449.5491 5.70755e-15
 5452.5709 5.79667e-15
 5455.5927 6.00546e-15
 5458.6145 6.07048e-15
 5461.6363 6.07567e-15
 5464.6581 6.09932e-15
 5467.6798 6.08443e-15
 5470.7016 6.14134e-15
 5473.7234 6.24763e-15
 5476.7452 6.37224e-15
 5479.7670 6.25645e-15
 5482.7888 6.27106e-15
 5485.8105 6.38622e-15
 5488.8323 6.39833e-15
 5491.8541 6.46210e-15
 5494.8759 6.38540e-15
 5497.8977 6.37303e-15
 5500.9195 6.37860e-15
 5503.9413 6.33277e-15
 5506.9631 6.41412e-15
 5509.9848 6.42543e-15
 5513.0066 6.40230e-15
 5516.0284 6.45885e-15
 5519.0502 6.52084e-15
 5522.0720 6.48334e-15
 5525.0938 6.44055e-15
 5528.1155 6.41993e-15
 5531.1373 6.39888e-15
 5534.1591 6.34696e-15
 5537.1809 6.19714e-15
 5540.2027 6.11560e-15
 5543.2245 6.27689e-15
 5546.2463 6.18171e-15
 5549.2680 6.14764e-15
 5552.2898 6.00324e-15
 5555.3116 6.02315e-15
 5558.3334 6.07720e-15
 5561.3552 5.93785e-15
 5564.3770 6.01151e-15
 5567.3988 6.01245e-15
 5570.4205 5.94786e-15
 5573.4423 5.98154e-15
 5576.4641 5.88595e-15
 5579.4859 5.89706e-15
 5582.5077 5.82241e-15
 5585.5295 5.81419e-15
 5588.5512 5.77003e-15
 5591.5730 5.62545e-15
 5594.5948 5.60717e-15
 5597.6166 5.57660e-15
 5600.6384 5.54822e-15
 5603.6602 5.41815e-15
 5606.6820 5.36405e-15
 5609.7037 5.39886e-15
 5612.7255 5.29149e-15
 5615.7473 5.20873e-15
 5618.7691 5.13367e-15
 5621.7909 5.01464e-15
 5624.8127 4.99406e-15
 5627.8345 4.92256e-15
 5630.8562 4.91522e-15
 5633.8780 4.90114e-15
 5636.8998 4.77290e-15
 5639.9216 4.73348e-15
 5642.9434 4.66084e-15
 5645.9652 4.51004e-15
 5648.9869 4.44577e-15
 5652.0087 4.32698e-15
 5655.0305 4.23505e-15
 5658.0523 4.16792e-15
 5661.0741 4.04580e-15
 5664.0959 3.97384e-15
 5667.1177 3.94437e-15
 5670.1395 3.93004e-15
 5673.1612 3.82821e-15
 5676.1830 3.74709e-15
 5679.2048 3.75657e-15
 5682.2266 3.72919e-15
 5685.2484 3.79846e-15
 5688.2702 3.70250e-15
 5691.2919 3.63285e-15
 5694.3137 3.64659e-15
 5697.3355 3.63045e-15
 5700.3573 3.65649e-15
 5703.3791 3.64560e-15
 5706.4009 3.63219e-15
 5709.4227 3.73778e-15
 5712.4444 3.66369e-15
 5715.4662 3.69969e-15
 5718.4880 3.74213e-15
 5721.5098 3.75885e-15
 5724.5316 3.71314e-15
 5727.5534 3.74120e-15
 5730.5752 3.74670e-15
 5733.5969 3.81424e-15
 5736.6187 3.76679e-15
 5739.6405 3.77705e-15
 5742.6623 3.78695e-15
 5745.6841 3.80945e-15
 5748.7059 3.76913e-15
 5751.7276 3.85055e-15
 5754.7494 3.94427e-15
 5757.7712 3.91591e-15
 5760.7930 4.00181e-15
 5763.8148 4.11918e-15
 5766.8366 4.13562e-15
 5769.8584 4.14170e-15
 5772.8801 4.17180e-15
 5775.9019 4.22621e-15
 5778.9237 4.28664e-15
 5781.9455 4.26615e-15
 5784.9673 4.36271e-15
 5787.9891 4.36066e-15
 5791.0109 4.35790e-15
 5794.0326 4.36498e-15
 5797.0544 4.40826e-15
 5800.0762 4.41969e-15
 5803.0980 4.35424e-15
 5806.1198 4.47184e-15
 5809.1416 4.39446e-15
 5812.1633 4.33362e-15
 5815.1851 4.42726e-15
 5818.2069 4.40721e-15
 5821.2287 4.39028e-15
 5824.2505 4.28755e-15
 5827.2723 4.31178e-15
 5830.2941 4.31247e-15
 5833.3159 4.30674e-15
 5836.3376 4.21065e-15
 5839.3594 4.19282e-15
 5842.3812 4.17379e-15
 5845.4030 4.13331e-15
 5848.4248 4.07606e-15
 5851.4466 4.00365e-15
 5854.4683 3.99650e-15
 5857.4901 3.99987e-15
 5860.5119 4.03931e-15
 5863.5337 4.00329e-15
 5866.5555 3.94843e-15
 5869.5773 3.97658e-15
 5872.5991 3.93127e-15
 5875.6208 3.90141e-15
 5878.6426 3.82761e-15
 5881.6644 3.79489e-15
 5884.6862 3.72571e-15
 5887.7080 3.75399e-15
 5890.7298 3.70744e-15
 5893.7516 3.69865e-15
 5896.7733 3.66816e-15
 5899.7951 3.62066e-15
 5902.8169 3.59033e-15
 5905.8387 3.56450e-15
 5908.8605 3.54614e-15
 5911.8823 3.52997e-15
 5914.9040 3.50833e-15
 5917.9258 3.51184e-15
 5920.9476 3.53824e-15
 5923.9694 3.46608e-15
 5926.9912 3.33720e-15
 5930.0130 3.31907e-15
 5933.0348 3.34316e-15
 5936.0565 3.31913e-15
 5939.0783 3.33265e-15
 5942.1001 3.28288e-15
 5945.1219 3.22731e-15
 5948.1437 3.24455e-15
 5951.1655 3.20452e-15
 5954.1873 3.09027e-15
 5957.2090 3.07585e-15
 5960.2308 3.07538e-15
 5963.2526 3.03549e-15
 5966.2744 2.96369e-15
 5969.2962 2.96794e-15
 5972.3180 2.95470e-15
 5975.3397 2.94273e-15
 5978.3615 2.93882e-15
 5981.3833 2.94346e-15
 5984.4051 2.94480e-15
 5987.4269 2.94162e-15
 5990.4487 2.98809e-15
 5993.4705 2.95114e-15
 5996.4923 2.89048e-15
 5999.5140 2.88944e-15
 6002.5358 2.94657e-15
 6005.5576 2.99027e-15
 6008.5794 2.89928e-15
 6011.6012 2.90573e-15
 6014.6230 3.01694e-15
 6017.6447 3.00765e-15
 6020.6665 3.00881e-15
 6023.6883 3.00166e-15
 6026.7101 2.99299e-15
 6029.7319 3.03103e-15
 6032.7537 2.97716e-15
 6035.7755 2.95740e-15
 6038.7972 2.90956e-15
 6041.8190 2.94427e-15
 6044.8408 2.91311e-15
 6047.8626 2.91228e-15
 6050.8844 2.90663e-15
 6053.9062 2.88181e-15
 6056.9280 2.83978e-15
 6059.9497 2.77039e-15
 6062.9715 2.80981e-15
 6065.9933 2.79658e-15
 6069.0151 2.76576e-15
 6072.0369 2.79779e-15
 6075.0587 2.78949e-15
 6078.0804 2.81097e-15
 6081.1022 2.82743e-15
 6084.1240 2.84720e-15
 6087.1458 2.80861e-15
 6090.1676 2.78651e-15
 6093.1894 2.77499e-15
 6096.2112 2.76163e-15
 6099.2329 2.71782e-15
 6102.2547 2.67574e-15
 6105.2765 2.62952e-15
 6108.2983 2.61475e-15
 6111.3201 2.59749e-15
 6114.3419 2.51388e-15
 6117.3637 2.44706e-15
 6120.3854 2.44434e-15
 6123.4072 2.35069e-15
 6126.4290 2.31113e-15
 6129.4508 2.24914e-15
 6132.4726 2.22749e-15
 6135.4944 2.15795e-15
 6138.5161 2.10841e-15
 6141.5379 2.08716e-15
 6144.5597 2.08987e-15
 6147.5815 2.05089e-15
 6150.6033 2.01324e-15
 6153.6251 1.98345e-15
 6156.6469 1.96849e-15
 6159.6687 1.91997e-15
 6162.6904 1.93336e-15
 6165.7122 1.90498e-15
 6168.7340 1.94227e-15
 6171.7558 1.96780e-15
 6174.7776 1.98957e-15
 6177.7994 1.98828e-15
 6180.8211 1.98315e-15
 6183.8429 2.01646e-15
 6186.8647 2.09398e-15
 6189.8865 2.08721e-15
 6192.9083 2.11960e-15
 6195.9301 2.17030e-15
 6198.9519 2.21337e-15
 6201.9736 2.20524e-15
 6204.9954 2.27508e-15
 6208.0172 2.27963e-15
 6211.0390 2.28294e-15
 6214.0608 2.36725e-15
 6217.0826 2.40710e-15
 6220.1044 2.40101e-15
 6223.1261 2.48354e-15
 6226.1479 2.46870e-15
 6229.1697 2.48369e-15
 6232.1915 2.47439e-15
 6235.2133 2.41523e-15
 6238.2351 2.43017e-15
 6241.2568 2.47369e-15
 6244.2786 2.53455e-15
 6247.3004 2.55551e-15
 6250.3222 2.57309e-15
 6253.3440 2.55055e-15
 6256.3658 2.55473e-15
 6259.3876 2.61258e-15
 6262.4093 2.62083e-15
 6265.4311 2.63047e-15
 6268.4529 2.61988e-15
 6271.4747 2.61239e-15
 6274.4965 2.66586e-15
 6277.5183 2.64453e-15
 6280.5401 2.71506e-15
 6283.5618 2.71860e-15
 6286.5836 2.77125e-15
 6289.6054 2.82069e-15
 6292.6272 2.89174e-15
 6295.6490 2.85012e-15
 6298.6708 2.86434e-15
 6301.6925 2.85697e-15
 6304.7143 2.96981e-15
 6307.7361 3.03259e-15
 6310.7579 3.00586e-15
 6313.7797 3.02607e-15
 6316.8015 3.03779e-15
 6319.8233 3.09779e-15
 6322.8451 3.17468e-15
 6325.8668 3.20377e-15
 6328.8886 3.27506e-15
 6331.9104 3.28600e-15
 6334.9322 3.30556e-15
 6337.9540 3.36374e-15
 6340.9758 3.35505e-15
 6343.9975 3.36454e-15
 6347.0193 3.47102e-15
 6350.0411 3.48812e-15
 6353.0629 3.49926e-15
 6356.0847 3.58945e-15
 6359.1065 3.65190e-15
 6362.1283 3.74395e-15
 6365.1500 3.79563e-15
 6368.1718 3.77405e-15
 6371.1936 3.80998e-15
 6374.2154 3.93493e-15
 6377.2372 3.95464e-15
 6380.2590 4.05669e-15
 6383.2808 4.06739e-15
 6386.3025 4.14181e-15
 6389.3243 4.23527e-15
 6392.3461 4.24164e-15
 6395.3679 4.26117e-15
 6398.3897 4.32537e-15
 6401.4115 4.42254e-15
 6404.4332 4.47491e-15
 6407.4550 4.53864e-15
 6410.4768 4.59000e-15
 6413.4986 4.66023e-15
 6416.5204 4.64438e-15
 6419.5422 4.72029e-15
 6422.5640 4.77243e-15
 6425.5857 4.83952e-15
 6428.6075 4.95580e-15
 6431.6293 4.91831e-15
 6434.6511 4.94983e-15
 6437.6729 5.00553e-15
 6440.6947 5.04415e-15
 6443.7165 5.03356e-15
 6446.7382 5.05232e-15
 6449.7600 5.11769e-15
 6452.7818 5.23081e-15
 6455.8036 5.16936e-15
 6458.8254 5.21575e-15
 6461.8472 5.19625e-15
 6464.8690 5.34356e-15
 6467.8907 5.23068e-15
 6470.9125 5.20176e-15
 6473.9343 5.26767e-15
 6476.9561 5.32593e-15
 6479.9779 5.24037e-15
 6482.9997 5.32681e-15
 6486.0215 5.32983e-15
 6489.0432 5.32300e-15
 6492.0650 5.22827e-15
 6495.0868 5.21882e-15
 6498.1086 5.28191e-15
 6501.1304 5.27735e-15
 6504.1522 5.25682e-15
 6507.1740 5.22625e-15
 6510.1957 5.21329e-15
 6513.2175 5.23367e-15
 6516.2393 5.17563e-15
 6519.2611 5.13946e-15
 6522.2829 5.14844e-15
 6525.3047 5.11800e-15
 6528.3264 5.10649e-15
 6531.3482 5.14823e-15
 6534.3700 5.09952e-15
 6537.3918 5.15051e-15
 6540.4136 5.04149e-15
 6543.4354 5.00052e-15
 6546.4572 5.00359e-15
 6549.4789 4.89126e-15
 6552.5007 4.89448e-15
 6555.5225 4.86087e-15
 6558.5443 4.81226e-15
 6561.5661 4.76150e-15
 6564.5879 4.74508e-15
 6567.6097 4.65626e-15
 6570.6314 4.62140e-15
 6573.6532 4.61114e-15
 6576.6750 4.58542e-15
 6579.6968 4.49430e-15
 6582.7186 4.48905e-15
 6585.7404 4.46510e-15
 6588.7621 4.36646e-15
 6591.7839 4.37813e-15
 6594.8057 4.28733e-15
 6597.8275 4.25935e-15
 6600.8493 4.18239e-15
 6603.8711 4.13340e-15
 6606.8929 4.06272e-15
 6609.9146 3.95827e-15
 6612.9364 3.92905e-15
 6615.9582 3.89743e-15
 6618.9800 3.89341e-15
 6622.0018 3.77519e-15
 6625.0236 3.71922e-15
 6628.0454 3.66473e-15
 6631.0671 3.66994e-15
 6634.0889 3.53499e-15
 6637.1107 3.46006e-15
 6640.1325 3.46703e-15
 6643.1543 3.40653e-15
 6646.1761 3.33249e-15
 6649.1979 3.27860e-15
 6652.2196 3.20945e-15
 6655.2414 3.23573e-15
 6658.2632 3.13018e-15
 6661.2850 3.07755e-15
 6664.3068 3.03542e-15
 6667.3286 3.03299e-15
 6670.3504 2.97534e-15
 6673.3721 2.88780e-15
 6676.3939 2.85302e-15
 6679.4157 2.85918e-15
 6682.4375 2.79872e-15
 6685.4593 2.74779e-15
 6688.4811 2.67324e-15
 6691.5028 2.66544e-15
 6694.5246 2.66295e-15
 6697.5464 2.63949e-15
 6700.5682 2.63891e-15
 6703.5900 2.62793e-15
 6706.6118 2.60442e-15
 6709.6336 2.64664e-15
 6712.6553 2.66835e-15
 6715.6771 2.66478e-15
 6718.6989 2.62533e-15
 6721.7207 2.60216e-15
 6724.7425 2.60166e-15
 6727.7643 2.60372e-15
 6730.7861 2.51236e-15
 6733.8078 2.57717e-15
 6736.8296 2.57482e-15
 6739.8514 2.58784e-15
 6742.8732 2.56324e-15
 6745.8950 2.61363e-15
 6748.9168 2.53736e-15
 6751.9385 2.52829e-15
 6754.9603 2.53423e-15
 6757.9821 2.51127e-15
 6761.0039 2.47207e-15
 6764.0257 2.44339e-15
 6767.0475 2.45709e-15
 6770.0693 2.46783e-15
 6773.0910 2.44195e-15
 6776.1128 2.42230e-15
 6779.1346 2.40861e-15
 6782.1564 2.40709e-15
 6785.1782 2.41607e-15
 6788.2000 2.43438e-15
 6791.2218 2.43004e-15
 6794.2435 2.40160e-15
 6797.2653 2.44754e-15
 6800.2871 2.40199e-15
 6803.3089 2.44909e-15
 6806.3307 2.47213e-15
 6809.3525 2.43075e-15
 6812.3743 2.43369e-15
 6815.3960 2.43512e-15
 6818.4178 2.41968e-15
 6821.4396 2.27977e-15
 6824.4614 2.34071e-15
 6827.4832 2.42718e-15
 6830.5050 2.39378e-15
 6833.5268 2.43237e-15
 6836.5485 2.36592e-15
 6839.5703 2.42457e-15
 6842.5921 2.40326e-15
 6845.6139 2.40862e-15
 6848.6357 2.47324e-15
 6851.6575 2.47418e-15
 6854.6792 2.41694e-15
 6857.7010 2.38983e-15
 6860.7228 2.34152e-15
 6863.7446 2.40541e-15
 6866.7664 2.37843e-15
 6869.7882 2.38454e-15
 6872.8100 2.36259e-15
 6875.8317 2.40711e-15
 6878.8535 2.44275e-15
 6881.8753 2.35898e-15
 6884.8971 2.36057e-15
 6887.9189 2.34432e-15
 6890.9407 2.34654e-15
 6893.9625 2.36432e-15
 6896.9842 2.33092e-15
 6900.0060 2.31246e-15
 6903.0278 2.37371e-15
 6906.0496 2.39321e-15
 6909.0714 2.41482e-15
 6912.0932 2.41222e-15
 6915.1149 2.37649e-15
 6918.1367 2.35921e-15
 6921.1585 2.41817e-15
 6924.1803 2.43291e-15
 6927.2021 2.39859e-15
 6930.2239 2.36518e-15
 6933.2457 2.36385e-15
 6936.2674 2.43742e-15
 6939.2892 2.37768e-15
 6942.3110 2.43635e-15
 6945.3328 2.42528e-15
 6948.3546 2.40555e-15
 6951.3764 2.39463e-15
 6954.3982 2.37117e-15
 6957.4199 2.37450e-15
 6960.4417 2.41906e-15
 6963.4635 2.41436e-15
 6966.4853 2.40125e-15
 6969.5071 2.36396e-15
 6972.5289 2.31737e-15
 6975.5507 2.39486e-15
 6978.5724 2.35983e-15
 6981.5942 2.38662e-15
 6984.6160 2.31224e-15
 6987.6378 2.29781e-15
 6990.6596 2.27796e-15
 6993.6814 2.29342e-15
 6996.7032 2.27672e-15
 6999.7249 2.25318e-15
 7002.7467 2.22246e-15
 7005.7685 2.23440e-15
 7008.7903 2.21024e-15
 7011.8121 2.20406e-15
 7014.8339 2.20331e-15
 7017.8556 2.12955e-15
 7020.8774 2.18585e-15
 7023.8992 2.17663e-15
 7026.9210 2.12722e-15
 7029.9428 2.15571e-15
 7032.9646 2.17674e-15
 7035.9864 2.14977e-15
 7039.0081 2.12563e-15
 7042.0299 2.16431e-15
 7045.0517 2.14351e-15
 7048.0735 2.16199e-15
 7051.0953 2.19518e-15
 7054.1171 2.20365e-15
 7057.1389 2.15240e-15
 7060.1606 2.14295e-15
 7063.1824 2.15575e-15
 7066.2042 2.16296e-15
 7069.2260 2.16444e-15
 7072.2478 2.16317e-15
 7075.2696 2.19787e-15
 7078.2913 2.18963e-15
 7081.3131 2.14787e-15
 7084.3349 2.13617e-15
 7087.3567 2.09692e-15
 7090.3785 2.10668e-15
 7093.4003 2.18188e-15
 7096.4221 2.08667e-15
 7099.4438 2.10437e-15
 7102.4656 2.13511e-15
 7105.4874 2.08190e-15
 7108.5092 2.12698e-15
 7111.5310 2.09657e-15
 7114.5528 2.10960e-15
 7117.5746 2.15224e-15
 7120.5963 2.15189e-15
 7123.6181 2.15189e-15
 7126.6399 2.16870e-15
 7129.6617 2.22964e-15
 7132.6835 2.23724e-15
 7135.7053 2.18690e-15
 7138.7271 2.21815e-15
 7141.7488 2.23772e-15
 7144.7706 2.26707e-15
 7147.7924 2.30528e-15
 7150.8142 2.31077e-15
 7153.8360 2.34917e-15
 7156.8578 2.33539e-15
 7159.8796 2.42235e-15
 7162.9013 2.41549e-15
 7165.9231 2.43913e-15
 7168.9449 2.40601e-15
 7171.9667 2.44640e-15
 7174.9885 2.46799e-15
 7178.0103 2.41513e-15
 7181.0320 2.41820e-15
 7184.0538 2.42389e-15
 7187.0756 2.49540e-15
 7190.0974 2.45658e-15
 7193.1192 2.48882e-15
 7196.1410 2.47359e-15
 7199.1628 2.51519e-15
 7202.1845 2.48482e-15
 7205.2063 2.54452e-15
 7208.2281 2.53447e-15
 7211.2499 2.44729e-15
 7214.2717 2.48535e-15
 7217.2935 2.50089e-15
 7220.3153 2.42570e-15
 7223.3370 2.42550e-15
 7226.3588 2.43483e-15
 7229.3806 2.45318e-15
 7232.4024 2.37413e-15
 7235.4242 2.37665e-15
 7238.4460 2.37501e-15
 7241.4677 2.38611e-15
 7244.4895 2.37889e-15
 7247.5113 2.40344e-15
 7250.5331 2.39494e-15
 7253.5549 2.38077e-15
 7256.5767 2.35481e-15
 7259.5985 2.35753e-15
 7262.6202 2.33838e-15
 7265.6420 2.29700e-15
 7268.6638 2.30003e-15
 7271.6856 2.35963e-15
 7274.7074 2.36634e-15
 7277.7292 2.35352e-15
 7280.7510 2.39812e-15
 7283.7727 2.35102e-15
 7286.7945 2.36207e-15
 7289.8163 2.42720e-15
 7292.8381 2.38869e-15
 7295.8599 2.35685e-15
 7298.8817 2.39634e-15
 7301.9035 2.40647e-15
 7304.9252 2.44026e-15
 7307.9470 2.47046e-15
 7310.9688 2.48456e-15
 7313.9906 2.46797e-15
 7317.0124 2.48721e-15
 7320.0342 2.53620e-15
 7323.0560 2.52729e-15
 7326.0777 2.49825e-15
 7329.0995 2.57857e-15
 7332.1213 2.51109e-15
 7335.1431 2.53195e-15
 7338.1649 2.56681e-15
 7341.1867 2.55004e-15
 7344.2084 2.62077e-15
 7347.2302 2.61768e-15
 7350.2520 2.62362e-15
 7353.2738 2.64637e-15
 7356.2956 2.77416e-15
 7359.3174 2.74332e-15
 7362.3392 2.75776e-15
 7365.3609 2.74713e-15
 7368.3827 2.73691e-15
 7371.4045 2.79650e-15
 7374.4263 2.83763e-15
 7377.4481 2.88781e-15
 7380.4699 2.84041e-15
 7383.4917 2.88852e-15
 7386.5134 2.92934e-15
 7389.5352 2.93586e-15
 7392.5570 2.90603e-15
 7395.5788 2.85084e-15
 7398.6006 2.91677e-15
 7401.6224 2.97448e-15
 7404.6441 3.02713e-15
 7407.6659 3.03668e-15
 7410.6877 2.95515e-15
 7413.7095 2.98065e-15
 7416.7313 3.00232e-15
 7419.7531 2.99666e-15
 7422.7749 3.00314e-15
 7425.7966 2.98485e-15
 7428.8184 3.05709e-15
 7431.8402 3.07387e-15
 7434.8620 2.93660e-15
 7437.8838 2.98712e-15
 7440.9056 2.90123e-15
 7443.9274 2.99376e-15
 7446.9491 2.93878e-15
 7449.9709 2.86877e-15
 7452.9927 2.83531e-15
 7456.0145 2.79991e-15
 7459.0363 2.72779e-15
 7462.0581 2.67551e-15
 7465.0799 2.62036e-15
 7468.1016 2.57952e-15
 7471.1234 2.50807e-15
 7474.1452 2.45604e-15
 7477.1670 2.39846e-15
 7480.1888 2.33464e-15
 7483.2106 2.27650e-15
 7486.2324 2.20623e-15
 7489.2541 2.10264e-15
 7492.2759 2.03919e-15
 7495.2977 1.97256e-15
 7498.3195 1.92390e-15
 7501.3413 1.90890e-15
 7504.3631 1.81876e-15
 7507.3848 1.78868e-15
 7510.4066 1.76859e-15
 7513.4284 1.73575e-15
 7516.4502 1.69588e-15
 7519.4720 1.72724e-15
 7522.4938 1.69089e-15
 7525.5156 1.72338e-15
 7528.5373 1.73654e-15
 7531.5591 1.71953e-15
 7534.5809 1.75083e-15
 7537.6027 1.75177e-15
 7540.6245 1.77763e-15
 7543.6463 1.73011e-15
 7546.6681 1.69004e-15
 7549.6898 1.78514e-15
 7552.7116 1.64499e-15
 7555.7334 1.88621e-15
 7558.7552 1.93637e-15
 7561.7770 2.13387e-15
 7564.7988 2.35023e-15
 7567.8205 2.27301e-15
 7570.8423 2.05372e-15
 7573.8641 2.16808e-15
 7576.8859 2.26062e-15
 7579.9077 2.28127e-15
 7582.9295 2.34770e-15
 7585.9513 2.42623e-15
 7588.9730 2.49548e-15
 7591.9948 2.63499e-15
 7595.0166 2.65402e-15
 7598.0384 2.66009e-15
 7601.0602 2.73714e-15
 7604.0820 2.84716e-15
 7607.1038 2.93008e-15
 7610.1255 2.91071e-15
 7613.1473 2.99472e-15
 7616.1691 3.05874e-15
 7619.1909 3.07665e-15
 7622.2127 3.20054e-15
 7625.2345 3.14759e-15
 7628.2563 3.17840e-15
 7631.2780 3.15262e-15
 7634.2998 3.21860e-15
 7637.3216 3.29001e-15
 7640.3434 3.28878e-15
 7643.3652 3.33985e-15
 7646.3870 3.32141e-15
 7649.4088 3.39086e-15
 7652.4305 3.39304e-15
 7655.4523 3.33098e-15
 7658.4741 3.43563e-15
 7661.4959 3.39908e-15
 7664.5177 3.42632e-15
 7667.5395 3.53780e-15
 7670.5612 3.65087e-15
 7673.5830 3.63591e-15
 7676.6048 3.59329e-15
 7679.6266 3.56268e-15
 7682.6484 3.57664e-15
 7685.6702 3.54483e-15
 7688.6920 3.57657e-15
 7691.7137 3.67510e-15
 7694.7355 3.63258e-15
 7697.7573 3.64681e-15
 7700.7791 3.73146e-15
 7703.8009 3.61708e-15
 7706.8227 3.56267e-15
 7709.8445 3.68290e-15
 7712.8662 3.59047e-15
 7715.8880 3.54486e-15
 7718.9098 3.68676e-15
 7721.9316 3.70612e-15
 7724.9534 3.60213e-15
 7727.9752 3.58219e-15
 7730.9969 3.58362e-15
 7734.0187 3.45075e-15
 7737.0405 3.53403e-15
 7740.0623 3.52207e-15
 7743.0841 3.36694e-15
 7746.1059 3.44236e-15
 7749.1277 3.52383e-15
 7752.1494 3.52951e-15
 7755.1712 3.42874e-15
 7758.1930 3.34310e-15
 7761.2148 3.46487e-15
 7764.2366 3.39828e-15
 7767.2584 3.31302e-15
 7770.2802 3.34842e-15
 7773.3019 3.27293e-15
 7776.3237 3.30636e-15
 7779.3455 3.26689e-15
 7782.3673 3.18547e-15
 7785.3891 3.13304e-15
 7788.4109 3.18150e-15
 7791.4327 3.12934e-15
 7794.4544 3.06627e-15
 7797.4762 3.12369e-15
 7800.4980 3.17461e-15
 7803.5198 2.97835e-15
 7806.5416 2.97478e-15
 7809.5634 3.06007e-15
 7812.5852 2.93593e-15
 7815.6069 2.98532e-15
 7818.6287 2.96327e-15
 7821.6505 2.90958e-15
 7824.6723 2.82134e-15
 7827.6941 2.78209e-15
 7830.7159 2.83759e-15
 7833.7376 2.77240e-15
 7836.7594 2.77440e-15
 7839.7812 2.72613e-15
 7842.8030 2.76984e-15
 7845.8248 2.74002e-15
 7848.8466 2.70178e-15
 7851.8684 2.72792e-15
 7854.8901 2.69935e-15
 7857.9119 2.67432e-15
 7860.9337 2.56887e-15
 7863.9555 2.61929e-15
 7866.9773 2.63830e-15
 7869.9991 2.61846e-15
 7873.0209 2.56814e-15
 7876.0426 2.53984e-15
 7879.0644 2.48333e-15
 7882.0862 2.48470e-15
 7885.1080 2.53823e-15
 7888.1298 2.51092e-15
 7891.1516 2.41923e-15
 7894.1733 2.37401e-15
 7897.1951 2.38498e-15
 7900.2169 2.31604e-15
 7903.2387 2.30760e-15
 7906.2605 2.31553e-15
 7909.2823 2.43940e-15
 7912.3041 2.27940e-15
 7915.3258 2.23558e-15
 7918.3476 2.31773e-15
 7921.3694 2.32477e-15
 7924.3912 2.27300e-15
 7927.4130 2.29037e-15
 7930.4348 2.27797e-15
 7933.4566 2.27386e-15
 7936.4783 2.22096e-15
 7939.5001 2.16465e-15
 7942.5219 2.17821e-15
 7945.5437 2.17080e-15
 7948.5655 2.16110e-15
 7951.5873 2.17302e-15
 7954.6091 2.28174e-15
 7957.6308 2.24291e-15
 7960.6526 2.15836e-15
 7963.6744 2.10907e-15
 7966.6962 2.10793e-15
 7969.7180 2.14141e-15
 7972.7398 2.09002e-15
 7975.7616 2.07193e-15
 7978.7833 2.13824e-15
 7981.8051 2.07912e-15
 7984.8269 2.06578e-15
 7987.8487 2.08837e-15
 7990.8705 2.10200e-15
 7993.8923 2.05572e-15
 7996.9140 2.05467e-15
 7999.9358 2.11182e-15
 8002.9576 2.06231e-15
 8005.9794 2.00494e-15
 8009.0012 2.07760e-15
 8012.0230 1.99819e-15
 8015.0448 2.05789e-15
 8018.0665 2.07873e-15
 8021.0883 2.03338e-15
 8024.1101 1.99446e-15
 8027.1319 1.97874e-15
 8030.1537 1.98215e-15
 8033.1755 2.00156e-15
 8036.1973 1.99830e-15
 8039.2190 2.04721e-15
 8042.2408 2.02457e-15
 8045.2626 2.04228e-15
 8048.2844 2.04954e-15
 8051.3062 1.97854e-15
 8054.3280 1.93212e-15
 8057.3497 1.95656e-15
 8060.3715 1.95735e-15
 8063.3933 1.98563e-15
 8066.4151 1.91613e-15
 8069.4369 1.96478e-15
 8072.4587 1.97034e-15
 8075.4805 1.97132e-15
 8078.5022 1.95245e-15
 8081.5240 1.92764e-15
 8084.5458 1.93944e-15
 8087.5676 1.95240e-15
 8090.5894 1.92313e-15
 8093.6112 1.89936e-15
 8096.6330 1.96444e-15
 8099.6547 1.94515e-15
 8102.6765 1.86750e-15
 8105.6983 1.84756e-15
 8108.7201 1.94112e-15
 8111.7419 1.91490e-15
 8114.7637 1.85856e-15
 8117.7855 1.84297e-15
 8120.8072 1.90747e-15
 8123.8290 1.86103e-15
 8126.8508 1.84352e-15
 8129.8726 1.84594e-15
 8132.8944 1.80957e-15
 8135.9162 1.78904e-15
 8138.9380 1.74380e-15
 8141.9597 1.74601e-15
 8144.9815 1.75973e-15
 8148.0033 1.72196e-15
 8151.0251 1.63807e-15
 8154.0469 1.59887e-15
 8157.0687 1.54850e-15
 8160.0904 1.47015e-15
 8163.1122 1.42613e-15
 8166.1340 1.35991e-15
 8169.1558 1.24020e-15
 8172.1776 1.22777e-15
 8175.1994 1.20341e-15
 8178.2212 1.15657e-15
 8181.2429 1.16326e-15
 8184.2647 1.10303e-15
 8187.2865 1.05036e-15
 8190.3083 1.02598e-15
 8193.3301 9.73855e-16
 8196.3519 9.44667e-16
 8199.3737 8.76493e-16
 8202.3954 8.39809e-16
 8205.4172 8.70519e-16
 8208.4390 7.98225e-16
 8211.4608 7.81563e-16
 8214.4826 7.34529e-16
 8217.5044 7.06076e-16
 8220.5261 6.90957e-16
 8223.5479 6.55430e-16
 8226.5697 6.78254e-16
 8229.5915 6.55782e-16
 8232.6133 6.33089e-16
 8235.6351 6.72489e-16
 8238.6569 7.16604e-16
 8241.6786 6.88024e-16
 8244.7004 6.17128e-16
 8247.7222 6.64336e-16
 8250.7440 6.67723e-16
 8253.7658 6.88996e-16
 8256.7876 7.08744e-16
 8259.8094 7.38949e-16
 8262.8311 7.35614e-16
 8265.8529 7.68967e-16
 8268.8747 8.45837e-16
 8271.8965 8.31199e-16
 8274.9183 8.56560e-16
 8277.9401 8.96296e-16
 8280.9619 8.88396e-16
 8283.9836 9.54062e-16
 8287.0054 9.15768e-16
 8290.0272 8.84128e-16
 8293.0490 9.65276e-16
 8296.0708 1.01784e-15
 8299.0926 9.93918e-16
 8302.1144 1.05232e-15
 8305.1361 1.10669e-15
 8308.1579 1.06491e-15
 8311.1797 1.07204e-15
 8314.2015 1.04871e-15
 8317.2233 1.01498e-15
 8320.2451 1.03204e-15
 8323.2668 1.04911e-15
 8326.2886 1.02102e-15
 8329.3104 1.04170e-15
 8332.3322 1.11078e-15
 8335.3540 1.10693e-15
 8338.3758 1.07887e-15
 8341.3976 1.09299e-15
 8344.4193 1.12375e-15
 8347.4411 1.13189e-15
 8350.4629 1.10963e-15
 8353.4847 1.05569e-15
 8356.5065 1.08140e-15
 8359.5283 1.09044e-15
 8362.5501 1.06306e-15
 8365.5718 1.09348e-15
 8368.5936 1.08670e-15
 8371.6154 1.12670e-15
 8374.6372 1.23505e-15
 8377.6590 1.14269e-15
 8380.6808 1.17584e-15
 8383.7025 1.11936e-15
 8386.7243 1.17860e-15
 8389.7461 1.20735e-15
 8392.7679 1.22441e-15
 8395.7897 1.26120e-15
 8398.8115 1.25115e-15
 8401.8333 1.26420e-15
 8404.8550 1.28115e-15
 8407.8768 1.28424e-15
 8410.8986 1.37965e-15
 8413.9204 1.42438e-15
 8416.9422 1.30306e-15
 8419.9640 1.41774e-15
 8422.9858 1.54958e-15
 8426.0075 1.46570e-15
 8429.0293 1.38492e-15
 8432.0511 1.45633e-15
 8435.0729 1.49281e-15
 8438.0947 1.60274e-15
 8441.1165 1.67805e-15
 8444.1383 1.72033e-15
 8447.1600 1.82658e-15
 8450.1818 1.85718e-15
 8453.2036 1.73720e-15
 8456.2254 1.83153e-15
 8459.2472 1.92995e-15
 8462.2690 1.97771e-15
 8465.2908 1.91887e-15
 8468.3125 1.90927e-15
 8471.3343 1.97611e-15
 8474.3561 2.05243e-15
 8477.3779 2.00337e-15
 8480.3997 2.06536e-15
 8483.4215 2.22690e-15
 8486.4433 2.29088e-15
 8489.4650 2.24244e-15
 8492.4868 2.23334e-15
 8495.5086 2.30188e-15
 8498.5304 2.45780e-15
 8501.5522 2.45370e-15
 8504.5740 2.66246e-15
 8507.5957 2.56693e-15
 8510.6175 2.41676e-15
 8513.6393 2.57971e-15
 8516.6611 2.85167e-15
 8519.6829 2.76908e-15
 8522.7047 2.78622e-15
 8525.7265 2.79903e-15
 8528.7482 2.77875e-15
 8531.7700 2.83038e-15
 8534.7918 2.95816e-15
 8537.8136 2.94613e-15
 8540.8354 2.88437e-15
 8543.8572 2.85086e-15
 8546.8790 2.88329e-15
 8549.9007 2.93494e-15
 8552.9225 2.87912e-15
 8555.9443 3.10650e-15
 8558.9661 3.02806e-15
 8561.9879 3.01423e-15
 8565.0097 2.99468e-15
 8568.0314 2.96371e-15
 8571.0532 3.03225e-15
 8574.0750 3.01617e-15
 8577.0968 2.99725e-15
 8580.1186 2.97332e-15
 8583.1404 2.92770e-15
 8586.1622 2.85754e-15
 8589.1839 3.08188e-15
 8592.2057 3.08226e-15
 8595.2275 3.09680e-15
 8598.2493 3.14799e-15
 8601.2711 3.08740e-15
 8604.2929 3.26529e-15
 8607.3147 3.28257e-15
 8610.3364 3.22543e-15
 8613.3582 3.15294e-15
 8616.3800 3.27585e-15
 8619.4018 3.26432e-15
 8622.4236 3.08645e-15
 8625.4454 3.11357e-15
 8628.4672 3.27739e-15
 8631.4889 3.21677e-15
 8634.5107 3.22452e-15
 8637.5325 3.16097e-15
 8640.5543 3.03635e-15
 8643.5761 3.03342e-15
 8646.5979 3.18436e-15
 8649.6197 3.20145e-15
 8652.6414 3.03975e-15
 8655.6632 2.97296e-15
 8658.6850 3.13214e-15
 8661.7068 3.37467e-15
 8664.7286 3.25242e-15
 8667.7504 3.15546e-15
 8670.7721 3.17597e-15
 8673.7939 3.16902e-15
 8676.8157 3.20398e-15
 8679.8375 3.19989e-15
 8682.8593 3.22485e-15
 8685.8811 3.35382e-15
 8688.9029 3.10335e-15
 8691.9246 3.03470e-15
 8694.9464 3.24449e-15
 8697.9682 3.19077e-15
 8700.9900 3.02323e-15
 8704.0118 3.01382e-15
 8707.0336 3.11223e-15
 8710.0554 3.21860e-15
 8713.0771 3.28134e-15
 8716.0989 3.16206e-15
 8719.1207 3.23271e-15
 8722.1425 2.99256e-15
 8725.1643 3.31542e-15
 8728.1861 3.02718e-15
 8731.2078 2.95393e-15
 8734.2296 3.11084e-15
 8737.2514 3.18656e-15
 8740.2732 3.15811e-15
 8743.2950 2.95568e-15
 8746.3168 2.85595e-15
 8749.3386 2.90137e-15
 8752.3603 3.01711e-15
 8755.3821 3.05991e-15
 8758.4039 2.96264e-15
 8761.4257 2.98547e-15
 8764.4475 2.90350e-15
 8767.4693 2.87954e-15
 8770.4911 2.95559e-15
 8773.5128 3.09568e-15
 8776.5346 2.76266e-15
 8779.5564 2.98862e-15
 8782.5782 2.88964e-15
 8785.6000 2.92383e-15
 8788.6218 2.71022e-15
 8791.6436 2.77897e-15
 8794.6653 2.85653e-15
 8797.6871 2.72916e-15
 8800.7089 2.58710e-15
 8803.7307 2.67827e-15
 8806.7525 2.91467e-15
 8809.7743 2.73408e-15
 8812.7961 2.67876e-15
 8815.8178 2.83941e-15
 8818.8396 2.80918e-15
 8821.8614 2.72591e-15
 8824.8832 2.76582e-15
 8827.9050 2.81328e-15
 8830.9268 2.64412e-15
 8833.9485 2.59786e-15
 8836.9703 2.74466e-15
 8839.9921 2.52988e-15
 8843.0139 2.67032e-15
 8846.0357 2.61456e-15
 8849.0575 2.49306e-15
 8852.0793 2.48318e-15
 8855.1010 2.47670e-15
 8858.1228 2.54576e-15
 8861.1446 2.52503e-15
 8864.1664 2.52142e-15
 8867.1882 2.38618e-15
 8870.2100 2.49969e-15
 8873.2318 2.69966e-15
 8876.2535 2.47194e-15
 8879.2753 2.42639e-15
 8882.2971 2.34584e-15
 8885.3189 2.23600e-15
 8888.3407 2.39162e-15
 8891.3625 2.40514e-15
 8894.3842 2.23621e-15
 8897.4060 2.18161e-15
 8900.4278 2.28396e-15
 8903.4496 2.18873e-15
 8906.4714 2.31548e-15
 8909.4932 2.15299e-15
 8912.5150 2.11087e-15
 8915.5367 2.25686e-15
 8918.5585 2.11997e-15
 8921.5803 2.02485e-15
 8924.6021 1.92267e-15
 8927.6239 2.09329e-15
 8930.6457 2.05600e-15
 8933.6675 2.16634e-15
 8936.6892 2.03849e-15
 8939.7110 1.78416e-15
 8942.7328 1.79110e-15
 8945.7546 1.81930e-15
 8948.7764 1.75843e-15
 8951.7982 1.70251e-15
 8954.8200 1.77066e-15
 8957.8417 1.81405e-15
 8960.8635 1.68418e-15
 8963.8853 1.72524e-15
 8966.9071 1.88350e-15
 8969.9289 1.70423e-15
 8972.9507 1.78200e-15
 8975.9725 1.76272e-15
 8978.9942 1.59431e-15
 8982.0160 1.55609e-15
 8985.0378 1.70445e-15
 8988.0596 1.76893e-15
 8991.0814 1.60895e-15
 8994.1032 1.52669e-15
 8997.1249 1.65926e-15
 9000.1467 1.68431e-15
 9003.1685 1.62215e-15
 9006.1903 1.65127e-15
 9009.2121 1.57341e-15
 9012.2339 1.64710e-15
 9015.2557 1.67296e-15
 9018.2774 1.71464e-15
 9021.2992 1.57033e-15
 9024.3210 1.51943e-15
 9027.3428 1.59199e-15
 9030.3646 1.67359e-15
 9033.3864 1.61724e-15
 9036.4082 1.71080e-15
 9039.4299 1.70736e-15
 9042.4517 1.55391e-15
 9045.4735 1.57527e-15
 9048.4953 1.78576e-15
 9051.5171 1.87816e-15
 9054.5389 1.69887e-15
 9057.5606 1.60366e-15
 9060.5824 1.70712e-15
 9063.6042 1.61434e-15
 9066.6260 1.54069e-15
 9069.6478 1.73501e-15
 9072.6696 1.63781e-15
 9075.6914 1.60520e-15
 9078.7131 1.67543e-15
 9081.7349 1.68197e-15
 9084.7567 1.58725e-15
 9087.7785 1.68858e-15
 9090.8003 1.68133e-15
 9093.8221 1.68217e-15
 9096.8439 1.58682e-15
 9099.8656 1.74353e-15
 9102.8874 1.62813e-15
 9105.9092 1.71496e-15
 9108.9310 1.69960e-15
 9111.9528 1.75219e-15
 9114.9746 1.69050e-15
 9117.9964 1.82081e-15
 9121.0181 1.73497e-15
 9124.0399 1.73564e-15
 9127.0617 1.55673e-15
 9130.0835 1.46926e-15
 9133.1053 1.71350e-15
 9136.1271 1.84584e-15
 9139.1489 1.70656e-15
 9142.1706 1.56209e-15
 9145.1924 1.52702e-15
 9148.2142 1.62221e-15
 9151.2360 1.60574e-15
 9154.2578 1.65232e-15
 9157.2796 1.56738e-15
 9160.3013 1.53066e-15
 9163.3231 1.64125e-15
 9166.3449 1.94176e-15
 9169.3667 1.78060e-15
 9172.3885 1.81052e-15
 9175.4103 1.80432e-15
