#Object:               SN2007N
#FITS_file:            SN07N_b01_DUP_WF_25feb07.fits
#Redshift:             0.01288
#JDate_of_max:         2454123.75
#JDate_of_observation: 2454156.81
#Epoch:                32.64     
#
 3751.6823 8.64163e-18
 3754.6851 -7.60783e-18
 3757.6878 6.16666e-18
 3760.6906 2.80140e-18
 3763.6933 3.19884e-18
 3766.6960 -3.08695e-18
 3769.6988 6.93360e-18
 3772.7015 2.00150e-17
 3775.7043 2.17053e-18
 3778.7070 2.10628e-18
 3781.7097 1.51702e-18
 3784.7125 -7.99429e-18
 3787.7152 -1.77851e-17
 3790.7179 1.25943e-17
 3793.7207 -1.30880e-19
 3796.7234 1.02521e-17
 3799.7262 9.05793e-18
 3802.7289 1.58345e-18
 3805.7316 -9.16564e-19
 3808.7344 1.72793e-17
 3811.7371 4.30130e-18
 3814.7398 9.67469e-18
 3817.7426 2.46722e-17
 3820.7453 -3.58837e-18
 3823.7481 -5.91532e-18
 3826.7508 8.69604e-18
 3829.7535 1.13628e-17
 3832.7563 1.58774e-17
 3835.7590 1.28189e-17
 3838.7618 1.89461e-17
 3841.7645 -4.03511e-18
 3844.7672 1.64565e-17
 3847.7700 1.57850e-17
 3850.7727 -5.61425e-18
 3853.7754 -3.67260e-19
 3856.7782 4.17962e-18
 3859.7809 5.13603e-18
 3862.7837 1.77978e-17
 3865.7864 -7.28888e-18
 3868.7891 -7.42387e-19
 3871.7919 2.94655e-17
 3874.7946 1.41937e-17
 3877.7974 1.75622e-17
 3880.8001 1.14168e-17
 3883.8028 1.90238e-17
 3886.8056 2.43470e-17
 3889.8083 1.27543e-17
 3892.8110 9.72783e-18
 3895.8138 2.75888e-17
 3898.8165 4.41350e-18
 3901.8193 1.10294e-17
 3904.8220 2.07034e-17
 3907.8247 1.37130e-17
 3910.8275 1.25148e-17
 3913.8302 2.49116e-17
 3916.8329 2.94326e-17
 3919.8357 8.42499e-18
 3922.8384 2.30416e-17
 3925.8412 3.00373e-17
 3928.8439 1.97314e-17
 3931.8466 1.03887e-17
 3934.8494 5.85859e-18
 3937.8521 2.38853e-17
 3940.8548 1.41125e-17
 3943.8576 2.32510e-17
 3946.8603 2.44833e-17
 3949.8631 1.90203e-17
 3952.8658 3.06224e-17
 3955.8685 2.56317e-17
 3958.8713 4.09944e-17
 3961.8740 2.28667e-17
 3964.8768 2.80084e-17
 3967.8795 2.62576e-17
 3970.8822 1.63965e-17
 3973.8850 2.65786e-17
 3976.8877 4.51705e-17
 3979.8904 3.90321e-17
 3982.8932 4.74979e-17
 3985.8959 4.63742e-17
 3988.8987 3.16467e-17
 3991.9014 3.98626e-17
 3994.9041 4.81067e-17
 3997.9069 4.62376e-17
 4000.9096 3.69177e-17
 4003.9124 2.73176e-17
 4006.9151 3.68468e-17
 4009.9178 3.21513e-17
 4012.9206 2.71745e-17
 4015.9233 2.52260e-17
 4018.9260 3.08735e-17
 4021.9288 2.89126e-17
 4024.9315 3.42857e-17
 4027.9343 2.97650e-17
 4030.9370 2.81411e-17
 4033.9397 2.89752e-17
 4036.9425 2.36076e-17
 4039.9452 2.59875e-17
 4042.9479 3.01043e-17
 4045.9507 3.39949e-17
 4048.9534 1.27079e-17
 4051.9562 2.57357e-17
 4054.9589 1.96755e-17
 4057.9616 1.51013e-17
 4060.9644 2.78478e-17
 4063.9671 1.97818e-17
 4066.9699 1.50343e-17
 4069.9726 8.97313e-18
 4072.9753 1.91874e-17
 4075.9781 2.65243e-17
 4078.9808 2.22657e-17
 4081.9835 1.23635e-17
 4084.9863 1.24035e-17
 4087.9890 1.71659e-17
 4090.9918 2.40285e-17
 4093.9945 2.06262e-17
 4096.9972 1.79839e-17
 4100.0000 2.50970e-17
 4103.0027 2.88486e-17
 4106.0054 1.63850e-17
 4109.0082 3.01489e-17
 4112.0109 9.25261e-18
 4115.0137 1.48062e-17
 4118.0164 1.11693e-17
 4121.0191 2.52859e-17
 4124.0219 1.85992e-17
 4127.0246 1.10761e-17
 4130.0273 5.17453e-18
 4133.0301 2.19559e-17
 4136.0328 2.56837e-17
 4139.0356 1.99085e-17
 4142.0383 2.84110e-17
 4145.0410 1.94821e-17
 4148.0438 9.69779e-18
 4151.0465 2.21155e-17
 4154.0493 2.28085e-17
 4157.0520 1.85894e-17
 4160.0547 9.06922e-18
 4163.0575 8.54048e-18
 4166.0602 1.80149e-17
 4169.0630 1.56527e-17
 4172.0657 2.41990e-17
 4175.0684 1.19579e-17
 4178.0712 1.40762e-17
 4181.0739 2.23117e-17
 4184.0766 1.04126e-17
 4187.0794 1.13468e-17
 4190.0821 1.83467e-17
 4193.0849 2.02658e-17
 4196.0876 1.84279e-17
 4199.0903 1.62362e-17
 4202.0931 2.23174e-17
 4205.0958 2.22119e-17
 4208.0985 2.06783e-17
 4211.1013 1.03647e-17
 4214.1040 1.45627e-17
 4217.1068 1.70870e-17
 4220.1095 1.53864e-17
 4223.1122 2.26435e-17
 4226.1150 2.16944e-17
 4229.1177 1.38003e-17
 4232.1204 1.98429e-17
 4235.1232 3.68846e-17
 4238.1259 2.51304e-17
 4241.1287 1.30388e-17
 4244.1314 8.34945e-18
 4247.1341 2.21350e-17
 4250.1369 1.62732e-17
 4253.1396 1.60282e-17
 4256.1424 2.46920e-17
 4259.1451 1.51532e-17
 4262.1478 1.01240e-17
 4265.1506 1.25580e-17
 4268.1533 6.53902e-18
 4271.1560 1.30062e-17
 4274.1588 1.94656e-17
 4277.1615 1.41636e-17
 4280.1643 2.42597e-17
 4283.1670 2.74003e-17
 4286.1697 2.60298e-17
 4289.1725 2.09341e-17
 4292.1752 1.72861e-17
 4295.1779 1.93208e-17
 4298.1807 1.47824e-17
 4301.1834 1.61942e-17
 4304.1862 1.50937e-17
 4307.1889 2.05413e-17
 4310.1916 2.96514e-17
 4313.1944 1.37355e-17
 4316.1971 9.33648e-18
 4319.1999 1.08994e-17
 4322.2026 8.64773e-18
 4325.2053 1.73853e-17
 4328.2081 1.30781e-17
 4331.2108 2.12671e-17
 4334.2135 1.79155e-17
 4337.2163 1.53489e-17
 4340.2190 2.62966e-17
 4343.2218 1.91272e-17
 4346.2245 1.47060e-17
 4349.2272 1.63220e-17
 4352.2300 1.85751e-17
 4355.2327 3.13509e-17
 4358.2355 3.33000e-17
 4361.2382 1.84398e-17
 4364.2409 1.06117e-17
 4367.2437 1.63053e-17
 4370.2464 1.50745e-17
 4373.2491 2.12365e-17
 4376.2519 1.56589e-17
 4379.2546 8.58674e-18
 4382.2574 2.58997e-17
 4385.2601 2.02847e-17
 4388.2628 2.18262e-17
 4391.2656 1.43863e-17
 4394.2683 1.71613e-17
 4397.2710 1.31514e-17
 4400.2738 7.58048e-18
 4403.2765 1.00343e-17
 4406.2793 2.19601e-17
 4409.2820 1.54895e-17
 4412.2847 1.21422e-17
 4415.2875 1.26654e-17
 4418.2902 1.91279e-17
 4421.2930 1.54051e-17
 4424.2957 1.62651e-17
 4427.2984 1.71243e-17
 4430.3012 1.81590e-17
 4433.3039 2.30694e-17
 4436.3066 2.32143e-17
 4439.3094 1.47745e-17
 4442.3121 2.11208e-17
 4445.3149 1.50160e-17
 4448.3176 1.45386e-17
 4451.3203 1.71417e-17
 4454.3231 2.32026e-17
 4457.3258 1.94971e-17
 4460.3285 1.81477e-17
 4463.3313 1.70243e-17
 4466.3340 1.19677e-17
 4469.3368 1.74143e-17
 4472.3395 2.42024e-17
 4475.3422 3.05157e-17
 4478.3450 1.44529e-17
 4481.3477 2.36219e-17
 4484.3505 2.71869e-17
 4487.3532 2.04657e-17
 4490.3559 2.75221e-17
 4493.3587 2.49300e-17
 4496.3614 2.52473e-17
 4499.3641 3.54989e-17
 4502.3669 3.41253e-17
 4505.3696 2.58685e-17
 4508.3724 2.65697e-17
 4511.3751 3.07554e-17
 4514.3778 2.67830e-17
 4517.3806 3.18754e-17
 4520.3833 3.57359e-17
 4523.3861 3.56376e-17
 4526.3888 3.18936e-17
 4529.3915 3.26746e-17
 4532.3943 3.45023e-17
 4535.3970 2.46545e-17
 4538.3997 3.78893e-17
 4541.4025 3.70697e-17
 4544.4052 3.72865e-17
 4547.4080 3.73123e-17
 4550.4107 3.39155e-17
 4553.4134 3.41887e-17
 4556.4162 4.14237e-17
 4559.4189 3.43024e-17
 4562.4216 4.64406e-17
 4565.4244 4.20736e-17
 4568.4271 5.26524e-17
 4571.4299 5.00849e-17
 4574.4326 4.44498e-17
 4577.4353 3.62831e-17
 4580.4381 4.35954e-17
 4583.4408 4.96882e-17
 4586.4435 5.05666e-17
 4589.4463 6.00924e-17
 4592.4490 4.48545e-17
 4595.4518 4.60960e-17
 4598.4545 6.11041e-17
 4601.4572 6.29362e-17
 4604.4600 6.31059e-17
 4607.4627 5.28691e-17
 4610.4655 5.37918e-17
 4613.4682 5.73839e-17
 4616.4709 5.00394e-17
 4619.4737 5.20029e-17
 4622.4764 5.17765e-17
 4625.4791 4.63657e-17
 4628.4819 4.84890e-17
 4631.4846 5.42163e-17
 4634.4874 5.57491e-17
 4637.4901 5.31123e-17
 4640.4928 4.85827e-17
 4643.4956 5.69819e-17
 4646.4983 6.20999e-17
 4649.5011 4.78114e-17
 4652.5038 3.80092e-17
 4655.5065 5.63310e-17
 4658.5093 5.47121e-17
 4661.5120 5.51168e-17
 4664.5147 4.53915e-17
 4667.5175 4.61905e-17
 4670.5202 4.56280e-17
 4673.5230 4.58688e-17
 4676.5257 4.22038e-17
 4679.5284 4.42722e-17
 4682.5312 4.54501e-17
 4685.5339 3.97593e-17
 4688.5366 3.96396e-17
 4691.5394 3.42132e-17
 4694.5421 2.79198e-17
 4697.5449 3.17084e-17
 4700.5476 2.46498e-17
 4703.5503 3.18633e-17
 4706.5531 3.09890e-17
 4709.5558 2.52675e-17
 4712.5586 2.50563e-17
 4715.5613 2.59083e-17
 4718.5640 2.25414e-17
 4721.5668 2.30412e-17
 4724.5695 2.87036e-17
 4727.5722 3.22384e-17
 4730.5750 2.88236e-17
 4733.5777 2.68340e-17
 4736.5805 2.39733e-17
 4739.5832 1.63747e-17
 4742.5859 3.14070e-17
 4745.5887 3.69144e-17
 4748.5914 2.22478e-17
 4751.5941 1.93413e-17
 4754.5969 3.26306e-17
 4757.5996 2.13256e-17
 4760.6024 2.36954e-17
 4763.6051 2.47129e-17
 4766.6078 2.62399e-17
 4769.6106 2.95317e-17
 4772.6133 2.70804e-17
 4775.6160 2.71514e-17
 4778.6188 2.68704e-17
 4781.6215 2.55798e-17
 4784.6243 2.75244e-17
 4787.6270 3.18081e-17
 4790.6297 2.32264e-17
 4793.6325 3.47393e-17
 4796.6352 2.83251e-17
 4799.6380 2.84526e-17
 4802.6407 3.41505e-17
 4805.6434 3.41512e-17
 4808.6462 2.15811e-17
 4811.6489 2.16313e-17
 4814.6517 3.07983e-17
 4817.6544 3.28001e-17
 4820.6571 2.56060e-17
 4823.6599 2.58362e-17
 4826.6626 3.80667e-17
 4829.6653 3.79398e-17
 4832.6681 3.83722e-17
 4835.6708 3.26889e-17
 4838.6736 4.33950e-17
 4841.6763 4.28725e-17
 4844.6790 3.48275e-17
 4847.6818 3.70443e-17
 4850.6845 4.47157e-17
 4853.6872 3.70039e-17
 4856.6900 3.68904e-17
 4859.6927 3.92455e-17
 4862.6955 3.39258e-17
 4865.6982 3.59310e-17
 4868.7009 3.19269e-17
 4871.7037 2.95131e-17
 4874.7064 2.97067e-17
 4877.7091 3.47110e-17
 4880.7119 3.59512e-17
 4883.7146 3.24109e-17
 4886.7174 3.62454e-17
 4889.7201 3.39090e-17
 4892.7228 3.29459e-17
 4895.7256 3.88143e-17
 4898.7283 3.91283e-17
 4901.7311 3.44459e-17
 4904.7338 3.56071e-17
 4907.7365 3.59586e-17
 4910.7393 3.52747e-17
 4913.7420 2.84651e-17
 4916.7447 2.98826e-17
 4919.7475 3.62584e-17
 4922.7502 3.95634e-17
 4925.7530 3.53728e-17
 4928.7557 3.88959e-17
 4931.7584 3.83032e-17
 4934.7612 3.69360e-17
 4937.7639 4.42370e-17
 4940.7666 4.54918e-17
 4943.7694 4.74510e-17
 4946.7721 4.79554e-17
 4949.7749 5.41563e-17
 4952.7776 4.40781e-17
 4955.7803 5.25310e-17
 4958.7831 4.28910e-17
 4961.7858 4.34775e-17
 4964.7885 4.86935e-17
 4967.7913 4.48740e-17
 4970.7940 5.12229e-17
 4973.7968 4.39247e-17
 4976.7995 3.95535e-17
 4979.8022 4.99287e-17
 4982.8050 5.03637e-17
 4985.8077 4.62296e-17
 4988.8105 4.30966e-17
 4991.8132 4.00665e-17
 4994.8159 3.23156e-17
 4997.8187 3.95739e-17
 5000.8214 3.51868e-17
 5003.8242 2.62775e-17
 5006.8269 2.76593e-17
 5009.8296 2.79426e-17
 5012.8324 2.23050e-17
 5015.8351 2.64571e-17
 5018.8378 2.82123e-17
 5021.8406 2.09183e-17
 5024.8433 3.12203e-17
 5027.8461 2.56299e-17
 5030.8488 2.40543e-17
 5033.8515 2.97736e-17
 5036.8543 3.03716e-17
 5039.8570 2.96215e-17
 5042.8597 2.42604e-17
 5045.8625 1.85533e-17
 5048.8652 2.64996e-17
 5051.8680 2.06873e-17
 5054.8707 2.03735e-17
 5057.8734 2.38717e-17
 5060.8762 2.66613e-17
 5063.8789 2.24159e-17
 5066.8816 2.24903e-17
 5069.8844 3.10010e-17
 5072.8871 3.39648e-17
 5075.8899 2.26667e-17
 5078.8926 3.02884e-17
 5081.8953 2.91249e-17
 5084.8981 2.90927e-17
 5087.9008 3.06930e-17
 5090.9036 3.01878e-17
 5093.9063 3.63474e-17
 5096.9090 3.28019e-17
 5099.9118 3.13709e-17
 5102.9145 2.68277e-17
 5105.9172 2.92530e-17
 5108.9200 2.76084e-17
 5111.9227 2.86646e-17
 5114.9255 3.41482e-17
 5117.9282 3.10133e-17
 5120.9309 2.60542e-17
 5123.9337 3.14813e-17
 5126.9364 3.31649e-17
 5129.9391 3.58736e-17
 5132.9419 3.44592e-17
 5135.9446 3.07950e-17
 5138.9474 3.17414e-17
 5141.9501 3.99226e-17
 5144.9528 3.03482e-17
 5147.9556 3.70433e-17
 5150.9583 2.66110e-17
 5153.9611 3.81075e-17
 5156.9638 4.41779e-17
 5159.9665 3.58689e-17
 5162.9693 2.86846e-17
 5165.9720 3.54546e-17
 5168.9747 3.46707e-17
 5171.9775 3.37115e-17
 5174.9802 3.46989e-17
 5177.9830 3.73656e-17
 5180.9857 3.59147e-17
 5183.9884 3.64319e-17
 5186.9912 4.03881e-17
 5189.9939 3.79633e-17
 5192.9967 3.67694e-17
 5195.9994 3.87829e-17
 5199.0021 4.52224e-17
 5202.0049 3.60119e-17
 5205.0076 4.04901e-17
 5208.0103 4.57072e-17
 5211.0131 4.33270e-17
 5214.0158 4.25604e-17
 5217.0186 4.22202e-17
 5220.0213 4.28342e-17
 5223.0240 4.08524e-17
 5226.0268 3.46840e-17
 5229.0295 3.96167e-17
 5232.0322 4.39099e-17
 5235.0350 4.42712e-17
 5238.0377 4.78139e-17
 5241.0405 4.45826e-17
 5244.0432 3.79455e-17
 5247.0459 4.61686e-17
 5250.0487 5.22766e-17
 5253.0514 4.36634e-17
 5256.0541 4.83220e-17
 5259.0569 4.93556e-17
 5262.0596 4.81730e-17
 5265.0624 4.23771e-17
 5268.0651 4.71604e-17
 5271.0678 5.52204e-17
 5274.0706 4.36541e-17
 5277.0733 4.64051e-17
 5280.0761 5.11069e-17
 5283.0788 5.08760e-17
 5286.0815 5.25854e-17
 5289.0843 5.07825e-17
 5292.0870 4.64453e-17
 5295.0897 5.54479e-17
 5298.0925 5.50997e-17
 5301.0952 5.14436e-17
 5304.0980 5.83922e-17
 5307.1007 5.07338e-17
 5310.1034 5.15437e-17
 5313.1062 5.11514e-17
 5316.1089 5.64664e-17
 5319.1117 5.91080e-17
 5322.1144 4.88978e-17
 5325.1171 5.06839e-17
 5328.1199 5.12339e-17
 5331.1226 5.85508e-17
 5334.1253 6.69997e-17
 5337.1281 6.41912e-17
 5340.1308 5.81024e-17
 5343.1336 6.03340e-17
 5346.1363 5.56838e-17
 5349.1390 6.01748e-17
 5352.1418 5.82616e-17
 5355.1445 6.17946e-17
 5358.1472 7.00225e-17
 5361.1500 5.87497e-17
 5364.1527 6.22929e-17
 5367.1555 5.84186e-17
 5370.1582 5.38767e-17
 5373.1609 5.94013e-17
 5376.1637 5.63875e-17
 5379.1664 5.86509e-17
 5382.1692 6.17824e-17
 5385.1719 6.11627e-17
 5388.1746 6.22071e-17
 5391.1774 4.88426e-17
 5394.1801 5.08231e-17
 5397.1828 5.51336e-17
 5400.1856 5.93680e-17
 5403.1883 5.72699e-17
 5406.1911 5.65083e-17
 5409.1938 5.80677e-17
 5412.1965 5.53889e-17
 5415.1993 5.02196e-17
 5418.2020 6.04012e-17
 5421.2047 5.91299e-17
 5424.2075 5.32750e-17
 5427.2102 6.04132e-17
 5430.2130 5.89911e-17
 5433.2157 6.27681e-17
 5436.2184 6.02024e-17
 5439.2212 5.86707e-17
 5442.2239 5.44668e-17
 5445.2267 5.46674e-17
 5448.2294 6.16507e-17
 5451.2321 6.33502e-17
 5454.2349 6.00071e-17
 5457.2376 7.08640e-17
 5460.2404 6.91327e-17
 5463.2431 6.78863e-17
 5466.2458 7.42615e-17
 5469.2486 7.78750e-17
 5472.2513 6.74832e-17
 5475.2540 8.17102e-17
 5478.2568 7.87993e-17
 5481.2595 7.79607e-17
 5484.2623 7.62122e-17
 5487.2650 7.02766e-17
 5490.2677 7.45479e-17
 5493.2705 8.23270e-17
 5496.2732 7.95069e-17
 5499.2759 7.13192e-17
 5502.2787 7.25077e-17
 5505.2814 7.36962e-17
 5508.2842 7.68275e-17
 5511.2869 9.27301e-17
 5514.2896 8.63490e-17
 5517.2924 8.45425e-17
 5520.2951 8.98310e-17
 5523.2978 8.84534e-17
 5526.3006 7.94686e-17
 5529.3033 7.62685e-17
 5532.3061 7.58049e-17
 5535.3088 7.92517e-17
 5538.3115 8.94785e-17
 5541.3143 7.01336e-17
 5544.3170 7.18759e-17
 5547.3198 7.00958e-17
 5550.3225 6.48460e-17
 5553.3252 6.16804e-17
 5556.3280 6.12586e-17
 5559.3307 6.47557e-17
 5562.3334 5.78408e-17
 5565.3362 6.48207e-17
 5568.3389 6.86591e-17
 5571.3417 5.75248e-17
 5574.3444 5.24881e-17
 5577.3471 5.33801e-17
 5580.3499 4.96452e-17
 5583.3526 5.27374e-17
 5586.3553 5.04755e-17
 5589.3581 5.26011e-17
 5592.3608 4.83972e-17
 5595.3636 4.63857e-17
 5598.3663 4.40701e-17
 5601.3690 3.89420e-17
 5604.3718 3.86926e-17
 5607.3745 4.44823e-17
 5610.3772 4.35116e-17
 5613.3800 4.95093e-17
 5616.3827 5.88692e-17
 5619.3855 5.21614e-17
 5622.3882 4.26240e-17
 5625.3909 4.59146e-17
 5628.3937 4.01507e-17
 5631.3964 5.17052e-17
 5634.3992 5.46655e-17
 5637.4019 5.09082e-17
 5640.4046 5.06751e-17
 5643.4074 5.59194e-17
 5646.4101 5.92956e-17
 5649.4129 5.15847e-17
 5652.4156 4.69316e-17
 5655.4183 5.66037e-17
 5658.4211 5.60070e-17
 5661.4238 5.50148e-17
 5664.4265 6.07573e-17
 5667.4293 5.53796e-17
 5670.4320 5.89022e-17
 5673.4348 5.51118e-17
 5676.4375 5.58342e-17
 5679.4402 5.56232e-17
 5682.4430 6.39538e-17
 5685.4457 5.79585e-17
 5688.4484 5.86103e-17
 5691.4512 6.55908e-17
 5694.4539 5.48136e-17
 5697.4567 5.50437e-17
 5700.4594 5.69365e-17
 5703.4621 5.04373e-17
 5706.4649 5.25921e-17
 5709.4676 5.19478e-17
 5712.4703 5.54842e-17
 5715.4731 4.76106e-17
 5718.4758 4.14452e-17
 5721.4786 4.26751e-17
 5724.4813 4.27374e-17
 5727.4840 4.76555e-17
 5730.4868 4.45581e-17
 5733.4895 4.76483e-17
 5736.4923 5.45186e-17
 5739.4950 5.63798e-17
 5742.4977 5.38790e-17
 5745.5005 4.92362e-17
 5748.5032 4.97446e-17
 5751.5059 5.03701e-17
 5754.5087 5.10879e-17
 5757.5114 4.88753e-17
 5760.5142 4.73582e-17
 5763.5169 5.08976e-17
 5766.5196 4.66193e-17
 5769.5224 4.02135e-17
 5772.5251 5.04234e-17
 5775.5278 4.67357e-17
 5778.5306 4.51531e-17
 5781.5333 4.92284e-17
 5784.5361 4.49986e-17
 5787.5388 4.56966e-17
 5790.5415 5.25989e-17
 5793.5443 4.46329e-17
 5796.5470 5.12213e-17
 5799.5498 5.86980e-17
 5802.5525 5.46702e-17
 5805.5552 4.55127e-17
 5808.5580 4.78014e-17
 5811.5607 3.91380e-17
 5814.5634 4.31793e-17
 5817.5662 4.95010e-17
 5820.5689 4.26366e-17
 5823.5717 5.30269e-17
 5826.5744 4.82196e-17
 5829.5771 4.63397e-17
 5832.5799 4.77342e-17
 5835.5826 4.88786e-17
 5838.5854 5.44199e-17
 5841.5881 4.87868e-17
 5844.5908 5.07357e-17
 5847.5936 4.70941e-17
 5850.5963 5.68246e-17
 5853.5990 4.78427e-17
 5856.6018 4.18009e-17
 5859.6045 4.77094e-17
 5862.6073 4.99575e-17
 5865.6100 5.01875e-17
 5868.6127 4.65904e-17
 5871.6155 4.42219e-17
 5874.6182 4.75655e-17
 5877.6209 5.57505e-17
 5880.6237 5.72001e-17
 5883.6264 4.76342e-17
 5886.6292 3.87968e-17
 5889.6319 4.50354e-17
 5892.6346 5.01167e-17
 5895.6374 4.31885e-17
 5898.6401 5.13174e-17
 5901.6428 5.39241e-17
 5904.6456 4.46780e-17
 5907.6483 4.96931e-17
 5910.6511 5.40556e-17
 5913.6538 5.21735e-17
 5916.6565 5.31556e-17
 5919.6593 5.06124e-17
 5922.6620 5.14098e-17
 5925.6648 5.36862e-17
 5928.6675 5.41124e-17
 5931.6702 5.66471e-17
 5934.6730 5.80283e-17
 5937.6757 5.74848e-17
 5940.6784 5.87248e-17
 5943.6812 5.96410e-17
 5946.6839 6.04494e-17
 5949.6867 6.14558e-17
 5952.6894 6.28878e-17
 5955.6921 6.19572e-17
 5958.6949 6.01636e-17
 5961.6976 5.48365e-17
 5964.7004 6.01252e-17
 5967.7031 6.16695e-17
 5970.7058 5.37504e-17
 5973.7086 5.76565e-17
 5976.7113 5.17124e-17
 5979.7140 5.30664e-17
 5982.7168 5.08069e-17
 5985.7195 4.54721e-17
 5988.7223 4.58021e-17
 5991.7250 4.91168e-17
 5994.7277 5.13779e-17
 5997.7305 5.21079e-17
 6000.7332 5.53971e-17
 6003.7359 5.79896e-17
 6006.7387 6.09569e-17
 6009.7414 5.24536e-17
 6012.7442 5.19028e-17
 6015.7469 4.84308e-17
 6018.7496 4.83504e-17
 6021.7524 4.66270e-17
 6024.7551 5.12544e-17
 6027.7579 5.51549e-17
 6030.7606 5.92067e-17
 6033.7633 5.48939e-17
 6036.7661 4.06109e-17
 6039.7688 4.67096e-17
 6042.7715 4.35637e-17
 6045.7743 4.12645e-17
 6048.7770 4.08258e-17
 6051.7798 5.01943e-17
 6054.7825 4.67845e-17
 6057.7852 4.95264e-17
 6060.7880 4.38181e-17
 6063.7907 4.08157e-17
 6066.7934 4.66333e-17
 6069.7962 4.83854e-17
 6072.7989 5.56497e-17
 6075.8017 4.60261e-17
 6078.8044 5.58946e-17
 6081.8071 5.12861e-17
 6084.8099 4.69539e-17
 6087.8126 4.50998e-17
 6090.8153 3.99822e-17
 6093.8181 4.78094e-17
 6096.8208 5.13849e-17
 6099.8236 4.85992e-17
 6102.8263 4.34703e-17
 6105.8290 5.06345e-17
 6108.8318 4.79768e-17
 6111.8345 4.70830e-17
 6114.8373 4.58621e-17
 6117.8400 4.47238e-17
 6120.8427 3.97578e-17
 6123.8455 3.58728e-17
 6126.8482 4.16809e-17
 6129.8510 4.37454e-17
 6132.8537 4.05913e-17
 6135.8564 4.44339e-17
 6138.8592 4.12548e-17
 6141.8619 3.94806e-17
 6144.8646 3.92879e-17
 6147.8674 4.67339e-17
 6150.8701 4.26622e-17
 6153.8729 3.74074e-17
 6156.8756 4.01284e-17
 6159.8783 3.64406e-17
 6162.8811 4.13841e-17
 6165.8838 3.59921e-17
 6168.8865 4.02898e-17
 6171.8893 4.22000e-17
 6174.8920 3.73468e-17
 6177.8948 3.88420e-17
 6180.8975 3.20939e-17
 6183.9002 3.14556e-17
 6186.9030 4.03097e-17
 6189.9057 3.64982e-17
 6192.9084 3.33869e-17
 6195.9112 3.76999e-17
 6198.9139 3.69107e-17
 6201.9167 3.77750e-17
 6204.9194 3.33401e-17
 6207.9221 3.62385e-17
 6210.9249 3.45646e-17
 6213.9276 4.20163e-17
 6216.9304 4.20609e-17
 6219.9331 4.63676e-17
 6222.9358 3.55761e-17
 6225.9386 2.70031e-17
 6228.9413 3.28984e-17
 6231.9440 3.80224e-17
 6234.9468 4.10546e-17
 6237.9495 3.60776e-17
 6240.9523 3.40649e-17
 6243.9550 3.90640e-17
 6246.9577 3.13808e-17
 6249.9605 4.05617e-17
 6252.9632 3.77882e-17
 6255.9659 3.83328e-17
 6258.9687 3.38087e-17
 6261.9714 3.26950e-17
 6264.9742 3.28190e-17
 6267.9769 2.85373e-17
 6270.9796 3.04357e-17
 6273.9824 3.32667e-17
 6276.9851 3.57473e-17
 6279.9879 4.08026e-17
 6282.9906 4.58394e-17
 6285.9933 4.15822e-17
 6288.9961 3.80312e-17
 6291.9988 3.62625e-17
 6295.0015 4.55539e-17
 6298.0043 3.57080e-17
 6301.0070 3.87951e-17
 6304.0098 4.20092e-17
 6307.0125 4.06164e-17
 6310.0152 4.00736e-17
 6313.0180 3.91181e-17
 6316.0207 4.14118e-17
 6319.0235 4.43965e-17
 6322.0262 4.38040e-17
 6325.0289 4.73555e-17
 6328.0317 5.14414e-17
 6331.0344 4.36281e-17
 6334.0371 5.07432e-17
 6337.0399 4.57417e-17
 6340.0426 4.18028e-17
 6343.0454 4.73028e-17
 6346.0481 5.05281e-17
 6349.0508 4.37348e-17
 6352.0536 4.43621e-17
 6355.0563 4.60083e-17
 6358.0590 4.39391e-17
 6361.0618 4.77767e-17
 6364.0645 4.88355e-17
 6367.0673 4.26800e-17
 6370.0700 4.92840e-17
 6373.0727 4.85443e-17
 6376.0755 5.25105e-17
 6379.0782 5.38513e-17
 6382.0810 5.05695e-17
 6385.0837 4.55496e-17
 6388.0864 5.56125e-17
 6391.0892 5.51510e-17
 6394.0919 5.56860e-17
 6397.0946 5.52888e-17
 6400.0974 4.67802e-17
 6403.1001 5.68688e-17
 6406.1029 6.11373e-17
 6409.1056 6.26742e-17
 6412.1083 5.80624e-17
 6415.1111 5.54461e-17
 6418.1138 6.02915e-17
 6421.1165 4.80869e-17
 6424.1193 4.99043e-17
 6427.1220 6.10281e-17
 6430.1248 6.83367e-17
 6433.1275 5.92539e-17
 6436.1302 5.36516e-17
 6439.1330 6.04524e-17
 6442.1357 6.57165e-17
 6445.1385 6.59240e-17
 6448.1412 6.30754e-17
 6451.1439 6.75852e-17
 6454.1467 6.82386e-17
 6457.1494 7.05158e-17
 6460.1521 7.47517e-17
 6463.1549 7.59509e-17
 6466.1576 7.81080e-17
 6469.1604 6.77512e-17
 6472.1631 7.55979e-17
 6475.1658 7.61076e-17
 6478.1686 7.06041e-17
 6481.1713 7.50667e-17
 6484.1741 7.20850e-17
 6487.1768 7.65240e-17
 6490.1795 7.33402e-17
 6493.1823 7.58559e-17
 6496.1850 8.68982e-17
 6499.1877 7.39258e-17
 6502.1905 7.64411e-17
 6505.1932 7.66110e-17
 6508.1960 7.78043e-17
 6511.1987 7.71060e-17
 6514.2014 7.45447e-17
 6517.2042 7.75807e-17
 6520.2069 7.92653e-17
 6523.2096 7.76186e-17
 6526.2124 7.62235e-17
 6529.2151 7.99260e-17
 6532.2179 7.98929e-17
 6535.2206 8.47536e-17
 6538.2233 7.77417e-17
 6541.2261 8.01588e-17
 6544.2288 8.15385e-17
 6547.2315 8.53247e-17
 6550.2343 7.91317e-17
 6553.2370 7.89703e-17
 6556.2398 9.94396e-17
 6559.2425 9.95418e-17
 6562.2452 8.89306e-17
 6565.2480 7.80498e-17
 6568.2507 7.42531e-17
 6571.2535 7.28625e-17
 6574.2562 7.43924e-17
 6577.2589 8.67987e-17
 6580.2617 9.17015e-17
 6583.2644 7.91275e-17
 6586.2671 6.79389e-17
 6589.2699 6.04475e-17
 6592.2726 5.91695e-17
 6595.2754 5.83541e-17
 6598.2781 5.75111e-17
 6601.2808 5.86860e-17
 6604.2836 6.09090e-17
 6607.2863 5.80480e-17
 6610.2891 5.46198e-17
 6613.2918 5.89361e-17
 6616.2945 6.18868e-17
 6619.2973 5.57603e-17
 6622.3000 5.17191e-17
 6625.3027 5.60775e-17
 6628.3055 5.25312e-17
 6631.3082 5.02470e-17
 6634.3110 4.64006e-17
 6637.3137 5.03822e-17
 6640.3164 5.00371e-17
 6643.3192 5.01550e-17
 6646.3219 4.78151e-17
 6649.3246 5.20620e-17
 6652.3274 4.26827e-17
 6655.3301 4.36673e-17
 6658.3329 3.97497e-17
 6661.3356 4.36772e-17
 6664.3383 4.49594e-17
 6667.3411 4.65511e-17
 6670.3438 4.45858e-17
 6673.3466 4.51287e-17
 6676.3493 4.05298e-17
 6679.3520 3.94861e-17
 6682.3548 3.31627e-17
 6685.3575 3.39613e-17
 6688.3602 3.04383e-17
 6691.3630 3.39377e-17
 6694.3657 3.64089e-17
 6697.3685 3.91442e-17
 6700.3712 3.85732e-17
 6703.3739 3.46821e-17
 6706.3767 3.31152e-17
 6709.3794 2.96933e-17
 6712.3821 3.50143e-17
 6715.3849 3.81168e-17
 6718.3876 2.87171e-17
 6721.3904 3.27934e-17
 6724.3931 3.53382e-17
 6727.3958 2.72055e-17
 6730.3986 2.85657e-17
 6733.4013 2.58924e-17
 6736.4040 2.68255e-17
 6739.4068 2.76617e-17
 6742.4095 3.28218e-17
 6745.4123 2.48786e-17
 6748.4150 2.96400e-17
 6751.4177 3.73849e-17
 6754.4205 2.82677e-17
 6757.4232 2.58387e-17
 6760.4260 3.43830e-17
 6763.4287 3.35044e-17
 6766.4314 2.94921e-17
 6769.4342 3.31718e-17
 6772.4369 3.25498e-17
 6775.4397 2.86507e-17
 6778.4424 2.75505e-17
 6781.4451 2.38486e-17
 6784.4479 3.28301e-17
 6787.4506 2.66937e-17
 6790.4533 3.27896e-17
 6793.4561 3.10815e-17
 6796.4588 2.59595e-17
 6799.4616 3.58448e-17
 6802.4643 2.42682e-17
 6805.4670 2.23518e-17
 6808.4698 2.26302e-17
 6811.4725 3.10471e-17
 6814.4752 3.32844e-17
 6817.4780 3.53774e-17
 6820.4807 2.15558e-17
 6823.4835 2.27709e-17
 6826.4862 2.69522e-17
 6829.4889 3.38206e-17
 6832.4917 3.33513e-17
 6835.4944 2.52097e-17
 6838.4971 2.78752e-17
 6841.4999 2.77680e-17
 6844.5026 2.57850e-17
 6847.5054 3.27938e-17
 6850.5081 2.97424e-17
 6853.5108 2.78385e-17
 6856.5136 1.84647e-17
 6859.5163 2.49958e-17
 6862.5191 2.92136e-17
 6865.5218 2.80080e-17
 6868.5245 3.00247e-17
 6871.5273 3.26935e-17
 6874.5300 2.67025e-17
 6877.5327 1.71165e-17
 6880.5355 3.03827e-17
 6883.5382 3.30288e-17
 6886.5410 2.93988e-17
 6889.5437 2.32726e-17
 6892.5464 3.15214e-17
 6895.5492 4.22998e-17
 6898.5519 2.85506e-17
 6901.5546 3.03898e-17
 6904.5574 2.55884e-17
 6907.5601 2.51387e-17
 6910.5629 2.33654e-17
 6913.5656 3.28365e-17
 6916.5683 3.06618e-17
 6919.5711 2.59403e-17
 6922.5738 2.93951e-17
 6925.5766 2.88018e-17
 6928.5793 3.14655e-17
 6931.5820 2.42981e-17
 6934.5848 2.61644e-17
 6937.5875 2.45002e-17
 6940.5902 2.65151e-17
 6943.5930 2.56887e-17
 6946.5957 2.73109e-17
 6949.5985 2.60057e-17
 6952.6012 3.36078e-17
 6955.6039 2.62141e-17
 6958.6067 2.60825e-17
 6961.6094 2.66594e-17
 6964.6122 2.81571e-17
 6967.6149 3.10987e-17
 6970.6176 3.24382e-17
 6973.6204 3.05444e-17
 6976.6231 2.74824e-17
 6979.6258 2.63857e-17
 6982.6286 2.50769e-17
 6985.6313 3.73093e-17
 6988.6341 3.50716e-17
 6991.6368 2.93310e-17
 6994.6395 2.57373e-17
 6997.6423 2.81324e-17
 7000.6450 3.33764e-17
 7003.6477 3.23610e-17
 7006.6505 3.44574e-17
 7009.6532 3.78508e-17
 7012.6560 3.48940e-17
 7015.6587 3.75014e-17
 7018.6614 2.96712e-17
 7021.6642 3.60790e-17
 7024.6669 3.19723e-17
 7027.6696 3.87422e-17
 7030.6724 3.85555e-17
 7033.6751 3.21373e-17
 7036.6779 3.16332e-17
 7039.6806 3.54846e-17
 7042.6833 3.96381e-17
 7045.6861 4.16707e-17
 7048.6888 3.58044e-17
 7051.6916 4.59329e-17
 7054.6943 4.21299e-17
 7057.6970 4.46599e-17
 7060.6998 4.00865e-17
 7063.7025 4.31379e-17
 7066.7052 3.85035e-17
 7069.7080 3.20142e-17
 7072.7107 3.93519e-17
 7075.7135 4.15080e-17
 7078.7162 3.86753e-17
 7081.7189 3.73518e-17
 7084.7217 4.10772e-17
 7087.7244 4.41546e-17
 7090.7272 3.91841e-17
 7093.7299 4.22747e-17
 7096.7326 3.83520e-17
 7099.7354 4.06625e-17
 7102.7381 3.93313e-17
 7105.7408 4.47345e-17
 7108.7436 4.97757e-17
 7111.7463 4.46619e-17
 7114.7491 4.07115e-17
 7117.7518 4.55671e-17
 7120.7545 4.67765e-17
 7123.7573 4.62364e-17
 7126.7600 4.65391e-17
 7129.7627 4.94872e-17
 7132.7655 4.86150e-17
 7135.7682 5.28260e-17
 7138.7710 5.89854e-17
 7141.7737 5.21153e-17
 7144.7764 5.25428e-17
 7147.7792 5.27115e-17
 7150.7819 5.30539e-17
 7153.7847 4.76364e-17
 7156.7874 4.80467e-17
 7159.7901 5.13273e-17
 7162.7929 6.12172e-17
 7165.7956 5.42513e-17
 7168.7983 4.65785e-17
 7171.8011 5.71126e-17
 7174.8038 5.83096e-17
 7177.8066 5.15770e-17
 7180.8093 4.57540e-17
 7183.8120 5.22103e-17
 7186.8148 5.64443e-17
 7189.8175 5.11476e-17
 7192.8202 5.64319e-17
 7195.8230 6.63402e-17
 7198.8257 6.10714e-17
 7201.8285 5.68008e-17
 7204.8312 6.44936e-17
 7207.8339 6.07062e-17
 7210.8367 5.37169e-17
 7213.8394 6.30967e-17
 7216.8421 6.43640e-17
 7219.8449 5.73018e-17
 7222.8476 6.69002e-17
 7225.8504 5.94931e-17
 7228.8531 5.67048e-17
 7231.8558 6.07509e-17
 7234.8586 7.16899e-17
 7237.8613 6.28859e-17
 7240.8641 6.19937e-17
 7243.8668 5.75300e-17
 7246.8695 5.40868e-17
 7249.8723 5.76534e-17
 7252.8750 6.28220e-17
 7255.8778 6.52094e-17
 7258.8805 5.83388e-17
 7261.8832 5.87131e-17
 7264.8860 6.74526e-17
 7267.8887 6.51377e-17
 7270.8914 6.04657e-17
 7273.8942 6.60202e-17
 7276.8969 6.42289e-17
 7279.8997 5.83016e-17
 7282.9024 6.18783e-17
 7285.9051 6.67344e-17
 7288.9079 7.23786e-17
 7291.9106 7.16512e-17
 7294.9133 6.29404e-17
 7297.9161 6.70585e-17
 7300.9188 7.11120e-17
 7303.9216 6.12540e-17
 7306.9243 5.50256e-17
 7309.9270 5.94055e-17
 7312.9298 7.06555e-17
 7315.9325 6.18630e-17
 7318.9352 5.70280e-17
 7321.9380 5.16281e-17
 7324.9407 5.90949e-17
 7327.9435 5.19972e-17
 7330.9462 5.87368e-17
 7333.9489 5.46977e-17
 7336.9517 5.78556e-17
 7339.9544 5.16630e-17
 7342.9572 5.46566e-17
 7345.9599 5.32987e-17
 7348.9626 5.35179e-17
 7351.9654 5.72644e-17
 7354.9681 5.56890e-17
 7357.9708 5.04075e-17
 7360.9736 4.82590e-17
 7363.9763 4.49021e-17
 7366.9791 4.91072e-17
 7369.9818 5.15986e-17
 7372.9845 5.17558e-17
 7375.9873 4.66895e-17
 7378.9900 5.21610e-17
 7381.9927 5.07922e-17
 7384.9955 5.34883e-17
 7387.9982 5.22670e-17
 7391.0010 4.86706e-17
 7394.0037 5.70874e-17
 7397.0064 4.94802e-17
 7400.0092 4.39921e-17
 7403.0119 3.78737e-17
 7406.0147 3.88093e-17
 7409.0174 4.34442e-17
 7412.0201 4.19070e-17
 7415.0229 4.67687e-17
 7418.0256 4.36570e-17
 7421.0283 4.87898e-17
 7424.0311 4.26656e-17
 7427.0338 4.31822e-17
 7430.0366 3.80858e-17
 7433.0393 3.31997e-17
 7436.0420 4.53727e-17
 7439.0448 4.43405e-17
 7442.0475 4.62749e-17
 7445.0503 4.33384e-17
 7448.0530 3.64975e-17
 7451.0557 3.92413e-17
 7454.0585 3.77528e-17
 7457.0612 3.20896e-17
 7460.0639 3.82739e-17
 7463.0667 4.26320e-17
 7466.0694 3.06702e-17
 7469.0722 2.84928e-17
 7472.0749 3.06093e-17
 7475.0776 3.43577e-17
 7478.0804 3.35080e-17
 7481.0831 2.72978e-17
 7484.0858 3.57482e-17
 7487.0886 3.70001e-17
 7490.0913 3.61321e-17
 7493.0941 2.69392e-17
 7496.0968 1.81660e-17
 7499.0995 1.71015e-17
 7502.1023 3.50196e-17
 7505.1050 1.96199e-17
 7508.1078 1.04436e-17
 7511.1105 3.10583e-17
 7514.1132 3.98130e-17
 7517.1160 3.45744e-17
 7520.1187 3.09485e-17
 7523.1214 2.83846e-17
 7526.1242 2.33679e-17
 7529.1269 2.61200e-17
 7532.1297 4.24158e-17
 7535.1324 2.94406e-17
 7538.1351 2.82817e-17
 7541.1379 3.14530e-17
 7544.1406 2.69471e-17
 7547.1433 3.27145e-17
 7550.1461 3.30990e-17
 7553.1488 3.45639e-17
 7556.1516 4.59193e-17
 7559.1543 2.89007e-17
 7562.1570 2.40028e-17
 7565.1598 2.65181e-17
 7568.1625 3.58138e-17
 7571.1652 3.49655e-17
 7574.1680 3.07291e-17
 7577.1707 4.40081e-17
 7580.1735 3.75255e-17
 7583.1762 4.27008e-17
 7586.1789 3.58575e-17
 7589.1817 3.65947e-17
 7592.1844 4.13576e-17
 7595.1872 3.90923e-17
 7598.1899 4.29141e-17
 7601.1926 4.40029e-17
 7604.1954 3.83132e-17
 7607.1981 3.67913e-17
 7610.2009 4.05742e-17
 7613.2036 3.27699e-17
 7616.2063 3.65057e-17
 7619.2091 3.61610e-17
 7622.2118 2.99325e-17
 7625.2145 3.20749e-17
 7628.2173 4.65642e-17
 7631.2200 4.63583e-17
 7634.2228 3.71718e-17
 7637.2255 3.53937e-17
 7640.2282 3.96873e-17
 7643.2310 4.39045e-17
 7646.2337 3.54887e-17
 7649.2364 4.58978e-17
 7652.2392 4.13042e-17
 7655.2419 3.90931e-17
 7658.2447 4.11484e-17
 7661.2474 4.49981e-17
 7664.2501 4.86180e-17
 7667.2529 5.02605e-17
 7670.2556 4.81254e-17
 7673.2583 4.17615e-17
 7676.2611 4.93453e-17
 7679.2638 4.76201e-17
 7682.2666 4.69148e-17
 7685.2693 5.78548e-17
 7688.2720 4.31598e-17
 7691.2748 4.80747e-17
 7694.2775 4.07581e-17
 7697.2803 6.08698e-17
 7700.2830 5.74919e-17
 7703.2857 5.22277e-17
 7706.2885 4.71872e-17
 7709.2912 5.72184e-17
 7712.2939 4.80711e-17
 7715.2967 4.69584e-17
 7718.2994 4.62506e-17
 7721.3022 4.08118e-17
 7724.3049 4.94256e-17
 7727.3076 4.79290e-17
 7730.3104 4.23832e-17
 7733.3131 5.01101e-17
 7736.3159 5.38969e-17
 7739.3186 4.66806e-17
 7742.3213 4.78513e-17
 7745.3241 4.68183e-17
 7748.3268 5.00280e-17
 7751.3295 5.03760e-17
 7754.3323 5.74686e-17
 7757.3350 6.92689e-17
 7760.3378 5.93674e-17
 7763.3405 4.75067e-17
 7766.3432 5.61515e-17
 7769.3460 5.46772e-17
 7772.3487 4.42530e-17
 7775.3514 4.96446e-17
 7778.3542 5.98844e-17
 7781.3569 6.05179e-17
 7784.3597 4.74018e-17
 7787.3624 5.65166e-17
 7790.3651 5.99405e-17
 7793.3679 6.15709e-17
 7796.3706 4.61157e-17
 7799.3734 5.72708e-17
 7802.3761 3.47402e-17
 7805.3788 4.84453e-17
 7808.3816 5.03961e-17
 7811.3843 3.18560e-17
 7814.3870 4.76808e-17
 7817.3898 5.24782e-17
 7820.3925 4.38649e-17
 7823.3953 4.09402e-17
 7826.3980 5.13665e-17
 7829.4007 4.69773e-17
 7832.4035 4.56353e-17
 7835.4062 4.66496e-17
 7838.4089 4.32788e-17
 7841.4117 3.94168e-17
 7844.4144 4.13749e-17
 7847.4172 3.49072e-17
 7850.4199 3.21888e-17
 7853.4226 3.89889e-17
 7856.4254 4.27034e-17
 7859.4281 3.37095e-17
 7862.4308 4.52115e-17
 7865.4336 4.48840e-17
 7868.4363 3.95704e-17
 7871.4391 3.68667e-17
 7874.4418 2.77122e-17
 7877.4445 3.24315e-17
 7880.4473 3.29178e-17
 7883.4500 4.64946e-17
 7886.4528 3.63391e-17
 7889.4555 3.92460e-17
 7892.4582 3.78069e-17
 7895.4610 3.05783e-17
 7898.4637 3.04519e-17
 7901.4665 3.66042e-17
 7904.4692 3.99972e-17
 7907.4719 3.40915e-17
 7910.4747 3.28381e-17
 7913.4774 4.59269e-17
 7916.4801 4.45738e-17
 7919.4829 2.88511e-17
 7922.4856 2.49606e-17
 7925.4884 3.42138e-17
 7928.4911 3.12312e-17
 7931.4938 3.00178e-17
 7934.4966 3.69928e-17
 7937.4993 2.80930e-17
 7940.5020 3.90532e-17
 7943.5048 3.35343e-17
 7946.5075 3.72135e-17
 7949.5103 3.25286e-17
 7952.5130 2.30933e-17
 7955.5157 3.36791e-17
 7958.5185 3.98276e-17
 7961.5212 3.64159e-17
 7964.5239 3.06888e-17
 7967.5267 3.70154e-17
 7970.5294 2.38620e-17
 7973.5322 2.71750e-17
 7976.5349 3.23155e-17
 7979.5376 3.84978e-17
 7982.5404 3.65182e-17
 7985.5431 2.42805e-17
 7988.5459 2.01288e-17
 7991.5486 2.64133e-17
 7994.5513 2.38550e-17
 7997.5541 2.96548e-17
 8000.5568 4.00216e-17
 8003.5595 3.58865e-17
 8006.5623 2.95911e-17
 8009.5650 3.20028e-17
 8012.5678 3.36663e-17
 8015.5705 3.08979e-17
 8018.5732 3.96137e-17
 8021.5760 3.89297e-17
 8024.5787 4.21274e-17
 8027.5814 4.27269e-17
 8030.5842 3.89532e-17
 8033.5869 3.21445e-17
 8036.5897 2.57402e-17
 8039.5924 3.73738e-17
 8042.5951 3.09242e-17
 8045.5979 3.10343e-17
 8048.6006 2.75340e-17
 8051.6033 3.07819e-17
 8054.6061 2.49614e-17
 8057.6088 2.05516e-17
 8060.6116 1.53781e-17
 8063.6143 2.26566e-17
 8066.6170 2.71081e-17
 8069.6198 3.25788e-17
 8072.6225 3.47216e-17
 8075.6253 3.74752e-17
 8078.6280 3.32106e-17
 8081.6307 2.82182e-17
 8084.6335 3.64686e-17
 8087.6362 3.02696e-17
 8090.6390 2.84933e-17
 8093.6417 3.39951e-17
 8096.6444 2.74224e-17
 8099.6472 2.79894e-17
 8102.6499 3.19873e-17
 8105.6526 2.40203e-17
 8108.6554 2.66014e-17
 8111.6581 2.73224e-17
 8114.6609 1.74561e-17
 8117.6636 2.25690e-17
 8120.6663 1.60652e-17
 8123.6691 1.55874e-17
 8126.6718 2.24538e-17
 8129.6745 3.60994e-17
 8132.6773 2.99280e-17
 8135.6800 2.51542e-17
 8138.6828 2.09724e-17
 8141.6855 7.34841e-18
 8144.6882 1.52296e-17
 8147.6910 1.63707e-17
 8150.6937 2.07813e-17
 8153.6964 2.43342e-17
 8156.6992 2.95881e-17
 8159.7019 2.05257e-17
 8162.7047 1.27643e-17
 8165.7074 2.16440e-17
 8168.7101 2.35192e-17
 8171.7129 1.58022e-17
 8174.7156 1.93055e-17
 8177.7184 1.03216e-17
 8180.7211 -8.41342e-18
 8183.7238 1.45954e-17
 8186.7266 1.75878e-17
 8189.7293 5.39862e-18
 8192.7320 9.49894e-18
 8195.7348 2.14054e-17
 8198.7375 3.17097e-18
 8201.7403 -3.23526e-19
 8204.7430 4.66901e-18
 8207.7457 7.53615e-18
 8210.7485 -5.86032e-19
 8213.7512 -7.04894e-19
 8216.7539 5.02094e-18
 8219.7567 1.00758e-18
 8222.7594 4.00549e-18
 8225.7622 8.53817e-18
 8228.7649 8.43186e-18
 8231.7676 7.12779e-18
 8234.7704 -1.38747e-17
 8237.7731 -1.99770e-18
 8240.7759 5.32811e-18
 8243.7786 4.40871e-19
 8246.7813 -6.94309e-18
 8249.7841 1.78082e-18
 8252.7868 1.64687e-17
 8255.7895 9.36683e-19
 8258.7923 1.24157e-17
 8261.7950 9.30960e-18
 8264.7978 1.03057e-17
 8267.8005 6.75378e-18
 8270.8032 6.21713e-18
 8273.8060 1.59345e-17
 8276.8087 9.66601e-18
 8279.8115 1.11859e-17
 8282.8142 9.55500e-18
 8285.8169 -4.89568e-18
 8288.8197 -1.31849e-18
 8291.8224 2.43231e-18
 8294.8251 6.18191e-18
 8297.8279 9.93271e-18
 8300.8306 8.79279e-18
 8303.8334 1.77772e-17
 8306.8361 1.03808e-17
 8309.8388 2.51532e-17
 8312.8416 2.45899e-17
 8315.8443 2.42328e-17
 8318.8470 2.38755e-17
 8321.8498 2.35184e-17
 8324.8525 2.31612e-17
 8327.8553 3.27875e-17
 8330.8580 2.13376e-17
 8333.8607 1.79641e-17
 8336.8635 1.86378e-17
 8339.8662 5.55606e-18
 8342.8689 1.16520e-17
 8345.8717 1.81590e-17
 8348.8744 1.46574e-17
 8351.8772 1.24143e-17
 8354.8799 -9.49078e-18
 8357.8826 8.24735e-18
 8360.8854 3.19343e-17
 8363.8881 1.91700e-17
 8366.8909 1.42485e-17
 8369.8936 1.32875e-17
 8372.8963 1.15099e-17
 8375.8991 7.56043e-18
 8378.9018 1.77077e-17
 8381.9045 1.13788e-17
 8384.9073 1.52369e-17
 8387.9100 1.99533e-17
 8390.9128 1.55770e-17
 8393.9155 8.24717e-18
 8396.9182 1.44405e-17
 8399.9210 1.79521e-17
 8402.9237 8.33283e-18
 8405.9265 2.05372e-17
 8408.9292 2.59360e-17
 8411.9319 2.66790e-17
 8414.9347 3.93316e-17
 8417.9374 3.34090e-17
 8420.9401 2.02091e-17
 8423.9429 3.53078e-17
 8426.9456 3.25936e-17
 8429.9484 2.69249e-17
 8432.9511 2.36351e-17
 8435.9538 4.01284e-17
 8438.9566 2.43803e-17
 8441.9593 2.74696e-17
 8444.9621 5.30462e-17
 8447.9648 3.99463e-17
 8450.9675 3.32334e-17
 8453.9703 3.97704e-17
 8456.9730 2.99003e-17
 8459.9757 3.07069e-17
 8462.9785 3.54142e-17
 8465.9812 3.22841e-17
 8468.9840 3.38027e-17
 8471.9867 4.25032e-17
 8474.9894 5.04247e-17
 8477.9922 5.59695e-17
 8480.9949 3.22668e-17
 8483.9976 4.17497e-17
 8487.0004 4.82051e-17
 8490.0031 4.83934e-17
 8493.0059 5.33459e-17
 8496.0086 4.78199e-17
 8499.0113 5.50184e-17
 8502.0141 6.36003e-17
 8505.0168 6.34913e-17
 8508.0195 7.19124e-17
 8511.0223 7.01556e-17
 8514.0250 6.04735e-17
 8517.0278 6.25275e-17
 8520.0305 6.74493e-17
 8523.0332 5.56943e-17
 8526.0360 8.47173e-17
 8529.0387 7.49437e-17
 8532.0415 6.18269e-17
 8535.0442 5.07681e-17
 8538.0469 5.67427e-17
 8541.0497 6.89566e-17
 8544.0524 8.60857e-17
 8547.0551 7.27854e-17
 8550.0579 5.85973e-17
 8553.0606 7.52521e-17
 8556.0634 8.63673e-17
 8559.0661 7.94557e-17
 8562.0688 7.97874e-17
 8565.0716 7.88183e-17
 8568.0743 8.89125e-17
 8571.0771 8.85981e-17
 8574.0798 9.13831e-17
 8577.0825 9.73777e-17
 8580.0853 1.00229e-16
 8583.0880 9.63099e-17
 8586.0907 8.37613e-17
 8589.0935 9.70500e-17
 8592.0962 1.07298e-16
 8595.0990 1.07035e-16
 8598.1017 1.09138e-16
 8601.1044 1.16478e-16
 8604.1072 1.15362e-16
 8607.1099 1.04353e-16
 8610.1126 1.05615e-16
 8613.1154 1.06791e-16
 8616.1181 1.34568e-16
 8619.1209 1.17634e-16
 8622.1236 1.13540e-16
 8625.1263 1.13466e-16
 8628.1291 1.11855e-16
 8631.1318 1.17193e-16
 8634.1346 1.26192e-16
 8637.1373 1.22104e-16
 8640.1400 1.25064e-16
 8643.1428 1.08359e-16
 8646.1455 1.14233e-16
 8649.1482 1.25077e-16
 8652.1510 1.13112e-16
 8655.1537 1.16378e-16
 8658.1565 1.21780e-16
 8661.1592 1.26308e-16
 8664.1619 1.14910e-16
 8667.1647 1.21373e-16
 8670.1674 1.31726e-16
 8673.1701 1.15549e-16
 8676.1729 1.23701e-16
 8679.1756 1.30289e-16
 8682.1784 1.21805e-16
 8685.1811 1.19081e-16
 8688.1838 1.47830e-16
 8691.1866 1.49494e-16
 8694.1893 1.31326e-16
 8697.1920 1.32297e-16
 8700.1948 1.24440e-16
 8703.1975 1.35165e-16
 8706.2003 1.24915e-16
 8709.2030 1.17539e-16
 8712.2057 1.21379e-16
 8715.2085 1.41681e-16
 8718.2112 1.33820e-16
 8721.2140 1.42645e-16
 8724.2167 1.22146e-16
 8727.2194 1.19224e-16
 8730.2222 1.37438e-16
 8733.2249 1.17950e-16
 8736.2277 1.30766e-16
 8739.2304 1.21224e-16
 8742.2331 1.25482e-16
 8745.2359 1.42966e-16
 8748.2386 1.51686e-16
 8751.2413 1.23297e-16
 8754.2441 1.22498e-16
 8757.2468 1.13290e-16
 8760.2496 1.38957e-16
 8763.2523 1.19354e-16
 8766.2550 1.03254e-16
 8769.2578 1.18728e-16
 8772.2605 8.90136e-17
 8775.2632 1.32548e-16
 8778.2660 1.28946e-16
 8781.2687 1.31774e-16
 8784.2715 1.16740e-16
 8787.2742 1.06036e-16
 8790.2769 1.13152e-16
 8793.2797 9.99379e-17
 8796.2824 1.15701e-16
 8799.2851 1.11249e-16
 8802.2879 8.27594e-17
 8805.2906 9.62657e-17
 8808.2934 1.11016e-16
 8811.2961 9.24295e-17
 8814.2988 9.05957e-17
 8817.3016 1.00232e-16
 8820.3043 7.60563e-17
 8823.3071 9.46211e-17
 8826.3098 6.95427e-17
 8829.3125 7.04398e-17
 8832.3153 7.74151e-17
 8835.3180 9.21353e-17
 8838.3207 9.15407e-17
 8841.3235 7.83701e-17
 8844.3262 8.80773e-17
 8847.3290 7.90663e-17
 8850.3317 8.44954e-17
 8853.3344 8.11198e-17
 8856.3372 8.52123e-17
 8859.3399 6.34927e-17
 8862.3426 5.87003e-17
 8865.3454 6.09132e-17
 8868.3481 7.73656e-17
 8871.3509 5.68147e-17
 8874.3536 6.50051e-17
 8877.3563 5.56961e-17
 8880.3591 6.54685e-17
 8883.3618 4.82523e-17
 8886.3646 6.24145e-17
 8889.3673 7.23426e-17
 8892.3700 5.69685e-17
 8895.3728 3.51073e-17
 8898.3755 4.48436e-17
 8901.3782 4.73111e-17
 8904.3810 4.26537e-17
 8907.3837 4.86813e-17
 8910.3865 3.96321e-17
 8913.3892 4.70643e-17
 8916.3919 6.68596e-17
 8919.3947 4.98225e-17
 8922.3974 4.49709e-17
 8925.4002 3.88750e-17
 8928.4029 5.55236e-17
 8931.4056 4.60689e-17
 8934.4084 3.16025e-17
 8937.4111 5.67340e-17
 8940.4138 7.49410e-17
 8943.4166 4.99122e-17
 8946.4193 3.29553e-17
 8949.4221 3.75640e-17
 8952.4248 4.55229e-17
 8955.4275 5.96109e-17
 8958.4303 2.86320e-17
 8961.4330 5.01479e-17
 8964.4357 3.26908e-17
 8967.4385 2.43229e-17
 8970.4412 3.33685e-17
 8973.4440 4.44872e-17
 8976.4467 4.40880e-17
 8979.4494 5.25589e-17
 8982.4522 5.72466e-17
 8985.4549 2.91447e-17
 8988.4576 2.94480e-17
 8991.4604 2.24314e-17
 8994.4631 2.80086e-17
 8997.4659 3.73958e-17
 9000.4686 2.30925e-17
 9003.4713 1.19597e-17
 9006.4741 3.53836e-17
 9009.4768 4.72569e-17
 9012.4796 2.26645e-17
 9015.4823 3.07027e-17
 9018.4850 3.39822e-17
 9021.4878 3.70036e-17
 9024.4905 4.07673e-17
 9027.4932 1.54872e-17
 9030.4960 7.90166e-18
 9033.4987 4.30261e-17
 9036.5015 2.27200e-17
 9039.5042 -5.13322e-18
 9042.5069 1.23692e-17
 9045.5097 2.86114e-17
 9048.5124 2.75880e-17
 9051.5152 2.18942e-17
 9054.5179 2.92875e-17
 9057.5206 3.20136e-17
 9060.5234 2.65297e-17
 9063.5261 3.41347e-17
 9066.5288 4.06878e-17
 9069.5316 2.65883e-17
 9072.5343 2.73952e-17
 9075.5371 2.60448e-17
 9078.5398 2.69652e-17
 9081.5425 2.72660e-17
 9084.5453 2.67836e-17
 9087.5480 4.11400e-17
 9090.5507 3.91365e-17
 9093.5535 2.53240e-17
 9096.5562 3.45459e-17
 9099.5590 3.15869e-17
 9102.5617 4.40705e-17
 9105.5644 3.25406e-17
 9108.5672 2.37813e-17
 9111.5699 3.17367e-17
 9114.5727 3.52848e-17
 9117.5754 4.11113e-17
