#Object:               SN2007le
#FITS_file:            SN07le_b01_DUP_WF_11nov07.fits
#Redshift:             0.00672
#JDate_of_max:         2454398.72
#JDate_of_observation: 2454415.62
#Epoch:                16.79     
#
 3774.6295 1.75396e-15
 3777.6506 1.84981e-15
 3780.6717 2.02456e-15
 3783.6928 1.95262e-15
 3786.7139 2.05648e-15
 3789.7350 2.09682e-15
 3792.7561 2.20887e-15
 3795.7772 2.27076e-15
 3798.7983 2.24583e-15
 3801.8194 2.27917e-15
 3804.8405 2.42596e-15
 3807.8616 2.43503e-15
 3810.8827 2.51372e-15
 3813.9038 2.74449e-15
 3816.9249 2.86702e-15
 3819.9460 2.94071e-15
 3822.9671 2.91749e-15
 3825.9883 3.22242e-15
 3829.0094 3.26769e-15
 3832.0305 3.50595e-15
 3835.0516 3.57250e-15
 3838.0727 3.68291e-15
 3841.0938 3.82909e-15
 3844.1149 4.01362e-15
 3847.1360 4.38986e-15
 3850.1571 4.36436e-15
 3853.1782 4.46837e-15
 3856.1993 4.95653e-15
 3859.2204 4.94070e-15
 3862.2415 5.15569e-15
 3865.2626 5.16977e-15
 3868.2837 5.14533e-15
 3871.3048 5.34907e-15
 3874.3259 5.49206e-15
 3877.3470 5.73202e-15
 3880.3681 5.76451e-15
 3883.3892 5.89871e-15
 3886.4103 5.99668e-15
 3889.4315 6.14598e-15
 3892.4526 6.13254e-15
 3895.4737 6.23608e-15
 3898.4948 6.30684e-15
 3901.5159 6.12862e-15
 3904.5370 6.21267e-15
 3907.5581 6.28081e-15
 3910.5792 6.41704e-15
 3913.6003 6.47760e-15
 3916.6214 6.63045e-15
 3919.6425 6.97571e-15
 3922.6636 6.89757e-15
 3925.6847 6.86491e-15
 3928.7058 6.88547e-15
 3931.7269 6.68624e-15
 3934.7480 6.24006e-15
 3937.7691 6.43514e-15
 3940.7902 6.82459e-15
 3943.8113 6.75629e-15
 3946.8324 6.73492e-15
 3949.8535 6.89598e-15
 3952.8746 6.61113e-15
 3955.8957 6.57774e-15
 3958.9168 6.25524e-15
 3961.9380 6.22039e-15
 3964.9591 6.05894e-15
 3967.9802 5.64924e-15
 3971.0013 5.40187e-15
 3974.0224 5.43691e-15
 3977.0435 5.37647e-15
 3980.0646 5.20937e-15
 3983.0857 5.02954e-15
 3986.1068 4.80379e-15
 3989.1279 4.91854e-15
 3992.1490 4.79997e-15
 3995.1701 4.50380e-15
 3998.1912 4.42082e-15
 4001.2123 4.46713e-15
 4004.2334 4.39281e-15
 4007.2545 4.19082e-15
 4010.2756 4.21138e-15
 4013.2967 4.35880e-15
 4016.3178 4.37699e-15
 4019.3389 4.26450e-15
 4022.3600 4.29310e-15
 4025.3811 4.30325e-15
 4028.4023 4.19804e-15
 4031.4234 4.16338e-15
 4034.4445 4.14848e-15
 4037.4656 3.99458e-15
 4040.4867 3.81689e-15
 4043.5078 3.89962e-15
 4046.5289 3.83352e-15
 4049.5500 3.64228e-15
 4052.5711 3.60069e-15
 4055.5922 3.60287e-15
 4058.6133 3.62541e-15
 4061.6344 3.51654e-15
 4064.6555 3.52237e-15
 4067.6766 3.62354e-15
 4070.6977 3.66354e-15
 4073.7188 3.73045e-15
 4076.7399 3.68405e-15
 4079.7610 3.65021e-15
 4082.7821 3.64491e-15
 4085.8032 3.67481e-15
 4088.8243 3.78424e-15
 4091.8454 3.61819e-15
 4094.8665 3.68057e-15
 4097.8876 3.75767e-15
 4100.9088 3.89950e-15
 4103.9299 3.81265e-15
 4106.9510 3.80759e-15
 4109.9721 3.91031e-15
 4112.9932 3.94165e-15
 4116.0143 3.92599e-15
 4119.0354 4.04471e-15
 4122.0565 4.00476e-15
 4125.0776 4.03978e-15
 4128.0987 4.17156e-15
 4131.1198 4.26640e-15
 4134.1409 4.23347e-15
 4137.1620 4.46038e-15
 4140.1831 4.49337e-15
 4143.2042 4.51572e-15
 4146.2253 4.57922e-15
 4149.2464 4.52160e-15
 4152.2675 4.62493e-15
 4155.2886 4.72082e-15
 4158.3097 4.74921e-15
 4161.3308 4.71307e-15
 4164.3519 4.63575e-15
 4167.3730 4.64120e-15
 4170.3941 4.70774e-15
 4173.4153 4.60479e-15
 4176.4364 4.61308e-15
 4179.4575 4.63930e-15
 4182.4786 4.63450e-15
 4185.4997 4.68749e-15
 4188.5208 4.60272e-15
 4191.5419 4.71698e-15
 4194.5630 4.78579e-15
 4197.5841 4.64946e-15
 4200.6052 4.76042e-15
 4203.6263 4.77454e-15
 4206.6474 4.78667e-15
 4209.6685 4.81240e-15
 4212.6896 4.76396e-15
 4215.7107 4.76538e-15
 4218.7318 4.97056e-15
 4221.7529 4.96877e-15
 4224.7740 4.88208e-15
 4227.7951 4.74156e-15
 4230.8162 4.71580e-15
 4233.8373 4.85756e-15
 4236.8584 4.91712e-15
 4239.8796 4.91364e-15
 4242.9007 4.93634e-15
 4245.9218 5.06346e-15
 4248.9429 4.99904e-15
 4251.9640 4.96923e-15
 4254.9851 5.06153e-15
 4258.0062 5.18153e-15
 4261.0273 5.41021e-15
 4264.0484 5.32733e-15
 4267.0695 5.38499e-15
 4270.0906 5.41836e-15
 4273.1117 5.37044e-15
 4276.1328 5.52317e-15
 4279.1539 5.54047e-15
 4282.1750 5.46893e-15
 4285.1961 5.47260e-15
 4288.2172 5.45631e-15
 4291.2383 5.38314e-15
 4294.2594 5.34504e-15
 4297.2805 5.29263e-15
 4300.3016 4.99416e-15
 4303.3227 4.92634e-15
 4306.3438 4.85753e-15
 4309.3649 4.68360e-15
 4312.3861 4.59141e-15
 4315.4072 4.51331e-15
 4318.4283 4.41132e-15
 4321.4494 4.25478e-15
 4324.4705 4.10426e-15
 4327.4916 3.95738e-15
 4330.5127 3.86582e-15
 4333.5338 3.81347e-15
 4336.5549 3.72431e-15
 4339.5760 3.56338e-15
 4342.5971 3.55737e-15
 4345.6182 3.45356e-15
 4348.6393 3.29970e-15
 4351.6604 3.15890e-15
 4354.6815 3.13857e-15
 4357.7026 3.03300e-15
 4360.7237 2.99205e-15
 4363.7448 2.93331e-15
 4366.7659 2.97377e-15
 4369.7870 2.89561e-15
 4372.8081 2.81808e-15
 4375.8293 2.73907e-15
 4378.8504 2.78245e-15
 4381.8715 2.72581e-15
 4384.8926 2.63109e-15
 4387.9137 2.69173e-15
 4390.9348 2.67400e-15
 4393.9559 2.59576e-15
 4396.9770 2.68011e-15
 4399.9981 2.67539e-15
 4403.0192 2.67967e-15
 4406.0403 2.70550e-15
 4409.0614 2.68277e-15
 4412.0825 2.66303e-15
 4415.1036 2.69830e-15
 4418.1247 2.69797e-15
 4421.1458 2.78344e-15
 4424.1669 2.80206e-15
 4427.1880 2.79406e-15
 4430.2091 2.82243e-15
 4433.2302 2.89045e-15
 4436.2513 2.94078e-15
 4439.2724 3.02868e-15
 4442.2935 3.12402e-15
 4445.3146 3.14514e-15
 4448.3358 3.26882e-15
 4451.3569 3.38245e-15
 4454.3780 3.47033e-15
 4457.3991 3.50153e-15
 4460.4202 3.59814e-15
 4463.4413 3.66558e-15
 4466.4624 3.77049e-15
 4469.4835 3.89588e-15
 4472.5046 4.02988e-15
 4475.5257 4.16333e-15
 4478.5468 4.22506e-15
 4481.5679 4.32371e-15
 4484.5890 4.44351e-15
 4487.6101 4.71572e-15
 4490.6312 4.86949e-15
 4493.6523 4.94995e-15
 4496.6734 5.11418e-15
 4499.6945 5.42539e-15
 4502.7156 5.63841e-15
 4505.7367 5.80685e-15
 4508.7578 6.15617e-15
 4511.7789 6.29649e-15
 4514.8001 6.56516e-15
 4517.8212 6.71618e-15
 4520.8423 7.00102e-15
 4523.8634 7.35268e-15
 4526.8845 7.44372e-15
 4529.9056 7.58074e-15
 4532.9267 7.99151e-15
 4535.9478 8.10242e-15
 4538.9689 8.27825e-15
 4541.9900 8.51476e-15
 4545.0111 8.64473e-15
 4548.0322 8.80367e-15
 4551.0533 8.77041e-15
 4554.0744 8.98606e-15
 4557.0955 9.35466e-15
 4560.1166 9.56542e-15
 4563.1377 9.78785e-15
 4566.1588 9.88915e-15
 4569.1799 1.00976e-14
 4572.2010 1.02509e-14
 4575.2221 1.05107e-14
 4578.2432 1.06217e-14
 4581.2643 1.08031e-14
 4584.2854 1.08814e-14
 4587.3066 1.09078e-14
 4590.3277 1.09840e-14
 4593.3488 1.11934e-14
 4596.3699 1.11831e-14
 4599.3910 1.10141e-14
 4602.4121 1.12111e-14
 4605.4332 1.12694e-14
 4608.4543 1.08363e-14
 4611.4754 1.06290e-14
 4614.4965 1.06997e-14
 4617.5176 1.03062e-14
 4620.5387 1.01095e-14
 4623.5598 9.83998e-15
 4626.5809 9.57413e-15
 4629.6020 9.32486e-15
 4632.6231 9.05139e-15
 4635.6442 8.78162e-15
 4638.6653 8.60494e-15
 4641.6864 8.37635e-15
 4644.7075 8.08170e-15
 4647.7286 7.80104e-15
 4650.7497 7.73941e-15
 4653.7708 7.54131e-15
 4656.7919 7.39993e-15
 4659.8131 7.12308e-15
 4662.8342 6.94333e-15
 4665.8553 6.83860e-15
 4668.8764 6.57922e-15
 4671.8975 6.46125e-15
 4674.9186 6.24689e-15
 4677.9397 6.11660e-15
 4680.9608 6.02790e-15
 4683.9819 5.81186e-15
 4687.0030 5.67358e-15
 4690.0241 5.56875e-15
 4693.0452 5.33750e-15
 4696.0663 5.01823e-15
 4699.0874 4.83207e-15
 4702.1085 4.67927e-15
 4705.1296 4.48374e-15
 4708.1507 4.33015e-15
 4711.1718 4.17659e-15
 4714.1929 4.06219e-15
 4717.2140 3.99260e-15
 4720.2351 3.95836e-15
 4723.2563 3.77588e-15
 4726.2774 3.75544e-15
 4729.2985 3.72187e-15
 4732.3196 3.67133e-15
 4735.3407 3.65223e-15
 4738.3618 3.74400e-15
 4741.3829 3.76219e-15
 4744.4040 3.87538e-15
 4747.4251 3.90743e-15
 4750.4462 3.88870e-15
 4753.4673 3.97460e-15
 4756.4884 4.00285e-15
 4759.5095 4.04307e-15
 4762.5306 4.11806e-15
 4765.5517 4.13141e-15
 4768.5728 4.15768e-15
 4771.5939 4.30554e-15
 4774.6150 4.28439e-15
 4777.6361 4.16863e-15
 4780.6572 4.10792e-15
 4783.6783 4.11992e-15
 4786.6994 4.09497e-15
 4789.7205 4.04912e-15
 4792.7416 3.94522e-15
 4795.7628 3.96509e-15
 4798.7839 3.88675e-15
 4801.8050 3.85439e-15
 4804.8261 3.83448e-15
 4807.8472 3.89484e-15
 4810.8683 3.86882e-15
 4813.8894 3.81307e-15
 4816.9105 3.84890e-15
 4819.9316 3.89161e-15
 4822.9527 3.79533e-15
 4825.9738 3.92977e-15
 4828.9949 3.97767e-15
 4832.0160 4.04710e-15
 4835.0371 4.08007e-15
 4838.0582 4.15077e-15
 4841.0793 4.20529e-15
 4844.1004 4.25072e-15
 4847.1215 4.29060e-15
 4850.1426 4.38312e-15
 4853.1637 4.48507e-15
 4856.1848 4.64175e-15
 4859.2059 4.62031e-15
 4862.2271 4.84958e-15
 4865.2482 4.88994e-15
 4868.2693 4.93656e-15
 4871.2904 5.06760e-15
 4874.3115 5.25177e-15
 4877.3326 5.41203e-15
 4880.3537 5.55229e-15
 4883.3748 5.51178e-15
 4886.3959 5.62937e-15
 4889.4170 5.83094e-15
 4892.4381 5.92407e-15
 4895.4592 5.96991e-15
 4898.4803 6.08693e-15
 4901.5014 6.18847e-15
 4904.5225 6.18551e-15
 4907.5436 6.14235e-15
 4910.5647 6.05789e-15
 4913.5858 6.06642e-15
 4916.6069 5.90744e-15
 4919.6280 5.86519e-15
 4922.6491 5.77044e-15
 4925.6702 5.63203e-15
 4928.6913 5.53048e-15
 4931.7124 5.27871e-15
 4934.7336 5.17200e-15
 4937.7547 5.15202e-15
 4940.7758 5.06003e-15
 4943.7969 4.87763e-15
 4946.8180 4.74870e-15
 4949.8391 4.63406e-15
 4952.8602 4.54744e-15
 4955.8813 4.52644e-15
 4958.9024 4.38025e-15
 4961.9235 4.34799e-15
 4964.9446 4.35891e-15
 4967.9657 4.30669e-15
 4970.9868 4.24416e-15
 4974.0079 4.13808e-15
 4977.0290 4.08616e-15
 4980.0501 4.06836e-15
 4983.0712 4.11740e-15
 4986.0923 4.06285e-15
 4989.1134 4.05113e-15
 4992.1345 4.00281e-15
 4995.1556 3.97914e-15
 4998.1767 4.00322e-15
 5001.1978 4.03563e-15
 5004.2190 4.00489e-15
 5007.2401 4.00037e-15
 5010.2612 3.96315e-15
 5013.2823 4.04656e-15
 5016.3034 4.03953e-15
 5019.3245 3.97318e-15
 5022.3456 3.93200e-15
 5025.3667 3.95913e-15
 5028.3878 3.92788e-15
 5031.4089 3.88371e-15
 5034.4300 3.96000e-15
 5037.4511 3.95953e-15
 5040.4722 3.84114e-15
 5043.4933 3.82100e-15
 5046.5144 3.77589e-15
 5049.5355 3.86237e-15
 5052.5566 3.81378e-15
 5055.5777 3.82108e-15
 5058.5988 3.79191e-15
 5061.6199 3.68636e-15
 5064.6410 3.75549e-15
 5067.6621 3.75970e-15
 5070.6833 3.66879e-15
 5073.7044 3.66611e-15
 5076.7255 3.73169e-15
 5079.7466 3.70395e-15
 5082.7677 3.82096e-15
 5085.7888 3.77159e-15
 5088.8099 3.79383e-15
 5091.8310 3.72747e-15
 5094.8521 3.71982e-15
 5097.8732 3.67975e-15
 5100.8943 3.83426e-15
 5103.9154 3.86611e-15
 5106.9365 3.94211e-15
 5109.9576 3.95780e-15
 5112.9787 3.99699e-15
 5115.9998 4.09113e-15
 5119.0209 4.22507e-15
 5122.0420 4.35168e-15
 5125.0631 4.42048e-15
 5128.0842 4.54609e-15
 5131.1053 4.53607e-15
 5134.1264 4.67627e-15
 5137.1475 4.82867e-15
 5140.1686 5.06024e-15
 5143.1898 5.15360e-15
 5146.2109 5.32884e-15
 5149.2320 5.48884e-15
 5152.2531 5.62036e-15
 5155.2742 5.84191e-15
 5158.2953 5.94678e-15
 5161.3164 6.17340e-15
 5164.3375 6.38404e-15
 5167.3586 6.61457e-15
 5170.3797 6.81603e-15
 5173.4008 7.02751e-15
 5176.4219 7.13076e-15
 5179.4430 7.29708e-15
 5182.4641 7.51771e-15
 5185.4852 7.74065e-15
 5188.5063 7.92720e-15
 5191.5274 8.08800e-15
 5194.5485 8.31048e-15
 5197.5696 8.40170e-15
 5200.5907 8.47743e-15
 5203.6118 8.61529e-15
 5206.6329 8.69994e-15
 5209.6541 8.98741e-15
 5212.6752 9.04338e-15
 5215.6963 9.14498e-15
 5218.7174 9.36388e-15
 5221.7385 9.59266e-15
 5224.7596 9.70671e-15
 5227.7807 9.65441e-15
 5230.8018 9.82741e-15
 5233.8229 9.98148e-15
 5236.8440 1.00026e-14
 5239.8651 1.00153e-14
 5242.8862 1.01885e-14
 5245.9073 1.01745e-14
 5248.9284 1.03201e-14
 5251.9495 1.05485e-14
 5254.9706 1.04169e-14
 5257.9917 1.04212e-14
 5261.0128 1.04695e-14
 5264.0339 1.05617e-14
 5267.0550 1.04717e-14
 5270.0761 1.03278e-14
 5273.0972 1.02988e-14
 5276.1183 1.02995e-14
 5279.1394 1.03488e-14
 5282.1606 1.03379e-14
 5285.1817 1.03126e-14
 5288.2028 1.02341e-14
 5291.2239 1.02031e-14
 5294.2450 1.00677e-14
 5297.2661 1.00103e-14
 5300.2872 1.00402e-14
 5303.3083 1.00727e-14
 5306.3294 9.83377e-15
 5309.3505 9.82399e-15
 5312.3716 9.87896e-15
 5315.3927 9.95022e-15
 5318.4138 9.95102e-15
 5321.4349 9.94798e-15
 5324.4560 9.79097e-15
 5327.4771 9.78090e-15
 5330.4982 9.98002e-15
 5333.5193 1.00529e-14
 5336.5404 1.00339e-14
 5339.5615 9.89060e-15
 5342.5826 9.89262e-15
 5345.6038 9.83540e-15
 5348.6249 9.93569e-15
 5351.6460 1.00883e-14
 5354.6671 9.89106e-15
 5357.6882 9.93415e-15
 5360.7093 9.86102e-15
 5363.7304 9.75630e-15
 5366.7515 9.90201e-15
 5369.7726 9.84194e-15
 5372.7937 9.66561e-15
 5375.8148 9.59661e-15
 5378.8359 9.56055e-15
 5381.8570 9.58309e-15
 5384.8781 9.49966e-15
 5387.8992 9.62575e-15
 5390.9203 9.51988e-15
 5393.9414 9.32297e-15
 5396.9625 9.31954e-15
 5399.9836 9.46283e-15
 5403.0047 9.31015e-15
 5406.0258 9.21253e-15
 5409.0469 9.13991e-15
 5412.0680 9.06460e-15
 5415.0891 9.04327e-15
 5418.1103 8.95526e-15
 5421.1314 8.98306e-15
 5424.1525 8.98548e-15
 5427.1736 8.80733e-15
 5430.1947 8.79605e-15
 5433.2158 8.78169e-15
 5436.2369 8.68304e-15
 5439.2580 8.68662e-15
 5442.2791 8.55277e-15
 5445.3002 8.52081e-15
 5448.3213 8.38591e-15
 5451.3424 8.44527e-15
 5454.3635 8.44240e-15
 5457.3846 8.36027e-15
 5460.4057 8.22549e-15
 5463.4268 8.34692e-15
 5466.4479 8.26682e-15
 5469.4690 7.99390e-15
 5472.4901 7.99650e-15
 5475.5112 7.93261e-15
 5478.5323 7.91441e-15
 5481.5534 7.84842e-15
 5484.5745 7.86813e-15
 5487.5956 7.72896e-15
 5490.6168 7.54192e-15
 5493.6379 7.51155e-15
 5496.6590 7.53236e-15
 5499.6801 7.37177e-15
 5502.7012 7.34765e-15
 5505.7223 7.33744e-15
 5508.7434 7.23786e-15
 5511.7645 7.13720e-15
 5514.7856 7.18817e-15
 5517.8067 7.04082e-15
 5520.8278 6.91641e-15
 5523.8489 6.91427e-15
 5526.8700 6.79781e-15
 5529.8911 6.68053e-15
 5532.9122 6.63515e-15
 5535.9333 6.58929e-15
 5538.9544 6.56259e-15
 5541.9755 6.43442e-15
 5544.9966 6.34042e-15
 5548.0177 6.34122e-15
 5551.0388 6.20147e-15
 5554.0599 6.20687e-15
 5557.0811 6.13070e-15
 5560.1022 5.91599e-15
 5563.1233 5.95922e-15
 5566.1444 5.94339e-15
 5569.1655 5.81219e-15
 5572.1866 5.72885e-15
 5575.2077 5.66929e-15
 5578.2288 5.61260e-15
 5581.2499 5.56786e-15
 5584.2710 5.51332e-15
 5587.2921 5.39489e-15
 5590.3132 5.34790e-15
 5593.3343 5.24866e-15
 5596.3554 5.16009e-15
 5599.3765 5.12102e-15
 5602.3976 5.09217e-15
 5605.4187 5.09035e-15
 5608.4398 5.05495e-15
 5611.4609 4.99925e-15
 5614.4820 4.93525e-15
 5617.5031 4.85841e-15
 5620.5242 4.84445e-15
 5623.5453 4.80011e-15
 5626.5664 4.62861e-15
 5629.5876 4.61390e-15
 5632.6087 4.63509e-15
 5635.6298 4.54636e-15
 5638.6509 4.51742e-15
 5641.6720 4.43675e-15
 5644.6931 4.41543e-15
 5647.7142 4.41427e-15
 5650.7353 4.30413e-15
 5653.7564 4.26031e-15
 5656.7775 4.21429e-15
 5659.7986 4.22621e-15
 5662.8197 4.16513e-15
 5665.8408 4.15766e-15
 5668.8619 4.14549e-15
 5671.8830 4.08639e-15
 5674.9041 4.01776e-15
 5677.9252 4.07066e-15
 5680.9463 4.07731e-15
 5683.9674 4.03019e-15
 5686.9885 3.98709e-15
 5690.0096 3.97323e-15
 5693.0307 3.93826e-15
 5696.0519 3.95845e-15
 5699.0730 3.95162e-15
 5702.0941 3.98337e-15
 5705.1152 3.97184e-15
 5708.1363 3.96135e-15
 5711.1574 3.99617e-15
 5714.1785 3.98236e-15
 5717.1996 3.95988e-15
 5720.2207 3.96989e-15
 5723.2418 4.08119e-15
 5726.2629 4.15066e-15
 5729.2840 4.08752e-15
 5732.3051 4.07830e-15
 5735.3262 4.17067e-15
 5738.3473 4.19326e-15
 5741.3684 4.24474e-15
 5744.3895 4.34696e-15
 5747.4106 4.35777e-15
 5750.4317 4.46109e-15
 5753.4528 4.53870e-15
 5756.4739 4.59662e-15
 5759.4950 4.75416e-15
 5762.5161 4.82987e-15
 5765.5373 4.88971e-15
 5768.5584 5.06523e-15
 5771.5795 5.19580e-15
 5774.6006 5.21150e-15
 5777.6217 5.28729e-15
 5780.6428 5.41375e-15
 5783.6639 5.33730e-15
 5786.6850 5.51740e-15
 5789.7061 5.79390e-15
 5792.7272 5.96770e-15
 5795.7483 5.96284e-15
 5798.7694 6.11712e-15
 5801.7905 6.23043e-15
 5804.8116 6.40143e-15
 5807.8327 6.56922e-15
 5810.8538 6.64874e-15
 5813.8749 6.68634e-15
 5816.8960 6.84287e-15
 5819.9171 6.95167e-15
 5822.9382 7.02283e-15
 5825.9593 7.08909e-15
 5828.9804 7.31462e-15
 5832.0016 7.50771e-15
 5835.0227 7.53204e-15
 5838.0438 7.60695e-15
 5841.0649 7.69609e-15
 5844.0860 7.71915e-15
 5847.1071 7.75405e-15
 5850.1282 7.74985e-15
 5853.1493 7.76934e-15
 5856.1704 7.78535e-15
 5859.1915 7.88554e-15
 5862.2126 8.00509e-15
 5865.2337 8.15185e-15
 5868.2548 8.05893e-15
 5871.2759 8.04305e-15
 5874.2970 8.14338e-15
 5877.3181 8.06385e-15
 5880.3392 8.07343e-15
 5883.3603 8.05772e-15
 5886.3814 7.95628e-15
 5889.4025 7.46343e-15
 5892.4236 6.71439e-15
 5895.4447 6.86390e-15
 5898.4658 7.00220e-15
 5901.4869 7.41054e-15
 5904.5081 7.79361e-15
 5907.5292 7.61175e-15
 5910.5503 7.62381e-15
 5913.5714 7.67153e-15
 5916.5925 7.71861e-15
 5919.6136 7.69136e-15
 5922.6347 7.60116e-15
 5925.6558 7.56465e-15
 5928.6769 7.55834e-15
 5931.6980 7.50738e-15
 5934.7191 7.53664e-15
 5937.7402 7.47248e-15
 5940.7613 7.40681e-15
 5943.7824 7.34975e-15
 5946.8035 7.29060e-15
 5949.8246 7.28183e-15
 5952.8457 7.17556e-15
 5955.8668 7.06135e-15
 5958.8879 6.82447e-15
 5961.9090 6.77430e-15
 5964.9301 6.78417e-15
 5967.9512 6.52454e-15
 5970.9723 6.40160e-15
 5973.9934 6.28921e-15
 5977.0146 6.17566e-15
 5980.0357 6.06526e-15
 5983.0568 5.95505e-15
 5986.0779 5.84371e-15
 5989.0990 5.74472e-15
 5992.1201 5.63110e-15
 5995.1412 5.55832e-15
 5998.1623 5.52377e-15
 6001.1834 5.49048e-15
 6004.2045 5.48463e-15
 6007.2256 5.48999e-15
 6010.2467 5.41265e-15
 6013.2678 5.29797e-15
 6016.2889 5.18611e-15
 6019.3100 5.17084e-15
 6022.3311 5.11908e-15
 6025.3522 4.96392e-15
 6028.3733 4.85993e-15
 6031.3944 4.67859e-15
 6034.4155 4.54556e-15
 6037.4366 4.41833e-15
 6040.4577 4.29079e-15
 6043.4789 4.18702e-15
 6046.5000 4.06150e-15
 6049.5211 3.88767e-15
 6052.5422 3.70958e-15
 6055.5633 3.66914e-15
 6058.5844 3.54205e-15
 6061.6055 3.35635e-15
 6064.6266 3.24870e-15
 6067.6477 3.09594e-15
 6070.6688 3.02195e-15
 6073.6899 2.92372e-15
 6076.7110 2.86053e-15
 6079.7321 2.80560e-15
 6082.7532 2.69010e-15
 6085.7743 2.65450e-15
 6088.7954 2.57372e-15
 6091.8165 2.53945e-15
 6094.8376 2.55181e-15
 6097.8587 2.51184e-15
 6100.8798 2.49851e-15
 6103.9009 2.44409e-15
 6106.9220 2.44092e-15
 6109.9431 2.44215e-15
 6112.9642 2.43089e-15
 6115.9854 2.38256e-15
 6119.0065 2.37984e-15
 6122.0276 2.38553e-15
 6125.0487 2.40812e-15
 6128.0698 2.46543e-15
 6131.0909 2.43620e-15
 6134.1120 2.43630e-15
 6137.1331 2.49136e-15
 6140.1542 2.52292e-15
 6143.1753 2.57901e-15
 6146.1964 2.62516e-15
 6149.2175 2.71055e-15
 6152.2386 2.84973e-15
 6155.2597 2.91102e-15
 6158.2808 3.03183e-15
 6161.3019 3.09260e-15
 6164.3230 3.17271e-15
 6167.3441 3.24040e-15
 6170.3652 3.29410e-15
 6173.3863 3.40563e-15
 6176.4074 3.44753e-15
 6179.4286 3.49510e-15
 6182.4497 3.62971e-15
 6185.4708 3.66421e-15
 6188.4919 3.68149e-15
 6191.5130 3.74584e-15
 6194.5341 3.83117e-15
 6197.5552 3.91232e-15
 6200.5763 3.93810e-15
 6203.5974 3.98239e-15
 6206.6185 4.08627e-15
 6209.6396 4.19359e-15
 6212.6607 4.26478e-15
 6215.6818 4.34780e-15
 6218.7029 4.44097e-15
 6221.7240 4.47631e-15
 6224.7451 4.53558e-15
 6227.7662 4.67344e-15
 6230.7873 4.66220e-15
 6233.8084 4.67615e-15
 6236.8295 4.57148e-15
 6239.8506 4.67093e-15
 6242.8717 4.83151e-15
 6245.8928 4.97647e-15
 6248.9139 5.07383e-15
 6251.9351 5.11607e-15
 6254.9562 5.15860e-15
 6257.9773 5.20185e-15
 6260.9984 5.29830e-15
 6264.0195 5.37230e-15
 6267.0406 5.38028e-15
 6270.0617 5.47008e-15
 6273.0828 5.52992e-15
 6276.1039 5.50087e-15
 6279.1250 5.40280e-15
 6282.1461 5.45462e-15
 6285.1672 5.46754e-15
 6288.1883 5.50891e-15
 6291.2094 5.59865e-15
 6294.2305 5.64138e-15
 6297.2516 5.72511e-15
 6300.2727 5.84077e-15
 6303.2938 5.80696e-15
 6306.3149 5.73934e-15
 6309.3360 5.70977e-15
 6312.3571 5.77759e-15
 6315.3782 5.80124e-15
 6318.3994 5.78532e-15
 6321.4205 5.86630e-15
 6324.4416 5.86268e-15
 6327.4627 5.89422e-15
 6330.4838 5.91331e-15
 6333.5049 5.92672e-15
 6336.5260 5.92001e-15
 6339.5471 5.94724e-15
 6342.5682 5.89722e-15
 6345.5893 5.87555e-15
 6348.6104 5.98846e-15
 6351.6315 5.94102e-15
 6354.6526 5.91848e-15
 6357.6737 5.88108e-15
 6360.6948 5.81256e-15
 6363.7159 5.83676e-15
 6366.7370 5.85613e-15
 6369.7581 5.77101e-15
 6372.7792 5.81822e-15
 6375.8003 5.89722e-15
 6378.8214 5.86596e-15
 6381.8425 5.84857e-15
 6384.8636 5.90877e-15
 6387.8847 5.89585e-15
 6390.9059 5.84463e-15
 6393.9270 5.87667e-15
 6396.9481 5.90974e-15
 6399.9692 5.96266e-15
 6402.9903 5.93246e-15
 6406.0114 5.92723e-15
 6409.0325 5.97216e-15
 6412.0536 5.94784e-15
 6415.0747 5.94415e-15
 6418.0958 5.94012e-15
 6421.1169 5.86871e-15
 6424.1380 6.00400e-15
 6427.1591 5.98745e-15
 6430.1802 5.97419e-15
 6433.2013 6.07483e-15
 6436.2224 5.91827e-15
 6439.2435 6.01257e-15
 6442.2646 6.09334e-15
 6445.2857 5.97453e-15
 6448.3068 5.93240e-15
 6451.3279 6.00273e-15
 6454.3490 6.09266e-15
 6457.3701 6.00824e-15
 6460.3912 5.98934e-15
 6463.4124 6.16197e-15
 6466.4335 6.08744e-15
 6469.4546 6.14420e-15
 6472.4757 6.12917e-15
 6475.4968 6.16919e-15
 6478.5179 6.15140e-15
 6481.5390 6.13565e-15
 6484.5601 6.19843e-15
 6487.5812 6.23579e-15
 6490.6023 6.21500e-15
 6493.6234 6.18373e-15
 6496.6445 6.23305e-15
 6499.6656 6.18663e-15
 6502.6867 6.20492e-15
 6505.7078 6.29662e-15
 6508.7289 6.27615e-15
 6511.7500 6.20212e-15
 6514.7711 6.29761e-15
 6517.7922 6.33716e-15
 6520.8133 6.22785e-15
 6523.8344 6.11625e-15
 6526.8556 6.15558e-15
 6529.8767 6.12319e-15
 6532.8978 6.03037e-15
 6535.9189 6.12363e-15
 6538.9400 6.02815e-15
 6541.9611 5.91016e-15
 6544.9822 5.79417e-15
 6548.0033 5.82036e-15
 6551.0244 5.72610e-15
 6554.0455 5.73190e-15
 6557.0666 5.76334e-15
 6560.0877 5.67144e-15
 6563.1088 5.44261e-15
 6566.1299 5.51253e-15
 6569.1510 5.54705e-15
 6572.1721 5.53122e-15
 6575.1932 5.37451e-15
 6578.2143 5.33057e-15
 6581.2354 5.24367e-15
 6584.2565 5.12845e-15
 6587.2776 5.17986e-15
 6590.2987 5.15457e-15
 6593.3198 5.00691e-15
 6596.3409 4.97897e-15
 6599.3621 4.98921e-15
 6602.3832 4.90690e-15
 6605.4043 4.85732e-15
 6608.4254 4.87778e-15
 6611.4465 4.78435e-15
 6614.4676 4.69640e-15
 6617.4887 4.69112e-15
 6620.5098 4.66155e-15
 6623.5309 4.52457e-15
 6626.5520 4.48052e-15
 6629.5731 4.46910e-15
 6632.5942 4.33536e-15
 6635.6153 4.28055e-15
 6638.6364 4.27385e-15
 6641.6575 4.15057e-15
 6644.6786 4.14796e-15
 6647.6997 4.14388e-15
 6650.7208 4.11160e-15
 6653.7419 4.03024e-15
 6656.7630 3.92413e-15
 6659.7841 3.88734e-15
 6662.8052 3.83038e-15
 6665.8264 3.77274e-15
 6668.8475 3.77863e-15
 6671.8686 3.76948e-15
 6674.8897 3.69727e-15
 6677.9108 3.71851e-15
 6680.9319 3.67727e-15
 6683.9530 3.54034e-15
 6686.9741 3.47220e-15
 6689.9952 3.54836e-15
 6693.0163 3.47869e-15
 6696.0374 3.42840e-15
 6699.0585 3.36247e-15
 6702.0796 3.33595e-15
 6705.1007 3.30246e-15
 6708.1218 3.24301e-15
 6711.1429 3.28310e-15
 6714.1640 3.15098e-15
 6717.1851 3.12328e-15
 6720.2062 3.10461e-15
 6723.2273 3.09725e-15
 6726.2484 3.05858e-15
 6729.2695 3.05152e-15
 6732.2906 3.02399e-15
 6735.3117 3.01038e-15
 6738.3329 3.02619e-15
 6741.3540 2.90927e-15
 6744.3751 2.86439e-15
 6747.3962 2.89973e-15
 6750.4173 2.85697e-15
 6753.4384 2.82685e-15
 6756.4595 2.81098e-15
 6759.4806 2.77537e-15
 6762.5017 2.79241e-15
 6765.5228 2.80164e-15
 6768.5439 2.74289e-15
 6771.5650 2.69195e-15
 6774.5861 2.68377e-15
 6777.6072 2.67242e-15
 6780.6283 2.69308e-15
 6783.6494 2.69597e-15
 6786.6705 2.65291e-15
 6789.6916 2.64220e-15
 6792.7127 2.64694e-15
 6795.7338 2.61564e-15
 6798.7549 2.59263e-15
 6801.7761 2.65153e-15
 6804.7972 2.68616e-15
 6807.8183 2.67990e-15
 6810.8394 2.66797e-15
 6813.8605 2.62580e-15
 6816.8816 2.64032e-15
 6819.9027 2.69894e-15
 6822.9238 2.65968e-15
 6825.9449 2.49395e-15
 6828.9660 2.43726e-15
 6831.9871 2.49509e-15
 6835.0082 2.55111e-15
 6838.0293 2.61964e-15
 6841.0504 2.50668e-15
 6844.0715 2.48358e-15
 6847.0926 2.49974e-15
 6850.1137 2.49394e-15
 6853.1348 2.54113e-15
 6856.1559 2.56009e-15
 6859.1770 2.55797e-15
 6862.1981 2.53332e-15
 6865.2192 2.54272e-15
 6868.2403 2.56537e-15
 6871.2614 2.56248e-15
 6874.2826 2.54026e-15
 6877.3037 2.60438e-15
 6880.3248 2.57638e-15
 6883.3459 2.52787e-15
 6886.3670 2.52609e-15
 6889.3881 2.53440e-15
 6892.4092 2.57377e-15
 6895.4303 2.58484e-15
 6898.4514 2.58715e-15
 6901.4725 2.56264e-15
 6904.4936 2.53382e-15
 6907.5147 2.56265e-15
 6910.5358 2.52304e-15
 6913.5569 2.48868e-15
 6916.5780 2.48965e-15
 6919.5991 2.44745e-15
 6922.6202 2.50523e-15
 6925.6413 2.49166e-15
 6928.6624 2.44339e-15
 6931.6835 2.49550e-15
 6934.7046 2.49338e-15
 6937.7257 2.49053e-15
 6940.7468 2.44800e-15
 6943.7679 2.40629e-15
 6946.7891 2.42407e-15
 6949.8102 2.44663e-15
 6952.8313 2.45116e-15
 6955.8524 2.45085e-15
 6958.8735 2.45442e-15
 6961.8946 2.42075e-15
 6964.9157 2.39180e-15
 6967.9368 2.44781e-15
 6970.9579 2.44765e-15
 6973.9790 2.40851e-15
 6977.0001 2.41675e-15
 6980.0212 2.36582e-15
 6983.0423 2.33667e-15
 6986.0634 2.33987e-15
 6989.0845 2.36252e-15
 6992.1056 2.37069e-15
 6995.1267 2.36126e-15
 6998.1478 2.32504e-15
 7001.1689 2.36004e-15
 7004.1900 2.32474e-15
 7007.2111 2.35198e-15
 7010.2322 2.35318e-15
 7013.2534 2.30384e-15
 7016.2745 2.31828e-15
 7019.2956 2.28687e-15
 7022.3167 2.29700e-15
 7025.3378 2.30031e-15
 7028.3589 2.29618e-15
 7031.3800 2.29674e-15
 7034.4011 2.34755e-15
 7037.4222 2.32635e-15
 7040.4433 2.33434e-15
 7043.4644 2.35481e-15
 7046.4855 2.36004e-15
 7049.5066 2.36880e-15
 7052.5277 2.35466e-15
 7055.5488 2.32899e-15
 7058.5699 2.31333e-15
 7061.5910 2.30561e-15
 7064.6121 2.31188e-15
 7067.6332 2.36312e-15
 7070.6543 2.37088e-15
 7073.6754 2.36250e-15
 7076.6965 2.39291e-15
 7079.7176 2.37623e-15
 7082.7387 2.40381e-15
 7085.7599 2.37818e-15
 7088.7810 2.35564e-15
 7091.8021 2.36163e-15
 7094.8232 2.28987e-15
 7097.8443 2.33924e-15
 7100.8654 2.41307e-15
 7103.8865 2.38509e-15
 7106.9076 2.33303e-15
 7109.9287 2.31842e-15
 7112.9498 2.37491e-15
 7115.9709 2.36463e-15
 7118.9920 2.37249e-15
 7122.0131 2.35397e-15
 7125.0342 2.27486e-15
 7128.0553 2.27821e-15
 7131.0764 2.29014e-15
 7134.0975 2.30630e-15
 7137.1186 2.29652e-15
 7140.1397 2.26318e-15
 7143.1608 2.26614e-15
 7146.1819 2.26871e-15
 7149.2031 2.25905e-15
 7152.2242 2.27328e-15
 7155.2453 2.30657e-15
 7158.2664 2.25421e-15
 7161.2875 2.23469e-15
 7164.3086 2.27140e-15
 7167.3297 2.29173e-15
 7170.3508 2.24840e-15
 7173.3719 2.26984e-15
 7176.3930 2.26052e-15
 7179.4141 2.32019e-15
 7182.4352 2.29269e-15
 7185.4563 2.25505e-15
 7188.4774 2.21318e-15
 7191.4985 2.23787e-15
 7194.5196 2.23212e-15
 7197.5407 2.24809e-15
 7200.5618 2.25607e-15
 7203.5829 2.21374e-15
 7206.6040 2.20878e-15
 7209.6251 2.26160e-15
 7212.6462 2.23151e-15
 7215.6673 2.21774e-15
 7218.6884 2.25516e-15
 7221.7096 2.29727e-15
 7224.7307 2.27535e-15
 7227.7518 2.20090e-15
 7230.7729 2.22856e-15
 7233.7940 2.29320e-15
 7236.8151 2.32723e-15
 7239.8362 2.28846e-15
 7242.8573 2.27867e-15
 7245.8784 2.28845e-15
 7248.8995 2.25420e-15
 7251.9206 2.34400e-15
 7254.9417 2.29840e-15
 7257.9628 2.30527e-15
 7260.9839 2.25895e-15
 7264.0050 2.29235e-15
 7267.0261 2.28301e-15
 7270.0472 2.23790e-15
 7273.0683 2.28953e-15
 7276.0894 2.27679e-15
 7279.1105 2.20127e-15
 7282.1316 2.22846e-15
 7285.1527 2.28055e-15
 7288.1738 2.27510e-15
 7291.1949 2.29621e-15
 7294.2161 2.28827e-15
 7297.2372 2.30577e-15
 7300.2583 2.26732e-15
 7303.2794 2.24668e-15
 7306.3005 2.21102e-15
 7309.3216 2.25279e-15
 7312.3427 2.23974e-15
 7315.3638 2.22764e-15
 7318.3849 2.25334e-15
 7321.4060 2.21213e-15
 7324.4271 2.21401e-15
 7327.4482 2.18579e-15
 7330.4693 2.19372e-15
 7333.4904 2.22534e-15
 7336.5115 2.24098e-15
 7339.5326 2.13515e-15
 7342.5537 2.13697e-15
 7345.5748 2.15514e-15
 7348.5959 2.13154e-15
 7351.6170 2.11703e-15
 7354.6381 2.07922e-15
 7357.6592 2.11169e-15
 7360.6804 2.10558e-15
 7363.7015 2.07816e-15
 7366.7226 2.08388e-15
 7369.7437 2.04836e-15
 7372.7648 1.99159e-15
 7375.7859 1.96464e-15
 7378.8070 2.03238e-15
 7381.8281 2.03593e-15
 7384.8492 2.01403e-15
 7387.8703 2.02504e-15
 7390.8914 2.00350e-15
 7393.9125 1.96962e-15
 7396.9336 1.93157e-15
 7399.9547 1.94063e-15
 7402.9758 1.95446e-15
 7405.9969 1.94884e-15
 7409.0180 1.95510e-15
 7412.0391 1.98341e-15
 7415.0602 1.95421e-15
 7418.0813 1.94317e-15
 7421.1024 1.97321e-15
 7424.1235 1.96513e-15
 7427.1446 1.96881e-15
 7430.1657 1.97176e-15
 7433.1869 1.96340e-15
 7436.2080 1.98033e-15
 7439.2291 1.98061e-15
 7442.2502 1.93888e-15
 7445.2713 2.03557e-15
 7448.2924 2.01474e-15
 7451.3135 2.02121e-15
 7454.3346 1.95680e-15
 7457.3557 1.93526e-15
 7460.3768 2.04287e-15
 7463.3979 2.01602e-15
 7466.4190 1.94894e-15
 7469.4401 1.99710e-15
 7472.4612 2.01038e-15
 7475.4823 1.98523e-15
 7478.5034 1.97951e-15
 7481.5245 2.05574e-15
 7484.5456 2.04111e-15
 7487.5667 2.01983e-15
 7490.5878 2.00153e-15
 7493.6089 1.97032e-15
 7496.6300 2.01523e-15
 7499.6512 2.01153e-15
 7502.6723 2.01276e-15
 7505.6934 2.01488e-15
 7508.7145 2.01227e-15
 7511.7356 1.99311e-15
 7514.7567 1.97924e-15
 7517.7778 1.99143e-15
 7520.7989 1.98385e-15
 7523.8200 1.93375e-15
 7526.8411 2.00953e-15
 7529.8622 1.96465e-15
 7532.8833 1.92759e-15
 7535.9044 1.97515e-15
 7538.9255 2.04702e-15
 7541.9466 2.11649e-15
 7544.9677 2.07260e-15
 7547.9888 1.91760e-15
 7551.0099 1.82972e-15
 7554.0310 1.61155e-15
 7557.0521 1.61912e-15
 7560.0732 1.61825e-15
 7563.0943 1.66138e-15
 7566.1154 1.75925e-15
 7569.1365 1.96502e-15
 7572.1577 1.98021e-15
 7575.1788 1.83850e-15
 7578.1999 1.82137e-15
 7581.2210 1.78110e-15
 7584.2421 1.77628e-15
 7587.2632 1.88307e-15
 7590.2843 1.81880e-15
 7593.3054 1.67919e-15
 7596.3265 1.80709e-15
 7599.3476 1.83686e-15
 7602.3687 1.79270e-15
 7605.3898 1.86074e-15
 7608.4109 1.93548e-15
 7611.4320 1.91125e-15
 7614.4531 1.89143e-15
 7617.4742 1.91669e-15
 7620.4953 1.99526e-15
 7623.5164 1.92499e-15
 7626.5375 1.90360e-15
 7629.5586 1.88647e-15
 7632.5797 1.88924e-15
 7635.6009 1.88654e-15
 7638.6220 1.89454e-15
 7641.6431 1.85859e-15
 7644.6642 1.86808e-15
 7647.6853 1.89649e-15
 7650.7064 1.87584e-15
 7653.7275 1.88108e-15
 7656.7486 1.87958e-15
 7659.7697 1.87110e-15
 7662.7908 1.88300e-15
 7665.8119 1.87253e-15
 7668.8330 1.91660e-15
 7671.8541 1.88432e-15
 7674.8752 1.83854e-15
 7677.8963 1.80008e-15
 7680.9174 1.86244e-15
 7683.9385 1.82298e-15
 7686.9596 1.88006e-15
 7689.9807 1.86880e-15
 7693.0018 1.89270e-15
 7696.0229 1.90300e-15
 7699.0440 1.85255e-15
 7702.0651 1.83908e-15
 7705.0862 1.84125e-15
 7708.1074 1.88774e-15
 7711.1285 1.86302e-15
 7714.1496 1.84885e-15
 7717.1707 1.85058e-15
 7720.1918 1.87319e-15
 7723.2129 1.89105e-15
 7726.2340 1.90213e-15
 7729.2551 1.85721e-15
 7732.2762 1.86512e-15
 7735.2973 1.89580e-15
 7738.3184 1.87041e-15
 7741.3395 1.87730e-15
 7744.3606 1.85462e-15
 7747.3817 1.88773e-15
 7750.4028 1.88815e-15
 7753.4239 1.90190e-15
 7756.4450 1.95429e-15
 7759.4661 1.92769e-15
 7762.4872 1.89182e-15
 7765.5083 1.90077e-15
 7768.5294 1.92094e-15
 7771.5505 1.87110e-15
 7774.5716 1.86684e-15
 7777.5927 1.86076e-15
 7780.6139 1.91479e-15
 7783.6350 1.89532e-15
 7786.6561 1.88738e-15
 7789.6772 1.81901e-15
 7792.6983 1.91062e-15
 7795.7194 1.90714e-15
 7798.7405 1.88772e-15
 7801.7616 1.86917e-15
 7804.7827 1.91555e-15
 7807.8038 1.93307e-15
 7810.8249 1.94499e-15
 7813.8460 1.97081e-15
 7816.8671 1.95570e-15
 7819.8882 1.93285e-15
 7822.9093 1.94043e-15
 7825.9304 1.90375e-15
 7828.9515 1.92407e-15
 7831.9726 1.94457e-15
 7834.9937 1.98768e-15
 7838.0148 1.96212e-15
 7841.0359 1.93136e-15
 7844.0570 1.99582e-15
 7847.0782 2.04246e-15
 7850.0993 1.99698e-15
 7853.1204 1.97872e-15
 7856.1415 2.02968e-15
 7859.1626 1.99654e-15
 7862.1837 1.96252e-15
 7865.2048 1.97242e-15
 7868.2259 1.96653e-15
 7871.2470 1.98547e-15
 7874.2681 1.96949e-15
 7877.2892 1.96897e-15
 7880.3103 1.98411e-15
 7883.3314 1.97565e-15
 7886.3525 2.03555e-15
 7889.3736 2.00758e-15
 7892.3947 2.02165e-15
 7895.4158 2.04155e-15
 7898.4369 2.03825e-15
 7901.4580 2.04170e-15
 7904.4791 2.00952e-15
 7907.5002 1.95464e-15
 7910.5213 1.97702e-15
 7913.5424 1.98522e-15
 7916.5635 1.94795e-15
 7919.5847 1.93207e-15
 7922.6058 1.94769e-15
 7925.6269 1.97963e-15
 7928.6480 1.96172e-15
 7931.6691 1.90504e-15
 7934.6902 1.96978e-15
 7937.7113 1.93641e-15
 7940.7324 1.88067e-15
 7943.7535 1.93679e-15
 7946.7746 1.95662e-15
 7949.7957 1.92861e-15
 7952.8168 1.93273e-15
 7955.8379 1.84387e-15
 7958.8590 1.82243e-15
 7961.8801 1.87748e-15
 7964.9012 1.87698e-15
 7967.9223 1.89568e-15
 7970.9434 1.86710e-15
 7973.9645 1.82052e-15
 7976.9856 1.85489e-15
 7980.0067 1.85252e-15
 7983.0279 1.83826e-15
 7986.0490 1.84596e-15
 7989.0701 1.77098e-15
 7992.0912 1.82814e-15
 7995.1123 1.82036e-15
 7998.1334 1.84298e-15
 8001.1545 1.77395e-15
 8004.1756 1.73767e-15
 8007.1967 1.76227e-15
 8010.2178 1.75381e-15
 8013.2389 1.73984e-15
 8016.2600 1.75611e-15
 8019.2811 1.77208e-15
 8022.3022 1.76294e-15
 8025.3233 1.65768e-15
 8028.3444 1.67210e-15
 8031.3655 1.68223e-15
 8034.3866 1.64346e-15
 8037.4077 1.69277e-15
 8040.4288 1.67303e-15
 8043.4499 1.63392e-15
 8046.4710 1.65116e-15
 8049.4921 1.61960e-15
 8052.5132 1.55863e-15
 8055.5344 1.56295e-15
 8058.5555 1.59470e-15
 8061.5766 1.53657e-15
 8064.5977 1.47374e-15
 8067.6188 1.43224e-15
 8070.6399 1.39042e-15
 8073.6610 1.38384e-15
 8076.6821 1.32590e-15
 8079.7032 1.27343e-15
 8082.7243 1.24841e-15
 8085.7454 1.21496e-15
 8088.7665 1.17331e-15
 8091.7876 1.20364e-15
 8094.8087 1.11748e-15
 8097.8298 1.05323e-15
 8100.8509 1.01702e-15
 8103.8720 9.81720e-16
 8106.8931 9.32920e-16
 8109.9142 8.59957e-16
 8112.9353 8.35820e-16
 8115.9564 8.28375e-16
 8118.9775 8.02832e-16
 8121.9987 7.74221e-16
 8125.0198 7.25739e-16
 8128.0409 6.85462e-16
 8131.0620 6.96509e-16
 8134.0831 7.15604e-16
 8137.1042 6.64038e-16
 8140.1253 7.07024e-16
 8143.1464 6.71204e-16
 8146.1675 6.17734e-16
 8149.1886 5.97816e-16
 8152.2097 5.97467e-16
 8155.2308 5.95806e-16
 8158.2519 5.84849e-16
 8161.2730 5.51460e-16
 8164.2941 5.50724e-16
 8167.3152 5.61892e-16
 8170.3363 5.33601e-16
 8173.3574 4.92004e-16
 8176.3785 5.14259e-16
 8179.3996 5.35771e-16
 8182.4207 5.36087e-16
 8185.4418 5.39912e-16
 8188.4629 5.48238e-16
 8191.4840 5.61121e-16
 8194.5052 5.78710e-16
 8197.5263 6.05006e-16
 8200.5474 5.89830e-16
 8203.5685 6.21656e-16
 8206.5896 5.94970e-16
 8209.6107 6.10035e-16
 8212.6318 5.87457e-16
 8215.6529 6.18678e-16
 8218.6740 6.13640e-16
 8221.6951 5.83510e-16
 8224.7162 6.07182e-16
 8227.7373 5.75731e-16
 8230.7584 5.92835e-16
 8233.7795 6.01177e-16
 8236.8006 5.65878e-16
 8239.8217 5.48914e-16
 8242.8428 5.71345e-16
 8245.8639 5.84530e-16
 8248.8850 6.15100e-16
 8251.9061 5.99716e-16
 8254.9272 5.89426e-16
 8257.9483 5.95290e-16
 8260.9694 5.66207e-16
 8263.9905 5.88296e-16
 8267.0117 6.27841e-16
 8270.0328 6.05708e-16
 8273.0539 5.94083e-16
 8276.0750 5.99492e-16
 8279.0961 6.11332e-16
 8282.1172 6.43818e-16
 8285.1383 6.57142e-16
 8288.1594 6.59651e-16
 8291.1805 6.60996e-16
 8294.2016 7.10519e-16
 8297.2227 6.77802e-16
 8300.2438 6.26461e-16
 8303.2649 6.49471e-16
 8306.2860 6.18654e-16
 8309.3071 6.21587e-16
 8312.3282 6.26611e-16
 8315.3493 6.38063e-16
 8318.3704 6.68921e-16
 8321.3915 7.00777e-16
 8324.4126 6.94563e-16
 8327.4337 7.08783e-16
 8330.4549 6.89436e-16
 8333.4760 7.12204e-16
 8336.4971 7.32834e-16
 8339.5182 7.35443e-16
 8342.5393 7.35851e-16
 8345.5604 8.18214e-16
 8348.5815 7.79160e-16
 8351.6026 8.29714e-16
 8354.6237 8.17390e-16
 8357.6448 8.52270e-16
 8360.6659 9.17550e-16
 8363.6870 9.45567e-16
 8366.7081 9.30240e-16
 8369.7292 9.68704e-16
 8372.7503 1.01971e-15
 8375.7714 1.04883e-15
 8378.7925 1.07425e-15
 8381.8136 1.12184e-15
 8384.8347 1.19612e-15
 8387.8558 1.27853e-15
 8390.8769 1.31626e-15
 8393.8980 1.36420e-15
 8396.9191 1.40515e-15
 8399.9402 1.42140e-15
 8402.9614 1.45190e-15
 8405.9825 1.49239e-15
 8409.0036 1.54153e-15
 8412.0247 1.62356e-15
 8415.0458 1.63320e-15
 8418.0669 1.66089e-15
 8421.0880 1.68726e-15
 8424.1091 1.73817e-15
 8427.1302 1.79500e-15
 8430.1513 1.86673e-15
 8433.1724 1.94797e-15
 8436.1935 1.94534e-15
 8439.2146 1.92828e-15
 8442.2357 1.91668e-15
 8445.2568 1.97714e-15
 8448.2779 2.07369e-15
 8451.2990 2.17077e-15
 8454.3201 2.17538e-15
 8457.3412 2.14507e-15
 8460.3623 2.21646e-15
 8463.3834 2.26212e-15
 8466.4045 2.21073e-15
 8469.4257 2.24745e-15
 8472.4468 2.35141e-15
 8475.4679 2.36169e-15
 8478.4890 2.37527e-15
 8481.5101 2.42174e-15
 8484.5312 2.38909e-15
 8487.5523 2.49488e-15
 8490.5734 2.44173e-15
 8493.5945 2.48919e-15
 8496.6156 2.46267e-15
 8499.6367 2.45982e-15
 8502.6578 2.56945e-15
 8505.6789 2.59618e-15
 8508.7000 2.55842e-15
 8511.7211 2.63260e-15
 8514.7422 2.70414e-15
 8517.7633 2.61300e-15
 8520.7844 2.68835e-15
 8523.8055 2.68766e-15
 8526.8266 2.66800e-15
 8529.8477 2.73635e-15
 8532.8688 2.69463e-15
 8535.8899 2.68632e-15
 8538.9110 2.78589e-15
 8541.9322 2.85736e-15
 8544.9533 2.89446e-15
 8547.9744 2.91817e-15
 8550.9955 2.84888e-15
 8554.0166 2.91008e-15
 8557.0377 3.00249e-15
 8560.0588 2.95658e-15
 8563.0799 2.90133e-15
 8566.1010 2.94314e-15
 8569.1221 2.93891e-15
 8572.1432 2.93258e-15
 8575.1643 3.01391e-15
 8578.1854 2.96138e-15
 8581.2065 3.07302e-15
 8584.2276 3.16637e-15
 8587.2487 3.17558e-15
 8590.2698 3.13691e-15
 8593.2909 3.05664e-15
 8596.3120 3.09423e-15
 8599.3331 3.08435e-15
 8602.3542 3.12124e-15
 8605.3754 3.14463e-15
 8608.3965 3.29816e-15
 8611.4176 3.26961e-15
 8614.4387 3.25675e-15
 8617.4598 3.30302e-15
 8620.4809 3.27962e-15
 8623.5020 3.22414e-15
 8626.5231 3.18083e-15
 8629.5442 3.17972e-15
 8632.5653 3.16254e-15
 8635.5864 3.16615e-15
 8638.6075 3.16753e-15
 8641.6286 3.29643e-15
 8644.6497 3.31966e-15
 8647.6708 3.30393e-15
 8650.6919 3.22736e-15
 8653.7130 3.32448e-15
 8656.7341 3.33312e-15
 8659.7552 3.35159e-15
 8662.7763 3.32343e-15
 8665.7974 3.36457e-15
 8668.8185 3.41098e-15
 8671.8396 3.40965e-15
 8674.8607 3.30583e-15
 8677.8819 3.30629e-15
 8680.9030 3.55674e-15
 8683.9241 3.60014e-15
 8686.9452 3.50055e-15
 8689.9663 3.47764e-15
 8692.9874 3.66371e-15
 8696.0085 3.58764e-15
 8699.0296 3.46304e-15
 8702.0507 3.48659e-15
 8705.0718 3.55637e-15
 8708.0929 3.50346e-15
 8711.1140 3.44744e-15
 8714.1351 3.50708e-15
 8717.1562 3.41061e-15
 8720.1773 3.47259e-15
 8723.1984 3.47033e-15
 8726.2195 3.49840e-15
 8729.2406 3.53025e-15
 8732.2617 3.44552e-15
 8735.2828 3.45881e-15
 8738.3039 3.52375e-15
 8741.3250 3.49070e-15
 8744.3461 3.41128e-15
 8747.3672 3.57753e-15
 8750.3884 3.53466e-15
 8753.4095 3.47894e-15
 8756.4306 3.53174e-15
 8759.4517 3.32640e-15
 8762.4728 3.40034e-15
 8765.4939 3.55395e-15
 8768.5150 3.56572e-15
 8771.5361 3.48426e-15
 8774.5572 3.40708e-15
 8777.5783 3.45557e-15
 8780.5994 3.45140e-15
 8783.6205 3.39047e-15
 8786.6416 3.33982e-15
 8789.6627 3.28512e-15
 8792.6838 3.27054e-15
 8795.7049 3.47033e-15
 8798.7260 3.41465e-15
 8801.7471 3.35889e-15
 8804.7682 3.30466e-15
 8807.7893 3.24703e-15
 8810.8104 3.29264e-15
 8813.8315 3.24522e-15
 8816.8527 3.25812e-15
 8819.8738 3.21730e-15
 8822.8949 3.15953e-15
 8825.9160 3.09212e-15
 8828.9371 3.20613e-15
 8831.9582 3.19767e-15
 8834.9793 3.11176e-15
 8838.0004 3.18580e-15
 8841.0215 3.14759e-15
 8844.0426 3.10247e-15
 8847.0637 3.15661e-15
 8850.0848 3.08747e-15
 8853.1059 3.10332e-15
 8856.1270 3.09087e-15
 8859.1481 3.01872e-15
 8862.1692 3.12300e-15
 8865.1903 2.99144e-15
 8868.2114 2.89744e-15
 8871.2325 3.03342e-15
 8874.2536 2.93419e-15
 8877.2747 2.96521e-15
 8880.2958 3.05043e-15
 8883.3169 2.94887e-15
 8886.3380 2.94044e-15
 8889.3592 2.87544e-15
 8892.3803 2.86574e-15
 8895.4014 2.79494e-15
 8898.4225 3.00217e-15
 8901.4436 2.83721e-15
 8904.4647 2.66067e-15
 8907.4858 2.56039e-15
 8910.5069 2.70989e-15
 8913.5280 2.64259e-15
 8916.5491 2.67054e-15
 8919.5702 2.79996e-15
 8922.5913 2.70372e-15
 8925.6124 2.59475e-15
 8928.6335 2.71455e-15
 8931.6546 2.48489e-15
 8934.6757 2.53052e-15
 8937.6968 2.60089e-15
 8940.7179 2.52105e-15
 8943.7390 2.48149e-15
 8946.7601 2.41385e-15
 8949.7812 2.46383e-15
 8952.8023 2.33441e-15
 8955.8235 2.34010e-15
 8958.8446 2.46499e-15
 8961.8657 2.50980e-15
 8964.8868 2.44133e-15
 8967.9079 2.45610e-15
 8970.9290 2.40670e-15
 8973.9501 2.43035e-15
 8976.9712 2.44558e-15
 8979.9923 2.30607e-15
 8983.0134 2.42627e-15
 8986.0345 2.38911e-15
 8989.0556 2.35599e-15
 8992.0767 2.39017e-15
 8995.0978 2.27553e-15
 8998.1189 2.33625e-15
 9001.1400 2.26163e-15
 9004.1611 2.22703e-15
 9007.1822 2.18261e-15
 9010.2033 2.24453e-15
 9013.2244 2.15354e-15
 9016.2455 2.10678e-15
 9019.2666 2.13106e-15
 9022.2877 2.16578e-15
 9025.3088 2.22655e-15
 9028.3300 2.07679e-15
 9031.3511 2.11903e-15
 9034.3722 2.14311e-15
 9037.3933 2.04616e-15
 9040.4144 2.01145e-15
 9043.4355 2.09952e-15
 9046.4566 2.05966e-15
 9049.4777 2.03004e-15
 9052.4988 2.14841e-15
 9055.5199 2.09562e-15
 9058.5410 2.05888e-15
 9061.5621 1.98380e-15
 9064.5832 1.94794e-15
 9067.6043 2.09118e-15
 9070.6254 1.93719e-15
 9073.6465 1.98309e-15
 9076.6676 1.92631e-15
 9079.6887 1.98709e-15
 9082.7098 1.96712e-15
 9085.7309 2.01124e-15
 9088.7520 1.97828e-15
 9091.7732 1.90741e-15
 9094.7943 1.90286e-15
 9097.8154 1.85116e-15
 9100.8365 1.86166e-15
 9103.8576 1.82655e-15
 9106.8787 1.98349e-15
 9109.8998 2.02897e-15
 9112.9209 1.99294e-15
 9115.9420 1.95472e-15
 9118.9631 1.86148e-15
 9121.9842 1.81533e-15
 9125.0053 1.95375e-15
 9128.0264 1.91687e-15
 9131.0475 1.96471e-15
 9134.0686 1.97626e-15
 9137.0897 1.94894e-15
 9140.1108 1.91421e-15
 9143.1319 2.03734e-15
 9146.1530 2.04948e-15
 9149.1741 1.86617e-15
 9152.1952 1.86448e-15
 9155.2163 2.02609e-15
 9158.2374 1.94133e-15
 9161.2585 1.84278e-15
 9164.2797 1.94924e-15
 9167.3008 1.92728e-15
 9170.3219 1.85066e-15
 9173.3430 1.94852e-15
