#Object:               SN2007on
#FITS_file:            SN07on_b01_BAA_IM_27dec07.fits
#Redshift:             0.00649
#JDate_of_max:         2454419.71
#JDate_of_observation: 2454461.76
#Epoch:                41.78     
#
 3775.6391 4.22298e-16
 3776.8163 4.39358e-16
 3777.9934 3.62858e-16
 3779.1706 6.92445e-16
 3780.3478 4.81702e-16
 3781.5249 4.97127e-16
 3782.7021 3.53681e-16
 3783.8793 5.01144e-16
 3785.0564 3.37274e-16
 3786.2336 3.76874e-16
 3787.4108 6.01175e-16
 3788.5879 4.91018e-17
 3789.7651 5.02776e-16
 3790.9423 3.08917e-16
 3792.1194 3.92309e-16
 3793.2966 3.06730e-16
 3794.4738 3.20701e-16
 3795.6509 4.05563e-16
 3796.8281 2.07110e-16
 3798.0053 2.07971e-16
 3799.1824 4.07812e-16
 3800.3596 -7.51813e-19
 3801.5367 1.69896e-16
 3802.7139 4.67165e-16
 3803.8911 6.08420e-16
 3805.0683 2.12837e-16
 3806.2454 4.19264e-16
 3807.4226 2.50346e-16
 3808.5997 1.28140e-16
 3809.7769 2.53557e-16
 3810.9541 4.59867e-16
 3812.1312 5.75355e-16
 3813.3084 9.08447e-17
 3814.4856 2.56945e-16
 3815.6627 3.03649e-16
 3816.8399 3.44588e-16
 3818.0171 6.49716e-16
 3819.1942 3.74756e-16
 3820.3714 3.38486e-16
 3821.5486 3.94620e-16
 3822.7257 4.64324e-16
 3823.9029 3.38490e-16
 3825.0801 2.48204e-16
 3826.2572 3.65550e-16
 3827.4344 2.41555e-16
 3828.6116 3.30531e-16
 3829.7887 2.14015e-16
 3830.9659 3.66811e-16
 3832.1431 4.98145e-16
 3833.3202 5.63212e-16
 3834.4974 4.12174e-16
 3835.6746 8.46493e-17
 3836.8517 4.47616e-16
 3838.0289 4.74300e-16
 3839.2061 4.57690e-16
 3840.3832 4.40848e-16
 3841.5604 3.78214e-16
 3842.7376 3.34878e-16
 3843.9147 6.08207e-16
 3845.0919 4.32465e-16
 3846.2691 4.89633e-16
 3847.4462 3.44832e-16
 3848.6234 6.15565e-16
 3849.8006 6.82041e-16
 3850.9777 5.77436e-16
 3852.1549 1.38668e-16
 3853.3321 3.35743e-16
 3854.5092 5.99850e-16
 3855.6864 4.85053e-16
 3856.8635 6.50913e-16
 3858.0407 7.17179e-16
 3859.2179 5.99847e-16
 3860.3951 5.89619e-16
 3861.5722 5.13928e-16
 3862.7494 4.49357e-16
 3863.9265 7.67729e-16
 3865.1037 6.96957e-16
 3866.2809 5.65862e-16
 3867.4580 4.79402e-16
 3868.6352 4.83508e-16
 3869.8124 5.52265e-16
 3870.9895 5.20509e-16
 3872.1667 8.24388e-16
 3873.3439 8.64156e-16
 3874.5210 7.67486e-16
 3875.6982 1.02995e-15
 3876.8754 7.65645e-16
 3878.0525 5.27594e-16
 3879.2297 5.78025e-16
 3880.4069 7.59639e-16
 3881.5840 7.43407e-16
 3882.7612 9.41717e-16
 3883.9384 8.63594e-16
 3885.1155 7.17113e-16
 3886.2927 6.43468e-16
 3887.4699 7.61211e-16
 3888.6470 9.69440e-16
 3889.8242 9.01177e-16
 3891.0014 8.82506e-16
 3892.1785 7.93607e-16
 3893.3557 1.07283e-15
 3894.5329 9.53223e-16
 3895.7100 9.25026e-16
 3896.8872 6.80912e-16
 3898.0644 6.90756e-16
 3899.2415 1.04513e-15
 3900.4187 8.18463e-16
 3901.5959 1.03687e-15
 3902.7730 1.11193e-15
 3903.9502 1.00640e-15
 3905.1274 1.13074e-15
 3906.3045 9.53339e-16
 3907.4817 8.21765e-16
 3908.6589 8.82360e-16
 3909.8360 8.58826e-16
 3911.0132 1.02994e-15
 3912.1903 9.85772e-16
 3913.3675 1.02756e-15
 3914.5447 1.04624e-15
 3915.7219 8.53190e-16
 3916.8990 8.87406e-16
 3918.0762 1.24426e-15
 3919.2533 9.22423e-16
 3920.4305 1.03696e-15
 3921.6077 9.09001e-16
 3922.7848 9.30722e-16
 3923.9620 9.70981e-16
 3925.1392 1.27657e-15
 3926.3163 1.27566e-15
 3927.4935 1.12234e-15
 3928.6707 1.21521e-15
 3929.8478 1.23616e-15
 3931.0250 1.27727e-15
 3932.2022 1.09383e-15
 3933.3793 1.14415e-15
 3934.5565 1.08734e-15
 3935.7337 1.09567e-15
 3936.9108 1.22118e-15
 3938.0880 1.39859e-15
 3939.2652 1.21910e-15
 3940.4423 1.18189e-15
 3941.6195 1.35862e-15
 3942.7967 1.28286e-15
 3943.9738 1.26737e-15
 3945.1510 1.31568e-15
 3946.3282 1.46110e-15
 3947.5053 1.33688e-15
 3948.6825 1.32755e-15
 3949.8597 1.39935e-15
 3951.0368 1.49229e-15
 3952.2140 1.47253e-15
 3953.3912 1.29986e-15
 3954.5683 1.38462e-15
 3955.7455 1.51102e-15
 3956.9227 1.44540e-15
 3958.0998 1.52674e-15
 3959.2770 1.53572e-15
 3960.4542 1.57869e-15
 3961.6313 1.55418e-15
 3962.8085 1.61182e-15
 3963.9857 1.70321e-15
 3965.1628 1.50729e-15
 3966.3400 1.58216e-15
 3967.5171 1.46471e-15
 3968.6943 1.76154e-15
 3969.8715 1.69933e-15
 3971.0487 1.63238e-15
 3972.2258 1.51291e-15
 3973.4030 1.70528e-15
 3974.5801 1.84031e-15
 3975.7573 1.63542e-15
 3976.9345 1.44900e-15
 3978.1116 1.47134e-15
 3979.2888 1.56648e-15
 3980.4660 1.55024e-15
 3981.6431 1.71619e-15
 3982.8203 1.71567e-15
 3983.9975 1.69201e-15
 3985.1746 1.65385e-15
 3986.3518 1.68036e-15
 3987.5290 1.61786e-15
 3988.7061 1.67290e-15
 3989.8833 1.65540e-15
 3991.0605 1.60918e-15
 3992.2376 1.50276e-15
 3993.4148 1.43809e-15
 3994.5920 1.55395e-15
 3995.7691 1.56041e-15
 3996.9463 1.57654e-15
 3998.1235 1.44885e-15
 3999.3006 1.51107e-15
 4000.4778 1.53909e-15
 4001.6550 1.47420e-15
 4002.8321 1.60861e-15
 4004.0093 1.53505e-15
 4005.1865 1.48466e-15
 4006.3636 1.38193e-15
 4007.5408 1.46927e-15
 4008.7180 1.51272e-15
 4009.8951 1.35487e-15
 4011.0723 1.38790e-15
 4012.2495 1.44576e-15
 4013.4266 1.36422e-15
 4014.6038 1.31656e-15
 4015.7810 1.49652e-15
 4016.9581 1.51312e-15
 4018.1353 1.39439e-15
 4019.3125 1.38478e-15
 4020.4896 1.40459e-15
 4021.6668 1.24964e-15
 4022.8440 1.23937e-15
 4024.0211 1.20331e-15
 4025.1983 1.28969e-15
 4026.3755 1.27453e-15
 4027.5526 1.15646e-15
 4028.7298 1.27457e-15
 4029.9069 1.34193e-15
 4031.0841 1.20949e-15
 4032.2613 1.32043e-15
 4033.4384 1.20267e-15
 4034.6156 9.97201e-16
 4035.7928 1.23192e-15
 4036.9699 1.26618e-15
 4038.1471 1.21511e-15
 4039.3243 1.20459e-15
 4040.5014 1.07535e-15
 4041.6786 1.02038e-15
 4042.8558 1.18511e-15
 4044.0329 1.17663e-15
 4045.2101 1.14021e-15
 4046.3873 1.09851e-15
 4047.5644 1.15902e-15
 4048.7416 1.18154e-15
 4049.9188 1.07906e-15
 4051.0959 1.03543e-15
 4052.2731 1.05927e-15
 4053.4503 1.07361e-15
 4054.6274 9.97882e-16
 4055.8046 1.02881e-15
 4056.9818 1.04633e-15
 4058.1589 1.07268e-15
 4059.3361 1.11812e-15
 4060.5133 1.03998e-15
 4061.6904 1.06498e-15
 4062.8676 1.04220e-15
 4064.0448 1.09885e-15
 4065.2219 9.90597e-16
 4066.3991 1.05668e-15
 4067.5763 1.09730e-15
 4068.7534 1.09998e-15
 4069.9306 1.09589e-15
 4071.1078 1.04501e-15
 4072.2849 1.06526e-15
 4073.4621 1.07563e-15
 4074.6393 1.09531e-15
 4075.8164 1.06332e-15
 4076.9936 1.07382e-15
 4078.1708 1.02036e-15
 4079.3479 9.89594e-16
 4080.5251 1.11828e-15
 4081.7023 1.00555e-15
 4082.8794 1.00864e-15
 4084.0566 9.05527e-16
 4085.2337 9.70361e-16
 4086.4109 1.02586e-15
 4087.5881 8.63176e-16
 4088.7653 9.86243e-16
 4089.9424 9.45579e-16
 4091.1196 9.72506e-16
 4092.2967 9.83393e-16
 4093.4739 8.97329e-16
 4094.6511 8.72119e-16
 4095.8282 9.03346e-16
 4097.0054 1.05760e-15
 4098.1826 9.97883e-16
 4099.3597 8.62629e-16
 4100.5369 8.65722e-16
 4101.7141 8.50094e-16
 4102.8912 7.95135e-16
 4104.0684 8.31585e-16
 4105.2456 8.42497e-16
 4106.4227 8.87426e-16
 4107.5999 8.52593e-16
 4108.7771 9.71995e-16
 4109.9542 9.35659e-16
 4111.1314 8.34342e-16
 4112.3086 8.85704e-16
 4113.4857 9.01863e-16
 4114.6629 9.31441e-16
 4115.8401 8.75362e-16
 4117.0172 8.37150e-16
 4118.1944 8.45399e-16
 4119.3716 8.88686e-16
 4120.5487 8.85071e-16
 4121.7259 8.08628e-16
 4122.9031 8.48881e-16
 4124.0802 8.32613e-16
 4125.2574 8.17033e-16
 4126.4346 7.25833e-16
 4127.6117 8.45976e-16
 4128.7889 8.82447e-16
 4129.9661 8.41734e-16
 4131.1432 7.82670e-16
 4132.3204 8.23961e-16
 4133.4976 8.49662e-16
 4134.6747 8.63557e-16
 4135.8519 7.66909e-16
 4137.0291 8.27889e-16
 4138.2062 7.40005e-16
 4139.3834 8.03719e-16
 4140.5605 7.91612e-16
 4141.7377 8.23804e-16
 4142.9149 8.38419e-16
 4144.0921 7.97043e-16
 4145.2692 7.65458e-16
 4146.4464 7.79715e-16
 4147.6235 7.85331e-16
 4148.8007 7.22606e-16
 4149.9779 8.60927e-16
 4151.1550 7.33709e-16
 4152.3322 8.35361e-16
 4153.5094 8.37619e-16
 4154.6865 7.63736e-16
 4155.8637 7.41265e-16
 4157.0409 7.99522e-16
 4158.2180 8.03049e-16
 4159.3952 8.02049e-16
 4160.5724 7.47580e-16
 4161.7495 6.58186e-16
 4162.9267 7.28962e-16
 4164.1039 7.91375e-16
 4165.2810 7.04763e-16
 4166.4582 7.04582e-16
 4167.6354 6.68823e-16
 4168.8125 7.74448e-16
 4169.9897 7.05459e-16
 4171.1669 7.54620e-16
 4172.3440 7.96379e-16
 4173.5212 7.47548e-16
 4174.6984 7.41540e-16
 4175.8755 7.71766e-16
 4177.0527 7.58497e-16
 4178.2299 7.94340e-16
 4179.4070 7.71525e-16
 4180.5842 8.00099e-16
 4181.7614 8.48729e-16
 4182.9385 8.01936e-16
 4184.1157 7.74190e-16
 4185.2929 8.57959e-16
 4186.4700 8.83643e-16
 4187.6472 7.76949e-16
 4188.8244 6.90420e-16
 4190.0015 7.41474e-16
 4191.1787 7.94806e-16
 4192.3559 8.33044e-16
 4193.5330 8.45413e-16
 4194.7102 8.09494e-16
 4195.8873 8.96861e-16
 4197.0645 8.49456e-16
 4198.2417 7.87351e-16
 4199.4189 8.10775e-16
 4200.5960 8.23096e-16
 4201.7732 8.21672e-16
 4202.9503 8.54565e-16
 4204.1275 8.09730e-16
 4205.3047 8.13070e-16
 4206.4818 8.36985e-16
 4207.6590 8.21306e-16
 4208.8362 7.59406e-16
 4210.0133 8.84946e-16
 4211.1905 8.83553e-16
 4212.3677 8.97395e-16
 4213.5448 9.03029e-16
 4214.7220 8.52225e-16
 4215.8992 8.47648e-16
 4217.0763 8.56064e-16
 4218.2535 8.77622e-16
 4219.4307 8.61490e-16
 4220.6078 8.45548e-16
 4221.7850 7.68083e-16
 4222.9622 8.73283e-16
 4224.1393 8.93976e-16
 4225.3165 8.57816e-16
 4226.4937 8.93937e-16
 4227.6708 8.68244e-16
 4228.8480 8.19316e-16
 4230.0252 8.41638e-16
 4231.2023 8.45757e-16
 4232.3795 8.99950e-16
 4233.5567 8.60049e-16
 4234.7338 9.18913e-16
 4235.9110 8.62552e-16
 4237.0882 7.92318e-16
 4238.2653 8.99059e-16
 4239.4425 8.31908e-16
 4240.6197 8.49046e-16
 4241.7968 8.37721e-16
 4242.9740 8.20697e-16
 4244.1512 8.77258e-16
 4245.3283 9.26864e-16
 4246.5055 9.37788e-16
 4247.6827 8.45417e-16
 4248.8598 8.09944e-16
 4250.0370 9.51962e-16
 4251.2141 9.28080e-16
 4252.3913 8.90652e-16
 4253.5685 8.43498e-16
 4254.7457 8.44129e-16
 4255.9228 8.59112e-16
 4257.1000 8.42338e-16
 4258.2771 8.45509e-16
 4259.4543 9.04643e-16
 4260.6315 8.54786e-16
 4261.8086 8.52584e-16
 4262.9858 8.52151e-16
 4264.1630 8.85081e-16
 4265.3401 8.87992e-16
 4266.5173 9.28425e-16
 4267.6945 9.24676e-16
 4268.8716 8.94565e-16
 4270.0488 8.62782e-16
 4271.2260 8.73051e-16
 4272.4031 8.31540e-16
 4273.5803 8.29388e-16
 4274.7575 9.13726e-16
 4275.9346 8.18248e-16
 4277.1118 8.89362e-16
 4278.2890 9.02301e-16
 4279.4661 9.16106e-16
 4280.6433 9.28786e-16
 4281.8205 8.86697e-16
 4282.9976 8.73054e-16
 4284.1748 8.98087e-16
 4285.3520 9.13434e-16
 4286.5291 8.45975e-16
 4287.7063 9.76141e-16
 4288.8835 8.95932e-16
 4290.0606 8.75293e-16
 4291.2378 9.40569e-16
 4292.4150 8.79200e-16
 4293.5921 8.05562e-16
 4294.7693 8.86532e-16
 4295.9465 9.06369e-16
 4297.1236 8.87960e-16
 4298.3008 8.74828e-16
 4299.4780 9.24568e-16
 4300.6551 1.00110e-15
 4301.8323 9.26084e-16
 4303.0095 9.03069e-16
 4304.1866 9.12298e-16
 4305.3638 1.04334e-15
 4306.5409 8.85203e-16
 4307.7181 8.57731e-16
 4308.8953 8.65125e-16
 4310.0725 9.23447e-16
 4311.2496 9.43890e-16
 4312.4268 8.76920e-16
 4313.6039 8.48813e-16
 4314.7811 9.12496e-16
 4315.9583 9.47601e-16
 4317.1354 9.27009e-16
 4318.3126 9.07391e-16
 4319.4898 9.14518e-16
 4320.6669 9.73206e-16
 4321.8441 9.42180e-16
 4323.0213 9.12867e-16
 4324.1984 9.70601e-16
 4325.3756 9.52337e-16
 4326.5528 1.01863e-15
 4327.7299 9.48088e-16
 4328.9071 1.01410e-15
 4330.0843 9.09450e-16
 4331.2614 9.71178e-16
 4332.4386 9.59120e-16
 4333.6158 9.73024e-16
 4334.7929 9.91659e-16
 4335.9701 9.35971e-16
 4337.1473 9.31971e-16
 4338.3244 9.57043e-16
 4339.5016 9.41428e-16
 4340.6788 8.47979e-16
 4341.8559 9.30587e-16
 4343.0331 9.24245e-16
 4344.2103 8.43113e-16
 4345.3874 9.68500e-16
 4346.5646 9.31567e-16
 4347.7418 9.05354e-16
 4348.9189 8.85683e-16
 4350.0961 8.65818e-16
 4351.2733 8.97014e-16
 4352.4504 9.01030e-16
 4353.6276 8.41466e-16
 4354.8048 8.52235e-16
 4355.9819 8.64076e-16
 4357.1591 8.89470e-16
 4358.3363 9.00353e-16
 4359.5134 8.16571e-16
 4360.6906 8.57655e-16
 4361.8677 8.33185e-16
 4363.0449 8.44288e-16
 4364.2221 8.32287e-16
 4365.3993 8.29838e-16
 4366.5764 8.79279e-16
 4367.7536 8.22829e-16
 4368.9307 7.24359e-16
 4370.1079 8.00044e-16
 4371.2851 8.52676e-16
 4372.4622 7.76340e-16
 4373.6394 8.12705e-16
 4374.8166 8.37665e-16
 4375.9937 7.82530e-16
 4377.1709 8.08203e-16
 4378.3481 8.21032e-16
 4379.5252 7.46714e-16
 4380.7024 6.98197e-16
 4381.8796 7.87574e-16
 4383.0567 7.34313e-16
 4384.2339 7.58900e-16
 4385.4111 6.38872e-16
 4386.5882 6.90486e-16
 4387.7654 6.88425e-16
 4388.9426 7.28893e-16
 4390.1197 7.28761e-16
 4391.2969 6.94604e-16
 4392.4741 6.64258e-16
 4393.6512 6.46562e-16
 4394.8284 6.62580e-16
 4396.0056 7.06163e-16
 4397.1827 6.29979e-16
 4398.3599 6.62157e-16
 4399.5371 6.96486e-16
 4400.7142 6.42294e-16
 4401.8914 6.09704e-16
 4403.0686 6.19693e-16
 4404.2457 6.64759e-16
 4405.4229 6.41338e-16
 4406.6001 6.86722e-16
 4407.7772 6.41947e-16
 4408.9544 6.34995e-16
 4410.1316 6.40583e-16
 4411.3087 5.43580e-16
 4412.4859 6.06574e-16
 4413.6631 6.15766e-16
 4414.8402 6.11394e-16
 4416.0174 6.00699e-16
 4417.1945 5.92292e-16
 4418.3717 5.36186e-16
 4419.5489 5.24962e-16
 4420.7261 5.10017e-16
 4421.9032 5.30308e-16
 4423.0804 5.50874e-16
 4424.2575 5.16331e-16
 4425.4347 5.44225e-16
 4426.6119 5.76371e-16
 4427.7890 6.31301e-16
 4428.9662 5.79299e-16
 4430.1434 5.41461e-16
 4431.3205 5.86636e-16
 4432.4977 6.24250e-16
 4433.6749 6.43679e-16
 4434.8520 6.38966e-16
 4436.0292 6.18396e-16
 4437.2064 5.89302e-16
 4438.3835 6.33714e-16
 4439.5607 6.22128e-16
 4440.7379 5.60524e-16
 4441.9150 6.25211e-16
 4443.0922 6.56905e-16
 4444.2694 5.51782e-16
 4445.4465 5.72049e-16
 4446.6237 6.63164e-16
 4447.8009 6.63689e-16
 4448.9780 6.15705e-16
 4450.1552 5.93762e-16
 4451.3324 5.80454e-16
 4452.5095 6.13176e-16
 4453.6867 5.81046e-16
 4454.8639 6.06166e-16
 4456.0410 5.96250e-16
 4457.2182 6.32917e-16
 4458.3954 6.02893e-16
 4459.5725 6.19160e-16
 4460.7497 6.32690e-16
 4461.9269 6.98586e-16
 4463.1040 6.50643e-16
 4464.2812 6.74640e-16
 4465.4584 6.88743e-16
 4466.6355 6.02388e-16
 4467.8127 6.56160e-16
 4468.9899 6.26345e-16
 4470.1670 6.38203e-16
 4471.3442 6.72318e-16
 4472.5213 5.93270e-16
 4473.6985 6.08095e-16
 4474.8757 6.72125e-16
 4476.0529 7.19879e-16
 4477.2300 6.76034e-16
 4478.4072 6.65132e-16
 4479.5843 6.71917e-16
 4480.7615 6.55003e-16
 4481.9387 7.05352e-16
 4483.1158 7.11113e-16
 4484.2930 6.58352e-16
 4485.4702 6.99459e-16
 4486.6473 6.78882e-16
 4487.8245 7.10142e-16
 4489.0017 7.09839e-16
 4490.1788 7.04925e-16
 4491.3560 7.37919e-16
 4492.5332 7.13966e-16
 4493.7103 7.23684e-16
 4494.8875 7.56575e-16
 4496.0647 7.82931e-16
 4497.2418 7.49220e-16
 4498.4190 7.11993e-16
 4499.5962 8.08223e-16
 4500.7733 7.93608e-16
 4501.9505 7.67500e-16
 4503.1277 7.76167e-16
 4504.3048 7.91491e-16
 4505.4820 8.42475e-16
 4506.6592 8.55060e-16
 4507.8363 8.16522e-16
 4509.0135 8.40734e-16
 4510.1907 8.45491e-16
 4511.3678 9.10230e-16
 4512.5450 9.24392e-16
 4513.7222 9.21593e-16
 4514.8993 8.96986e-16
 4516.0765 8.60502e-16
 4517.2537 8.78761e-16
 4518.4308 8.49492e-16
 4519.6080 9.33069e-16
 4520.7852 9.41363e-16
 4521.9623 9.20136e-16
 4523.1395 9.28728e-16
 4524.3167 9.73524e-16
 4525.4938 9.61670e-16
 4526.6710 1.01099e-15
 4527.8482 9.86847e-16
 4529.0253 9.89739e-16
 4530.2025 1.04670e-15
 4531.3797 1.04160e-15
 4532.5568 1.02745e-15
 4533.7340 1.04391e-15
 4534.9111 1.09099e-15
 4536.0883 1.06313e-15
 4537.2655 1.08733e-15
 4538.4427 1.10629e-15
 4539.6198 1.15549e-15
 4540.7970 1.19002e-15
 4541.9741 1.18720e-15
 4543.1513 1.23588e-15
 4544.3285 1.18965e-15
 4545.5056 1.19550e-15
 4546.6828 1.23891e-15
 4547.8600 1.24728e-15
 4549.0371 1.25817e-15
 4550.2143 1.28999e-15
 4551.3915 1.32383e-15
 4552.5686 1.30258e-15
 4553.7458 1.32930e-15
 4554.9230 1.31772e-15
 4556.1001 1.37132e-15
 4557.2773 1.41345e-15
 4558.4545 1.32993e-15
 4559.6316 1.35836e-15
 4560.8088 1.44708e-15
 4561.9860 1.49040e-15
 4563.1631 1.48266e-15
 4564.3403 1.48728e-15
 4565.5175 1.52350e-15
 4566.6946 1.47375e-15
 4567.8718 1.48677e-15
 4569.0490 1.53846e-15
 4570.2261 1.54300e-15
 4571.4033 1.55644e-15
 4572.5805 1.55399e-15
 4573.7576 1.56886e-15
 4574.9348 1.64159e-15
 4576.1120 1.65125e-15
 4577.2891 1.56457e-15
 4578.4663 1.68713e-15
 4579.6435 1.67899e-15
 4580.8206 1.72708e-15
 4581.9978 1.70034e-15
 4583.1750 1.65651e-15
 4584.3521 1.62912e-15
 4585.5293 1.67251e-15
 4586.7065 1.67704e-15
 4587.8836 1.66631e-15
 4589.0608 1.75283e-15
 4590.2379 1.71635e-15
 4591.4151 1.71393e-15
 4592.5923 1.75430e-15
 4593.7695 1.73751e-15
 4594.9466 1.65912e-15
 4596.1238 1.78420e-15
 4597.3009 1.76603e-15
 4598.4781 1.81717e-15
 4599.6553 1.72836e-15
 4600.8324 1.79603e-15
 4602.0096 1.83242e-15
 4603.1868 1.79443e-15
 4604.3639 1.73231e-15
 4605.5411 1.74158e-15
 4606.7183 1.71173e-15
 4607.8954 1.76418e-15
 4609.0726 1.81196e-15
 4610.2498 1.72368e-15
 4611.4269 1.76549e-15
 4612.6041 1.78594e-15
 4613.7813 1.75978e-15
 4614.9584 1.78638e-15
 4616.1356 1.78932e-15
 4617.3128 1.75155e-15
 4618.4899 1.76737e-15
 4619.6671 1.78473e-15
 4620.8443 1.71804e-15
 4622.0214 1.76867e-15
 4623.1986 1.77455e-15
 4624.3758 1.77302e-15
 4625.5529 1.71639e-15
 4626.7301 1.79587e-15
 4627.9073 1.77485e-15
 4629.0844 1.80473e-15
 4630.2616 1.73815e-15
 4631.4388 1.77176e-15
 4632.6159 1.80689e-15
 4633.7931 1.82099e-15
 4634.9703 1.81538e-15
 4636.1474 1.82855e-15
 4637.3246 1.78556e-15
 4638.5018 1.86837e-15
 4639.6789 1.89314e-15
 4640.8561 1.78955e-15
 4642.0333 1.80243e-15
 4643.2104 1.77852e-15
 4644.3876 1.78845e-15
 4645.5647 1.74295e-15
 4646.7419 1.79500e-15
 4647.9191 1.73278e-15
 4649.0963 1.74579e-15
 4650.2734 1.63688e-15
 4651.4506 1.61543e-15
 4652.6277 1.60828e-15
 4653.8049 1.62120e-15
 4654.9821 1.66649e-15
 4656.1592 1.60350e-15
 4657.3364 1.59381e-15
 4658.5136 1.58473e-15
 4659.6907 1.59205e-15
 4660.8679 1.57770e-15
 4662.0451 1.53689e-15
 4663.2222 1.55268e-15
 4664.3994 1.49646e-15
 4665.5766 1.47494e-15
 4666.7537 1.44332e-15
 4667.9309 1.39678e-15
 4669.1081 1.42967e-15
 4670.2852 1.39240e-15
 4671.4624 1.38662e-15
 4672.6396 1.33464e-15
 4673.8167 1.28168e-15
 4674.9939 1.25382e-15
 4676.1711 1.26720e-15
 4677.3482 1.20636e-15
 4678.5254 1.24269e-15
 4679.7026 1.24823e-15
 4680.8797 1.25662e-15
 4682.0569 1.22079e-15
 4683.2341 1.12243e-15
 4684.4112 1.11158e-15
 4685.5884 1.13389e-15
 4686.7656 1.15234e-15
 4687.9427 1.10919e-15
 4689.1199 1.08250e-15
 4690.2971 1.08094e-15
 4691.4742 1.09670e-15
 4692.6514 1.01071e-15
 4693.8286 9.89225e-16
 4695.0057 1.02973e-15
 4696.1829 9.87843e-16
 4697.3601 9.32489e-16
 4698.5372 9.31355e-16
 4699.7144 9.43406e-16
 4700.8915 9.44108e-16
 4702.0687 9.75558e-16
 4703.2459 9.54153e-16
 4704.4231 9.07362e-16
 4705.6002 8.71884e-16
 4706.7774 8.76209e-16
 4707.9545 8.77378e-16
 4709.1317 8.87442e-16
 4710.3089 8.51774e-16
 4711.4860 8.32567e-16
 4712.6632 8.49072e-16
 4713.8404 8.70351e-16
 4715.0175 8.69973e-16
 4716.1947 8.18806e-16
 4717.3719 7.71747e-16
 4718.5490 8.52611e-16
 4719.7262 8.41653e-16
 4720.9034 7.85276e-16
 4722.0805 8.17467e-16
 4723.2577 8.40803e-16
 4724.4349 8.21498e-16
 4725.6120 7.58934e-16
 4726.7892 7.65493e-16
 4727.9664 7.99849e-16
 4729.1435 8.15673e-16
 4730.3207 8.56972e-16
 4731.4979 8.04497e-16
 4732.6750 7.68475e-16
 4733.8522 7.95907e-16
 4735.0294 8.11401e-16
 4736.2065 8.05180e-16
 4737.3837 7.84611e-16
 4738.5609 7.57160e-16
 4739.7380 8.09848e-16
 4740.9152 8.32641e-16
 4742.0924 8.03213e-16
 4743.2695 8.26713e-16
 4744.4467 8.25967e-16
 4745.6239 8.36275e-16
 4746.8010 8.31608e-16
 4747.9782 7.99313e-16
 4749.1554 8.10253e-16
 4750.3325 8.45239e-16
 4751.5097 8.17723e-16
 4752.6869 8.01230e-16
 4753.8640 7.87099e-16
 4755.0412 8.22880e-16
 4756.2183 7.93933e-16
 4757.3955 7.75062e-16
 4758.5727 8.05087e-16
 4759.7499 8.39019e-16
 4760.9270 7.96062e-16
 4762.1042 8.00682e-16
 4763.2813 8.03077e-16
 4764.4585 8.33896e-16
 4765.6357 8.18716e-16
 4766.8128 8.20358e-16
 4767.9900 8.65416e-16
 4769.1672 8.44529e-16
 4770.3443 8.13754e-16
 4771.5215 7.98769e-16
 4772.6987 8.34200e-16
 4773.8758 8.14317e-16
 4775.0530 8.24534e-16
 4776.2302 8.49236e-16
 4777.4073 8.59738e-16
 4778.5845 8.23593e-16
 4779.7617 8.43112e-16
 4780.9388 8.64091e-16
 4782.1160 8.61100e-16
 4783.2932 8.79571e-16
 4784.4703 8.76659e-16
 4785.6475 9.24455e-16
 4786.8247 9.07969e-16
 4788.0018 8.89483e-16
 4789.1790 9.23171e-16
 4790.3562 9.54538e-16
 4791.5333 9.60059e-16
 4792.7105 9.81871e-16
 4793.8877 1.04308e-15
 4795.0648 1.01502e-15
 4796.2420 9.34486e-16
 4797.4192 9.68493e-16
 4798.5963 1.02080e-15
 4799.7735 1.02452e-15
 4800.9507 1.03414e-15
 4802.1278 1.07335e-15
 4803.3050 1.10048e-15
 4804.4822 1.11520e-15
 4805.6593 1.14748e-15
 4806.8365 1.14597e-15
 4808.0137 1.15446e-15
 4809.1908 1.17821e-15
 4810.3680 1.18418e-15
 4811.5451 1.14117e-15
 4812.7223 1.19287e-15
 4813.8995 1.19702e-15
 4815.0767 1.24403e-15
 4816.2538 1.24940e-15
 4817.4310 1.22584e-15
 4818.6081 1.27788e-15
 4819.7853 1.30396e-15
 4820.9625 1.27105e-15
 4822.1396 1.28643e-15
 4823.3168 1.25971e-15
 4824.4940 1.28308e-15
 4825.6711 1.27584e-15
 4826.8483 1.26363e-15
 4828.0255 1.28511e-15
 4829.2026 1.33654e-15
 4830.3798 1.33440e-15
 4831.5570 1.31495e-15
 4832.7341 1.29746e-15
 4833.9113 1.30454e-15
 4835.0885 1.23659e-15
 4836.2656 1.24050e-15
 4837.4428 1.25288e-15
 4838.6200 1.27650e-15
 4839.7971 1.26256e-15
 4840.9743 1.22307e-15
 4842.1515 1.26775e-15
 4843.3286 1.24439e-15
 4844.5058 1.17032e-15
 4845.6830 1.20271e-15
 4846.8601 1.22646e-15
 4848.0373 1.16859e-15
 4849.2145 1.18340e-15
 4850.3916 1.21809e-15
 4851.5688 1.17613e-15
 4852.7460 1.16342e-15
 4853.9231 1.18940e-15
 4855.1003 1.14909e-15
 4856.2775 1.14268e-15
 4857.4546 1.10452e-15
 4858.6318 1.11270e-15
 4859.8090 1.10607e-15
 4860.9861 1.05668e-15
 4862.1633 1.07816e-15
 4863.3405 1.08175e-15
 4864.5176 1.10305e-15
 4865.6948 1.01505e-15
 4866.8719 1.08847e-15
 4868.0491 1.05849e-15
 4869.2263 1.05222e-15
 4870.4035 1.05248e-15
 4871.5806 1.03691e-15
 4872.7578 1.05183e-15
 4873.9349 1.05048e-15
 4875.1121 1.08514e-15
 4876.2893 1.12860e-15
 4877.4664 1.14164e-15
 4878.6436 1.13411e-15
 4879.8208 1.09873e-15
 4880.9979 1.06380e-15
 4882.1751 1.14002e-15
 4883.3523 1.08078e-15
 4884.5294 1.09447e-15
 4885.7066 1.09093e-15
 4886.8838 1.09423e-15
 4888.0609 1.10659e-15
 4889.2381 1.14425e-15
 4890.4153 1.15993e-15
 4891.5924 1.16965e-15
 4892.7696 1.19791e-15
 4893.9468 1.15383e-15
 4895.1239 1.18709e-15
 4896.3011 1.21812e-15
 4897.4783 1.23882e-15
 4898.6554 1.31245e-15
 4899.8326 1.26424e-15
 4901.0098 1.26636e-15
 4902.1869 1.27060e-15
 4903.3641 1.28687e-15
 4904.5413 1.32457e-15
 4905.7184 1.32225e-15
 4906.8956 1.36048e-15
 4908.0728 1.33851e-15
 4909.2499 1.34177e-15
 4910.4271 1.38134e-15
 4911.6043 1.37790e-15
 4912.7814 1.39257e-15
 4913.9586 1.42413e-15
 4915.1358 1.37368e-15
 4916.3129 1.43778e-15
 4917.4901 1.44708e-15
 4918.6673 1.53633e-15
 4919.8444 1.50470e-15
 4921.0216 1.50474e-15
 4922.1987 1.54754e-15
 4923.3759 1.57505e-15
 4924.5531 1.61370e-15
 4925.7303 1.57544e-15
 4926.9074 1.58606e-15
 4928.0846 1.60090e-15
 4929.2617 1.64763e-15
 4930.4389 1.64374e-15
 4931.6161 1.61886e-15
 4932.7932 1.62954e-15
 4933.9704 1.62100e-15
 4935.1476 1.60749e-15
 4936.3247 1.66750e-15
 4937.5019 1.69170e-15
 4938.6791 1.67110e-15
 4939.8562 1.71822e-15
 4941.0334 1.73710e-15
 4942.2106 1.72056e-15
 4943.3877 1.72285e-15
 4944.5649 1.76887e-15
 4945.7421 1.74584e-15
 4946.9192 1.76767e-15
 4948.0964 1.75727e-15
 4949.2736 1.78327e-15
 4950.4507 1.77306e-15
 4951.6279 1.76140e-15
 4952.8051 1.78510e-15
 4953.9822 1.78956e-15
 4955.1594 1.75923e-15
 4956.3366 1.76170e-15
 4957.5137 1.78210e-15
 4958.6909 1.80594e-15
 4959.8681 1.78959e-15
 4961.0452 1.75035e-15
 4962.2224 1.77652e-15
 4963.3996 1.72691e-15
 4964.5767 1.69480e-15
 4965.7539 1.71250e-15
 4966.9311 1.73827e-15
 4968.1082 1.70278e-15
 4969.2854 1.70492e-15
 4970.4626 1.66670e-15
 4971.6397 1.60132e-15
 4972.8169 1.58687e-15
 4973.9941 1.55681e-15
 4975.1712 1.61651e-15
 4976.3484 1.61555e-15
 4977.5256 1.56270e-15
 4978.7027 1.53037e-15
 4979.8799 1.52295e-15
 4981.0571 1.49982e-15
 4982.2342 1.47678e-15
 4983.4114 1.43761e-15
 4984.5885 1.43614e-15
 4985.7657 1.38937e-15
 4986.9429 1.40038e-15
 4988.1200 1.37293e-15
 4989.2972 1.37067e-15
 4990.4744 1.35077e-15
 4991.6515 1.29951e-15
 4992.8287 1.29403e-15
 4994.0059 1.29729e-15
 4995.1830 1.32926e-15
 4996.3602 1.23878e-15
 4997.5374 1.21933e-15
 4998.7145 1.21653e-15
 4999.8917 1.17891e-15
 5001.0689 1.21017e-15
 5002.2460 1.14182e-15
 5003.4232 1.13561e-15
 5004.6004 1.13397e-15
 5005.7775 1.14070e-15
 5006.9547 1.12887e-15
 5008.1319 1.09926e-15
 5009.3090 1.04990e-15
 5010.4862 1.05647e-15
 5011.6634 1.03552e-15
 5012.8405 1.00861e-15
 5014.0177 9.83898e-16
 5015.1949 1.01494e-15
 5016.3720 9.71299e-16
 5017.5492 9.74965e-16
 5018.7264 9.81486e-16
 5019.9035 9.67462e-16
 5021.0807 1.00300e-15
 5022.2579 9.88379e-16
 5023.4350 9.51846e-16
 5024.6122 9.54761e-16
 5025.7894 9.41837e-16
 5026.9665 9.68958e-16
 5028.1437 9.42128e-16
 5029.3209 9.25905e-16
 5030.4980 9.67019e-16
 5031.6752 9.72616e-16
 5032.8524 9.44581e-16
 5034.0295 9.21217e-16
 5035.2067 8.98556e-16
 5036.3839 9.08789e-16
 5037.5610 9.20862e-16
 5038.7382 9.09148e-16
 5039.9153 8.79476e-16
 5041.0925 8.92446e-16
 5042.2697 9.27770e-16
 5043.4469 9.45960e-16
 5044.6240 9.10779e-16
 5045.8012 8.87279e-16
 5046.9783 9.04269e-16
 5048.1555 8.98319e-16
 5049.3327 8.64900e-16
 5050.5098 8.37919e-16
 5051.6870 8.82310e-16
 5052.8642 8.94110e-16
 5054.0413 8.59310e-16
 5055.2185 8.54236e-16
 5056.3957 8.56974e-16
 5057.5728 8.73986e-16
 5058.7500 8.95842e-16
 5059.9272 8.90087e-16
 5061.1043 8.80408e-16
 5062.2815 8.47448e-16
 5063.4587 8.69993e-16
 5064.6358 8.66638e-16
 5065.8130 8.64273e-16
 5066.9902 8.68968e-16
 5068.1673 8.53512e-16
 5069.3445 8.25646e-16
 5070.5217 8.18240e-16
 5071.6988 8.58921e-16
 5072.8760 8.74732e-16
 5074.0532 8.67028e-16
 5075.2303 8.44037e-16
 5076.4075 8.32438e-16
 5077.5847 8.16011e-16
 5078.7618 8.47129e-16
 5079.9390 8.33122e-16
 5081.1162 8.32020e-16
 5082.2933 8.42990e-16
 5083.4705 8.38096e-16
 5084.6477 8.14030e-16
 5085.8248 8.17564e-16
 5087.0020 8.85043e-16
 5088.1792 8.92154e-16
 5089.3563 8.41597e-16
 5090.5335 8.07216e-16
 5091.7107 8.22058e-16
 5092.8878 8.34050e-16
 5094.0650 8.21551e-16
 5095.2421 8.46891e-16
 5096.4193 8.57685e-16
 5097.5965 8.60845e-16
 5098.7736 8.68345e-16
 5099.9508 8.66575e-16
 5101.1280 8.44908e-16
 5102.3051 8.43546e-16
 5103.4823 8.53114e-16
 5104.6595 8.30746e-16
 5105.8366 8.59998e-16
 5107.0138 8.58121e-16
 5108.1910 8.68103e-16
 5109.3681 8.66715e-16
 5110.5453 8.48562e-16
 5111.7225 8.58452e-16
 5112.8996 8.45774e-16
 5114.0768 8.34854e-16
 5115.2540 8.25603e-16
 5116.4311 8.56345e-16
 5117.6083 8.18983e-16
 5118.7855 8.43968e-16
 5119.9626 8.54881e-16
 5121.1398 8.49310e-16
 5122.3170 8.18338e-16
 5123.4941 8.32293e-16
 5124.6713 8.76120e-16
 5125.8485 8.52533e-16
 5127.0256 8.59719e-16
 5128.2028 8.60191e-16
 5129.3800 8.44031e-16
 5130.5571 8.22360e-16
 5131.7343 8.35349e-16
 5132.9115 8.51915e-16
 5134.0886 8.49289e-16
 5135.2658 8.49971e-16
 5136.4430 8.43003e-16
 5137.6201 8.25021e-16
 5138.7973 8.62411e-16
 5139.9745 8.73388e-16
 5141.1516 8.52914e-16
 5142.3288 8.55402e-16
 5143.5060 8.63568e-16
 5144.6831 8.58853e-16
 5145.8603 8.41318e-16
 5147.0375 8.51340e-16
 5148.2146 8.57813e-16
 5149.3918 8.25360e-16
 5150.5689 8.43304e-16
 5151.7461 8.31517e-16
 5152.9233 8.72433e-16
 5154.1004 9.10396e-16
 5155.2776 8.40898e-16
 5156.4548 8.58399e-16
 5157.6319 8.40685e-16
 5158.8091 8.16768e-16
 5159.9863 8.51197e-16
 5161.1634 8.78729e-16
 5162.3406 8.64466e-16
 5163.5178 8.45214e-16
 5164.6949 8.70275e-16
 5165.8721 8.87795e-16
 5167.0493 8.65758e-16
 5168.2264 8.60883e-16
 5169.4036 8.81614e-16
 5170.5808 9.43982e-16
 5171.7579 8.93711e-16
 5172.9351 8.83075e-16
 5174.1123 8.96700e-16
 5175.2894 9.05865e-16
 5176.4666 9.08605e-16
 5177.6438 9.03938e-16
 5178.8209 9.23718e-16
 5179.9981 9.24529e-16
 5181.1753 9.38926e-16
 5182.3524 9.27067e-16
 5183.5296 9.33928e-16
 5184.7068 9.71210e-16
 5185.8839 9.50346e-16
 5187.0611 9.52516e-16
 5188.2383 9.43303e-16
 5189.4154 9.43419e-16
 5190.5926 9.65458e-16
 5191.7698 9.52726e-16
 5192.9469 9.82014e-16
 5194.1241 1.00616e-15
 5195.3013 1.01236e-15
 5196.4784 1.00419e-15
 5197.6556 1.01130e-15
 5198.8328 1.01244e-15
 5200.0099 1.03477e-15
 5201.1871 9.90448e-16
 5202.3643 9.95249e-16
 5203.5414 1.02222e-15
 5204.7186 1.05442e-15
 5205.8957 1.05194e-15
 5207.0729 1.03393e-15
 5208.2501 1.03995e-15
 5209.4272 1.07387e-15
 5210.6044 1.06865e-15
 5211.7816 1.07252e-15
 5212.9587 1.07431e-15
 5214.1359 1.07991e-15
 5215.3131 1.08487e-15
 5216.4902 1.09862e-15
 5217.6674 1.11477e-15
 5218.8446 1.11049e-15
 5220.0217 1.09271e-15
 5221.1989 1.10060e-15
 5222.3761 1.12780e-15
 5223.5532 1.15800e-15
 5224.7304 1.13122e-15
 5225.9076 1.12291e-15
 5227.0847 1.15432e-15
 5228.2619 1.16533e-15
 5229.4391 1.15038e-15
 5230.6162 1.20147e-15
 5231.7934 1.21531e-15
 5232.9706 1.16388e-15
 5234.1477 1.18854e-15
 5235.3249 1.19570e-15
 5236.5021 1.21120e-15
 5237.6792 1.21612e-15
 5238.8564 1.21976e-15
 5240.0336 1.22615e-15
 5241.2107 1.20895e-15
 5242.3879 1.23789e-15
 5243.5651 1.24914e-15
 5244.7422 1.29739e-15
 5245.9194 1.31733e-15
 5247.0966 1.27419e-15
 5248.2737 1.27963e-15
 5249.4509 1.26898e-15
 5250.6281 1.27538e-15
 5251.8052 1.31931e-15
 5252.9824 1.32744e-15
 5254.1596 1.28831e-15
 5255.3367 1.36097e-15
 5256.5139 1.37949e-15
 5257.6911 1.29345e-15
 5258.8682 1.29075e-15
 5260.0454 1.32335e-15
 5261.2225 1.36203e-15
 5262.3997 1.32574e-15
 5263.5769 1.32107e-15
 5264.7540 1.34260e-15
 5265.9312 1.35117e-15
 5267.1084 1.35392e-15
 5268.2855 1.37613e-15
 5269.4627 1.39047e-15
 5270.6399 1.34639e-15
 5271.8170 1.35682e-15
 5272.9942 1.37323e-15
 5274.1714 1.39663e-15
 5275.3485 1.39888e-15
 5276.5257 1.40934e-15
 5277.7029 1.42010e-15
 5278.8800 1.42217e-15
 5280.0572 1.43021e-15
 5281.2344 1.42257e-15
 5282.4115 1.43119e-15
 5283.5887 1.48526e-15
 5284.7659 1.45603e-15
 5285.9430 1.45032e-15
 5287.1202 1.50324e-15
 5288.2974 1.51032e-15
 5289.4745 1.46824e-15
 5290.6517 1.45813e-15
 5291.8289 1.47237e-15
 5293.0060 1.47121e-15
 5294.1832 1.47634e-15
 5295.3604 1.49576e-15
 5296.5375 1.47231e-15
 5297.7147 1.51446e-15
 5298.8919 1.52252e-15
 5300.0690 1.54965e-15
 5301.2462 1.56513e-15
 5302.4234 1.53906e-15
 5303.6005 1.54820e-15
 5304.7777 1.53396e-15
 5305.9549 1.53417e-15
 5307.1320 1.51685e-15
 5308.3092 1.52836e-15
 5309.4864 1.54055e-15
 5310.6635 1.56018e-15
 5311.8407 1.53618e-15
 5313.0179 1.57448e-15
 5314.1950 1.59135e-15
 5315.3722 1.56668e-15
 5316.5493 1.54471e-15
 5317.7265 1.54166e-15
 5318.9037 1.54004e-15
 5320.0808 1.54363e-15
 5321.2580 1.51802e-15
 5322.4352 1.49400e-15
 5323.6123 1.54101e-15
 5324.7895 1.56337e-15
 5325.9667 1.51481e-15
 5327.1438 1.52453e-15
 5328.3210 1.51054e-15
 5329.4982 1.51845e-15
 5330.6753 1.52228e-15
 5331.8525 1.50404e-15
 5333.0297 1.48375e-15
 5334.2068 1.50126e-15
 5335.3840 1.48669e-15
 5336.5612 1.49296e-15
 5337.7383 1.51469e-15
 5338.9155 1.52265e-15
 5340.0927 1.50704e-15
 5341.2698 1.44489e-15
 5342.4470 1.49247e-15
 5343.6242 1.47032e-15
 5344.8013 1.45968e-15
 5345.9785 1.45529e-15
 5347.1557 1.44892e-15
 5348.3328 1.45210e-15
 5349.5100 1.41886e-15
 5350.6872 1.41626e-15
 5351.8643 1.42010e-15
 5353.0415 1.42948e-15
 5354.2187 1.40481e-15
 5355.3958 1.37863e-15
 5356.5730 1.41271e-15
 5357.7502 1.43325e-15
 5358.9273 1.41513e-15
 5360.1045 1.39715e-15
 5361.2817 1.41043e-15
 5362.4588 1.37689e-15
 5363.6360 1.36365e-15
 5364.8132 1.39325e-15
 5365.9903 1.39718e-15
 5367.1675 1.38980e-15
 5368.3447 1.41078e-15
 5369.5218 1.39314e-15
 5370.6990 1.38170e-15
 5371.8761 1.37580e-15
 5373.0533 1.39275e-15
 5374.2305 1.37665e-15
 5375.4076 1.38004e-15
 5376.5848 1.36155e-15
 5377.7620 1.38881e-15
 5378.9391 1.38772e-15
 5380.1163 1.38422e-15
 5381.2935 1.36511e-15
 5382.4706 1.41153e-15
 5383.6478 1.39350e-15
 5384.8250 1.41992e-15
 5386.0021 1.39472e-15
 5387.1793 1.39480e-15
 5388.3565 1.43751e-15
 5389.5336 1.45023e-15
 5390.7108 1.42860e-15
 5391.8880 1.42974e-15
 5393.0651 1.46699e-15
 5394.2423 1.45888e-15
 5395.4195 1.46088e-15
 5396.5966 1.48172e-15
 5397.7738 1.47722e-15
 5398.9510 1.51267e-15
 5400.1281 1.51947e-15
 5401.3053 1.51380e-15
 5402.4825 1.47558e-15
 5403.6596 1.52602e-15
 5404.8368 1.53002e-15
 5406.0140 1.58206e-15
 5407.1911 1.60797e-15
 5408.3683 1.62329e-15
 5409.5455 1.57538e-15
 5410.7226 1.58320e-15
 5411.8998 1.61857e-15
 5413.0770 1.62502e-15
 5414.2541 1.67308e-15
 5415.4313 1.66795e-15
 5416.6085 1.66972e-15
 5417.7856 1.70548e-15
 5418.9628 1.71971e-15
 5420.1400 1.74885e-15
 5421.3171 1.73253e-15
 5422.4943 1.79521e-15
 5423.6715 1.76580e-15
 5424.8486 1.75372e-15
 5426.0258 1.76988e-15
 5427.2029 1.76064e-15
 5428.3801 1.80897e-15
 5429.5573 1.84948e-15
 5430.7344 1.88135e-15
 5431.9116 1.88435e-15
 5433.0888 1.85982e-15
 5434.2659 1.88797e-15
 5435.4431 1.90054e-15
 5436.6203 1.90621e-15
 5437.7974 1.90991e-15
 5438.9746 1.93169e-15
 5440.1518 1.93975e-15
 5441.3289 1.95924e-15
 5442.5061 1.93128e-15
 5443.6833 1.96748e-15
 5444.8604 1.96791e-15
 5446.0376 1.98320e-15
 5447.2148 2.03427e-15
 5448.3919 2.02636e-15
 5449.5691 2.01614e-15
 5450.7463 1.98132e-15
 5451.9234 1.98532e-15
 5453.1006 2.06550e-15
 5454.2778 2.07826e-15
 5455.4549 2.14065e-15
 5456.6321 2.14622e-15
 5457.8093 2.10963e-15
 5458.9864 2.11202e-15
 5460.1636 2.17832e-15
 5461.3408 2.17063e-15
 5462.5179 2.14699e-15
 5463.6951 2.15970e-15
 5464.8723 2.16052e-15
 5466.0494 2.20954e-15
 5467.2266 2.24422e-15
 5468.4038 2.20589e-15
 5469.5809 2.21728e-15
 5470.7581 2.24303e-15
 5471.9353 2.24333e-15
 5473.1124 2.22186e-15
 5474.2896 2.19751e-15
 5475.4668 2.21255e-15
 5476.6439 2.24952e-15
 5477.8211 2.30775e-15
 5478.9983 2.29166e-15
 5480.1754 2.29351e-15
 5481.3526 2.30773e-15
 5482.5298 2.33118e-15
 5483.7069 2.30952e-15
 5484.8841 2.31206e-15
 5486.0612 2.31358e-15
 5487.2384 2.33077e-15
 5488.4156 2.32865e-15
 5489.5927 2.33123e-15
 5490.7699 2.32968e-15
 5491.9471 2.32707e-15
 5493.1242 2.30998e-15
 5494.3014 2.24149e-15
 5495.4786 2.29515e-15
 5496.6557 2.34727e-15
 5497.8329 2.35255e-15
 5499.0101 2.31640e-15
 5500.1872 2.34114e-15
 5501.3644 2.34765e-15
 5502.5416 2.38625e-15
 5503.7187 2.37104e-15
 5504.8959 2.31303e-15
 5506.0731 2.32127e-15
 5507.2502 2.34463e-15
 5508.4274 2.34235e-15
 5509.6046 2.36043e-15
 5510.7817 2.34341e-15
 5511.9589 2.32132e-15
 5513.1361 2.32957e-15
 5514.3132 2.37282e-15
 5515.4904 2.32602e-15
 5516.6676 2.33425e-15
 5517.8447 2.39054e-15
 5519.0219 2.36589e-15
 5520.1991 2.34981e-15
 5521.3762 2.33537e-15
 5522.5534 2.32281e-15
 5523.7306 2.37841e-15
 5524.9077 2.43259e-15
 5526.0849 2.38472e-15
 5527.2621 2.31044e-15
 5528.4392 2.28660e-15
 5529.6164 2.30229e-15
 5530.7936 2.29082e-15
 5531.9707 2.29641e-15
 5533.1479 2.32283e-15
 5534.3251 2.29867e-15
 5535.5022 2.28590e-15
 5536.6794 2.29384e-15
 5537.8566 2.29163e-15
 5539.0337 2.21767e-15
 5540.2109 2.20570e-15
 5541.3880 2.21024e-15
 5542.5652 2.19857e-15
 5543.7424 2.23352e-15
 5544.9195 2.25707e-15
 5546.0967 2.25609e-15
 5547.2739 2.20812e-15
 5548.4510 2.17884e-15
 5549.6282 2.14328e-15
 5550.8054 2.16795e-15
 5551.9825 2.15129e-15
 5553.1597 2.19623e-15
 5554.3369 2.18719e-15
 5555.5140 2.20174e-15
 5556.6912 2.10715e-15
 5557.8684 2.14702e-15
 5559.0455 2.07540e-15
 5560.2227 2.12509e-15
 5561.3999 2.10046e-15
 5562.5770 2.05397e-15
 5563.7542 2.07128e-15
 5564.9314 2.08183e-15
 5566.1085 2.09170e-15
 5567.2857 2.08141e-15
 5568.4629 2.03852e-15
 5569.6400 2.04813e-15
 5570.8172 2.05314e-15
 5571.9944 2.04760e-15
 5573.1715 2.02513e-15
 5574.3487 2.00664e-15
 5575.5259 1.96069e-15
 5576.7030 1.98722e-15
 5577.8802 2.00658e-15
 5579.0574 1.94741e-15
 5580.2345 1.97232e-15
 5581.4117 1.96541e-15
 5582.5889 1.93201e-15
 5583.7660 1.92279e-15
 5584.9432 1.95977e-15
 5586.1204 1.94107e-15
 5587.2975 1.87721e-15
 5588.4747 1.89134e-15
 5589.6519 1.87177e-15
 5590.8290 1.83478e-15
 5592.0062 1.85435e-15
 5593.1834 1.86628e-15
 5594.3605 1.78749e-15
 5595.5377 1.77032e-15
 5596.7148 1.79015e-15
 5597.8920 1.78010e-15
 5599.0692 1.81104e-15
 5600.2463 1.79586e-15
 5601.4235 1.76030e-15
 5602.6007 1.75791e-15
 5603.7778 1.71800e-15
 5604.9550 1.70708e-15
 5606.1322 1.68380e-15
 5607.3093 1.67113e-15
 5608.4865 1.69545e-15
 5609.6637 1.68587e-15
 5610.8408 1.65566e-15
 5612.0180 1.63280e-15
 5613.1952 1.60924e-15
 5614.3723 1.61158e-15
 5615.5495 1.63552e-15
 5616.7267 1.59322e-15
 5617.9038 1.56379e-15
 5619.0810 1.54457e-15
 5620.2582 1.52385e-15
 5621.4353 1.50262e-15
 5622.6125 1.51894e-15
 5623.7897 1.47685e-15
 5624.9668 1.45048e-15
 5626.1440 1.48519e-15
 5627.3212 1.48751e-15
 5628.4983 1.46979e-15
 5629.6755 1.43863e-15
 5630.8527 1.41437e-15
 5632.0298 1.39098e-15
 5633.2070 1.38330e-15
 5634.3842 1.35216e-15
 5635.5613 1.34845e-15
 5636.7385 1.35445e-15
 5637.9157 1.35210e-15
 5639.0928 1.33597e-15
 5640.2700 1.27033e-15
 5641.4472 1.24772e-15
 5642.6243 1.26062e-15
 5643.8015 1.25682e-15
 5644.9787 1.22400e-15
 5646.1558 1.21489e-15
 5647.3330 1.20555e-15
 5648.5102 1.21597e-15
 5649.6873 1.17156e-15
 5650.8645 1.16452e-15
 5652.0416 1.17294e-15
 5653.2188 1.13067e-15
 5654.3960 1.09786e-15
 5655.5731 1.09796e-15
 5656.7503 1.10754e-15
 5657.9275 1.07952e-15
 5659.1046 1.03683e-15
 5660.2818 1.03594e-15
 5661.4590 9.97292e-16
 5662.6361 1.00796e-15
 5663.8133 9.98211e-16
 5664.9905 9.77490e-16
 5666.1676 9.69525e-16
 5667.3448 9.57554e-16
 5668.5220 9.46259e-16
 5669.6991 9.46259e-16
 5670.8763 9.45518e-16
 5672.0535 9.08502e-16
 5673.2306 8.95049e-16
 5674.4078 9.25915e-16
 5675.5850 9.63967e-16
 5676.7621 9.44711e-16
 5677.9393 9.05158e-16
 5679.1165 8.57700e-16
 5680.2936 8.74420e-16
 5681.4708 9.05051e-16
 5682.6480 9.14503e-16
 5683.8251 8.95595e-16
 5685.0023 8.87542e-16
 5686.1795 9.07106e-16
 5687.3566 9.03816e-16
 5688.5338 8.97116e-16
 5689.7110 8.86703e-16
 5690.8881 8.72956e-16
 5692.0653 8.90403e-16
 5693.2425 8.70180e-16
 5694.4196 8.56352e-16
 5695.5968 8.92519e-16
 5696.7740 8.78754e-16
 5697.9511 8.76369e-16
 5699.1283 8.72520e-16
 5700.3054 8.82671e-16
 5701.4826 9.10515e-16
 5702.6598 8.98547e-16
 5703.8370 8.74857e-16
 5705.0141 8.79963e-16
 5706.1913 8.92350e-16
 5707.3684 8.75252e-16
 5708.5456 8.82986e-16
 5709.7228 8.85524e-16
 5710.8999 9.00473e-16
 5712.0771 8.77077e-16
 5713.2543 9.00793e-16
 5714.4314 9.15700e-16
 5715.6086 9.11240e-16
 5716.7858 9.07220e-16
 5717.9629 9.08519e-16
 5719.1401 9.15981e-16
 5720.3173 9.28684e-16
 5721.4944 9.03531e-16
 5722.6716 9.20897e-16
 5723.8488 9.39895e-16
 5725.0259 9.27160e-16
 5726.2031 9.25268e-16
 5727.3803 9.49023e-16
 5728.5574 9.70798e-16
 5729.7346 9.54969e-16
 5730.9118 9.49748e-16
 5732.0889 9.17155e-16
 5733.2661 9.45973e-16
 5734.4433 9.40490e-16
 5735.6204 9.52788e-16
 5736.7976 1.00162e-15
 5737.9748 9.93694e-16
 5739.1519 1.00823e-15
 5740.3291 1.03726e-15
 5741.5063 9.99439e-16
 5742.6834 1.00685e-15
 5743.8606 1.02107e-15
 5745.0378 1.01487e-15
 5746.2149 1.08232e-15
 5747.3921 1.06582e-15
 5748.5693 1.10649e-15
 5749.7464 1.08851e-15
 5750.9236 1.07955e-15
 5752.1008 1.12165e-15
 5753.2779 1.11791e-15
 5754.4551 1.12660e-15
 5755.6322 1.12544e-15
 5756.8094 1.14313e-15
 5757.9866 1.14980e-15
 5759.1638 1.15143e-15
 5760.3409 1.15786e-15
 5761.5181 1.20093e-15
 5762.6952 1.23109e-15
 5763.8724 1.21370e-15
 5765.0496 1.23299e-15
 5766.2267 1.24986e-15
 5767.4039 1.26302e-15
 5768.5811 1.32171e-15
 5769.7582 1.32934e-15
 5770.9354 1.28886e-15
 5772.1126 1.33724e-15
 5773.2897 1.33378e-15
 5774.4669 1.34819e-15
 5775.6441 1.35326e-15
 5776.8212 1.39504e-15
 5777.9984 1.42643e-15
 5779.1756 1.42606e-15
 5780.3527 1.43771e-15
 5781.5299 1.43819e-15
 5782.7071 1.46442e-15
 5783.8842 1.50759e-15
 5785.0614 1.51856e-15
 5786.2386 1.48816e-15
 5787.4157 1.50491e-15
 5788.5929 1.52105e-15
 5789.7701 1.50037e-15
 5790.9472 1.49591e-15
 5792.1244 1.54588e-15
 5793.3016 1.59521e-15
 5794.4787 1.59518e-15
 5795.6559 1.60868e-15
 5796.8331 1.60485e-15
 5798.0102 1.65517e-15
 5799.1874 1.64202e-15
 5800.3646 1.62934e-15
 5801.5417 1.65151e-15
 5802.7189 1.68269e-15
 5803.8961 1.65210e-15
 5805.0732 1.66401e-15
 5806.2504 1.66746e-15
 5807.4276 1.66352e-15
 5808.6047 1.67632e-15
 5809.7819 1.69370e-15
 5810.9590 1.72316e-15
 5812.1362 1.70664e-15
 5813.3134 1.69395e-15
 5814.4906 1.72348e-15
 5815.6677 1.74608e-15
 5816.8449 1.72943e-15
 5818.0220 1.71800e-15
 5819.1992 1.74059e-15
 5820.3764 1.72668e-15
 5821.5535 1.75191e-15
 5822.7307 1.68798e-15
 5823.9079 1.75099e-15
 5825.0850 1.70851e-15
 5826.2622 1.72209e-15
 5827.4394 1.70305e-15
 5828.6165 1.72273e-15
 5829.7937 1.73058e-15
 5830.9709 1.70593e-15
 5832.1480 1.70592e-15
 5833.3252 1.69148e-15
 5834.5024 1.67650e-15
 5835.6795 1.68095e-15
 5836.8567 1.69710e-15
 5838.0339 1.68758e-15
 5839.2110 1.70007e-15
 5840.3882 1.69561e-15
 5841.5654 1.65386e-15
 5842.7425 1.70361e-15
 5843.9197 1.71058e-15
 5845.0969 1.67262e-15
 5846.2740 1.68526e-15
 5847.4512 1.68670e-15
 5848.6284 1.65848e-15
 5849.8055 1.63454e-15
 5850.9827 1.58251e-15
 5852.1599 1.59609e-15
 5853.3370 1.58107e-15
 5854.5142 1.56602e-15
 5855.6914 1.59183e-15
 5856.8685 1.59421e-15
 5858.0457 1.61196e-15
 5859.2229 1.60319e-15
 5860.4000 1.57270e-15
 5861.5772 1.59159e-15
 5862.7544 1.59611e-15
 5863.9315 1.53288e-15
 5865.1087 1.56663e-15
 5866.2858 1.56734e-15
 5867.4630 1.54200e-15
 5868.6402 1.57586e-15
 5869.8174 1.56842e-15
 5870.9945 1.53454e-15
 5872.1717 1.50864e-15
 5873.3488 1.50007e-15
 5874.5260 1.56618e-15
 5875.7032 1.58926e-15
 5876.8803 1.56692e-15
 5878.0575 1.55976e-15
 5879.2347 1.56939e-15
 5880.4118 1.53247e-15
 5881.5890 1.51451e-15
 5882.7662 1.54175e-15
 5883.9433 1.49926e-15
 5885.1205 1.49462e-15
 5886.2977 1.53175e-15
 5887.4748 1.50671e-15
 5888.6520 1.54282e-15
 5889.8292 1.53086e-15
 5891.0063 1.46754e-15
 5892.1835 1.45416e-15
 5893.3607 1.48946e-15
 5894.5378 1.46386e-15
 5895.7150 1.46500e-15
 5896.8922 1.46850e-15
 5898.0693 1.46497e-15
 5899.2465 1.45863e-15
 5900.4237 1.45927e-15
 5901.6008 1.48273e-15
 5902.7780 1.43383e-15
 5903.9552 1.39790e-15
 5905.1323 1.41566e-15
 5906.3095 1.40108e-15
 5907.4867 1.38966e-15
 5908.6638 1.38714e-15
 5909.8410 1.39035e-15
 5911.0182 1.39942e-15
 5912.1953 1.37814e-15
 5913.3725 1.36842e-15
 5914.5497 1.38506e-15
 5915.7268 1.38824e-15
 5916.9040 1.37758e-15
 5918.0812 1.37496e-15
 5919.2583 1.37879e-15
 5920.4355 1.36822e-15
 5921.6127 1.36660e-15
 5922.7898 1.38973e-15
 5923.9670 1.35963e-15
 5925.1442 1.34291e-15
 5926.3213 1.34028e-15
 5927.4985 1.35374e-15
 5928.6756 1.35641e-15
 5929.8528 1.34687e-15
 5931.0300 1.27597e-15
 5932.2072 1.27171e-15
 5933.3843 1.27983e-15
 5934.5615 1.29146e-15
 5935.7386 1.29742e-15
 5936.9158 1.26141e-15
 5938.0930 1.27915e-15
 5939.2701 1.27865e-15
 5940.4473 1.26693e-15
 5941.6245 1.26209e-15
 5942.8016 1.25441e-15
 5943.9788 1.29554e-15
 5945.1560 1.27226e-15
 5946.3331 1.24803e-15
 5947.5103 1.24435e-15
 5948.6875 1.26863e-15
 5949.8646 1.25003e-15
 5951.0418 1.20274e-15
 5952.2190 1.17415e-15
 5953.3961 1.17687e-15
 5954.5733 1.13053e-15
 5955.7505 1.16857e-15
 5956.9276 1.15666e-15
 5958.1048 1.13487e-15
 5959.2820 1.14302e-15
 5960.4591 1.16004e-15
 5961.6363 1.14872e-15
 5962.8135 1.12610e-15
 5963.9906 1.12666e-15
 5965.1678 1.14333e-15
 5966.3450 1.13480e-15
 5967.5221 1.13221e-15
 5968.6993 1.13852e-15
 5969.8765 1.14322e-15
 5971.0536 1.12271e-15
 5972.2308 1.09715e-15
 5973.4080 1.08137e-15
 5974.5851 1.09094e-15
 5975.7623 1.07746e-15
 5976.9395 1.09965e-15
 5978.1166 1.10254e-15
 5979.2938 1.04407e-15
 5980.4710 1.02422e-15
 5981.6481 1.01680e-15
 5982.8253 1.01382e-15
 5984.0024 1.04058e-15
 5985.1796 1.06288e-15
 5986.3568 1.04717e-15
 5987.5340 1.02629e-15
 5988.7111 1.04852e-15
 5989.8883 1.03366e-15
 5991.0654 1.02474e-15
 5992.2426 1.01853e-15
 5993.4198 1.01044e-15
 5994.5969 1.03122e-15
 5995.7741 1.04650e-15
 5996.9513 1.01950e-15
 5998.1284 1.00047e-15
 5999.3056 1.02385e-15
 6000.4828 1.02559e-15
 6001.6599 1.03688e-15
 6002.8371 1.04602e-15
 6004.0143 1.01010e-15
 6005.1914 1.01898e-15
 6006.3686 1.00372e-15
 6007.5458 1.01631e-15
 6008.7229 1.04490e-15
 6009.9001 1.05277e-15
 6011.0773 1.02531e-15
 6012.2544 1.01905e-15
 6013.4316 1.09674e-15
 6014.6088 1.05025e-15
 6015.7859 1.05507e-15
 6016.9631 1.05729e-15
 6018.1403 1.05848e-15
 6019.3174 1.04271e-15
 6020.4946 1.03129e-15
 6021.6718 1.03817e-15
 6022.8489 1.05755e-15
 6024.0261 1.04866e-15
 6025.2033 1.08442e-15
 6026.3804 1.07919e-15
 6027.5576 1.05667e-15
 6028.7348 1.04781e-15
 6029.9119 1.05272e-15
 6031.0891 1.05372e-15
 6032.2663 1.06889e-15
 6033.4434 1.05904e-15
 6034.6206 1.07807e-15
 6035.7978 1.07601e-15
 6036.9749 1.06836e-15
 6038.1521 1.06510e-15
 6039.3292 1.07327e-15
 6040.5064 1.07237e-15
 6041.6836 1.06536e-15
 6042.8608 1.05622e-15
 6044.0379 1.03881e-15
 6045.2151 1.06032e-15
 6046.3922 1.07989e-15
 6047.5694 1.07883e-15
 6048.7466 1.06255e-15
 6049.9237 1.04231e-15
 6051.1009 1.05767e-15
 6052.2781 1.07159e-15
 6053.4552 1.09153e-15
 6054.6324 1.07485e-15
 6055.8096 1.07078e-15
 6056.9867 1.05087e-15
 6058.1639 1.06789e-15
 6059.3411 1.07173e-15
 6060.5182 1.03656e-15
 6061.6954 1.07957e-15
 6062.8726 1.06693e-15
 6064.0497 1.02822e-15
 6065.2269 1.05002e-15
 6066.4041 1.08376e-15
 6067.5812 1.09371e-15
 6068.7584 1.05667e-15
 6069.9356 1.04096e-15
 6071.1127 1.08277e-15
 6072.2899 1.07637e-15
 6073.4671 1.04757e-15
 6074.6442 1.03342e-15
 6075.8214 1.05520e-15
 6076.9986 1.02252e-15
 6078.1757 1.06083e-15
 6079.3529 1.09592e-15
 6080.5301 1.07185e-15
 6081.7072 1.05387e-15
 6082.8844 1.04667e-15
 6084.0616 1.03029e-15
 6085.2387 1.05538e-15
 6086.4159 1.07278e-15
 6087.5931 1.04947e-15
 6088.7702 1.06898e-15
 6089.9474 1.09165e-15
 6091.1246 1.06167e-15
 6092.3017 1.04474e-15
 6093.4789 1.06700e-15
 6094.6560 1.07091e-15
 6095.8332 1.08067e-15
 6097.0104 1.08373e-15
 6098.1876 1.08776e-15
 6099.3647 1.07935e-15
 6100.5419 1.06194e-15
 6101.7190 1.03461e-15
 6102.8962 1.05155e-15
 6104.0734 1.08469e-15
 6105.2505 1.05557e-15
 6106.4277 1.03733e-15
 6107.6049 1.07516e-15
 6108.7820 1.09612e-15
 6109.9592 1.08838e-15
 6111.1364 1.07350e-15
 6112.3135 1.06923e-15
 6113.4907 1.05734e-15
 6114.6679 1.06933e-15
 6115.8450 1.06911e-15
 6117.0222 1.08102e-15
 6118.1994 1.07168e-15
 6119.3765 1.06776e-15
 6120.5537 1.08176e-15
 6121.7309 1.09268e-15
 6122.9080 1.08334e-15
 6124.0852 1.07213e-15
 6125.2624 1.04637e-15
 6126.4395 1.04520e-15
 6127.6167 1.07035e-15
 6128.7939 1.06611e-15
 6129.9710 1.03994e-15
 6131.1482 1.04065e-15
 6132.3254 1.06192e-15
 6133.5025 1.06691e-15
 6134.6797 1.03356e-15
 6135.8569 1.01069e-15
 6137.0340 1.02860e-15
 6138.2112 1.01105e-15
 6139.3884 1.02789e-15
 6140.5655 1.04783e-15
 6141.7427 1.05041e-15
 6142.9199 1.03404e-15
 6144.0970 1.01786e-15
 6145.2742 1.00817e-15
 6146.4514 9.96472e-16
 6147.6285 9.95658e-16
 6148.8057 1.01735e-15
 6149.9828 1.00186e-15
 6151.1600 9.92982e-16
 6152.3372 9.77744e-16
 6153.5144 9.54642e-16
 6154.6915 9.81831e-16
 6155.8687 9.72691e-16
 6157.0458 9.77656e-16
 6158.2230 9.77949e-16
 6159.4002 9.32458e-16
 6160.5773 9.19003e-16
 6161.7545 9.52447e-16
 6162.9317 9.61143e-16
 6164.1088 9.37619e-16
 6165.2860 9.26166e-16
 6166.4632 9.28868e-16
 6167.6403 9.26438e-16
 6168.8175 9.46717e-16
 6169.9947 9.12734e-16
 6171.1718 9.22137e-16
 6172.3490 9.07533e-16
 6173.5262 9.03143e-16
 6174.7033 9.43606e-16
 6175.8805 9.27277e-16
 6177.0577 9.23635e-16
 6178.2348 9.21605e-16
 6179.4120 9.09962e-16
 6180.5892 8.83248e-16
 6181.7663 9.02874e-16
 6182.9435 9.27040e-16
 6184.1207 9.33381e-16
 6185.2978 9.04984e-16
 6186.4750 9.01755e-16
 6187.6522 8.92913e-16
 6188.8293 9.00915e-16
 6190.0065 9.22576e-16
 6191.1837 9.01974e-16
 6192.3608 9.00515e-16
 6193.5380 9.08164e-16
 6194.7152 9.16218e-16
 6195.8923 9.22821e-16
 6197.0695 9.43697e-16
 6198.2467 9.36615e-16
 6199.4238 9.25521e-16
 6200.6010 9.23288e-16
 6201.7782 9.28685e-16
 6202.9553 9.41796e-16
 6204.1325 9.19728e-16
 6205.3096 9.47516e-16
 6206.4868 9.41554e-16
 6207.6640 9.26963e-16
 6208.8412 9.61187e-16
 6210.0183 9.48724e-16
 6211.1955 9.40024e-16
 6212.3726 9.55357e-16
 6213.5498 9.47522e-16
 6214.7270 9.67540e-16
 6215.9041 9.75669e-16
 6217.0813 9.52391e-16
 6218.2585 9.70326e-16
 6219.4356 9.85258e-16
 6220.6128 9.78883e-16
 6221.7900 9.74714e-16
 6222.9671 9.63862e-16
 6224.1443 9.66617e-16
 6225.3215 1.00581e-15
 6226.4986 9.75983e-16
 6227.6758 1.01036e-15
 6228.8530 9.97926e-16
 6230.0301 1.00948e-15
 6231.2073 1.00645e-15
 6232.3845 1.00020e-15
 6233.5616 1.00650e-15
 6234.7388 9.79524e-16
 6235.9160 9.66729e-16
 6237.0931 9.57653e-16
 6238.2703 9.47391e-16
 6239.4475 9.66288e-16
 6240.6246 9.62052e-16
 6241.8018 9.65132e-16
 6242.9790 1.01082e-15
 6244.1561 1.02834e-15
 6245.3333 1.03395e-15
 6246.5105 1.02130e-15
 6247.6876 9.91149e-16
 6248.8648 1.00152e-15
 6250.0420 1.00973e-15
 6251.2191 1.00162e-15
 6252.3963 1.00041e-15
 6253.5735 9.96909e-16
 6254.7506 9.86537e-16
 6255.9278 9.85258e-16
 6257.1050 9.85650e-16
 6258.2821 9.82246e-16
 6259.4593 9.70940e-16
 6260.6364 9.65463e-16
 6261.8136 9.88291e-16
 6262.9908 9.53789e-16
 6264.1680 9.48522e-16
 6265.3451 9.59548e-16
 6266.5223 9.58591e-16
 6267.6994 9.88065e-16
 6268.8766 9.65059e-16
 6270.0538 9.75693e-16
 6271.2309 9.96067e-16
 6272.4081 9.93087e-16
 6273.5853 9.74680e-16
 6274.7624 9.56359e-16
 6275.9396 9.78824e-16
 6277.1168 9.79367e-16
 6278.2939 9.52391e-16
 6279.4711 9.48454e-16
 6280.6483 9.51223e-16
 6281.8254 9.73447e-16
 6283.0026 9.56496e-16
 6284.1798 9.34240e-16
 6285.3569 9.63301e-16
 6286.5341 9.55740e-16
 6287.7113 9.65193e-16
 6288.8884 9.88347e-16
 6290.0656 9.99267e-16
 6291.2428 9.76071e-16
 6292.4199 9.71463e-16
 6293.5971 9.74128e-16
 6294.7743 1.00003e-15
 6295.9514 9.97384e-16
 6297.1286 9.71544e-16
 6298.3058 9.93762e-16
 6299.4829 9.96285e-16
 6300.6601 9.90813e-16
 6301.8373 9.88343e-16
 6303.0144 9.74262e-16
 6304.1916 1.00255e-15
 6305.3688 1.02508e-15
 6306.5459 1.01448e-15
 6307.7231 1.00711e-15
 6308.9003 9.86534e-16
 6310.0774 1.00486e-15
 6311.2546 1.04582e-15
 6312.4318 1.03819e-15
 6313.6089 1.02905e-15
 6314.7861 1.05484e-15
 6315.9632 1.02716e-15
 6317.1404 1.05325e-15
 6318.3176 1.03996e-15
 6319.4948 1.04906e-15
 6320.6719 1.05593e-15
 6321.8491 1.05571e-15
 6323.0262 1.04667e-15
 6324.2034 1.07283e-15
 6325.3806 1.10431e-15
 6326.5577 1.08257e-15
 6327.7349 1.07464e-15
 6328.9121 1.11021e-15
 6330.0892 1.08225e-15
 6331.2664 1.10347e-15
 6332.4436 1.13878e-15
 6333.6207 1.13700e-15
 6334.7979 1.13176e-15
 6335.9751 1.12413e-15
 6337.1522 1.16480e-15
 6338.3294 1.14917e-15
 6339.5066 1.16537e-15
 6340.6837 1.16466e-15
 6341.8609 1.17991e-15
 6343.0381 1.17145e-15
 6344.2152 1.16699e-15
 6345.3924 1.16881e-15
 6346.5696 1.20270e-15
 6347.7467 1.20667e-15
 6348.9239 1.19510e-15
 6350.1011 1.19746e-15
 6351.2782 1.19703e-15
 6352.4554 1.23887e-15
 6353.6326 1.23270e-15
 6354.8097 1.22024e-15
 6355.9869 1.26041e-15
 6357.1641 1.22008e-15
 6358.3412 1.23496e-15
 6359.5184 1.26490e-15
 6360.6956 1.26717e-15
 6361.8727 1.26462e-15
 6363.0499 1.29435e-15
 6364.2271 1.30859e-15
 6365.4042 1.28649e-15
 6366.5814 1.31800e-15
 6367.7586 1.32591e-15
 6368.9357 1.30373e-15
 6370.1129 1.29783e-15
 6371.2901 1.33245e-15
 6372.4672 1.34745e-15
 6373.6444 1.29464e-15
 6374.8216 1.31163e-15
 6375.9987 1.34740e-15
 6377.1759 1.36685e-15
 6378.3530 1.40020e-15
 6379.5302 1.41269e-15
 6380.7074 1.42516e-15
 6381.8845 1.40531e-15
 6383.0617 1.38011e-15
 6384.2389 1.40115e-15
 6385.4160 1.43492e-15
 6386.5932 1.41038e-15
 6387.7704 1.39368e-15
 6388.9475 1.43062e-15
 6390.1247 1.44509e-15
 6391.3019 1.46011e-15
 6392.4790 1.42697e-15
 6393.6562 1.43194e-15
 6394.8334 1.47045e-15
 6396.0105 1.48677e-15
 6397.1877 1.47242e-15
 6398.3649 1.49355e-15
 6399.5420 1.52909e-15
 6400.7192 1.54590e-15
 6401.8964 1.52680e-15
 6403.0735 1.51627e-15
 6404.2507 1.52485e-15
 6405.4279 1.54786e-15
 6406.6050 1.56200e-15
 6407.7822 1.58099e-15
 6408.9594 1.55334e-15
 6410.1365 1.57136e-15
 6411.3137 1.59216e-15
 6412.4909 1.55882e-15
 6413.6680 1.57053e-15
 6414.8452 1.54387e-15
 6416.0224 1.56833e-15
 6417.1995 1.59102e-15
 6418.3767 1.60283e-15
 6419.5539 1.57670e-15
 6420.7310 1.57433e-15
 6421.9082 1.59700e-15
 6423.0854 1.58994e-15
 6424.2625 1.60174e-15
 6425.4397 1.62957e-15
 6426.6169 1.61828e-15
 6427.7940 1.62358e-15
 6428.9712 1.64559e-15
 6430.1484 1.65301e-15
 6431.3255 1.66612e-15
 6432.5027 1.66960e-15
 6433.6798 1.64863e-15
 6434.8570 1.66386e-15
 6436.0342 1.65592e-15
 6437.2114 1.65472e-15
 6438.3885 1.66985e-15
 6439.5657 1.66685e-15
 6440.7428 1.68278e-15
 6441.9200 1.70223e-15
 6443.0972 1.70128e-15
 6444.2743 1.71244e-15
 6445.4515 1.71373e-15
 6446.6287 1.72732e-15
 6447.8058 1.72655e-15
 6448.9830 1.74160e-15
 6450.1602 1.75246e-15
 6451.3373 1.74600e-15
 6452.5145 1.75019e-15
 6453.6917 1.75009e-15
 6454.8688 1.78511e-15
 6456.0460 1.77555e-15
 6457.2232 1.81117e-15
 6458.4003 1.79314e-15
 6459.5775 1.78354e-15
 6460.7547 1.79906e-15
 6461.9318 1.79939e-15
 6463.1090 1.80033e-15
 6464.2862 1.80882e-15
 6465.4633 1.82304e-15
 6466.6405 1.82333e-15
 6467.8177 1.78982e-15
 6468.9948 1.81194e-15
 6470.1720 1.79574e-15
 6471.3492 1.75455e-15
 6472.5263 1.78322e-15
 6473.7035 1.79593e-15
 6474.8807 1.78289e-15
 6476.0578 1.77869e-15
 6477.2350 1.80252e-15
 6478.4122 1.82478e-15
 6479.5893 1.82015e-15
 6480.7665 1.81449e-15
 6481.9437 1.83387e-15
 6483.1208 1.80669e-15
 6484.2980 1.80254e-15
 6485.4752 1.82280e-15
 6486.6523 1.84661e-15
 6487.8295 1.81558e-15
 6489.0066 1.79504e-15
 6490.1838 1.81044e-15
 6491.3610 1.80390e-15
 6492.5382 1.78519e-15
 6493.7153 1.80106e-15
 6494.8925 1.79812e-15
 6496.0696 1.80980e-15
 6497.2468 1.80639e-15
 6498.4240 1.79755e-15
 6499.6011 1.78527e-15
 6500.7783 1.78293e-15
 6501.9555 1.76351e-15
 6503.1326 1.74349e-15
 6504.3098 1.77296e-15
 6505.4870 1.79576e-15
 6506.6641 1.78432e-15
 6507.8413 1.76571e-15
 6509.0185 1.75959e-15
 6510.1956 1.75670e-15
 6511.3728 1.74937e-15
 6512.5500 1.72727e-15
 6513.7271 1.73524e-15
 6514.9043 1.73636e-15
 6516.0815 1.71514e-15
 6517.2586 1.72871e-15
 6518.4358 1.72049e-15
 6519.6130 1.70806e-15
 6520.7901 1.70731e-15
 6521.9673 1.68454e-15
 6523.1445 1.66785e-15
 6524.3216 1.67258e-15
 6525.4988 1.67248e-15
 6526.6760 1.66290e-15
 6527.8531 1.64441e-15
 6529.0303 1.63546e-15
 6530.2075 1.62933e-15
 6531.3846 1.64289e-15
 6532.5618 1.62516e-15
 6533.7390 1.61263e-15
 6534.9161 1.62031e-15
 6536.0933 1.59021e-15
 6537.2705 1.58742e-15
 6538.4476 1.58368e-15
 6539.6248 1.59190e-15
 6540.8020 1.58719e-15
 6541.9791 1.57079e-15
 6543.1563 1.56328e-15
 6544.3334 1.56673e-15
 6545.5106 1.55817e-15
 6546.6878 1.53809e-15
 6547.8650 1.53163e-15
 6549.0421 1.50469e-15
 6550.2193 1.50608e-15
 6551.3964 1.48630e-15
 6552.5736 1.51811e-15
 6553.7508 1.50023e-15
 6554.9279 1.46326e-15
 6556.1051 1.46101e-15
 6557.2823 1.41969e-15
 6558.4594 1.41737e-15
 6559.6366 1.42365e-15
 6560.8138 1.40791e-15
 6561.9909 1.41544e-15
 6563.1681 1.41021e-15
 6564.3453 1.40314e-15
 6565.5224 1.36815e-15
 6566.6996 1.36971e-15
 6567.8768 1.36504e-15
 6569.0539 1.36841e-15
 6570.2311 1.35659e-15
 6571.4083 1.35457e-15
 6572.5854 1.33513e-15
 6573.7626 1.31753e-15
 6574.9398 1.32892e-15
 6576.1169 1.31641e-15
 6577.2941 1.30750e-15
 6578.4713 1.29109e-15
 6579.6484 1.27817e-15
 6580.8256 1.25506e-15
 6582.0028 1.25424e-15
 6583.1799 1.25569e-15
 6584.3571 1.25749e-15
 6585.5343 1.23164e-15
 6586.7114 1.23770e-15
 6587.8886 1.25502e-15
 6589.0658 1.25000e-15
 6590.2429 1.22686e-15
 6591.4201 1.20999e-15
 6592.5973 1.18521e-15
 6593.7744 1.17722e-15
 6594.9516 1.17784e-15
 6596.1288 1.20299e-15
