#Object:               SN2008fp
#FITS_file:            SN08fp_b01_DUP_WF_22sep08.fits
#Redshift:             0.00566
#JDate_of_max:         2454729.68
#JDate_of_observation: 2454731.86
#Epoch:                2.17      
#
 3778.5983 3.33137e-15
 3781.6226 3.99679e-15
 3784.6469 3.96124e-15
 3787.6711 4.07327e-15
 3790.6954 3.88586e-15
 3793.7197 3.69624e-15
 3796.7440 3.85846e-15
 3799.7683 3.89781e-15
 3802.7925 4.00109e-15
 3805.8168 3.90292e-15
 3808.8411 3.89145e-15
 3811.8654 4.16185e-15
 3814.8897 4.14507e-15
 3817.9139 4.29812e-15
 3820.9382 4.27705e-15
 3823.9625 4.44827e-15
 3826.9868 4.81792e-15
 3830.0111 4.74423e-15
 3833.0353 4.89674e-15
 3836.0596 5.27203e-15
 3839.0839 5.10910e-15
 3842.1082 5.69688e-15
 3845.1325 5.93153e-15
 3848.1568 6.24804e-15
 3851.1810 6.46041e-15
 3854.2053 6.76643e-15
 3857.2296 7.12672e-15
 3860.2539 7.42833e-15
 3863.2782 7.36194e-15
 3866.3024 7.49973e-15
 3869.3267 7.73282e-15
 3872.3510 7.66779e-15
 3875.3753 7.57037e-15
 3878.3996 7.80259e-15
 3881.4238 8.11299e-15
 3884.4481 7.76963e-15
 3887.4724 8.06124e-15
 3890.4967 7.99500e-15
 3893.5210 8.31067e-15
 3896.5453 8.18184e-15
 3899.5695 8.20243e-15
 3902.5938 8.43245e-15
 3905.6181 8.42564e-15
 3908.6424 8.06601e-15
 3911.6667 7.77768e-15
 3914.6909 8.02690e-15
 3917.7152 8.93198e-15
 3920.7395 9.11496e-15
 3923.7638 8.85876e-15
 3926.7881 9.18271e-15
 3929.8123 9.12684e-15
 3932.8366 8.66563e-15
 3935.8609 8.65535e-15
 3938.8852 9.07806e-15
 3941.9095 9.50229e-15
 3944.9337 8.97096e-15
 3947.9580 8.72879e-15
 3950.9823 9.38218e-15
 3954.0066 9.35528e-15
 3957.0309 9.05410e-15
 3960.0551 8.97877e-15
 3963.0794 8.96208e-15
 3966.1037 8.52382e-15
 3969.1280 8.26211e-15
 3972.1523 8.58329e-15
 3975.1766 8.71701e-15
 3978.2008 8.46435e-15
 3981.2251 8.63075e-15
 3984.2494 8.70736e-15
 3987.2737 8.88299e-15
 3990.2980 8.81387e-15
 3993.3222 8.90481e-15
 3996.3465 8.92991e-15
 3999.3708 9.07162e-15
 4002.3951 9.13895e-15
 4005.4194 8.98032e-15
 4008.4436 9.08051e-15
 4011.4679 9.31665e-15
 4014.4922 9.29172e-15
 4017.5165 9.46715e-15
 4020.5408 9.47541e-15
 4023.5650 9.64212e-15
 4026.5893 9.90260e-15
 4029.6136 9.79176e-15
 4032.6379 1.00670e-14
 4035.6622 1.00388e-14
 4038.6865 9.94303e-15
 4041.7107 1.01795e-14
 4044.7350 1.00900e-14
 4047.7593 1.01738e-14
 4050.7836 1.02065e-14
 4053.8079 1.03348e-14
 4056.8321 1.05416e-14
 4059.8564 1.05617e-14
 4062.8807 1.04234e-14
 4065.9050 1.04141e-14
 4068.9293 1.03071e-14
 4071.9535 1.06456e-14
 4074.9778 1.03890e-14
 4078.0021 1.02467e-14
 4081.0264 1.02620e-14
 4084.0507 1.01454e-14
 4087.0749 1.01305e-14
 4090.0992 9.97398e-15
 4093.1235 1.00090e-14
 4096.1478 1.00573e-14
 4099.1721 1.00355e-14
 4102.1963 9.78244e-15
 4105.2206 9.94558e-15
 4108.2449 9.72402e-15
 4111.2692 9.73588e-15
 4114.2935 9.64590e-15
 4117.3178 9.71097e-15
 4120.3420 9.41645e-15
 4123.3663 9.32258e-15
 4126.3906 9.62626e-15
 4129.4149 9.34277e-15
 4132.4392 9.42469e-15
 4135.4634 9.36649e-15
 4138.4877 9.58110e-15
 4141.5120 9.60236e-15
 4144.5363 9.73077e-15
 4147.5606 9.72192e-15
 4150.5848 9.66351e-15
 4153.6091 9.85766e-15
 4156.6334 9.90446e-15
 4159.6577 9.84316e-15
 4162.6820 9.71692e-15
 4165.7062 9.76189e-15
 4168.7305 9.75688e-15
 4171.7548 9.57374e-15
 4174.7791 9.59975e-15
 4177.8034 9.17448e-15
 4180.8276 9.14688e-15
 4183.8519 8.89507e-15
 4186.8762 8.98577e-15
 4189.9005 8.88247e-15
 4192.9248 8.60381e-15
 4195.9491 8.50899e-15
 4198.9733 8.50646e-15
 4201.9976 8.26371e-15
 4205.0219 8.06975e-15
 4208.0462 8.12785e-15
 4211.0705 8.00539e-15
 4214.0947 7.83666e-15
 4217.1190 7.51174e-15
 4220.1433 7.58987e-15
 4223.1676 7.40497e-15
 4226.1919 7.41585e-15
 4229.2161 7.15665e-15
 4232.2404 7.07353e-15
 4235.2647 6.92890e-15
 4238.2890 6.96952e-15
 4241.3133 6.82916e-15
 4244.3376 6.68725e-15
 4247.3618 6.66885e-15
 4250.3861 6.53139e-15
 4253.4104 6.37951e-15
 4256.4347 6.32878e-15
 4259.4590 6.16848e-15
 4262.4832 6.18867e-15
 4265.5075 6.11503e-15
 4268.5318 5.94146e-15
 4271.5561 5.98239e-15
 4274.5804 5.95551e-15
 4277.6046 5.92512e-15
 4280.6289 5.80808e-15
 4283.6532 5.82600e-15
 4286.6775 5.92736e-15
 4289.7018 5.95281e-15
 4292.7260 5.93415e-15
 4295.7503 5.81494e-15
 4298.7746 5.91445e-15
 4301.7989 5.98307e-15
 4304.8232 6.08438e-15
 4307.8474 6.21790e-15
 4310.8717 6.34005e-15
 4313.8960 6.36250e-15
 4316.9203 6.40678e-15
 4319.9446 6.62903e-15
 4322.9689 6.73444e-15
 4325.9931 6.59949e-15
 4329.0174 6.56797e-15
 4332.0417 6.78846e-15
 4335.0660 6.91584e-15
 4338.0903 6.89543e-15
 4341.1145 6.91274e-15
 4344.1388 7.24719e-15
 4347.1631 7.20652e-15
 4350.1874 7.22716e-15
 4353.2117 7.48640e-15
 4356.2359 7.51496e-15
 4359.2602 7.65573e-15
 4362.2845 7.72638e-15
 4365.3088 7.61320e-15
 4368.3331 7.81027e-15
 4371.3574 8.08245e-15
 4374.3816 8.01554e-15
 4377.4059 8.22015e-15
 4380.4302 8.12138e-15
 4383.4545 8.20484e-15
 4386.4788 8.06322e-15
 4389.5030 7.92410e-15
 4392.5273 8.06445e-15
 4395.5516 7.77765e-15
 4398.5759 7.65339e-15
 4401.6002 7.61394e-15
 4404.6244 7.50037e-15
 4407.6487 7.47919e-15
 4410.6730 7.27970e-15
 4413.6973 7.31207e-15
 4416.7216 7.37356e-15
 4419.7458 7.32645e-15
 4422.7701 7.43416e-15
 4425.7944 7.53025e-15
 4428.8187 7.55172e-15
 4431.8430 7.64759e-15
 4434.8672 7.86276e-15
 4437.8915 7.95242e-15
 4440.9158 8.23190e-15
 4443.9401 8.27122e-15
 4446.9644 8.43706e-15
 4449.9886 8.68589e-15
 4453.0129 8.84896e-15
 4456.0372 8.79812e-15
 4459.0615 9.06401e-15
 4462.0858 8.96968e-15
 4465.1101 9.14478e-15
 4468.1343 9.08789e-15
 4471.1586 9.16544e-15
 4474.1829 9.23682e-15
 4477.2072 9.28171e-15
 4480.2315 9.32666e-15
 4483.2557 9.26266e-15
 4486.2800 9.38809e-15
 4489.3043 9.41679e-15
 4492.3286 9.33560e-15
 4495.3529 9.37783e-15
 4498.3771 9.45785e-15
 4501.4014 9.33778e-15
 4504.4257 9.29131e-15
 4507.4500 9.39125e-15
 4510.4743 9.40049e-15
 4513.4985 9.33741e-15
 4516.5228 9.29323e-15
 4519.5471 9.26959e-15
 4522.5714 9.22003e-15
 4525.5957 9.34403e-15
 4528.6200 9.30454e-15
 4531.6442 9.20949e-15
 4534.6685 9.26514e-15
 4537.6928 9.23320e-15
 4540.7171 9.25270e-15
 4543.7414 9.21972e-15
 4546.7656 9.17882e-15
 4549.7899 9.21175e-15
 4552.8142 9.32063e-15
 4555.8385 9.11288e-15
 4558.8628 9.47642e-15
 4561.8870 9.42632e-15
 4564.9113 9.47909e-15
 4567.9356 9.67278e-15
 4570.9599 9.78837e-15
 4573.9842 9.74926e-15
 4577.0084 9.85511e-15
 4580.0327 9.83919e-15
 4583.0570 9.91025e-15
 4586.0813 9.87821e-15
 4589.1056 9.85920e-15
 4592.1299 9.98221e-15
 4595.1541 9.91097e-15
 4598.1784 9.90403e-15
 4601.2027 9.95752e-15
 4604.2270 9.72347e-15
 4607.2513 9.79139e-15
 4610.2755 9.75695e-15
 4613.2998 9.63702e-15
 4616.3241 9.62182e-15
 4619.3484 9.43197e-15
 4622.3727 9.37763e-15
 4625.3969 9.26433e-15
 4628.4212 9.21939e-15
 4631.4455 9.06937e-15
 4634.4698 8.92469e-15
 4637.4941 8.80345e-15
 4640.5183 8.62050e-15
 4643.5426 8.73653e-15
 4646.5669 8.51991e-15
 4649.5912 8.47816e-15
 4652.6155 8.46995e-15
 4655.6397 8.42222e-15
 4658.6640 8.37547e-15
 4661.6883 8.34786e-15
 4664.7126 8.30389e-15
 4667.7369 8.14579e-15
 4670.7611 8.28197e-15
 4673.7854 8.26426e-15
 4676.8097 8.33479e-15
 4679.8340 8.32711e-15
 4682.8583 8.28994e-15
 4685.8826 8.20161e-15
 4688.9068 8.36568e-15
 4691.9311 8.37310e-15
 4694.9554 8.39689e-15
 4697.9797 8.46079e-15
 4701.0040 8.31505e-15
 4704.0282 8.32714e-15
 4707.0525 8.33037e-15
 4710.0768 8.34199e-15
 4713.1011 8.32273e-15
 4716.1254 8.29445e-15
 4719.1497 8.29265e-15
 4722.1739 8.03571e-15
 4725.1982 7.94153e-15
 4728.2225 7.78502e-15
 4731.2468 7.66283e-15
 4734.2711 7.59592e-15
 4737.2953 7.48739e-15
 4740.3196 7.48451e-15
 4743.3439 7.48180e-15
 4746.3682 7.41614e-15
 4749.3925 7.35793e-15
 4752.4167 7.47360e-15
 4755.4410 7.55893e-15
 4758.4653 7.65091e-15
 4761.4896 7.50414e-15
 4764.5139 7.59375e-15
 4767.5381 7.64421e-15
 4770.5624 7.71428e-15
 4773.5867 7.77550e-15
 4776.6110 7.77969e-15
 4779.6353 7.81756e-15
 4782.6595 7.75456e-15
 4785.6838 7.91150e-15
 4788.7081 7.87466e-15
 4791.7324 7.85825e-15
 4794.7567 7.84952e-15
 4797.7809 7.87791e-15
 4800.8052 7.88227e-15
 4803.8295 7.80033e-15
 4806.8538 7.84350e-15
 4809.8781 7.66790e-15
 4812.9024 7.50533e-15
 4815.9266 7.44767e-15
 4818.9509 7.40883e-15
 4821.9752 7.35800e-15
 4824.9995 7.24931e-15
 4828.0238 7.02689e-15
 4831.0480 6.95925e-15
 4834.0723 6.88497e-15
 4837.0966 6.73057e-15
 4840.1209 6.65665e-15
 4843.1452 6.58846e-15
 4846.1695 6.47674e-15
 4849.1937 6.52900e-15
 4852.2180 6.45155e-15
 4855.2423 6.41198e-15
 4858.2666 6.47800e-15
 4861.2909 6.51458e-15
 4864.3151 6.67575e-15
 4867.3394 6.71259e-15
 4870.3637 6.72274e-15
 4873.3880 6.72340e-15
 4876.4123 6.70824e-15
 4879.4365 6.81748e-15
 4882.4608 6.93668e-15
 4885.4851 6.90293e-15
 4888.5094 6.91704e-15
 4891.5337 6.79722e-15
 4894.5579 6.79700e-15
 4897.5822 6.82453e-15
 4900.6065 6.80241e-15
 4903.6308 6.66404e-15
 4906.6551 6.66710e-15
 4909.6793 6.67124e-15
 4912.7036 6.59999e-15
 4915.7279 6.76513e-15
 4918.7522 6.69655e-15
 4921.7765 6.67197e-15
 4924.8007 6.69651e-15
 4927.8250 6.71386e-15
 4930.8493 6.81192e-15
 4933.8736 6.81206e-15
 4936.8979 6.62604e-15
 4939.9222 6.53502e-15
 4942.9464 6.56905e-15
 4945.9707 6.54523e-15
 4948.9950 6.58550e-15
 4952.0193 6.52088e-15
 4955.0436 6.50677e-15
 4958.0678 6.51572e-15
 4961.0921 6.38913e-15
 4964.1164 6.26748e-15
 4967.1407 6.39200e-15
 4970.1650 6.33032e-15
 4973.1892 6.28452e-15
 4976.2135 6.36214e-15
 4979.2378 6.43859e-15
 4982.2621 6.48458e-15
 4985.2864 6.47515e-15
 4988.3106 6.62171e-15
 4991.3349 6.66196e-15
 4994.3592 6.70136e-15
 4997.3835 6.82732e-15
 5000.4078 6.86675e-15
 5003.4320 6.84085e-15
 5006.4563 6.98688e-15
 5009.4806 7.10574e-15
 5012.5049 7.09739e-15
 5015.5292 7.20663e-15
 5018.5535 7.23470e-15
 5021.5777 7.17252e-15
 5024.6020 7.36964e-15
 5027.6263 7.48803e-15
 5030.6506 7.43631e-15
 5033.6749 7.67598e-15
 5036.6991 7.80029e-15
 5039.7234 7.84284e-15
 5042.7477 8.01793e-15
 5045.7720 8.25755e-15
 5048.7963 8.30219e-15
 5051.8205 8.35911e-15
 5054.8448 8.52457e-15
 5057.8691 8.75936e-15
 5060.8934 8.73404e-15
 5063.9177 8.89831e-15
 5066.9420 8.96897e-15
 5069.9662 9.14414e-15
 5072.9905 9.27803e-15
 5076.0148 9.31456e-15
 5079.0391 9.39873e-15
 5082.0634 9.44156e-15
 5085.0876 9.70673e-15
 5088.1119 9.77876e-15
 5091.1362 9.66283e-15
 5094.1605 9.81538e-15
 5097.1848 9.93382e-15
 5100.2090 9.82801e-15
 5103.2333 9.78312e-15
 5106.2576 9.85076e-15
 5109.2819 9.95266e-15
 5112.3062 9.88700e-15
 5115.3304 9.88411e-15
 5118.3547 9.85607e-15
 5121.3790 9.79047e-15
 5124.4033 9.86528e-15
 5127.4276 9.72555e-15
 5130.4518 9.73328e-15
 5133.4761 9.82408e-15
 5136.5004 9.76330e-15
 5139.5247 9.69324e-15
 5142.5490 9.65316e-15
 5145.5732 9.61881e-15
 5148.5975 9.69005e-15
 5151.6218 9.64319e-15
 5154.6461 9.68948e-15
 5157.6704 9.64557e-15
 5160.6947 9.73300e-15
 5163.7189 9.83814e-15
 5166.7432 9.80097e-15
 5169.7675 9.81339e-15
 5172.7918 9.96692e-15
 5175.8161 1.00757e-14
 5178.8403 1.00543e-14
 5181.8646 9.92386e-15
 5184.8889 1.00124e-14
 5187.9132 1.00373e-14
 5190.9375 1.00016e-14
 5193.9617 1.00427e-14
 5196.9860 9.90253e-15
 5200.0103 9.83542e-15
 5203.0346 9.67339e-15
 5206.0589 9.57869e-15
 5209.0832 9.55260e-15
 5212.1074 9.44373e-15
 5215.1317 9.31954e-15
 5218.1560 9.12621e-15
 5221.1803 8.93598e-15
 5224.2046 8.73149e-15
 5227.2288 8.63029e-15
 5230.2531 8.48123e-15
 5233.2774 8.22716e-15
 5236.3017 8.09950e-15
 5239.3260 7.98813e-15
 5242.3502 7.81612e-15
 5245.3745 7.67065e-15
 5248.3988 7.50407e-15
 5251.4231 7.36064e-15
 5254.4474 7.21767e-15
 5257.4716 7.21259e-15
 5260.4959 7.15937e-15
 5263.5202 7.05642e-15
 5266.5445 7.01071e-15
 5269.5688 7.03855e-15
 5272.5930 6.99580e-15
 5275.6173 7.07996e-15
 5278.6416 7.07596e-15
 5281.6659 7.12110e-15
 5284.6902 7.02721e-15
 5287.7145 7.03025e-15
 5290.7387 7.06144e-15
 5293.7630 7.04571e-15
 5296.7873 7.11217e-15
 5299.8116 7.10632e-15
 5302.8359 7.06152e-15
 5305.8601 7.05665e-15
 5308.8844 7.08164e-15
 5311.9087 7.22674e-15
 5314.9330 7.35770e-15
 5317.9573 7.47433e-15
 5320.9815 7.51686e-15
 5324.0058 7.59433e-15
 5327.0301 7.66538e-15
 5330.0544 7.72553e-15
 5333.0787 7.75442e-15
 5336.1030 7.99629e-15
 5339.1272 8.01158e-15
 5342.1515 8.03100e-15
 5345.1758 8.13232e-15
 5348.2001 8.22951e-15
 5351.2244 8.20398e-15
 5354.2486 8.22142e-15
 5357.2729 8.16736e-15
 5360.2972 8.17227e-15
 5363.3215 8.24408e-15
 5366.3458 8.32724e-15
 5369.3700 8.28676e-15
 5372.3943 8.28327e-15
 5375.4186 8.19784e-15
 5378.4429 8.18925e-15
 5381.4672 8.29959e-15
 5384.4914 8.34114e-15
 5387.5157 8.23498e-15
 5390.5400 8.20341e-15
 5393.5643 8.16641e-15
 5396.5886 8.04903e-15
 5399.6128 8.01028e-15
 5402.6371 7.89132e-15
 5405.6614 7.89319e-15
 5408.6857 7.87688e-15
 5411.7100 7.88555e-15
 5414.7343 7.63918e-15
 5417.7585 7.47469e-15
 5420.7828 7.36240e-15
 5423.8071 7.43279e-15
 5426.8314 7.24364e-15
 5429.8557 7.10977e-15
 5432.8799 7.12935e-15
 5435.9042 6.97473e-15
 5438.9285 6.93607e-15
 5441.9528 6.93539e-15
 5444.9771 6.91144e-15
 5448.0013 6.89571e-15
 5451.0256 6.93463e-15
 5454.0499 6.99617e-15
 5457.0742 7.03821e-15
 5460.0985 7.07407e-15
 5463.1227 7.09223e-15
 5466.1470 7.28108e-15
 5469.1713 7.49059e-15
 5472.1956 7.45959e-15
 5475.2199 7.64401e-15
 5478.2441 7.74648e-15
 5481.2684 7.83126e-15
 5484.2927 8.00005e-15
 5487.3170 8.11653e-15
 5490.3413 8.13250e-15
 5493.3655 8.26005e-15
 5496.3898 8.39586e-15
 5499.4141 8.60420e-15
 5502.4384 8.71550e-15
 5505.4627 8.61714e-15
 5508.4870 8.86661e-15
 5511.5112 9.02232e-15
 5514.5355 8.97699e-15
 5517.5598 9.03904e-15
 5520.5841 9.19334e-15
 5523.6084 9.30300e-15
 5526.6326 9.37886e-15
 5529.6569 9.52069e-15
 5532.6812 9.45843e-15
 5535.7055 9.44782e-15
 5538.7298 9.40696e-15
 5541.7540 9.54840e-15
 5544.7783 9.68491e-15
 5547.8026 9.54600e-15
 5550.8269 9.61857e-15
 5553.8512 9.68939e-15
 5556.8755 9.79315e-15
 5559.8997 9.86398e-15
 5562.9240 9.89518e-15
 5565.9483 9.91913e-15
 5568.9726 9.97046e-15
 5571.9969 1.01880e-14
 5575.0211 1.01321e-14
 5578.0454 1.01190e-14
 5581.0697 1.02470e-14
 5584.0940 1.02119e-14
 5587.1183 1.02852e-14
 5590.1425 1.02280e-14
 5593.1668 1.02071e-14
 5596.1911 1.02540e-14
 5599.2154 1.03509e-14
 5602.2397 1.03719e-14
 5605.2639 1.02294e-14
 5608.2882 1.03003e-14
 5611.3125 1.02055e-14
 5614.3368 1.01172e-14
 5617.3611 1.02455e-14
 5620.3853 1.00916e-14
 5623.4096 1.01696e-14
 5626.4339 1.01548e-14
 5629.4582 1.01342e-14
 5632.4825 1.01471e-14
 5635.5068 1.01228e-14
 5638.5310 1.02164e-14
 5641.5553 1.00422e-14
 5644.5796 9.97595e-15
 5647.6039 1.00131e-14
 5650.6282 1.00779e-14
 5653.6524 1.00735e-14
 5656.6767 9.97723e-15
 5659.7010 1.00212e-14
 5662.7253 1.00711e-14
 5665.7496 1.00844e-14
 5668.7738 1.01277e-14
 5671.7981 9.99943e-15
 5674.8224 1.00577e-14
 5677.8467 9.96759e-15
 5680.8710 9.98205e-15
 5683.8953 1.01167e-14
 5686.9195 1.00556e-14
 5689.9438 1.00074e-14
 5692.9681 1.00177e-14
 5695.9924 9.95548e-15
 5699.0167 9.93432e-15
 5702.0409 9.94620e-15
 5705.0652 9.77606e-15
 5708.0895 9.68798e-15
 5711.1138 9.69397e-15
 5714.1381 9.68321e-15
 5717.1623 9.59908e-15
 5720.1866 9.57333e-15
 5723.2109 9.55148e-15
 5726.2352 9.45257e-15
 5729.2595 9.57016e-15
 5732.2837 9.46732e-15
 5735.3080 9.47646e-15
 5738.3323 9.43675e-15
 5741.3566 9.29790e-15
 5744.3809 9.09300e-15
 5747.4051 8.99249e-15
 5750.4294 9.12298e-15
 5753.4537 9.27213e-15
 5756.4780 9.34486e-15
 5759.5023 9.28886e-15
 5762.5266 9.08775e-15
 5765.5508 9.14699e-15
 5768.5751 9.23098e-15
 5771.5994 9.18346e-15
 5774.6237 9.22824e-15
 5777.6480 9.25688e-15
 5780.6722 9.31970e-15
 5783.6965 9.13169e-15
 5786.7208 9.26381e-15
 5789.7451 9.37374e-15
 5792.7694 9.52762e-15
 5795.7936 9.42960e-15
 5798.8179 9.44744e-15
 5801.8422 9.62176e-15
 5804.8665 9.71381e-15
 5807.8908 9.70660e-15
 5810.9150 9.60097e-15
 5813.9393 9.53513e-15
 5816.9636 9.56855e-15
 5819.9879 9.60097e-15
 5823.0122 9.47050e-15
 5826.0365 9.52723e-15
 5829.0607 9.58066e-15
 5832.0850 9.57714e-15
 5835.1093 9.53502e-15
 5838.1336 9.53902e-15
 5841.1579 9.56221e-15
 5844.1821 9.58596e-15
 5847.2064 9.54397e-15
 5850.2307 9.40043e-15
 5853.2550 9.09406e-15
 5856.2793 8.45268e-15
 5859.3035 8.39885e-15
 5862.3278 8.52345e-15
 5865.3521 8.94102e-15
 5868.3764 9.49107e-15
 5871.4007 9.71721e-15
 5874.4249 9.77219e-15
 5877.4492 9.79125e-15
 5880.4735 9.75288e-15
 5883.4978 9.76978e-15
 5886.5221 9.11245e-15
 5889.5463 8.27573e-15
 5892.5706 7.90760e-15
 5895.5949 8.03844e-15
 5898.6192 8.59702e-15
 5901.6435 9.42839e-15
 5904.6678 9.66540e-15
 5907.6920 1.00628e-14
 5910.7163 9.86122e-15
 5913.7406 9.77055e-15
 5916.7649 9.88503e-15
 5919.7892 9.76591e-15
 5922.8134 9.84071e-15
 5925.8377 9.81083e-15
 5928.8620 9.80335e-15
 5931.8863 9.82848e-15
 5934.9106 9.71486e-15
 5937.9348 9.74061e-15
 5940.9591 9.67396e-15
 5943.9834 9.77258e-15
 5947.0077 9.83401e-15
 5950.0320 9.83824e-15
 5953.0562 9.96304e-15
 5956.0805 9.92948e-15
 5959.1048 9.77623e-15
 5962.1291 9.77708e-15
 5965.1534 9.87904e-15
 5968.1776 9.94666e-15
 5971.2019 9.94309e-15
 5974.2262 9.76925e-15
 5977.2505 9.70412e-15
 5980.2748 9.81207e-15
 5983.2991 9.80431e-15
 5986.3233 9.72087e-15
 5989.3476 9.56820e-15
 5992.3719 9.56495e-15
 5995.3962 9.67701e-15
 5998.4205 9.66759e-15
 6001.4447 9.58111e-15
 6004.4690 9.49552e-15
 6007.4933 9.47754e-15
 6010.5176 9.43544e-15
 6013.5419 9.41255e-15
 6016.5661 9.28340e-15
 6019.5904 9.40907e-15
 6022.6147 9.18508e-15
 6025.6390 9.02400e-15
 6028.6633 8.94536e-15
 6031.6876 9.08375e-15
 6034.7118 8.89646e-15
 6037.7361 8.58589e-15
 6040.7604 8.42037e-15
 6043.7847 8.24223e-15
 6046.8090 8.06281e-15
 6049.8332 7.89902e-15
 6052.8575 7.72390e-15
 6055.8818 7.55309e-15
 6058.9061 7.32183e-15
 6061.9304 7.02295e-15
 6064.9546 6.72575e-15
 6067.9789 6.58576e-15
 6071.0032 6.43060e-15
 6074.0275 6.21199e-15
 6077.0518 6.04411e-15
 6080.0760 5.79601e-15
 6083.1003 5.64857e-15
 6086.1246 5.40546e-15
 6089.1489 5.27288e-15
 6092.1732 5.08180e-15
 6095.1974 4.98558e-15
 6098.2217 4.81336e-15
 6101.2460 4.64590e-15
 6104.2703 4.50104e-15
 6107.2946 4.42021e-15
 6110.3189 4.32331e-15
 6113.3431 4.29674e-15
 6116.3674 4.21637e-15
 6119.3917 4.14470e-15
 6122.4160 4.11382e-15
 6125.4403 4.10877e-15
 6128.4645 4.07462e-15
 6131.4888 4.08602e-15
 6134.5131 4.15091e-15
 6137.5374 4.13001e-15
 6140.5617 4.16867e-15
 6143.5859 4.23219e-15
 6146.6102 4.33730e-15
 6149.6345 4.47549e-15
 6152.6588 4.61588e-15
 6155.6831 4.69598e-15
 6158.7074 4.79854e-15
 6161.7316 4.86383e-15
 6164.7559 5.06801e-15
 6167.7802 5.20677e-15
 6170.8045 5.39858e-15
 6173.8288 5.51324e-15
 6176.8530 5.63607e-15
 6179.8773 5.78430e-15
 6182.9016 5.91403e-15
 6185.9259 6.02776e-15
 6188.9502 6.19338e-15
 6191.9744 6.30706e-15
 6194.9987 6.53302e-15
 6198.0230 6.68873e-15
 6201.0473 6.68369e-15
 6204.0716 6.86338e-15
 6207.0958 7.01016e-15
 6210.1201 7.05749e-15
 6213.1444 7.14973e-15
 6216.1687 7.32118e-15
 6219.1930 7.37783e-15
 6222.2172 7.47454e-15
 6225.2415 7.59243e-15
 6228.2658 7.65971e-15
 6231.2901 7.80201e-15
 6234.3144 7.91279e-15
 6237.3386 7.89422e-15
 6240.3629 7.74650e-15
 6243.3872 7.60398e-15
 6246.4115 7.71333e-15
 6249.4358 7.82275e-15
 6252.4601 7.98054e-15
 6255.4843 8.14373e-15
 6258.5086 8.15457e-15
 6261.5329 8.18166e-15
 6264.5572 8.21068e-15
 6267.5815 8.24040e-15
 6270.6057 8.35127e-15
 6273.6300 8.36543e-15
 6276.6543 8.49197e-15
 6279.6786 8.42679e-15
 6282.7029 8.30480e-15
 6285.7271 8.35604e-15
 6288.7514 8.48501e-15
 6291.7757 8.40959e-15
 6294.8000 8.63059e-15
 6297.8243 8.58181e-15
 6300.8485 8.50592e-15
 6303.8728 8.43720e-15
 6306.8971 8.40563e-15
 6309.9214 8.58374e-15
 6312.9457 8.52817e-15
 6315.9699 8.45673e-15
 6318.9942 8.42512e-15
 6322.0185 8.39702e-15
 6325.0428 8.43429e-15
 6328.0671 8.31952e-15
 6331.0914 8.34967e-15
 6334.1156 8.29825e-15
 6337.1399 8.27271e-15
 6340.1642 8.18787e-15
 6343.1885 8.13454e-15
 6346.2128 8.09958e-15
 6349.2370 8.12233e-15
 6352.2613 8.17246e-15
 6355.2856 8.14666e-15
 6358.3099 8.18553e-15
 6361.3342 8.20352e-15
 6364.3584 8.07849e-15
 6367.3827 8.13084e-15
 6370.4070 8.01150e-15
 6373.4313 8.11362e-15
 6376.4556 8.14855e-15
 6379.4799 8.11096e-15
 6382.5041 8.13930e-15
 6385.5284 8.04323e-15
 6388.5527 8.07614e-15
 6391.5770 8.06501e-15
 6394.6013 8.01225e-15
 6397.6255 8.00468e-15
 6400.6498 7.98850e-15
 6403.6741 7.93457e-15
 6406.6984 7.94425e-15
 6409.7227 7.90320e-15
 6412.7469 7.84486e-15
 6415.7712 7.84178e-15
 6418.7955 7.71668e-15
 6421.8198 7.74202e-15
 6424.8441 7.77054e-15
 6427.8683 7.73660e-15
 6430.8926 7.78030e-15
 6433.9169 7.77156e-15
 6436.9412 7.70582e-15
 6439.9655 7.70009e-15
 6442.9897 7.68350e-15
 6446.0140 7.61255e-15
 6449.0383 7.52895e-15
 6452.0626 7.46009e-15
 6455.0869 7.47895e-15
 6458.1111 7.50573e-15
 6461.1354 7.53572e-15
 6464.1597 7.58851e-15
 6467.1840 7.52116e-15
 6470.2083 7.49510e-15
 6473.2326 7.42520e-15
 6476.2568 7.35762e-15
 6479.2811 7.30881e-15
 6482.3054 7.31632e-15
 6485.3297 7.34955e-15
 6488.3540 7.30793e-15
 6491.3782 7.27908e-15
 6494.4025 7.21491e-15
 6497.4268 7.27552e-15
 6500.4511 7.26628e-15
 6503.4754 7.30231e-15
 6506.4997 7.26997e-15
 6509.5239 7.21943e-15
 6512.5482 7.23774e-15
 6515.5725 7.17502e-15
 6518.5968 7.16264e-15
 6521.6211 7.09847e-15
 6524.6453 7.12554e-15
 6527.6696 7.17812e-15
 6530.6939 7.10525e-15
 6533.7182 7.04996e-15
 6536.7425 6.99497e-15
 6539.7667 6.95273e-15
 6542.7910 7.01048e-15
 6545.8153 7.07320e-15
 6548.8396 6.94948e-15
 6551.8639 6.93583e-15
 6554.8881 6.89353e-15
 6557.9124 6.91971e-15
 6560.9367 6.91920e-15
 6563.9610 6.84645e-15
 6566.9853 6.78388e-15
 6570.0095 6.78448e-15
 6573.0338 6.68006e-15
 6576.0581 6.66054e-15
 6579.0824 6.73266e-15
 6582.1067 6.72376e-15
 6585.1309 6.64659e-15
 6588.1552 6.56248e-15
 6591.1795 6.56536e-15
 6594.2038 6.48648e-15
 6597.2281 6.58685e-15
 6600.2524 6.54478e-15
 6603.2766 6.55744e-15
 6606.3009 6.58206e-15
 6609.3252 6.55505e-15
 6612.3495 6.40739e-15
 6615.3738 6.34878e-15
 6618.3980 6.40726e-15
 6621.4223 6.40807e-15
 6624.4466 6.32062e-15
 6627.4709 6.43050e-15
 6630.4952 6.46487e-15
 6633.5194 6.38149e-15
 6636.5437 6.31578e-15
 6639.5680 6.36994e-15
 6642.5923 6.40094e-15
 6645.6166 6.37380e-15
 6648.6409 6.34317e-15
 6651.6651 6.35273e-15
 6654.6894 6.31017e-15
 6657.7137 6.15068e-15
 6660.7380 6.13911e-15
 6663.7623 6.16632e-15
 6666.7865 6.12843e-15
 6669.8108 6.14749e-15
 6672.8351 6.15082e-15
 6675.8594 6.05030e-15
 6678.8837 6.08824e-15
 6681.9079 6.14436e-15
 6684.9322 5.98307e-15
 6687.9565 6.01656e-15
 6690.9808 5.94549e-15
 6694.0051 5.87793e-15
 6697.0293 5.96325e-15
 6700.0536 5.87908e-15
 6703.0779 5.85791e-15
 6706.1022 5.89867e-15
 6709.1265 5.78365e-15
 6712.1507 5.74783e-15
 6715.1750 5.81920e-15
 6718.1993 5.82916e-15
 6721.2236 5.65015e-15
 6724.2479 5.62057e-15
 6727.2722 5.69377e-15
 6730.2964 5.70109e-15
 6733.3207 5.61485e-15
 6736.3450 5.60741e-15
 6739.3693 5.58534e-15
 6742.3936 5.58171e-15
 6745.4178 5.58748e-15
 6748.4421 5.50946e-15
 6751.4664 5.48701e-15
 6754.4907 5.48356e-15
 6757.5150 5.43367e-15
 6760.5392 5.44166e-15
 6763.5635 5.50294e-15
 6766.5878 5.46370e-15
 6769.6121 5.44685e-15
 6772.6364 5.53358e-15
 6775.6606 5.40268e-15
 6778.6849 5.42050e-15
 6781.7092 5.47110e-15
 6784.7335 5.44387e-15
 6787.7578 5.41972e-15
 6790.7820 5.36715e-15
 6793.8063 5.35464e-15
 6796.8306 5.32245e-15
 6799.8549 5.29541e-15
 6802.8792 5.26213e-15
 6805.9034 5.32694e-15
 6808.9277 5.18677e-15
 6811.9520 5.24590e-15
 6814.9763 5.24754e-15
 6818.0006 5.21151e-15
 6821.0249 5.13223e-15
 6824.0491 5.09726e-15
 6827.0734 5.06228e-15
 6830.0977 5.02730e-15
 6833.1220 4.99232e-15
 6836.1463 4.95735e-15
 6839.1705 4.92237e-15
 6842.1948 4.88739e-15
 6845.2191 4.85242e-15
 6848.2434 4.81744e-15
 6851.2677 4.87601e-15
 6854.2920 4.89439e-15
 6857.3162 4.95246e-15
 6860.3405 4.97021e-15
 6863.3648 4.86891e-15
 6866.3891 4.92260e-15
 6869.4134 4.89934e-15
 6872.4376 4.93000e-15
 6875.4619 4.99471e-15
 6878.4862 4.87137e-15
 6881.5105 4.92216e-15
 6884.5348 4.89032e-15
 6887.5590 4.94040e-15
 6890.5833 4.87582e-15
 6893.6076 4.83663e-15
 6896.6319 4.82125e-15
 6899.6562 4.82396e-15
 6902.6804 4.83841e-15
 6905.7047 4.80144e-15
 6908.7290 4.88095e-15
 6911.7533 4.94520e-15
 6914.7776 4.84255e-15
 6917.8018 4.76617e-15
 6920.8261 4.75646e-15
 6923.8504 4.84449e-15
 6926.8747 4.83858e-15
 6929.8990 4.79617e-15
 6932.9232 4.77012e-15
 6935.9475 4.75618e-15
 6938.9718 4.65874e-15
 6941.9961 4.71783e-15
 6945.0204 4.74317e-15
 6948.0447 4.65557e-15
 6951.0689 4.63716e-15
 6954.0932 4.60643e-15
 6957.1175 4.61355e-15
 6960.1418 4.65608e-15
 6963.1661 4.64145e-15
 6966.1903 4.66281e-15
 6969.2146 4.66257e-15
 6972.2389 4.61073e-15
 6975.2632 4.58849e-15
 6978.2875 4.55248e-15
 6981.3117 4.61634e-15
 6984.3360 4.61914e-15
 6987.3603 4.55348e-15
 6990.3846 4.53848e-15
 6993.4089 4.54744e-15
 6996.4332 4.49989e-15
 6999.4574 4.55565e-15
 7002.4817 4.49697e-15
 7005.5060 4.46272e-15
 7008.5303 4.50616e-15
 7011.5546 4.46399e-15
 7014.5788 4.41509e-15
 7017.6031 4.44342e-15
 7020.6274 4.41201e-15
 7023.6517 4.42431e-15
 7026.6760 4.42033e-15
 7029.7002 4.42158e-15
 7032.7245 4.41025e-15
 7035.7488 4.40060e-15
 7038.7731 4.41581e-15
 7041.7974 4.52962e-15
 7044.8216 4.43618e-15
 7047.8459 4.45291e-15
 7050.8702 4.41803e-15
 7053.8945 4.37974e-15
 7056.9188 4.43641e-15
 7059.9430 4.50245e-15
 7062.9673 4.45979e-15
 7065.9916 4.35902e-15
 7069.0159 4.38767e-15
 7072.0402 4.33581e-15
 7075.0645 4.31110e-15
 7078.0887 4.34202e-15
 7081.1130 4.40580e-15
 7084.1373 4.41825e-15
 7087.1616 4.43962e-15
 7090.1859 4.39302e-15
 7093.2101 4.40730e-15
 7096.2344 4.41536e-15
 7099.2587 4.35291e-15
 7102.2830 4.36426e-15
 7105.3073 4.32151e-15
 7108.3315 4.44460e-15
 7111.3558 4.43201e-15
 7114.3801 4.28434e-15
 7117.4044 4.25772e-15
 7120.4287 4.31327e-15
 7123.4529 4.36924e-15
 7126.4772 4.27799e-15
 7129.5015 4.29763e-15
 7132.5258 4.25046e-15
 7135.5501 4.26799e-15
 7138.5744 4.23040e-15
 7141.5986 4.16418e-15
 7144.6229 4.18630e-15
 7147.6472 4.27869e-15
 7150.6715 4.26454e-15
 7153.6958 4.29673e-15
 7156.7200 4.30025e-15
 7159.7443 4.26343e-15
 7162.7686 4.27987e-15
 7165.7929 4.36155e-15
 7168.8172 4.35412e-15
 7171.8414 4.36196e-15
 7174.8657 4.29946e-15
 7177.8900 4.30023e-15
 7180.9143 4.31956e-15
 7183.9386 4.21226e-15
 7186.9628 4.23476e-15
 7189.9871 4.16185e-15
 7193.0114 4.09027e-15
 7196.0357 4.25299e-15
 7199.0600 4.26261e-15
 7202.0843 4.19223e-15
 7205.1085 4.14182e-15
 7208.1328 4.16349e-15
 7211.1571 4.13526e-15
 7214.1814 4.24865e-15
 7217.2057 4.18870e-15
 7220.2299 4.12224e-15
 7223.2542 4.11727e-15
 7226.2785 4.17363e-15
 7229.3028 4.19407e-15
 7232.3271 4.02005e-15
 7235.3513 4.04762e-15
 7238.3756 4.12304e-15
 7241.3999 4.14072e-15
 7244.4242 4.08110e-15
 7247.4485 4.01633e-15
 7250.4727 4.00116e-15
 7253.4970 4.09855e-15
 7256.5213 4.08343e-15
 7259.5456 4.06126e-15
 7262.5699 4.03367e-15
 7265.5941 4.04810e-15
 7268.6184 4.02864e-15
 7271.6427 4.02153e-15
 7274.6670 4.00876e-15
 7277.6913 3.94263e-15
 7280.7155 3.90754e-15
 7283.7398 3.92371e-15
 7286.7641 3.86106e-15
 7289.7884 3.82611e-15
 7292.8127 3.92544e-15
 7295.8370 3.84017e-15
 7298.8612 3.80489e-15
 7301.8855 3.78105e-15
 7304.9098 3.68796e-15
 7307.9341 3.71533e-15
 7310.9584 3.72035e-15
 7313.9826 3.64311e-15
 7317.0069 3.61896e-15
 7320.0312 3.61996e-15
 7323.0555 3.57996e-15
 7326.0798 3.64664e-15
 7329.1040 3.61545e-15
 7332.1283 3.61542e-15
 7335.1526 3.69745e-15
 7338.1769 3.57323e-15
 7341.2012 3.59970e-15
 7344.2255 3.50913e-15
 7347.2497 3.45025e-15
 7350.2740 3.50524e-15
 7353.2983 3.52550e-15
 7356.3226 3.52263e-15
 7359.3469 3.49942e-15
 7362.3711 3.50166e-15
 7365.3954 3.43307e-15
 7368.4197 3.40626e-15
 7371.4440 3.49311e-15
 7374.4683 3.54281e-15
 7377.4925 3.45550e-15
 7380.5168 3.47354e-15
 7383.5411 3.50112e-15
 7386.5654 3.37823e-15
 7389.5897 3.41384e-15
 7392.6139 3.38141e-15
 7395.6382 3.38485e-15
 7398.6625 3.44607e-15
 7401.6868 3.40345e-15
 7404.7111 3.34894e-15
 7407.7353 3.37209e-15
 7410.7596 3.35237e-15
 7413.7839 3.27412e-15
 7416.8082 3.23000e-15
 7419.8325 3.33531e-15
 7422.8568 3.26197e-15
 7425.8810 3.22599e-15
 7428.9053 3.16317e-15
 7431.9296 3.14649e-15
 7434.9539 3.10280e-15
 7437.9782 3.12799e-15
 7441.0024 3.01730e-15
 7444.0267 2.99627e-15
 7447.0510 2.93294e-15
 7450.0753 2.99723e-15
 7453.0996 3.00077e-15
 7456.1238 2.94951e-15
 7459.1481 2.97541e-15
 7462.1724 2.94335e-15
 7465.1967 2.88468e-15
 7468.2210 2.93990e-15
 7471.2453 2.97377e-15
 7474.2695 2.95959e-15
 7477.2938 2.91977e-15
 7480.3181 2.94944e-15
 7483.3424 2.97219e-15
 7486.3667 3.01983e-15
 7489.3909 2.99365e-15
 7492.4152 3.00750e-15
 7495.4395 2.97505e-15
 7498.4638 2.97858e-15
 7501.4881 3.00861e-15
 7504.5123 3.01359e-15
 7507.5366 2.99838e-15
 7510.5609 3.10474e-15
 7513.5852 3.05005e-15
 7516.6095 2.99544e-15
 7519.6337 3.04071e-15
 7522.6580 3.04487e-15
 7525.6823 3.07536e-15
 7528.7066 3.07691e-15
 7531.7309 3.04090e-15
 7534.7551 3.06657e-15
 7537.7794 3.09456e-15
 7540.8037 3.09636e-15
 7543.8280 3.06157e-15
 7546.8523 3.05176e-15
 7549.8766 3.04194e-15
 7552.9008 3.03212e-15
 7555.9251 3.02231e-15
 7558.9494 3.01249e-15
 7561.9737 3.00267e-15
 7564.9980 2.99286e-15
 7568.0222 2.98304e-15
 7571.0465 2.97323e-15
 7574.0708 2.96341e-15
 7577.0951 2.95359e-15
 7580.1194 2.94377e-15
 7583.1436 2.93396e-15
 7586.1679 2.92414e-15
 7589.1922 2.91432e-15
 7592.2165 3.06727e-15
 7595.2408 3.10429e-15
 7598.2650 3.15185e-15
 7601.2893 3.16772e-15
 7604.3136 3.15660e-15
 7607.3379 3.21270e-15
 7610.3622 3.23895e-15
 7613.3864 3.26978e-15
 7616.4107 3.18623e-15
 7619.4350 3.17931e-15
 7622.4593 3.16544e-15
 7625.4836 3.21485e-15
 7628.5079 3.25633e-15
 7631.5321 3.29852e-15
 7634.5564 3.28465e-15
 7637.5807 3.20900e-15
 7640.6050 3.26279e-15
 7643.6293 3.27528e-15
 7646.6535 3.20784e-15
 7649.6778 3.24933e-15
 7652.7021 3.28809e-15
 7655.7264 3.27337e-15
 7658.7507 3.28706e-15
 7661.7749 3.24145e-15
 7664.7992 3.15873e-15
 7667.8235 3.27990e-15
 7670.8478 3.30949e-15
 7673.8721 3.37348e-15
 7676.8963 3.44551e-15
 7679.9206 3.41468e-15
 7682.9449 3.38214e-15
 7685.9692 3.49007e-15
 7688.9935 3.44417e-15
 7692.0178 3.43902e-15
 7695.0420 3.45675e-15
 7698.0663 3.36744e-15
 7701.0906 3.32342e-15
 7704.1149 3.51621e-15
 7707.1392 3.52938e-15
 7710.1634 3.52167e-15
 7713.1877 3.58309e-15
 7716.2120 3.56863e-15
 7719.2363 3.60880e-15
 7722.2606 3.65314e-15
 7725.2848 3.62863e-15
 7728.3091 3.69453e-15
 7731.3334 3.60992e-15
 7734.3577 3.63435e-15
 7737.3820 3.73847e-15
 7740.4062 3.78926e-15
 7743.4305 3.73548e-15
 7746.4548 3.73340e-15
 7749.4791 3.83071e-15
 7752.5034 3.81589e-15
 7755.5276 3.81662e-15
 7758.5519 3.87444e-15
 7761.5762 3.84486e-15
 7764.6005 3.89348e-15
 7767.6248 3.96498e-15
 7770.6491 4.01981e-15
 7773.6733 4.11379e-15
 7776.6976 3.98137e-15
 7779.7219 3.96735e-15
 7782.7462 4.05751e-15
 7785.7705 4.02254e-15
 7788.7947 4.01767e-15
 7791.8190 4.08038e-15
 7794.8433 4.08395e-15
 7797.8676 4.04416e-15
 7800.8919 4.13320e-15
 7803.9161 4.10176e-15
 7806.9404 4.10844e-15
 7809.9647 4.18014e-15
 7812.9890 4.20458e-15
 7816.0133 4.18699e-15
 7819.0376 4.24179e-15
 7822.0618 4.21761e-15
 7825.0861 4.22044e-15
 7828.1104 4.22400e-15
 7831.1347 4.25389e-15
 7834.1590 4.26785e-15
 7837.1832 4.26900e-15
 7840.2075 4.24195e-15
 7843.2318 4.21022e-15
 7846.2561 4.25139e-15
 7849.2804 4.21676e-15
 7852.3046 4.20527e-15
 7855.3289 4.12043e-15
 7858.3532 4.18770e-15
 7861.3775 4.23889e-15
 7864.4018 4.29918e-15
 7867.4260 4.39650e-15
 7870.4503 4.25802e-15
 7873.4746 4.27300e-15
 7876.4989 4.30308e-15
 7879.5232 4.31015e-15
 7882.5474 4.30413e-15
 7885.5717 4.33378e-15
 7888.5960 4.20925e-15
 7891.6203 4.22266e-15
 7894.6446 4.26817e-15
 7897.6689 4.30792e-15
 7900.6931 4.26052e-15
 7903.7174 4.24955e-15
 7906.7417 4.26813e-15
 7909.7660 4.22122e-15
 7912.7903 4.20953e-15
 7915.8145 4.22690e-15
 7918.8388 4.23445e-15
 7921.8631 4.21623e-15
 7924.8874 4.15027e-15
 7927.9117 4.12638e-15
 7930.9359 4.16519e-15
 7933.9602 4.14899e-15
 7936.9845 4.13262e-15
 7940.0088 4.06699e-15
 7943.0331 4.19459e-15
 7946.0573 4.23168e-15
 7949.0816 4.20260e-15
 7952.1059 4.15588e-15
 7955.1302 4.05990e-15
 7958.1545 4.04127e-15
 7961.1788 4.06310e-15
 7964.2030 3.96787e-15
 7967.2273 4.03024e-15
 7970.2516 4.02367e-15
 7973.2759 3.97740e-15
 7976.3002 4.04041e-15
 7979.3244 4.12648e-15
 7982.3487 4.06738e-15
 7985.3730 3.91105e-15
 7988.3973 3.90581e-15
 7991.4216 3.85610e-15
 7994.4458 3.80709e-15
 7997.4701 3.77710e-15
 8000.4944 3.79156e-15
 8003.5187 3.75406e-15
 8006.5430 3.70122e-15
 8009.5672 3.75530e-15
 8012.5915 3.65342e-15
 8015.6158 3.65574e-15
 8018.6401 3.71438e-15
 8021.6644 3.74602e-15
 8024.6886 3.70183e-15
 8027.7129 3.71253e-15
 8030.7372 3.71405e-15
 8033.7615 3.63647e-15
 8036.7858 3.57020e-15
 8039.8101 3.71556e-15
 8042.8343 3.75852e-15
 8045.8586 3.67330e-15
 8048.8829 3.72880e-15
 8051.9072 3.79553e-15
 8054.9315 3.64727e-15
 8057.9557 3.62236e-15
 8060.9800 3.68056e-15
 8064.0043 3.73401e-15
 8067.0286 3.74811e-15
 8070.0529 3.68798e-15
 8073.0771 3.73358e-15
 8076.1014 3.70750e-15
 8079.1257 3.76480e-15
 8082.1500 3.72490e-15
 8085.1743 3.71265e-15
 8088.1985 3.73606e-15
 8091.2228 3.74103e-15
 8094.2471 3.69225e-15
 8097.2714 3.70003e-15
 8100.2957 3.74243e-15
 8103.3199 3.72104e-15
 8106.3442 3.66705e-15
 8109.3685 3.67595e-15
 8112.3928 3.65647e-15
 8115.4171 3.48215e-15
 8118.4414 3.55215e-15
 8121.4656 3.68759e-15
 8124.4899 3.60978e-15
 8127.5142 3.63740e-15
 8130.5385 3.66181e-15
 8133.5628 3.61597e-15
 8136.5870 3.43480e-15
 8139.6113 3.41709e-15
 8142.6356 3.36955e-15
 8145.6599 3.30539e-15
 8148.6842 3.36554e-15
 8151.7084 3.38096e-15
 8154.7327 3.40419e-15
 8157.7570 3.34878e-15
 8160.7813 3.28331e-15
 8163.8056 3.26341e-15
 8166.8299 3.25786e-15
 8169.8541 3.21261e-15
 8172.8784 3.17899e-15
 8175.9027 3.11246e-15
 8178.9270 2.89785e-15
 8181.9513 2.88321e-15
 8184.9755 3.09310e-15
 8187.9998 3.07051e-15
 8191.0241 3.00169e-15
 8194.0484 2.89629e-15
 8197.0727 2.91493e-15
 8200.0969 2.96023e-15
 8203.1212 2.99189e-15
 8206.1455 2.89041e-15
 8209.1698 2.83459e-15
 8212.1941 2.87714e-15
 8215.2183 2.86192e-15
 8218.2426 2.84386e-15
 8221.2669 2.85085e-15
 8224.2912 2.85519e-15
 8227.3155 2.74019e-15
 8230.3397 2.77629e-15
 8233.3640 2.84423e-15
 8236.3883 2.82929e-15
 8239.4126 2.80889e-15
 8242.4369 2.82094e-15
 8245.4612 2.72932e-15
 8248.4854 2.86922e-15
 8251.5097 2.96446e-15
 8254.5340 2.90049e-15
 8257.5583 2.98134e-15
 8260.5826 2.99077e-15
 8263.6068 2.92183e-15
 8266.6311 2.88820e-15
 8269.6554 2.84922e-15
 8272.6797 2.92279e-15
 8275.7040 2.98994e-15
 8278.7282 3.04861e-15
 8281.7525 3.07423e-15
 8284.7768 2.98101e-15
 8287.8011 3.04683e-15
 8290.8254 3.05842e-15
 8293.8497 3.14989e-15
 8296.8739 3.13023e-15
 8299.8982 3.16836e-15
 8302.9225 3.15999e-15
 8305.9468 3.13826e-15
 8308.9711 3.15797e-15
 8311.9953 3.09470e-15
 8315.0196 3.12084e-15
 8318.0439 3.21687e-15
 8321.0682 3.21959e-15
 8324.0925 3.19045e-15
 8327.1167 3.20418e-15
 8330.1410 3.17226e-15
 8333.1653 3.22980e-15
 8336.1896 3.29714e-15
 8339.2139 3.35806e-15
 8342.2381 3.25870e-15
 8345.2624 3.24751e-15
 8348.2867 3.37384e-15
 8351.3110 3.34911e-15
 8354.3353 3.34004e-15
 8357.3595 3.37189e-15
 8360.3838 3.36893e-15
 8363.4081 3.46279e-15
 8366.4324 3.51663e-15
 8369.4567 3.43486e-15
 8372.4809 3.54308e-15
 8375.5052 3.63835e-15
 8378.5295 3.66083e-15
 8381.5538 3.65669e-15
 8384.5781 3.57009e-15
 8387.6024 3.54287e-15
 8390.6266 3.61945e-15
 8393.6509 3.58338e-15
 8396.6752 3.64195e-15
 8399.6995 3.78639e-15
 8402.7238 3.89960e-15
 8405.7480 3.92261e-15
 8408.7723 3.94936e-15
 8411.7966 3.93034e-15
 8414.8209 3.94645e-15
 8417.8452 3.95339e-15
 8420.8694 3.84832e-15
 8423.8937 3.80707e-15
 8426.9180 3.97192e-15
 8429.9423 4.00853e-15
 8432.9666 4.04045e-15
 8435.9908 4.12000e-15
 8439.0151 4.00782e-15
 8442.0394 3.94288e-15
 8445.0637 4.00691e-15
 8448.0880 4.15056e-15
 8451.1123 4.00664e-15
 8454.1365 3.95458e-15
 8457.1608 3.96440e-15
 8460.1851 4.11065e-15
 8463.2094 4.16199e-15
 8466.2337 4.12899e-15
 8469.2579 4.25459e-15
 8472.2822 4.32503e-15
 8475.3065 4.33224e-15
 8478.3308 4.17861e-15
 8481.3551 4.16628e-15
 8484.3793 4.12152e-15
 8487.4036 4.12042e-15
 8490.4279 4.07728e-15
 8493.4522 4.13821e-15
 8496.4765 4.24038e-15
 8499.5007 4.14478e-15
 8502.5250 4.08552e-15
 8505.5493 4.12500e-15
 8508.5736 4.10179e-15
 8511.5979 4.14922e-15
 8514.6222 4.16084e-15
 8517.6464 4.39469e-15
 8520.6707 4.34329e-15
 8523.6950 4.17235e-15
 8526.7193 4.18814e-15
 8529.7436 4.22797e-15
 8532.7678 4.25439e-15
 8535.7921 4.26056e-15
 8538.8164 4.27450e-15
 8541.8407 4.25371e-15
 8544.8650 4.22404e-15
 8547.8892 4.19438e-15
 8550.9135 4.16472e-15
 8553.9378 4.13506e-15
 8556.9621 4.10540e-15
 8559.9864 4.07574e-15
 8563.0106 4.28911e-15
 8566.0349 4.16697e-15
 8569.0592 4.12435e-15
 8572.0835 4.06669e-15
 8575.1078 4.10999e-15
 8578.1320 4.08219e-15
 8581.1563 4.11394e-15
 8584.1806 4.06397e-15
 8587.2049 4.16488e-15
 8590.2292 4.28407e-15
 8593.2534 4.23142e-15
 8596.2777 4.07620e-15
 8599.3020 4.11791e-15
 8602.3263 4.05909e-15
 8605.3506 4.00639e-15
 8608.3749 4.04823e-15
 8611.3991 4.08161e-15
 8614.4234 4.07745e-15
 8617.4477 4.15587e-15
 8620.4720 4.05026e-15
 8623.4963 4.02775e-15
 8626.5205 4.00526e-15
 8629.5448 3.99145e-15
 8632.5691 3.98546e-15
 8635.5934 4.00135e-15
 8638.6177 4.02744e-15
 8641.6420 4.08818e-15
 8644.6662 4.10153e-15
 8647.6905 4.05122e-15
 8650.7148 4.03980e-15
 8653.7391 4.03829e-15
 8656.7634 3.95613e-15
 8659.7876 4.05697e-15
 8662.8119 4.03924e-15
 8665.8362 4.01846e-15
 8668.8605 4.00931e-15
 8671.8848 4.07222e-15
 8674.9090 4.01595e-15
 8677.9333 3.99508e-15
 8680.9576 4.03612e-15
 8683.9819 3.94656e-15
 8687.0062 3.83574e-15
 8690.0304 3.85049e-15
 8693.0547 4.00728e-15
 8696.0790 3.95584e-15
 8699.1033 3.92652e-15
 8702.1276 3.93315e-15
 8705.1518 3.92816e-15
 8708.1761 3.89512e-15
 8711.2004 3.88444e-15
 8714.2247 3.81763e-15
 8717.2490 3.85265e-15
 8720.2732 3.94825e-15
 8723.2975 3.92484e-15
 8726.3218 3.81988e-15
 8729.3461 3.86540e-15
 8732.3704 3.81624e-15
 8735.3947 3.82171e-15
 8738.4189 3.82719e-15
 8741.4432 3.83267e-15
 8744.4675 3.83814e-15
 8747.4918 3.84362e-15
 8750.5161 3.73381e-15
 8753.5403 3.80917e-15
 8756.5646 3.79158e-15
 8759.5889 3.74669e-15
 8762.6132 3.83315e-15
 8765.6375 3.74883e-15
 8768.6617 3.72502e-15
 8771.6860 3.68561e-15
 8774.7103 3.62340e-15
 8777.7346 3.77036e-15
 8780.7589 3.80422e-15
 8783.7832 3.75056e-15
 8786.8074 3.71330e-15
 8789.8317 3.74705e-15
 8792.8560 3.64255e-15
 8795.8803 3.60318e-15
 8798.9046 3.53593e-15
 8801.9288 3.49187e-15
 8804.9531 3.47914e-15
 8807.9774 3.44653e-15
 8811.0017 3.45150e-15
 8814.0260 3.30459e-15
 8817.0502 3.44771e-15
 8820.0745 3.51880e-15
 8823.0988 3.49927e-15
 8826.1231 3.39437e-15
 8829.1474 3.39091e-15
 8832.1716 3.31857e-15
 8835.1959 3.36044e-15
 8838.2202 3.20163e-15
 8841.2445 3.23798e-15
 8844.2688 3.25646e-15
 8847.2930 3.18582e-15
 8850.3173 3.24520e-15
 8853.3416 3.22410e-15
 8856.3659 3.21824e-15
 8859.3902 3.14683e-15
 8862.4145 3.15285e-15
 8865.4387 3.15989e-15
 8868.4630 3.15577e-15
 8871.4873 3.06990e-15
 8874.5116 2.96650e-15
 8877.5359 3.04722e-15
 8880.5601 2.99922e-15
 8883.5844 2.98500e-15
 8886.6087 2.95121e-15
 8889.6330 3.01155e-15
 8892.6573 3.12147e-15
 8895.6815 2.97381e-15
 8898.7058 2.88320e-15
 8901.7301 2.94437e-15
 8904.7544 3.07442e-15
 8907.7787 3.19024e-15
 8910.8029 2.94438e-15
 8913.8272 2.72394e-15
 8916.8515 2.83982e-15
 8919.8758 2.88385e-15
 8922.9001 2.80362e-15
 8925.9243 2.80303e-15
 8928.9486 2.92349e-15
 8931.9729 2.94860e-15
 8934.9972 2.79647e-15
 8938.0215 2.67901e-15
 8941.0458 2.71101e-15
 8944.0700 2.86614e-15
 8947.0943 2.84896e-15
 8950.1186 2.71733e-15
 8953.1429 2.70395e-15
 8956.1672 2.78215e-15
 8959.1914 2.84019e-15
 8962.2157 2.91224e-15
 8965.2400 2.82636e-15
 8968.2643 2.91641e-15
 8971.2886 2.80617e-15
 8974.3128 2.78897e-15
 8977.3371 2.80870e-15
 8980.3614 2.81403e-15
 8983.3857 2.86607e-15
 8986.4100 2.88307e-15
 8989.4343 2.71907e-15
 8992.4585 2.76743e-15
 8995.4828 2.66408e-15
 8998.5071 2.68599e-15
 9001.5314 2.71401e-15
 9004.5557 2.67042e-15
 9007.5799 2.66424e-15
 9010.6042 2.61153e-15
 9013.6285 2.73573e-15
 9016.6528 2.78222e-15
 9019.6771 2.55674e-15
 9022.7013 2.69319e-15
 9025.7256 2.82729e-15
 9028.7499 2.70137e-15
 9031.7742 2.67028e-15
 9034.7985 2.56422e-15
 9037.8227 2.58177e-15
 9040.8470 2.67147e-15
 9043.8713 2.55715e-15
 9046.8956 2.61423e-15
 9049.9199 2.70592e-15
 9052.9441 2.69113e-15
 9055.9684 2.53294e-15
 9058.9927 2.54008e-15
 9062.0170 2.74702e-15
 9065.0413 2.63432e-15
 9068.0655 2.40259e-15
 9071.0898 2.63832e-15
 9074.1141 2.66543e-15
 9077.1384 2.42996e-15
 9080.1627 2.38894e-15
 9083.1870 2.42743e-15
 9086.2112 2.52273e-15
 9089.2355 2.52119e-15
 9092.2598 2.61610e-15
 9095.2841 2.58772e-15
 9098.3084 2.60199e-15
 9101.3326 2.39862e-15
 9104.3569 2.29694e-15
 9107.3812 2.42585e-15
 9110.4055 2.58194e-15
 9113.4298 2.62111e-15
 9116.4540 2.58799e-15
 9119.4783 2.31954e-15
 9122.5026 2.36974e-15
 9125.5269 2.27987e-15
 9128.5512 2.58577e-15
 9131.5755 2.60342e-15
 9134.5997 2.30796e-15
 9137.6240 2.38070e-15
 9140.6483 2.51830e-15
 9143.6726 2.47875e-15
 9146.6969 2.47317e-15
 9149.7211 2.63657e-15
 9152.7454 2.55170e-15
 9155.7697 2.53257e-15
 9158.7940 2.39608e-15
 9161.8183 2.49681e-15
 9164.8425 2.52419e-15
 9167.8668 2.43035e-15
 9170.8911 2.49503e-15
 9173.9154 2.43793e-15
 9176.9397 2.41131e-15
 9179.9639 2.42416e-15
 9182.9882 2.46546e-15
