#Object:               SN2008bf
#FITS_file:            SN08bf_b01_CLA_LD_20mar08.fits
#Redshift:             0.02403
#JDate_of_max:         2454554.48
#JDate_of_observation: 2454545.73
#Epoch:                -8.54     
#
 3544.0484 1.41986e-15
 3545.9948 1.75905e-15
 3547.9412 1.49075e-15
 3549.8877 1.48327e-15
 3551.8341 1.47578e-15
 3553.7806 1.46829e-15
 3555.7270 1.46081e-15
 3557.6734 1.45332e-15
 3559.6199 1.44584e-15
 3561.5663 1.61115e-15
 3563.5128 1.33992e-15
 3565.4592 1.36293e-15
 3567.4057 1.24712e-15
 3569.3521 1.31315e-15
 3571.2985 1.33879e-15
 3573.2450 1.29804e-15
 3575.1914 1.19367e-15
 3577.1379 1.22644e-15
 3579.0843 1.23284e-15
 3581.0307 1.11769e-15
 3582.9772 1.10113e-15
 3584.9236 1.38701e-15
 3586.8701 1.27108e-15
 3588.8165 1.18076e-15
 3590.7629 1.01629e-15
 3592.7094 1.08945e-15
 3594.6558 9.34672e-16
 3596.6023 8.55022e-16
 3598.5487 8.60500e-16
 3600.4952 8.63272e-16
 3602.4416 7.19636e-16
 3604.3880 8.33643e-16
 3606.3345 8.60699e-16
 3608.2809 7.28720e-16
 3610.2274 9.10072e-16
 3612.1738 9.52169e-16
 3614.1202 7.74216e-16
 3616.0667 7.25212e-16
 3618.0131 7.76165e-16
 3619.9596 6.48135e-16
 3621.9060 4.95277e-16
 3623.8524 5.68101e-16
 3625.7989 5.70116e-16
 3627.7453 5.98066e-16
 3629.6918 6.11556e-16
 3631.6382 5.36252e-16
 3633.5846 5.64448e-16
 3635.5311 4.88125e-16
 3637.4775 4.81336e-16
 3639.4240 5.76695e-16
 3641.3704 5.42691e-16
 3643.3169 4.82776e-16
 3645.2633 4.61859e-16
 3647.2097 4.72440e-16
 3649.1562 4.33059e-16
 3651.1026 4.37806e-16
 3653.0491 3.70248e-16
 3654.9955 3.34491e-16
 3656.9419 3.30463e-16
 3658.8884 4.24365e-16
 3660.8348 4.78071e-16
 3662.7813 4.02611e-16
 3664.7277 5.10587e-16
 3666.6741 4.97217e-16
 3668.6206 4.18852e-16
 3670.5670 4.45618e-16
 3672.5135 3.99822e-16
 3674.4599 4.60467e-16
 3676.4063 4.03531e-16
 3678.3528 4.97390e-16
 3680.2992 4.53296e-16
 3682.2457 4.25128e-16
 3684.1921 4.31498e-16
 3686.1385 4.95435e-16
 3688.0850 4.78828e-16
 3690.0314 4.17829e-16
 3691.9779 4.69594e-16
 3693.9243 4.79387e-16
 3695.8708 4.90564e-16
 3697.8172 5.25983e-16
 3699.7636 4.53848e-16
 3701.7101 5.65129e-16
 3703.6565 5.05802e-16
 3705.6030 5.20218e-16
 3707.5494 5.36725e-16
 3709.4958 6.53773e-16
 3711.4423 5.65749e-16
 3713.3887 5.48382e-16
 3715.3352 6.42482e-16
 3717.2816 6.69099e-16
 3719.2280 6.75016e-16
 3721.1745 7.35133e-16
 3723.1209 7.19694e-16
 3725.0674 7.33193e-16
 3727.0138 6.85880e-16
 3728.9602 7.19554e-16
 3730.9067 7.52589e-16
 3732.8531 7.82668e-16
 3734.7996 8.39987e-16
 3736.7460 7.76995e-16
 3738.6925 7.93844e-16
 3740.6389 8.10165e-16
 3742.5853 8.37398e-16
 3744.5318 8.06772e-16
 3746.4782 7.77640e-16
 3748.4247 8.12212e-16
 3750.3711 7.83952e-16
 3752.3175 7.47992e-16
 3754.2640 8.26222e-16
 3756.2104 8.20257e-16
 3758.1569 8.65336e-16
 3760.1033 8.38963e-16
 3762.0497 8.39227e-16
 3763.9962 9.04127e-16
 3765.9426 8.80389e-16
 3767.8891 8.61732e-16
 3769.8355 8.87109e-16
 3771.7820 8.05383e-16
 3773.7284 9.16734e-16
 3775.6748 9.30955e-16
 3777.6213 9.45996e-16
 3779.5677 9.59185e-16
 3781.5142 9.23381e-16
 3783.4606 9.31261e-16
 3785.4070 9.44392e-16
 3787.3535 9.03532e-16
 3789.2999 9.34622e-16
 3791.2464 9.37822e-16
 3793.1928 9.57876e-16
 3795.1392 9.72332e-16
 3797.0857 9.34646e-16
 3799.0321 1.01917e-15
 3800.9786 1.00355e-15
 3802.9250 1.01460e-15
 3804.8714 1.02336e-15
 3806.8179 1.06453e-15
 3808.7643 1.09633e-15
 3810.7108 1.16047e-15
 3812.6572 1.16032e-15
 3814.6037 1.14798e-15
 3816.5501 1.16504e-15
 3818.4965 1.12498e-15
 3820.4430 1.09662e-15
 3822.3894 1.22123e-15
 3824.3359 1.18119e-15
 3826.2823 1.23038e-15
 3828.2287 1.21062e-15
 3830.1752 1.24943e-15
 3832.1216 1.27852e-15
 3834.0681 1.25629e-15
 3836.0145 1.26919e-15
 3837.9609 1.30393e-15
 3839.9074 1.21412e-15
 3841.8538 1.19663e-15
 3843.8003 1.30049e-15
 3845.7467 1.31735e-15
 3847.6932 1.34804e-15
 3849.6396 1.40945e-15
 3851.5860 1.40212e-15
 3853.5325 1.39592e-15
 3855.4789 1.38994e-15
 3857.4253 1.40650e-15
 3859.3718 1.45460e-15
 3861.3182 1.40921e-15
 3863.2647 1.41853e-15
 3865.2111 1.52253e-15
 3867.1576 1.43214e-15
 3869.1040 1.41345e-15
 3871.0504 1.42952e-15
 3872.9969 1.42402e-15
 3874.9433 1.47442e-15
 3876.8898 1.44363e-15
 3878.8362 1.45237e-15
 3880.7826 1.56408e-15
 3882.7291 1.58666e-15
 3884.6755 1.59405e-15
 3886.6220 1.57580e-15
 3888.5684 1.53479e-15
 3890.5148 1.47845e-15
 3892.4613 1.52380e-15
 3894.4077 1.58312e-15
 3896.3542 1.65619e-15
 3898.3006 1.62646e-15
 3900.2471 1.64899e-15
 3902.1935 1.68647e-15
 3904.1399 1.64180e-15
 3906.0864 1.65350e-15
 3908.0328 1.69337e-15
 3909.9793 1.69851e-15
 3911.9257 1.69937e-15
 3913.8721 1.71759e-15
 3915.8186 1.72808e-15
 3917.7650 1.66054e-15
 3919.7115 1.56353e-15
 3921.6579 1.60532e-15
 3923.6043 1.66462e-15
 3925.5508 1.63936e-15
 3927.4972 1.63962e-15
 3929.4437 1.66559e-15
 3931.3901 1.62994e-15
 3933.3365 1.59239e-15
 3935.2830 1.62551e-15
 3937.2294 1.61243e-15
 3939.1759 1.66874e-15
 3941.1223 1.63230e-15
 3943.0688 1.53392e-15
 3945.0152 1.51443e-15
 3946.9616 1.54594e-15
 3948.9081 1.52912e-15
 3950.8545 1.52993e-15
 3952.8010 1.48978e-15
 3954.7474 1.49144e-15
 3956.6938 1.48567e-15
 3958.6403 1.45627e-15
 3960.5867 1.54456e-15
 3962.5332 1.51591e-15
 3964.4796 1.51251e-15
 3966.4260 1.53807e-15
 3968.3725 1.52071e-15
 3970.3189 1.47774e-15
 3972.2654 1.46703e-15
 3974.2118 1.51244e-15
 3976.1583 1.48840e-15
 3978.1047 1.52069e-15
 3980.0511 1.46484e-15
 3981.9976 1.43998e-15
 3983.9440 1.49693e-15
 3985.8905 1.46248e-15
 3987.8369 1.45959e-15
 3989.7833 1.46510e-15
 3991.7298 1.43332e-15
 3993.6762 1.41146e-15
 3995.6227 1.40714e-15
 3997.5691 1.40900e-15
 3999.5155 1.48527e-15
 4001.4620 1.51364e-15
 4003.4084 1.43045e-15
 4005.3549 1.49503e-15
 4007.3013 1.58411e-15
 4009.2477 1.60460e-15
 4011.1942 1.48633e-15
 4013.1406 1.51302e-15
 4015.0871 1.59072e-15
 4017.0335 1.54214e-15
 4018.9800 1.48587e-15
 4020.9264 1.53522e-15
 4022.8728 1.52958e-15
 4024.8193 1.50589e-15
 4026.7657 1.56871e-15
 4028.7122 1.52966e-15
 4030.6586 1.58471e-15
 4032.6050 1.53831e-15
 4034.5515 1.52364e-15
 4036.4979 1.60326e-15
 4038.4444 1.61559e-15
 4040.3908 1.53490e-15
 4042.3372 1.55053e-15
 4044.2837 1.51075e-15
 4046.2301 1.48804e-15
 4048.1766 1.48971e-15
 4050.1230 1.43726e-15
 4052.0695 1.41497e-15
 4054.0159 1.43127e-15
 4055.9623 1.42419e-15
 4057.9088 1.38473e-15
 4059.8552 1.35515e-15
 4061.8016 1.29603e-15
 4063.7481 1.24846e-15
 4065.6945 1.24555e-15
 4067.6410 1.22655e-15
 4069.5874 1.25146e-15
 4071.5339 1.22039e-15
 4073.4803 1.26499e-15
 4075.4267 1.33154e-15
 4077.3732 1.36585e-15
 4079.3196 1.42331e-15
 4081.2661 1.44255e-15
 4083.2125 1.38427e-15
 4085.1589 1.38592e-15
 4087.1054 1.42245e-15
 4089.0518 1.43636e-15
 4090.9983 1.39195e-15
 4092.9447 1.38894e-15
 4094.8911 1.35632e-15
 4096.8376 1.35453e-15
 4098.7840 1.33193e-15
 4100.7305 1.36792e-15
 4102.6769 1.33991e-15
 4104.6234 1.33654e-15
 4106.5698 1.34609e-15
 4108.5162 1.27120e-15
 4110.4627 1.30137e-15
 4112.4091 1.32261e-15
 4114.3556 1.30065e-15
 4116.3020 1.29385e-15
 4118.2484 1.31680e-15
 4120.1949 1.27956e-15
 4122.1413 1.27843e-15
 4124.0878 1.29675e-15
 4126.0342 1.32767e-15
 4127.9806 1.30618e-15
 4129.9271 1.27733e-15
 4131.8735 1.26677e-15
 4133.8200 1.28176e-15
 4135.7664 1.27426e-15
 4137.7128 1.23563e-15
 4139.6593 1.23439e-15
 4141.6057 1.23722e-15
 4143.5522 1.24990e-15
 4145.4986 1.18453e-15
 4147.4451 1.21005e-15
 4149.3915 1.21928e-15
 4151.3379 1.19713e-15
 4153.2844 1.18922e-15
 4155.2308 1.16814e-15
 4157.1773 1.19484e-15
 4159.1237 1.14818e-15
 4161.0701 1.11766e-15
 4163.0166 1.09222e-15
 4164.9630 1.15397e-15
 4166.9095 1.06590e-15
 4168.8559 1.11551e-15
 4170.8023 1.09550e-15
 4172.7488 1.03534e-15
 4174.6952 1.06274e-15
 4176.6417 1.06089e-15
 4178.5881 1.04450e-15
 4180.5346 1.06488e-15
 4182.4810 1.02662e-15
 4184.4274 1.00518e-15
 4186.3739 9.93543e-16
 4188.3203 9.89029e-16
 4190.2668 9.96843e-16
 4192.2132 1.00080e-15
 4194.1596 9.92057e-16
 4196.1061 9.72913e-16
 4198.0525 9.96658e-16
 4199.9990 9.65761e-16
 4201.9454 9.42067e-16
 4203.8918 9.47536e-16
 4205.8383 9.37779e-16
 4207.7847 9.27823e-16
 4209.7312 9.38374e-16
 4211.6776 9.28805e-16
 4213.6240 9.65331e-16
 4215.5705 9.30285e-16
 4217.5169 9.10882e-16
 4219.4634 8.97150e-16
 4221.4098 9.36668e-16
 4223.3563 9.21468e-16
 4225.3027 9.17565e-16
 4227.2491 9.22192e-16
 4229.1956 8.69048e-16
 4231.1420 8.80532e-16
 4233.0885 8.76668e-16
 4235.0349 8.57854e-16
 4236.9813 8.54000e-16
 4238.9278 8.53525e-16
 4240.8742 8.61251e-16
 4242.8207 8.45208e-16
 4244.7671 8.23537e-16
 4246.7135 8.53865e-16
 4248.6600 8.46797e-16
 4250.6064 8.74883e-16
 4252.5529 8.46748e-16
 4254.4993 8.33617e-16
 4256.4457 8.22852e-16
 4258.3922 8.10901e-16
 4260.3386 8.34380e-16
 4262.2851 8.65618e-16
 4264.2315 8.61584e-16
 4266.1779 8.68023e-16
 4268.1244 8.30451e-16
 4270.0708 8.04303e-16
 4272.0173 8.12210e-16
 4273.9637 7.98431e-16
 4275.9102 7.92953e-16
 4277.8566 7.86598e-16
 4279.8030 7.91966e-16
 4281.7495 8.08629e-16
 4283.6959 8.01664e-16
 4285.6424 7.91110e-16
 4287.5888 7.79311e-16
 4289.5352 7.76669e-16
 4291.4817 8.15343e-16
 4293.4281 8.21321e-16
 4295.3746 7.91479e-16
 4297.3210 8.12656e-16
 4299.2674 8.51985e-16
 4301.2139 8.26807e-16
 4303.1603 8.45954e-16
 4305.1068 8.20520e-16
 4307.0532 8.05358e-16
 4308.9997 8.41368e-16
 4310.9461 8.71460e-16
 4312.8925 8.11688e-16
 4314.8390 8.35277e-16
 4316.7854 8.90324e-16
 4318.7319 8.60375e-16
 4320.6783 8.58389e-16
 4322.6247 8.73239e-16
 4324.5712 8.75086e-16
 4326.5176 8.61841e-16
 4328.4641 8.46946e-16
 4330.4105 8.82281e-16
 4332.3569 8.87562e-16
 4334.3034 9.24139e-16
 4336.2498 8.99516e-16
 4338.1963 8.89730e-16
 4340.1427 9.08593e-16
 4342.0891 9.27155e-16
 4344.0356 9.22557e-16
 4345.9820 9.00385e-16
 4347.9285 8.98080e-16
 4349.8749 8.96185e-16
 4351.8214 8.57986e-16
 4353.7678 8.63646e-16
 4355.7142 8.84429e-16
 4357.6607 8.74544e-16
 4359.6071 8.58943e-16
 4361.5536 8.68059e-16
 4363.5000 8.47727e-16
 4365.4464 8.54327e-16
 4367.3929 8.19480e-16
 4369.3393 7.85721e-16
 4371.2858 8.05336e-16
 4373.2322 8.10014e-16
 4375.1786 7.84615e-16
 4377.1251 7.65635e-16
 4379.0715 7.85615e-16
 4381.0180 7.83468e-16
 4382.9644 7.83891e-16
 4384.9108 7.66045e-16
 4386.8573 7.64441e-16
 4388.8037 7.53023e-16
 4390.7502 7.50865e-16
 4392.6966 7.78807e-16
 4394.6431 7.73856e-16
 4396.5895 7.73894e-16
 4398.5359 7.59511e-16
 4400.4824 7.61505e-16
 4402.4288 7.95907e-16
 4404.3753 8.16459e-16
 4406.3217 8.03327e-16
 4408.2681 8.18577e-16
 4410.2146 8.18900e-16
 4412.1610 8.42483e-16
 4414.1075 8.15037e-16
 4416.0539 8.54809e-16
 4418.0003 8.37209e-16
 4419.9468 8.65910e-16
 4421.8932 9.04094e-16
 4423.8397 8.68440e-16
 4425.7861 8.71461e-16
 4427.7326 9.05184e-16
 4429.6790 9.07393e-16
 4431.6254 9.34092e-16
 4433.5719 9.21527e-16
 4435.5183 9.19907e-16
 4437.4647 9.32005e-16
 4439.4112 9.24209e-16
 4441.3576 8.93135e-16
 4443.3041 9.14381e-16
 4445.2505 9.28333e-16
 4447.1970 9.30357e-16
 4449.1434 8.90953e-16
 4451.0898 8.92792e-16
 4453.0363 9.02169e-16
 4454.9827 9.20279e-16
 4456.9292 9.02422e-16
 4458.8756 8.97077e-16
 4460.8220 8.79182e-16
 4462.7685 8.80636e-16
 4464.7149 8.91281e-16
 4466.6614 8.99033e-16
 4468.6078 9.12689e-16
 4470.5542 9.04546e-16
 4472.5007 8.83595e-16
 4474.4471 9.02171e-16
 4476.3936 9.13847e-16
 4478.3400 8.99956e-16
 4480.2865 9.27627e-16
 4482.2329 8.97510e-16
 4484.1793 9.17499e-16
 4486.1258 9.33169e-16
 4488.0722 9.11992e-16
 4490.0187 9.21691e-16
 4491.9651 9.00982e-16
 4493.9115 8.94645e-16
 4495.8580 8.84884e-16
 4497.8044 9.05771e-16
 4499.7509 9.23916e-16
 4501.6973 9.13055e-16
 4503.6437 9.13715e-16
 4505.5902 8.98017e-16
 4507.5366 8.96815e-16
 4509.4831 9.21829e-16
 4511.4295 9.20116e-16
 4513.3759 8.97731e-16
 4515.3224 9.01868e-16
 4517.2688 9.08381e-16
 4519.2153 9.01342e-16
 4521.1617 9.09667e-16
 4523.1082 8.77384e-16
 4525.0546 8.90754e-16
 4527.0010 8.88110e-16
 4528.9475 8.88895e-16
 4530.8939 9.02042e-16
 4532.8404 9.05314e-16
 4534.7868 8.74529e-16
 4536.7332 8.93644e-16
 4538.6797 8.86327e-16
 4540.6261 8.92423e-16
 4542.5726 9.06087e-16
 4544.5190 9.18574e-16
 4546.4654 8.68540e-16
 4548.4119 8.68709e-16
 4550.3583 8.88618e-16
 4552.3048 8.94771e-16
 4554.2512 8.83525e-16
 4556.1977 8.82056e-16
 4558.1441 8.87023e-16
 4560.0905 8.69577e-16
 4562.0370 8.72773e-16
 4563.9834 8.82209e-16
 4565.9299 8.91730e-16
 4567.8763 8.84793e-16
 4569.8227 8.80317e-16
 4571.7692 8.85960e-16
 4573.7156 8.93703e-16
 4575.6621 8.91569e-16
 4577.6085 9.13659e-16
 4579.5549 8.96241e-16
 4581.5014 9.10291e-16
 4583.4478 9.00046e-16
 4585.3943 8.95241e-16
 4587.3407 8.56858e-16
 4589.2871 8.74651e-16
 4591.2336 8.62789e-16
 4593.1800 8.56301e-16
 4595.1265 8.39625e-16
 4597.0729 8.41848e-16
 4599.0194 8.31456e-16
 4600.9658 8.17729e-16
 4602.9122 8.03663e-16
 4604.8587 7.90593e-16
 4606.8051 7.78748e-16
 4608.7516 7.90128e-16
 4610.6980 8.13550e-16
 4612.6444 7.93210e-16
 4614.5909 7.89208e-16
 4616.5373 7.73721e-16
 4618.4838 7.75035e-16
 4620.4302 7.75246e-16
 4622.3766 7.45199e-16
 4624.3231 7.54266e-16
 4626.2695 7.73582e-16
 4628.2160 7.38734e-16
 4630.1624 7.42438e-16
 4632.1089 7.33472e-16
 4634.0553 7.24945e-16
 4636.0017 7.23488e-16
 4637.9482 7.18995e-16
 4639.8946 7.32698e-16
 4641.8411 7.43590e-16
 4643.7875 7.40238e-16
 4645.7339 7.17224e-16
 4647.6804 7.25697e-16
 4649.6268 7.36151e-16
 4651.5733 7.20790e-16
 4653.5197 7.32915e-16
 4655.4661 7.55381e-16
 4657.4126 7.41077e-16
 4659.3590 7.42766e-16
 4661.3055 7.47351e-16
 4663.2519 7.24547e-16
 4665.1983 7.42714e-16
 4667.1448 7.18326e-16
 4669.0912 7.24257e-16
 4671.0377 7.46722e-16
 4672.9841 7.36669e-16
 4674.9306 7.38485e-16
 4676.8770 7.18399e-16
 4678.8234 7.33947e-16
 4680.7699 7.39624e-16
 4682.7163 7.46343e-16
 4684.6628 7.35878e-16
 4686.6092 7.37580e-16
 4688.5556 7.52853e-16
 4690.5021 7.41165e-16
 4692.4485 7.35303e-16
 4694.3950 7.39391e-16
 4696.3414 7.41374e-16
 4698.2878 7.25744e-16
 4700.2343 7.03379e-16
 4702.1807 7.23791e-16
 4704.1272 7.14435e-16
 4706.0736 6.95000e-16
 4708.0201 6.96044e-16
 4709.9665 6.93531e-16
 4711.9129 7.14084e-16
 4713.8594 7.12855e-16
 4715.8058 7.02835e-16
 4717.7522 6.94463e-16
 4719.6987 7.06041e-16
 4721.6451 7.08698e-16
 4723.5916 7.12335e-16
 4725.5380 7.17676e-16
 4727.4845 7.21850e-16
 4729.4309 6.98110e-16
 4731.3773 7.13909e-16
 4733.3238 7.10391e-16
 4735.2702 7.23055e-16
 4737.2167 7.44883e-16
 4739.1631 7.13898e-16
 4741.1095 7.24433e-16
 4743.0560 7.45577e-16
 4745.0024 7.07108e-16
 4746.9489 7.38450e-16
 4748.8953 7.30373e-16
 4750.8417 7.23355e-16
 4752.7882 7.25448e-16
 4754.7346 7.25358e-16
 4756.6811 7.22806e-16
 4758.6275 7.31345e-16
 4760.5740 7.31769e-16
 4762.5204 7.46874e-16
 4764.4668 7.15880e-16
 4766.4133 7.15819e-16
 4768.3597 7.30041e-16
 4770.3062 7.21674e-16
 4772.2526 7.25493e-16
 4774.1990 7.22885e-16
 4776.1455 7.28245e-16
 4778.0919 7.24331e-16
 4780.0384 7.13976e-16
 4781.9848 7.04234e-16
 4783.9312 6.88039e-16
 4785.8777 6.89083e-16
 4787.8241 6.79176e-16
 4789.7706 6.87060e-16
 4791.7170 6.72502e-16
 4793.6634 6.74865e-16
 4795.6099 6.48941e-16
 4797.5563 6.56971e-16
 4799.5028 6.54328e-16
 4801.4492 6.42698e-16
 4803.3957 6.36175e-16
 4805.3421 6.21654e-16
 4807.2885 6.15638e-16
 4809.2350 6.11522e-16
 4811.1814 6.04516e-16
 4813.1279 5.93310e-16
 4815.0743 5.85163e-16
 4817.0207 5.78186e-16
 4818.9672 5.87543e-16
 4820.9136 5.92043e-16
 4822.8601 5.90701e-16
 4824.8065 5.70644e-16
 4826.7529 5.72486e-16
 4828.6994 5.74509e-16
 4830.6458 5.55999e-16
 4832.5923 5.52181e-16
 4834.5387 5.70111e-16
 4836.4852 5.71933e-16
 4838.4316 5.54648e-16
 4840.3780 5.58565e-16
 4842.3245 5.57004e-16
 4844.2709 5.68943e-16
 4846.2174 5.62286e-16
 4848.1638 5.63547e-16
 4850.1102 5.69857e-16
 4852.0567 5.63747e-16
 4854.0031 5.56854e-16
 4855.9496 5.59992e-16
 4857.8960 5.78848e-16
 4859.8424 5.63857e-16
 4861.7889 5.74799e-16
 4863.7353 5.70137e-16
 4865.6818 5.76254e-16
 4867.6282 5.68527e-16
 4869.5746 5.54594e-16
 4871.5211 5.61013e-16
 4873.4675 5.54441e-16
 4875.4140 5.75170e-16
 4877.3604 5.77394e-16
 4879.3069 5.60003e-16
 4881.2533 5.77191e-16
 4883.1997 5.80120e-16
 4885.1462 5.82551e-16
 4887.0926 5.78305e-16
 4889.0391 5.80389e-16
 4890.9855 5.63486e-16
 4892.9319 5.74453e-16
 4894.8784 5.86168e-16
 4896.8248 5.90358e-16
 4898.7713 5.84567e-16
 4900.7177 5.74065e-16
 4902.6641 5.66705e-16
 4904.6106 5.81111e-16
 4906.5570 5.80763e-16
 4908.5035 5.69933e-16
 4910.4499 5.75136e-16
 4912.3963 5.69286e-16
 4914.3428 5.79383e-16
 4916.2892 5.67944e-16
 4918.2357 5.87013e-16
 4920.1821 5.80017e-16
 4922.1285 5.71716e-16
 4924.0750 5.78289e-16
 4926.0214 5.76865e-16
 4927.9679 5.89734e-16
 4929.9143 5.79203e-16
 4931.8608 5.70314e-16
 4933.8072 5.71749e-16
 4935.7536 5.67150e-16
 4937.7001 5.48954e-16
 4939.6465 5.71773e-16
 4941.5930 5.80858e-16
 4943.5394 5.74917e-16
 4945.4858 5.71542e-16
 4947.4323 5.78352e-16
 4949.3787 5.92281e-16
 4951.3252 5.85044e-16
 4953.2716 5.74977e-16
 4955.2180 5.90779e-16
 4957.1645 5.91166e-16
 4959.1109 6.08041e-16
 4961.0574 6.06502e-16
 4963.0038 5.96297e-16
 4964.9502 5.77397e-16
 4966.8967 5.88322e-16
 4968.8431 6.06213e-16
 4970.7896 5.98739e-16
 4972.7360 5.93598e-16
 4974.6825 5.96543e-16
 4976.6289 6.11340e-16
 4978.5753 6.08732e-16
 4980.5218 6.17181e-16
 4982.4682 6.12017e-16
 4984.4147 6.15196e-16
 4986.3611 6.14431e-16
 4988.3075 6.07147e-16
 4990.2540 6.17914e-16
 4992.2004 6.34779e-16
 4994.1469 6.32933e-16
 4996.0933 6.16120e-16
 4998.0397 6.24162e-16
 4999.9862 6.13170e-16
 5001.9326 5.98251e-16
 5003.8791 6.18283e-16
 5005.8255 6.19479e-16
 5007.7720 6.17497e-16
 5009.7184 6.15818e-16
 5011.6648 6.18327e-16
 5013.6113 6.43035e-16
 5015.5577 6.27561e-16
 5017.5042 6.23076e-16
 5019.4506 6.36210e-16
 5021.3970 6.32371e-16
 5023.3435 6.26781e-16
 5025.2899 6.31941e-16
 5027.2364 6.28333e-16
 5029.1828 6.41439e-16
 5031.1292 6.32934e-16
 5033.0757 6.37908e-16
 5035.0221 6.37193e-16
 5036.9686 6.46994e-16
 5038.9150 6.53598e-16
 5040.8614 6.59833e-16
 5042.8079 6.55297e-16
 5044.7543 6.55354e-16
 5046.7008 6.50824e-16
 5048.6472 6.63383e-16
 5050.5937 6.61372e-16
 5052.5401 6.58583e-16
 5054.4865 6.52999e-16
 5056.4330 6.62774e-16
 5058.3794 6.63979e-16
 5060.3259 6.66041e-16
 5062.2723 6.64434e-16
 5064.2187 6.70046e-16
 5066.1652 6.70309e-16
 5068.1116 6.69591e-16
 5070.0581 6.67299e-16
 5072.0045 6.70593e-16
 5073.9509 6.72177e-16
 5075.8974 6.50134e-16
 5077.8438 6.51707e-16
 5079.7903 6.58409e-16
 5081.7367 6.49779e-16
 5083.6832 6.58334e-16
 5085.6296 6.52800e-16
 5087.5760 6.38655e-16
 5089.5225 6.48675e-16
 5091.4689 6.55043e-16
 5093.4153 6.46933e-16
 5095.3618 6.47158e-16
 5097.3082 6.54360e-16
 5099.2547 6.57264e-16
 5101.2011 6.42604e-16
 5103.1476 6.49370e-16
 5105.0940 6.33232e-16
 5107.0404 6.23162e-16
 5108.9869 6.39833e-16
 5110.9333 6.31393e-16
 5112.8798 6.36833e-16
 5114.8262 6.46142e-16
 5116.7726 6.38677e-16
 5118.7191 6.24438e-16
 5120.6655 6.21494e-16
 5122.6120 6.31096e-16
 5124.5584 6.22260e-16
 5126.5048 6.32907e-16
 5128.4513 6.33557e-16
 5130.3977 6.38835e-16
 5132.3442 6.20224e-16
 5134.2906 6.32305e-16
 5136.2371 6.19897e-16
 5138.1835 6.16677e-16
 5140.1299 6.20695e-16
 5142.0764 6.27042e-16
 5144.0228 6.24154e-16
 5145.9693 6.16430e-16
 5147.9157 6.37149e-16
 5149.8621 6.44057e-16
 5151.8086 6.43905e-16
 5153.7550 6.33125e-16
 5155.7015 6.39623e-16
 5157.6479 6.40149e-16
 5159.5943 6.31010e-16
 5161.5408 6.47856e-16
 5163.4872 6.47992e-16
 5165.4337 6.40284e-16
 5167.3801 6.42267e-16
 5169.3265 6.34466e-16
 5171.2730 6.35792e-16
 5173.2194 6.27509e-16
 5175.1659 6.25354e-16
 5177.1123 6.25504e-16
 5179.0588 6.13105e-16
 5181.0052 6.15626e-16
 5182.9516 6.06361e-16
 5184.8981 6.07983e-16
 5186.8445 5.97581e-16
 5188.7910 5.90111e-16
 5190.7374 6.03973e-16
 5192.6838 5.90042e-16
 5194.6303 5.76012e-16
 5196.5767 5.64740e-16
 5198.5232 5.49441e-16
 5200.4696 5.60309e-16
 5202.4160 5.73846e-16
 5204.3625 5.62901e-16
 5206.3089 5.45692e-16
 5208.2554 5.39715e-16
 5210.2018 5.38434e-16
 5212.1483 5.36936e-16
 5214.0947 5.35284e-16
 5216.0411 5.44413e-16
 5217.9876 5.18142e-16
 5219.9340 5.38363e-16
 5221.8805 5.23531e-16
 5223.8269 4.98308e-16
 5225.7733 5.05295e-16
 5227.7198 5.01848e-16
 5229.6662 5.03149e-16
 5231.6127 5.10092e-16
 5233.5591 5.19718e-16
 5235.5055 5.09143e-16
 5237.4520 5.07434e-16
 5239.3984 5.08402e-16
 5241.3449 4.93139e-16
 5243.2913 5.04268e-16
 5245.2377 5.11091e-16
 5247.1842 4.94788e-16
 5249.1306 4.92421e-16
 5251.0771 4.92793e-16
 5253.0235 4.99186e-16
 5254.9700 5.09019e-16
 5256.9164 4.96526e-16
 5258.8628 4.92314e-16
 5260.8093 4.96999e-16
 5262.7557 4.90957e-16
 5264.7022 4.95307e-16
 5266.6486 4.98850e-16
 5268.5950 5.07495e-16
 5270.5415 4.95892e-16
 5272.4879 4.91527e-16
 5274.4344 5.12788e-16
 5276.3808 4.96425e-16
 5278.3272 5.07304e-16
 5280.2737 4.98487e-16
 5282.2201 4.94340e-16
 5284.1666 5.02104e-16
 5286.1130 5.20953e-16
 5288.0595 4.96693e-16
 5290.0059 5.06466e-16
 5291.9523 5.10306e-16
 5293.8988 4.95366e-16
 5295.8452 5.03612e-16
 5297.7916 5.08358e-16
 5299.7381 5.16911e-16
 5301.6845 5.18468e-16
 5303.6310 5.19429e-16
 5305.5774 5.23247e-16
 5307.5239 5.02703e-16
 5309.4703 5.12341e-16
 5311.4167 5.17526e-16
 5313.3632 5.05827e-16
 5315.3096 5.11581e-16
 5317.2561 5.05992e-16
 5319.2025 5.08597e-16
 5321.1489 4.98854e-16
 5323.0954 5.07022e-16
 5325.0418 5.11011e-16
 5326.9883 4.98324e-16
 5328.9347 5.14369e-16
 5330.8811 5.12968e-16
 5332.8276 5.14503e-16
 5334.7740 5.09025e-16
 5336.7205 5.00209e-16
 5338.6669 5.06932e-16
 5340.6134 5.11152e-16
 5342.5598 5.08312e-16
 5344.5062 5.05007e-16
 5346.4527 5.03929e-16
 5348.3991 4.95113e-16
 5350.3456 4.83722e-16
 5352.2920 4.96900e-16
 5354.2384 4.92019e-16
 5356.1849 4.92889e-16
 5358.1313 4.91227e-16
 5360.0778 5.01934e-16
 5362.0242 4.94175e-16
 5363.9706 4.88016e-16
 5365.9171 4.87402e-16
 5367.8635 4.85393e-16
 5369.8100 4.82758e-16
 5371.7564 4.85397e-16
 5373.7028 4.83614e-16
 5375.6493 4.72899e-16
 5377.5957 4.73551e-16
 5379.5422 4.73295e-16
 5381.4886 4.65064e-16
 5383.4351 4.72097e-16
 5385.3815 4.70055e-16
 5387.3279 4.52890e-16
 5389.2744 4.39918e-16
 5391.2208 4.48101e-16
 5393.1673 4.41101e-16
 5395.1137 4.35885e-16
 5397.0601 4.44065e-16
 5399.0066 4.30500e-16
 5400.9530 4.22842e-16
 5402.8995 4.31728e-16
 5404.8459 4.23999e-16
 5406.7923 4.42688e-16
 5408.7388 4.35864e-16
 5410.6852 4.25326e-16
 5412.6317 4.22712e-16
 5414.5781 4.25960e-16
 5416.5246 4.21782e-16
 5418.4710 4.20596e-16
 5420.4174 4.16973e-16
 5422.3639 4.31755e-16
 5424.3103 4.35166e-16
 5426.2568 4.34317e-16
 5428.2032 4.37062e-16
 5430.1496 4.22422e-16
 5432.0961 4.24761e-16
 5434.0425 4.28609e-16
 5435.9890 4.39038e-16
 5437.9354 4.47973e-16
 5439.8818 4.44335e-16
 5441.8283 4.47812e-16
 5443.7747 4.48243e-16
 5445.7212 4.60340e-16
 5447.6676 4.69207e-16
 5449.6140 4.53626e-16
 5451.5605 4.59168e-16
 5453.5069 4.52886e-16
 5455.4534 4.60116e-16
 5457.3998 4.46343e-16
 5459.3463 4.56744e-16
 5461.2927 4.57668e-16
 5463.2391 4.49967e-16
 5465.1856 4.46843e-16
 5467.1320 4.50461e-16
 5469.0785 4.54614e-16
 5471.0249 4.50787e-16
 5472.9713 4.69468e-16
 5474.9178 4.64448e-16
 5476.8642 4.59986e-16
 5478.8107 4.69413e-16
 5480.7571 4.87395e-16
 5482.7035 4.71292e-16
 5484.6500 4.76836e-16
 5486.5964 4.60495e-16
 5488.5429 4.78360e-16
 5490.4893 4.62625e-16
 5492.4358 4.56438e-16
 5494.3822 4.62077e-16
 5496.3286 4.66729e-16
 5498.2751 4.58787e-16
 5500.2215 4.49817e-16
 5502.1679 4.46501e-16
 5504.1144 4.49654e-16
 5506.0608 4.45982e-16
 5508.0073 4.42113e-16
 5509.9537 4.46486e-16
 5511.9002 4.52361e-16
 5513.8466 4.61780e-16
 5515.7930 4.45761e-16
 5517.7395 4.46578e-16
 5519.6859 4.49253e-16
 5521.6324 4.51459e-16
 5523.5788 4.50077e-16
 5525.5252 4.43389e-16
 5527.4717 4.40130e-16
 5529.4181 4.48953e-16
 5531.3646 4.67648e-16
 5533.3110 4.66369e-16
 5535.2574 4.53701e-16
 5537.2039 4.64925e-16
 5539.1503 4.76308e-16
 5541.0968 4.75484e-16
 5543.0432 4.68866e-16
 5544.9897 4.66538e-16
 5546.9361 4.65944e-16
 5548.8825 4.74035e-16
 5550.8290 4.77982e-16
 5552.7754 4.75943e-16
 5554.7219 4.70974e-16
 5556.6683 4.88018e-16
 5558.6147 4.81393e-16
 5560.5612 4.82773e-16
 5562.5076 4.82883e-16
 5564.4541 4.79569e-16
 5566.4005 4.77296e-16
 5568.3469 4.89544e-16
 5570.2934 4.81826e-16
 5572.2398 4.75670e-16
 5574.1863 4.82635e-16
 5576.1327 4.87133e-16
 5578.0791 4.89787e-16
 5580.0256 4.83425e-16
 5581.9720 4.86935e-16
 5583.9185 4.73569e-16
 5585.8649 4.88057e-16
 5587.8114 4.84371e-16
 5589.7578 4.90192e-16
 5591.7042 4.74110e-16
 5593.6507 4.86340e-16
 5595.5971 4.89232e-16
 5597.5436 4.86115e-16
 5599.4900 4.78125e-16
 5601.4364 4.75491e-16
 5603.3829 4.76946e-16
 5605.3293 4.80555e-16
 5607.2758 4.82134e-16
 5609.2222 4.84072e-16
 5611.1686 4.77831e-16
 5613.1151 4.84676e-16
 5615.0615 4.77946e-16
 5617.0080 4.89796e-16
 5618.9544 4.97232e-16
 5620.9008 4.85872e-16
 5622.8473 4.77311e-16
 5624.7937 4.94879e-16
 5626.7402 4.84326e-16
 5628.6866 4.85249e-16
 5630.6331 4.85820e-16
 5632.5795 4.86358e-16
 5634.5259 4.97631e-16
 5636.4724 4.78197e-16
 5638.4188 4.77169e-16
 5640.3653 4.93149e-16
 5642.3117 4.75335e-16
 5644.2581 4.76429e-16
 5646.2046 4.79423e-16
 5648.1510 4.72628e-16
 5650.0975 4.77501e-16
 5652.0439 4.72127e-16
 5653.9903 4.76509e-16
 5655.9368 4.67963e-16
 5657.8832 4.63258e-16
 5659.8297 4.67786e-16
 5661.7761 4.75267e-16
 5663.7226 4.69804e-16
 5665.6690 4.70999e-16
 5667.6154 4.80211e-16
 5669.5619 4.83224e-16
 5671.5083 4.76195e-16
 5673.4548 4.69558e-16
 5675.4012 4.72084e-16
 5677.3476 4.75762e-16
 5679.2941 4.70782e-16
 5681.2405 4.74094e-16
 5683.1870 4.64664e-16
 5685.1334 4.74270e-16
 5687.0798 4.69561e-16
 5689.0263 4.53215e-16
 5690.9727 4.62401e-16
 5692.9192 4.66632e-16
 5694.8656 4.58257e-16
 5696.8120 4.49413e-16
 5698.7585 4.62261e-16
 5700.7049 4.56259e-16
 5702.6514 4.60792e-16
 5704.5978 4.64712e-16
 5706.5443 4.56238e-16
 5708.4907 4.52276e-16
 5710.4371 4.48620e-16
 5712.3836 4.49345e-16
 5714.3300 4.39689e-16
 5716.2765 4.33353e-16
 5718.2229 4.40136e-16
 5720.1693 4.38334e-16
 5722.1158 4.33246e-16
 5724.0622 4.32917e-16
 5726.0087 4.47481e-16
 5727.9551 4.52712e-16
 5729.9015 4.52921e-16
 5731.8480 4.43677e-16
 5733.7944 4.49939e-16
 5735.7409 4.53195e-16
 5737.6873 4.28199e-16
 5739.6338 4.40115e-16
 5741.5802 4.43768e-16
 5743.5266 4.31238e-16
 5745.4731 4.42404e-16
 5747.4195 4.34970e-16
 5749.3659 4.30431e-16
 5751.3124 4.22973e-16
 5753.2588 4.29999e-16
 5755.2053 4.27783e-16
 5757.1517 4.28900e-16
 5759.0982 4.31931e-16
 5761.0446 4.36732e-16
 5762.9910 4.40939e-16
 5764.9375 4.44293e-16
 5766.8839 4.52185e-16
 5768.8304 4.42798e-16
 5770.7768 4.28399e-16
 5772.7232 4.35433e-16
 5774.6697 4.32765e-16
 5776.6161 4.42713e-16
 5778.5626 4.46402e-16
 5780.5090 4.38326e-16
 5782.4554 4.27344e-16
 5784.4019 4.35800e-16
 5786.3483 4.42102e-16
 5788.2948 4.34985e-16
 5790.2412 4.35722e-16
 5792.1877 4.30830e-16
 5794.1341 4.37976e-16
 5796.0805 4.24573e-16
 5798.0270 4.39870e-16
 5799.9734 4.42263e-16
 5801.9199 4.54100e-16
 5803.8663 4.44479e-16
 5805.8127 4.37400e-16
 5807.7592 4.35491e-16
 5809.7056 4.32458e-16
 5811.6521 4.42866e-16
 5813.5985 4.39525e-16
 5815.5449 4.39067e-16
 5817.4914 4.47955e-16
 5819.4378 4.38424e-16
 5821.3843 4.46662e-16
 5823.3307 4.49775e-16
 5825.2771 4.45327e-16
 5827.2236 4.48800e-16
 5829.1700 4.61081e-16
 5831.1165 4.42905e-16
 5833.0629 4.44391e-16
 5835.0094 4.50629e-16
 5836.9558 4.44757e-16
 5838.9022 4.47683e-16
 5840.8487 4.38355e-16
 5842.7951 4.38003e-16
 5844.7416 4.41147e-16
 5846.6880 4.46019e-16
 5848.6344 4.39763e-16
 5850.5809 4.37953e-16
 5852.5273 4.41596e-16
 5854.4738 4.31687e-16
 5856.4202 4.35611e-16
 5858.3666 4.43828e-16
 5860.3131 4.43279e-16
 5862.2595 4.34433e-16
 5864.2060 4.22380e-16
 5866.1524 4.37412e-16
 5868.0989 4.35963e-16
 5870.0453 4.39939e-16
 5871.9917 4.37646e-16
 5873.9382 4.33540e-16
 5875.8846 4.36498e-16
 5877.8311 4.29968e-16
 5879.7775 4.19290e-16
 5881.7239 4.31369e-16
 5883.6704 4.25231e-16
 5885.6168 4.25588e-16
 5887.5633 4.34263e-16
 5889.5097 4.22187e-16
 5891.4561 4.20351e-16
 5893.4026 4.21436e-16
 5895.3490 4.22590e-16
 5897.2955 4.19487e-16
 5899.2419 4.23426e-16
 5901.1883 4.13042e-16
 5903.1348 4.12372e-16
 5905.0812 4.16690e-16
 5907.0277 4.10536e-16
 5908.9741 4.17113e-16
 5910.9206 4.11862e-16
 5912.8670 4.12976e-16
 5914.8134 4.05516e-16
 5916.7599 3.98299e-16
 5918.7063 4.11951e-16
 5920.6528 3.93865e-16
 5922.5992 4.03732e-16
 5924.5456 3.91586e-16
 5926.4921 3.87943e-16
 5928.4385 3.94775e-16
 5930.3850 3.86039e-16
 5932.3314 3.89825e-16
 5934.2778 3.90007e-16
 5936.2243 3.80080e-16
 5938.1707 3.94800e-16
 5940.1172 3.87482e-16
 5942.0636 3.78449e-16
 5944.0101 3.79512e-16
 5945.9565 3.77920e-16
 5947.9029 3.75148e-16
 5949.8494 3.73546e-16
 5951.7958 3.75701e-16
 5953.7422 3.82977e-16
 5955.6887 3.79452e-16
 5957.6351 3.76182e-16
 5959.5816 3.75330e-16
 5961.5280 3.75188e-16
 5963.4745 3.66801e-16
 5965.4209 3.60406e-16
 5967.3673 3.61982e-16
 5969.3138 3.58863e-16
 5971.2602 3.65288e-16
 5973.2067 3.58045e-16
 5975.1531 3.50929e-16
 5977.0995 3.65003e-16
 5979.0460 3.63671e-16
 5980.9924 3.59302e-16
 5982.9389 3.55123e-16
 5984.8853 3.50170e-16
 5986.8317 3.52420e-16
 5988.7782 3.51815e-16
 5990.7246 3.57563e-16
 5992.6711 3.46917e-16
 5994.6175 3.50219e-16
 5996.5640 3.48651e-16
 5998.5104 3.49132e-16
 6000.4568 3.44017e-16
 6002.4033 3.38032e-16
 6004.3497 3.44944e-16
 6006.2962 3.49131e-16
 6008.2426 3.45311e-16
 6010.1890 3.38847e-16
 6012.1355 3.37583e-16
 6014.0819 3.35843e-16
 6016.0284 3.25724e-16
 6017.9748 3.39765e-16
 6019.9212 3.30586e-16
 6021.8677 3.35295e-16
 6023.8141 3.29798e-16
 6025.7606 3.25030e-16
 6027.7070 3.29647e-16
 6029.6534 3.30858e-16
 6031.5999 3.15369e-16
 6033.5463 3.15136e-16
 6035.4928 3.16622e-16
 6037.4392 3.12422e-16
 6039.3857 3.14477e-16
 6041.3321 3.02281e-16
 6043.2785 2.98931e-16
 6045.2250 3.06702e-16
 6047.1714 2.94013e-16
 6049.1179 2.90244e-16
 6051.0643 2.93526e-16
 6053.0107 2.85155e-16
 6054.9572 2.77673e-16
 6056.9036 2.79775e-16
 6058.8501 2.80369e-16
 6060.7965 2.71088e-16
 6062.7429 2.73839e-16
 6064.6894 2.77062e-16
 6066.6358 2.70442e-16
 6068.5823 2.60612e-16
 6070.5287 2.57612e-16
 6072.4752 2.58525e-16
 6074.4216 2.63999e-16
 6076.3680 2.65654e-16
 6078.3145 2.58608e-16
 6080.2609 2.59700e-16
 6082.2074 2.56293e-16
 6084.1538 2.55656e-16
 6086.1002 2.50492e-16
 6088.0467 2.54530e-16
 6089.9931 2.57304e-16
 6091.9396 2.52300e-16
 6093.8860 2.54773e-16
 6095.8324 2.61689e-16
 6097.7789 2.57932e-16
 6099.7253 2.57322e-16
 6101.6718 2.45385e-16
 6103.6182 2.53853e-16
 6105.5646 2.53814e-16
 6107.5111 2.51980e-16
 6109.4575 2.61668e-16
 6111.4040 2.70632e-16
 6113.3504 2.62399e-16
 6115.2969 2.61855e-16
 6117.2433 2.70495e-16
 6119.1897 2.67799e-16
 6121.1362 2.68853e-16
 6123.0826 2.76328e-16
 6125.0291 2.77998e-16
 6126.9755 2.79685e-16
 6128.9219 2.87741e-16
 6130.8684 2.85746e-16
 6132.8148 2.71593e-16
 6134.7613 2.81042e-16
 6136.7077 2.90081e-16
 6138.6541 2.94198e-16
 6140.6006 2.99367e-16
 6142.5470 3.01409e-16
 6144.4935 3.06058e-16
 6146.4399 3.01589e-16
 6148.3863 3.05022e-16
 6150.3328 3.04872e-16
 6152.2792 3.14797e-16
 6154.2257 3.11529e-16
 6156.1721 3.06121e-16
 6158.1185 3.12421e-16
 6160.0650 3.14959e-16
 6162.0114 3.16460e-16
 6163.9579 3.18042e-16
 6165.9043 3.23000e-16
 6167.8508 3.19739e-16
 6169.7972 3.27300e-16
 6171.7436 3.29462e-16
 6173.6901 3.37394e-16
 6175.6365 3.30224e-16
 6177.5830 3.27203e-16
 6179.5294 3.41157e-16
 6181.4758 3.41148e-16
 6183.4223 3.34218e-16
 6185.3687 3.31817e-16
 6187.3152 3.40744e-16
 6189.2616 3.34157e-16
 6191.2080 3.50349e-16
 6193.1545 3.60646e-16
 6195.1009 3.62415e-16
 6197.0474 3.61824e-16
 6198.9938 3.58153e-16
 6200.9403 3.65640e-16
 6202.8867 3.62331e-16
 6204.8331 3.55698e-16
 6206.7796 3.58473e-16
 6208.7260 3.60482e-16
 6210.6725 3.61725e-16
 6212.6189 3.59377e-16
 6214.5653 3.73807e-16
 6216.5118 3.78390e-16
 6218.4582 3.71707e-16
 6220.4047 3.78378e-16
 6222.3511 3.86340e-16
 6224.2975 3.74752e-16
 6226.2440 3.77193e-16
 6228.1904 3.83581e-16
 6230.1369 3.82956e-16
 6232.0833 3.89848e-16
 6234.0297 3.88031e-16
 6235.9762 3.79367e-16
 6237.9226 3.81967e-16
 6239.8691 3.95032e-16
 6241.8155 3.95762e-16
 6243.7620 4.02726e-16
 6245.7084 3.92485e-16
 6247.6548 3.93538e-16
 6249.6013 3.95890e-16
 6251.5477 3.99805e-16
 6253.4942 3.94222e-16
 6255.4406 3.99801e-16
 6257.3870 3.94456e-16
 6259.3335 3.97344e-16
 6261.2799 3.98490e-16
 6263.2264 4.00675e-16
 6265.1728 3.94622e-16
 6267.1192 3.84550e-16
 6269.0657 3.89138e-16
 6271.0121 3.87875e-16
 6272.9586 3.96279e-16
 6274.9050 3.88231e-16
 6276.8514 3.84792e-16
 6278.7979 3.86768e-16
 6280.7443 3.91634e-16
 6282.6908 3.84591e-16
 6284.6372 3.85814e-16
 6286.5837 3.91089e-16
 6288.5301 3.88517e-16
 6290.4765 3.82597e-16
 6292.4230 3.77319e-16
 6294.3694 3.73080e-16
 6296.3159 3.72236e-16
 6298.2623 3.73078e-16
 6300.2087 3.78597e-16
 6302.1552 3.72989e-16
 6304.1016 3.80902e-16
 6306.0481 3.88319e-16
 6307.9945 3.79361e-16
 6309.9409 3.77408e-16
 6311.8874 3.75644e-16
 6313.8338 3.77690e-16
 6315.7803 3.80884e-16
 6317.7267 3.81540e-16
 6319.6732 3.90724e-16
 6321.6196 3.83585e-16
 6323.5660 3.88600e-16
 6325.5125 3.88930e-16
 6327.4589 3.86167e-16
 6329.4053 3.87112e-16
 6331.3518 3.91703e-16
 6333.2982 3.97797e-16
 6335.2447 3.94410e-16
 6337.1911 3.89712e-16
 6339.1376 3.97389e-16
 6341.0840 3.88840e-16
 6343.0304 3.89450e-16
 6344.9769 3.92566e-16
 6346.9233 3.99397e-16
 6348.8698 3.93921e-16
 6350.8162 3.94397e-16
 6352.7626 3.96262e-16
 6354.7091 3.93843e-16
 6356.6555 3.98003e-16
 6358.6020 3.99723e-16
 6360.5484 4.01938e-16
 6362.4948 3.96042e-16
 6364.4413 3.99276e-16
 6366.3877 3.91141e-16
 6368.3342 3.88641e-16
 6370.2806 3.94556e-16
 6372.2271 3.87156e-16
 6374.1735 3.86819e-16
 6376.1199 3.87617e-16
 6378.0664 3.85496e-16
 6380.0128 3.81399e-16
 6381.9593 3.76206e-16
 6383.9057 3.88452e-16
 6385.8521 3.86773e-16
 6387.7986 3.82453e-16
 6389.7450 3.85323e-16
 6391.6915 3.83064e-16
 6393.6379 3.70056e-16
 6395.5843 3.80198e-16
 6397.5308 3.86474e-16
 6399.4772 3.75611e-16
 6401.4237 3.80022e-16
 6403.3701 3.82872e-16
 6405.3165 3.72294e-16
 6407.2630 3.71589e-16
 6409.2094 3.87080e-16
 6411.1559 3.85204e-16
 6413.1023 3.80309e-16
 6415.0488 3.76101e-16
 6416.9952 3.73288e-16
 6418.9416 3.79685e-16
 6420.8881 3.80595e-16
 6422.8345 3.77287e-16
 6424.7810 3.70441e-16
 6426.7274 3.67865e-16
 6428.6738 3.73245e-16
 6430.6203 3.70911e-16
 6432.5667 3.70503e-16
 6434.5132 3.72984e-16
 6436.4596 3.74636e-16
 6438.4060 3.66341e-16
 6440.3525 3.59785e-16
 6442.2989 3.77029e-16
 6444.2454 3.72462e-16
 6446.1918 3.70162e-16
 6448.1383 3.69771e-16
 6450.0847 3.58501e-16
 6452.0311 3.61194e-16
 6453.9776 3.72243e-16
 6455.9240 3.64143e-16
 6457.8705 3.51131e-16
 6459.8169 3.57671e-16
 6461.7633 3.69861e-16
 6463.7098 3.59804e-16
 6465.6562 3.57073e-16
 6467.6027 3.49479e-16
 6469.5491 3.54328e-16
 6471.4955 3.58793e-16
 6473.4420 3.65136e-16
 6475.3884 3.61263e-16
 6477.3349 3.57067e-16
 6479.2813 3.60330e-16
 6481.2277 3.49734e-16
 6483.1742 3.57746e-16
 6485.1206 3.71218e-16
 6487.0671 3.52744e-16
 6489.0135 3.50179e-16
 6490.9600 3.57914e-16
 6492.9064 3.62395e-16
 6494.8528 3.53251e-16
 6496.7993 3.51710e-16
 6498.7457 3.58516e-16
 6500.6922 3.60372e-16
 6502.6386 3.57507e-16
 6504.5850 3.57085e-16
 6506.5315 3.57112e-16
 6508.4779 3.61018e-16
 6510.4244 3.58654e-16
 6512.3708 3.52862e-16
 6514.3172 3.55810e-16
 6516.2637 3.52762e-16
 6518.2101 3.49334e-16
 6520.1566 3.56858e-16
 6522.1030 3.42845e-16
 6524.0495 3.45921e-16
 6525.9959 3.63058e-16
 6527.9423 3.56247e-16
 6529.8888 3.54359e-16
 6531.8352 3.50956e-16
 6533.7816 3.52235e-16
 6535.7281 3.50296e-16
 6537.6745 3.47735e-16
 6539.6210 3.56270e-16
 6541.5674 3.52764e-16
 6543.5139 3.50751e-16
 6545.4603 3.45080e-16
 6547.4067 3.56948e-16
 6549.3532 3.49524e-16
 6551.2996 3.54546e-16
 6553.2461 3.54756e-16
 6555.1925 3.42221e-16
 6557.1389 3.49673e-16
 6559.0854 3.50022e-16
 6561.0318 3.50097e-16
 6562.9783 3.41493e-16
 6564.9247 3.42173e-16
 6566.8711 3.39631e-16
 6568.8176 3.42732e-16
 6570.7640 3.44566e-16
 6572.7105 3.44517e-16
 6574.6569 3.42640e-16
 6576.6034 3.35165e-16
 6578.5498 3.26053e-16
 6580.4962 3.31777e-16
 6582.4427 3.43033e-16
 6584.3891 3.39067e-16
 6586.3356 3.36483e-16
 6588.2820 3.26802e-16
 6590.2284 3.31815e-16
 6592.1749 3.33262e-16
 6594.1213 3.34606e-16
 6596.0678 3.21311e-16
 6598.0142 3.24351e-16
 6599.9606 3.32826e-16
 6601.9071 3.34025e-16
 6603.8535 3.30770e-16
 6605.8000 3.31638e-16
 6607.7464 3.33774e-16
 6609.6928 3.40500e-16
 6611.6393 3.38119e-16
 6613.5857 3.36912e-16
 6615.5322 3.31056e-16
 6617.4786 3.26108e-16
 6619.4251 3.18887e-16
 6621.3715 3.17951e-16
 6623.3179 3.28098e-16
 6625.2644 3.30626e-16
 6627.2108 3.27938e-16
 6629.1573 3.20791e-16
 6631.1037 3.20983e-16
 6633.0501 3.21029e-16
 6634.9966 3.16382e-16
 6636.9430 3.19767e-16
 6638.8895 3.24946e-16
 6640.8359 3.29620e-16
 6642.7823 3.29858e-16
 6644.7288 3.18898e-16
 6646.6752 3.24112e-16
 6648.6217 3.17674e-16
 6650.5681 3.27272e-16
 6652.5146 3.25245e-16
 6654.4610 3.21299e-16
 6656.4074 3.20907e-16
 6658.3539 3.22223e-16
 6660.3003 3.13278e-16
 6662.2468 3.09257e-16
 6664.1932 3.17732e-16
 6666.1396 3.16244e-16
 6668.0861 3.07833e-16
 6670.0325 3.11431e-16
 6671.9790 3.12196e-16
 6673.9254 3.04899e-16
 6675.8718 3.02716e-16
 6677.8183 3.10343e-16
 6679.7647 3.15786e-16
 6681.7112 3.03976e-16
 6683.6576 3.00115e-16
 6685.6040 2.97087e-16
 6687.5505 3.14978e-16
 6689.4969 3.07041e-16
 6691.4434 3.04154e-16
 6693.3898 3.05223e-16
 6695.3363 3.06769e-16
 6697.2827 2.99826e-16
 6699.2291 3.02377e-16
 6701.1756 3.03484e-16
 6703.1220 3.03332e-16
 6705.0685 3.03181e-16
 6707.0149 3.03029e-16
 6708.9613 3.02878e-16
 6710.9078 3.02726e-16
 6712.8542 3.02575e-16
 6714.8007 3.02423e-16
 6716.7471 3.02272e-16
 6718.6935 3.02120e-16
 6720.6400 3.01969e-16
 6722.5864 3.01817e-16
 6724.5329 3.01666e-16
 6726.4793 2.99325e-16
 6728.4258 2.92804e-16
 6730.3722 2.92569e-16
 6732.3186 2.92582e-16
 6734.2651 2.92155e-16
 6736.2115 2.93454e-16
 6738.1580 2.98272e-16
 6740.1044 2.90678e-16
 6742.0508 2.82278e-16
 6743.9973 2.91636e-16
 6745.9437 2.88286e-16
 6747.8902 2.84816e-16
 6749.8366 2.84357e-16
 6751.7830 2.82683e-16
 6753.7295 2.85172e-16
 6755.6759 2.79142e-16
 6757.6224 2.82856e-16
 6759.5688 2.82202e-16
 6761.5152 2.82453e-16
 6763.4617 2.80633e-16
 6765.4081 2.83858e-16
 6767.3546 2.80361e-16
 6769.3010 2.87521e-16
 6771.2475 2.87316e-16
 6773.1939 2.77103e-16
 6775.1403 2.76521e-16
 6777.0868 2.78393e-16
 6779.0332 2.75831e-16
 6780.9797 2.71624e-16
 6782.9261 2.79654e-16
 6784.8725 2.77543e-16
 6786.8190 2.75708e-16
 6788.7654 2.79603e-16
 6790.7119 2.75963e-16
 6792.6583 2.75788e-16
 6794.6047 2.70140e-16
 6796.5512 2.76941e-16
 6798.4976 2.77993e-16
 6800.4441 2.77094e-16
 6802.3905 2.87635e-16
 6804.3369 2.82889e-16
 6806.2834 2.81976e-16
 6808.2298 2.81499e-16
 6810.1763 2.72160e-16
 6812.1227 2.78643e-16
 6814.0691 2.70695e-16
 6816.0156 2.74142e-16
 6817.9620 2.73315e-16
 6819.9085 2.61105e-16
 6821.8549 2.74086e-16
 6823.8014 2.75246e-16
 6825.7478 2.62409e-16
 6827.6942 2.70402e-16
 6829.6407 2.66803e-16
 6831.5871 2.66931e-16
 6833.5336 2.70286e-16
 6835.4800 2.72391e-16
 6837.4264 2.76245e-16
 6839.3729 2.69915e-16
 6841.3193 2.60867e-16
 6843.2658 2.63052e-16
 6845.2122 2.63533e-16
 6847.1586 2.60583e-16
 6849.1051 2.65099e-16
 6851.0515 2.59110e-16
 6852.9980 2.59271e-16
 6854.9444 2.67125e-16
 6856.8909 2.59156e-16
 6858.8373 2.65342e-16
 6860.7837 2.67313e-16
 6862.7302 2.60509e-16
 6864.6766 2.63973e-16
 6866.6231 2.66710e-16
 6868.5695 2.61440e-16
 6870.5159 2.63111e-16
 6872.4624 2.60978e-16
 6874.4088 2.62596e-16
 6876.3553 2.57012e-16
 6878.3017 2.55689e-16
 6880.2481 2.68272e-16
 6882.1946 2.65329e-16
 6884.1410 2.60382e-16
 6886.0875 2.53632e-16
 6888.0339 2.57737e-16
 6889.9803 2.57809e-16
 6891.9268 2.55205e-16
 6893.8732 2.60321e-16
 6895.8197 2.55945e-16
 6897.7661 2.56332e-16
 6899.7126 2.55082e-16
 6901.6590 2.60803e-16
 6903.6054 2.54882e-16
 6905.5519 2.53185e-16
 6907.4983 2.56499e-16
 6909.4448 2.47794e-16
 6911.3912 2.49862e-16
 6913.3376 2.42229e-16
 6915.2841 2.45811e-16
 6917.2305 2.44960e-16
 6919.1770 2.51792e-16
 6921.1234 2.44922e-16
 6923.0698 2.48841e-16
 6925.0163 2.52029e-16
 6926.9627 2.46386e-16
 6928.9092 2.49192e-16
 6930.8556 2.45870e-16
 6932.8020 2.38635e-16
 6934.7485 2.42300e-16
 6936.6949 2.46281e-16
 6938.6414 2.45249e-16
 6940.5878 2.44022e-16
 6942.5343 2.36495e-16
 6944.4807 2.40244e-16
 6946.4271 2.42464e-16
 6948.3736 2.36491e-16
 6950.3200 2.39594e-16
 6952.2665 2.48655e-16
 6954.2129 2.44681e-16
 6956.1593 2.44272e-16
 6958.1058 2.42220e-16
 6960.0522 2.43118e-16
 6961.9987 2.44554e-16
 6963.9451 2.49974e-16
 6965.8915 2.44893e-16
 6967.8380 2.54547e-16
 6969.7844 2.49262e-16
 6971.7309 2.39232e-16
 6973.6773 2.45988e-16
 6975.6238 2.47189e-16
 6977.5702 2.43607e-16
 6979.5166 2.49441e-16
 6981.4631 2.39195e-16
 6983.4095 2.35657e-16
 6985.3559 2.43366e-16
 6987.3024 2.41015e-16
 6989.2488 2.45638e-16
 6991.1953 2.44879e-16
 6993.1417 2.56276e-16
 6995.0882 2.56202e-16
 6997.0346 2.46255e-16
 6998.9810 2.44534e-16
 7000.9275 2.42808e-16
 7002.8739 2.39584e-16
 7004.8204 2.45992e-16
 7006.7668 2.40841e-16
 7008.7132 2.34012e-16
 7010.6597 2.36852e-16
 7012.6061 2.30640e-16
 7014.5526 2.38765e-16
 7016.4990 2.35384e-16
 7018.4454 2.33907e-16
 7020.3919 2.31537e-16
 7022.3383 2.20330e-16
 7024.2848 2.29255e-16
 7026.2312 2.29989e-16
 7028.1777 2.33009e-16
 7030.1241 2.43414e-16
 7032.0705 2.47192e-16
 7034.0170 2.32924e-16
 7035.9634 2.29443e-16
 7037.9099 2.34942e-16
 7039.8563 2.31252e-16
 7041.8027 2.29551e-16
 7043.7492 2.36716e-16
 7045.6956 2.35953e-16
 7047.6421 2.40260e-16
 7049.5885 2.36014e-16
 7051.5349 2.39338e-16
 7053.4814 2.49479e-16
 7055.4278 2.40589e-16
 7057.3743 2.38761e-16
 7059.3207 2.45819e-16
 7061.2671 2.45524e-16
 7063.2136 2.39757e-16
 7065.1600 2.26279e-16
 7067.1065 2.24376e-16
 7069.0529 2.34267e-16
 7070.9994 2.42152e-16
 7072.9458 2.40086e-16
 7074.8922 2.39593e-16
 7076.8387 2.39515e-16
 7078.7851 2.31226e-16
 7080.7316 2.42568e-16
 7082.6780 2.38054e-16
 7084.6244 2.39981e-16
 7086.5709 2.42198e-16
 7088.5173 2.40808e-16
 7090.4638 2.37194e-16
 7092.4102 2.38676e-16
 7094.3566 2.43063e-16
 7096.3031 2.32612e-16
 7098.2495 2.26619e-16
 7100.1960 2.26173e-16
 7102.1424 2.33445e-16
 7104.0889 2.48653e-16
 7106.0353 2.33113e-16
 7107.9817 2.33883e-16
 7109.9282 2.31507e-16
 7111.8746 2.30224e-16
 7113.8211 2.25238e-16
 7115.7675 2.38930e-16
 7117.7139 2.35647e-16
 7119.6604 2.31499e-16
 7121.6068 2.26494e-16
 7123.5533 2.25952e-16
 7125.4997 2.34736e-16
 7127.4461 2.36336e-16
 7129.3926 2.41708e-16
 7131.3390 2.40998e-16
 7133.2855 2.38314e-16
 7135.2319 2.29525e-16
 7137.1783 2.30614e-16
 7139.1248 2.27863e-16
 7141.0712 2.23490e-16
 7143.0177 2.28525e-16
 7144.9641 2.29896e-16
 7146.9106 2.26651e-16
 7148.8570 2.23393e-16
 7150.8034 2.17279e-16
 7152.7499 2.26456e-16
 7154.6963 2.31491e-16
 7156.6428 2.32833e-16
 7158.5892 2.32387e-16
 7160.5356 2.29235e-16
 7162.4821 2.25710e-16
 7164.4285 2.23897e-16
 7166.3750 2.24778e-16
 7168.3214 2.16213e-16
 7170.2678 2.23929e-16
 7172.2143 2.31288e-16
 7174.1607 2.28641e-16
 7176.1072 2.23091e-16
 7178.0536 2.20948e-16
 7180.0001 2.24328e-16
 7181.9465 2.14506e-16
 7183.8929 2.22274e-16
 7185.8394 2.17282e-16
 7187.7858 2.17902e-16
 7189.7322 2.26042e-16
 7191.6787 2.30359e-16
 7193.6251 2.22968e-16
 7195.5716 2.28185e-16
 7197.5180 2.24769e-16
 7199.4645 2.15179e-16
 7201.4109 2.25192e-16
 7203.3573 2.32836e-16
 7205.3038 2.27631e-16
 7207.2502 2.21186e-16
 7209.1967 2.25881e-16
 7211.1431 2.30649e-16
 7213.0895 2.22956e-16
 7215.0360 2.15834e-16
 7216.9824 2.19785e-16
 7218.9289 2.25804e-16
 7220.8753 2.24148e-16
 7222.8217 2.26717e-16
 7224.7682 2.27401e-16
 7226.7146 2.18356e-16
 7228.6611 2.19047e-16
 7230.6075 2.18007e-16
 7232.5540 2.18989e-16
 7234.5004 2.17936e-16
 7236.4468 2.27061e-16
 7238.3933 2.23128e-16
 7240.3397 2.28069e-16
 7242.2862 2.31521e-16
 7244.2326 2.20919e-16
 7246.1790 2.25599e-16
 7248.1255 2.20086e-16
 7250.0719 2.13194e-16
 7252.0184 2.20716e-16
 7253.9648 2.26040e-16
 7255.9112 2.13956e-16
 7257.8577 2.15684e-16
 7259.8041 2.14405e-16
 7261.7506 2.19113e-16
 7263.6970 2.19351e-16
 7265.6434 2.19956e-16
 7267.5899 2.27257e-16
 7269.5363 2.16836e-16
 7271.4828 2.14789e-16
 7273.4292 2.19963e-16
 7275.3757 2.17979e-16
 7277.3221 2.18399e-16
 7279.2685 2.21235e-16
 7281.2150 2.23576e-16
 7283.1614 2.32645e-16
 7285.1079 2.27776e-16
 7287.0543 2.19955e-16
 7289.0007 2.19231e-16
 7290.9472 2.21652e-16
 7292.8936 2.20215e-16
 7294.8401 2.17195e-16
 7296.7865 2.05129e-16
 7298.7329 2.19473e-16
 7300.6794 2.08489e-16
 7302.6258 2.13626e-16
 7304.5723 2.19755e-16
 7306.5187 2.13342e-16
 7308.4652 2.11397e-16
 7310.4116 2.09829e-16
 7312.3580 2.13183e-16
 7314.3045 2.12331e-16
 7316.2509 2.14056e-16
 7318.1974 2.12884e-16
 7320.1438 2.14892e-16
 7322.0902 2.14156e-16
 7324.0367 2.19323e-16
 7325.9831 2.15625e-16
 7327.9296 2.10538e-16
 7329.8760 2.17787e-16
 7331.8224 2.12102e-16
 7333.7689 2.12759e-16
 7335.7153 2.17229e-16
 7337.6618 2.14627e-16
 7339.6082 2.16699e-16
 7341.5546 2.17185e-16
 7343.5011 2.04231e-16
 7345.4475 2.08043e-16
 7347.3940 2.10974e-16
 7349.3404 2.09007e-16
 7351.2869 2.05160e-16
 7353.2333 2.05513e-16
 7355.1797 2.08030e-16
 7357.1262 2.10829e-16
 7359.0726 2.17241e-16
 7361.0191 2.14069e-16
 7362.9655 2.09516e-16
 7364.9119 2.04731e-16
 7366.8584 2.12845e-16
 7368.8048 2.18328e-16
 7370.7513 2.15587e-16
 7372.6977 2.15289e-16
 7374.6441 2.12699e-16
 7376.5906 2.18684e-16
 7378.5370 2.15068e-16
 7380.4835 2.15020e-16
 7382.4299 2.12930e-16
 7384.3764 2.16020e-16
 7386.3228 2.12816e-16
 7388.2692 2.16325e-16
 7390.2157 2.09795e-16
 7392.1621 2.09439e-16
 7394.1085 2.17055e-16
 7396.0550 2.08460e-16
 7398.0014 2.04154e-16
 7399.9479 1.97330e-16
 7401.8943 2.04053e-16
 7403.8408 2.07241e-16
 7405.7872 2.01276e-16
 7407.7336 2.04603e-16
 7409.6801 2.03421e-16
 7411.6265 2.02239e-16
 7413.5730 2.01056e-16
 7415.5194 1.99874e-16
 7417.4658 1.98692e-16
 7419.4123 1.97510e-16
 7421.3587 1.96327e-16
 7423.3052 1.95145e-16
 7425.2516 1.93962e-16
 7427.1980 1.92780e-16
 7429.1445 1.91598e-16
 7431.0909 1.90416e-16
 7433.0374 1.89233e-16
 7434.9838 1.88051e-16
 7436.9303 1.86869e-16
 7438.8767 1.85687e-16
 7440.8231 1.84504e-16
 7442.7696 1.83322e-16
 7444.7160 1.82139e-16
 7446.6625 1.80957e-16
 7448.6089 1.66741e-16
 7450.5553 1.81102e-16
 7452.5018 1.78356e-16
 7454.4482 1.77556e-16
 7456.3947 1.70817e-16
 7458.3411 1.58524e-16
 7460.2875 1.64934e-16
 7462.2340 1.73775e-16
 7464.1804 1.81937e-16
 7466.1269 1.80649e-16
 7468.0733 1.77234e-16
 7470.0197 1.82821e-16
 7471.9662 1.91694e-16
 7473.9126 1.82706e-16
 7475.8591 1.78711e-16
 7477.8055 1.81071e-16
 7479.7520 1.90615e-16
 7481.6984 1.87246e-16
 7483.6448 1.87180e-16
 7485.5913 1.91254e-16
 7487.5377 1.90925e-16
 7489.4842 1.97632e-16
 7491.4306 1.95679e-16
 7493.3770 1.91566e-16
 7495.3235 1.90895e-16
 7497.2699 1.89695e-16
 7499.2164 1.88386e-16
 7501.1628 1.95451e-16
 7503.1092 1.91485e-16
 7505.0557 1.92424e-16
 7507.0021 1.92065e-16
 7508.9486 1.99214e-16
 7510.8950 1.94297e-16
 7512.8414 1.91813e-16
 7514.7879 2.01832e-16
 7516.7343 1.91159e-16
 7518.6808 1.96411e-16
 7520.6272 1.97777e-16
 7522.5737 1.96173e-16
 7524.5201 1.97503e-16
 7526.4665 1.97562e-16
 7528.4130 1.98121e-16
 7530.3594 1.96833e-16
 7532.3059 1.94274e-16
 7534.2523 1.96124e-16
 7536.1987 1.99411e-16
 7538.1452 1.98653e-16
 7540.0916 1.89980e-16
 7542.0381 1.99568e-16
 7543.9845 1.96847e-16
 7545.9309 1.95195e-16
 7547.8774 1.92099e-16
 7549.8238 2.00453e-16
 7551.7703 1.95625e-16
 7553.7167 1.88930e-16
 7555.6632 1.95665e-16
 7557.6096 1.89040e-16
 7559.5560 1.93423e-16
 7561.5025 1.96403e-16
 7563.4489 1.91661e-16
 7565.3954 1.90343e-16
 7567.3418 1.98367e-16
 7569.2882 1.95505e-16
 7571.2347 2.07032e-16
 7573.1811 1.97627e-16
 7575.1276 2.00427e-16
 7577.0740 2.02950e-16
 7579.0204 1.94287e-16
 7580.9669 1.97524e-16
 7582.9133 2.04428e-16
 7584.8598 2.00186e-16
 7586.8062 1.98472e-16
 7588.7526 2.02070e-16
 7590.6991 2.01692e-16
 7592.6455 2.03552e-16
 7594.5920 1.96906e-16
 7596.5384 1.95734e-16
 7598.4848 2.01043e-16
 7600.4313 1.99671e-16
 7602.3777 1.92436e-16
 7604.3242 1.90500e-16
 7606.2706 2.01435e-16
 7608.2171 2.01687e-16
 7610.1635 1.94416e-16
 7612.1099 1.89650e-16
 7614.0564 1.97443e-16
 7616.0028 1.94809e-16
 7617.9493 1.93295e-16
 7619.8957 2.10226e-16
 7621.8421 1.98837e-16
 7623.7886 2.06354e-16
 7625.7350 2.02485e-16
 7627.6815 2.05883e-16
 7629.6279 2.02115e-16
 7631.5743 2.01556e-16
 7633.5208 2.03314e-16
 7635.4672 2.01046e-16
 7637.4137 2.03859e-16
 7639.3601 2.04277e-16
 7641.3065 2.00516e-16
 7643.2530 2.00653e-16
 7645.1994 1.97612e-16
 7647.1459 1.99527e-16
 7649.0923 1.97359e-16
 7651.0388 1.95427e-16
 7652.9852 1.95716e-16
 7654.9316 1.98205e-16
 7656.8781 1.99628e-16
 7658.8245 1.98428e-16
 7660.7710 1.91096e-16
 7662.7174 1.96274e-16
 7664.6638 1.97389e-16
 7666.6103 2.04077e-16
 7668.5567 2.02248e-16
 7670.5032 2.02607e-16
 7672.4496 2.08168e-16
 7674.3960 2.05047e-16
 7676.3425 2.07070e-16
 7678.2889 1.99630e-16
 7680.2354 1.86816e-16
 7682.1818 1.98790e-16
 7684.1283 1.98724e-16
 7686.0747 1.97724e-16
 7688.0211 1.92529e-16
 7689.9676 2.02852e-16
 7691.9140 1.99917e-16
 7693.8605 1.97861e-16
 7695.8069 1.92798e-16
 7697.7533 1.98183e-16
 7699.6998 1.93262e-16
 7701.6462 1.82504e-16
 7703.5927 1.93859e-16
 7705.5391 1.97233e-16
 7707.4855 1.96866e-16
 7709.4320 1.95814e-16
 7711.3784 1.89138e-16
 7713.3249 1.98852e-16
 7715.2713 1.92953e-16
 7717.2177 2.04253e-16
 7719.1642 1.97904e-16
 7721.1106 1.96863e-16
 7723.0571 1.97295e-16
 7725.0035 1.96836e-16
 7726.9500 1.97992e-16
 7728.8964 2.01357e-16
 7730.8428 2.07513e-16
 7732.7893 1.99606e-16
 7734.7357 1.98033e-16
 7736.6822 1.99679e-16
 7738.6286 1.99213e-16
 7740.5750 1.88699e-16
 7742.5215 1.88720e-16
 7744.4679 1.84367e-16
 7746.4144 1.79907e-16
 7748.3608 1.87015e-16
 7750.3072 1.87802e-16
 7752.2537 1.88424e-16
 7754.2001 1.95723e-16
 7756.1466 1.86497e-16
 7758.0930 1.88585e-16
 7760.0395 1.95489e-16
 7761.9859 1.96385e-16
 7763.9323 1.84618e-16
 7765.8788 1.95025e-16
 7767.8252 1.90296e-16
 7769.7717 1.90775e-16
 7771.7181 1.89874e-16
 7773.6645 1.85720e-16
 7775.6110 1.83758e-16
 7777.5574 1.76186e-16
 7779.5039 1.77029e-16
 7781.4503 1.79416e-16
 7783.3967 1.70789e-16
 7785.3432 1.66732e-16
 7787.2896 1.70091e-16
 7789.2361 1.65517e-16
 7791.1825 1.67032e-16
 7793.1289 1.68524e-16
 7795.0754 1.63289e-16
 7797.0218 1.62570e-16
 7798.9683 1.52835e-16
 7800.9147 1.63722e-16
 7802.8611 1.58364e-16
 7804.8076 1.66315e-16
 7806.7540 1.61018e-16
 7808.7005 1.51136e-16
 7810.6469 1.60491e-16
 7812.5934 1.56808e-16
 7814.5398 1.51444e-16
 7816.4862 1.54441e-16
 7818.4327 1.63181e-16
 7820.3791 1.55410e-16
 7822.3256 1.47294e-16
 7824.2720 1.55267e-16
 7826.2184 1.52420e-16
 7828.1649 1.45220e-16
 7830.1113 1.37162e-16
 7832.0578 1.39884e-16
 7834.0042 1.34298e-16
 7835.9506 1.40155e-16
 7837.8971 1.42837e-16
 7839.8435 1.48466e-16
 7841.7900 1.31240e-16
 7843.7364 1.20775e-16
 7845.6828 1.29667e-16
 7847.6293 1.26192e-16
 7849.5757 1.31135e-16
 7851.5222 1.32120e-16
 7853.4686 1.21229e-16
 7855.4151 1.24107e-16
 7857.3615 1.30057e-16
 7859.3079 1.26681e-16
 7861.2544 1.33083e-16
 7863.2008 1.31603e-16
 7865.1473 1.25194e-16
 7867.0937 1.32596e-16
 7869.0401 1.27302e-16
 7870.9866 1.24340e-16
 7872.9330 1.24634e-16
 7874.8795 1.24235e-16
 7876.8259 1.18930e-16
 7878.7723 1.17671e-16
 7880.7188 1.18311e-16
 7882.6652 1.19152e-16
 7884.6117 1.22408e-16
 7886.5581 1.16908e-16
 7888.5046 1.16718e-16
 7890.4510 1.13795e-16
 7892.3974 1.11986e-16
 7894.3439 1.12609e-16
 7896.2903 1.17272e-16
 7898.2368 1.20411e-16
 7900.1832 1.15530e-16
 7902.1296 1.15391e-16
 7904.0761 1.14089e-16
 7906.0225 1.13428e-16
 7907.9690 1.21086e-16
 7909.9154 1.20832e-16
 7911.8618 1.26451e-16
 7913.8083 1.20154e-16
 7915.7547 1.18383e-16
 7917.7012 1.19121e-16
 7919.6476 1.17462e-16
 7921.5940 1.13299e-16
 7923.5405 1.22993e-16
 7925.4869 1.14154e-16
 7927.4334 1.16761e-16
 7929.3798 1.15162e-16
 7931.3263 1.17456e-16
 7933.2727 1.19974e-16
 7935.2191 1.19778e-16
 7937.1656 9.34420e-17
 7939.1120 9.96953e-17
 7941.0585 1.08614e-16
 7943.0049 1.11882e-16
 7944.9513 1.14928e-16
 7946.8978 1.17294e-16
 7948.8442 1.12513e-16
 7950.7907 1.06926e-16
 7952.7371 1.13407e-16
 7954.6835 1.18953e-16
 7956.6300 1.17434e-16
 7958.5764 1.08159e-16
 7960.5229 1.13864e-16
 7962.4693 1.11538e-16
 7964.4158 1.11402e-16
 7966.3622 1.16835e-16
 7968.3086 1.12487e-16
 7970.2551 1.12787e-16
 7972.2015 1.20412e-16
 7974.1480 1.17701e-16
 7976.0944 1.18420e-16
 7978.0408 1.22427e-16
 7979.9873 1.14401e-16
 7981.9337 1.15615e-16
 7983.8802 1.16262e-16
 7985.8266 1.16667e-16
 7987.7730 1.21280e-16
 7989.7195 1.11771e-16
 7991.6659 1.15798e-16
 7993.6124 1.21854e-16
 7995.5588 1.19896e-16
 7997.5052 1.21963e-16
 7999.4517 1.16770e-16
 8001.3981 1.20041e-16
 8003.3446 1.20915e-16
 8005.2910 1.22399e-16
 8007.2375 1.16359e-16
 8009.1839 1.11919e-16
 8011.1303 1.25103e-16
 8013.0768 1.22653e-16
 8015.0232 1.28288e-16
 8016.9697 1.26117e-16
 8018.9161 1.24949e-16
 8020.8625 1.25586e-16
 8022.8090 1.29119e-16
 8024.7554 1.28883e-16
 8026.7019 1.34357e-16
 8028.6483 1.28516e-16
 8030.5947 1.27728e-16
 8032.5412 1.40933e-16
 8034.4876 1.35417e-16
 8036.4341 1.21752e-16
 8038.3805 1.25052e-16
 8040.3270 1.23157e-16
 8042.2734 1.22052e-16
 8044.2198 1.34350e-16
 8046.1663 1.36711e-16
 8048.1127 1.36343e-16
 8050.0591 1.45059e-16
 8052.0056 1.34173e-16
 8053.9520 1.38007e-16
 8055.8985 1.42088e-16
 8057.8449 1.46046e-16
 8059.7914 1.46326e-16
 8061.7378 1.37841e-16
 8063.6842 1.42968e-16
 8065.6307 1.50242e-16
 8067.5771 1.42668e-16
 8069.5236 1.36949e-16
 8071.4700 1.43292e-16
 8073.4164 1.44318e-16
 8075.3629 1.47332e-16
 8077.3093 1.57210e-16
 8079.2558 1.53638e-16
 8081.2022 1.42284e-16
 8083.1486 1.45764e-16
 8085.0951 1.41333e-16
 8087.0415 1.28507e-16
 8088.9880 1.47385e-16
 8090.9344 1.46283e-16
 8092.8809 1.46449e-16
 8094.8273 1.48754e-16
 8096.7737 1.41802e-16
 8098.7202 1.46038e-16
 8100.6666 1.46651e-16
 8102.6131 1.50655e-16
 8104.5595 1.45155e-16
 8106.5059 1.52049e-16
 8108.4524 1.52587e-16
 8110.3988 1.48925e-16
 8112.3453 1.39408e-16
 8114.2917 1.41717e-16
 8116.2381 1.52314e-16
 8118.1846 1.40527e-16
 8120.1310 1.45531e-16
 8122.0775 1.46523e-16
 8124.0239 1.44470e-16
 8125.9703 1.59334e-16
 8127.9168 1.43693e-16
 8129.8632 1.37252e-16
 8131.8097 1.42329e-16
 8133.7561 1.49431e-16
 8135.7026 1.43993e-16
 8137.6490 1.43800e-16
 8139.5954 1.49218e-16
 8141.5419 1.43143e-16
 8143.4883 1.46346e-16
 8145.4348 1.56730e-16
 8147.3812 1.43939e-16
 8149.3276 1.58381e-16
 8151.2741 1.59935e-16
 8153.2205 1.45344e-16
 8155.1670 1.45321e-16
 8157.1134 1.42840e-16
 8159.0598 1.40697e-16
 8161.0063 1.48013e-16
 8162.9527 1.53312e-16
 8164.8992 1.44129e-16
 8166.8456 1.41187e-16
 8168.7920 1.41691e-16
 8170.7385 1.48649e-16
 8172.6849 1.36023e-16
 8174.6314 1.37800e-16
 8176.5778 1.48845e-16
 8178.5243 1.44796e-16
 8180.4707 1.38595e-16
 8182.4171 1.37707e-16
 8184.3636 1.37561e-16
 8186.3100 1.36045e-16
 8188.2565 1.42079e-16
 8190.2029 1.41441e-16
 8192.1493 1.53534e-16
 8194.0958 1.47495e-16
 8196.0422 1.52119e-16
 8197.9887 1.54916e-16
 8199.9351 1.56393e-16
 8201.8815 1.46566e-16
 8203.8280 1.49979e-16
 8205.7744 1.38520e-16
 8207.7209 1.36511e-16
 8209.6673 1.50391e-16
 8211.6138 1.47733e-16
 8213.5602 1.47605e-16
 8215.5066 1.42894e-16
 8217.4531 1.38828e-16
 8219.3995 1.44451e-16
 8221.3459 1.47024e-16
 8223.2924 1.44231e-16
 8225.2388 1.47755e-16
 8227.1853 1.47424e-16
 8229.1317 1.49862e-16
 8231.0782 1.53613e-16
 8233.0246 1.54404e-16
 8234.9710 1.50207e-16
 8236.9175 1.54723e-16
 8238.8639 1.46569e-16
 8240.8104 1.54778e-16
 8242.7568 1.49170e-16
 8244.7032 1.51638e-16
 8246.6497 1.64262e-16
 8248.5961 1.57107e-16
 8250.5426 1.45699e-16
 8252.4890 1.48421e-16
 8254.4354 1.49118e-16
 8256.3819 1.52049e-16
 8258.3283 1.48053e-16
 8260.2748 1.42239e-16
 8262.2212 1.33283e-16
 8264.1677 1.39533e-16
 8266.1141 1.41101e-16
 8268.0605 1.46179e-16
 8270.0070 1.48997e-16
 8271.9534 1.41135e-16
 8273.8999 1.50971e-16
 8275.8463 1.53469e-16
 8277.7927 1.43184e-16
 8279.7392 1.49123e-16
 8281.6856 1.57981e-16
 8283.6321 1.50077e-16
 8285.5785 1.52384e-16
 8287.5249 1.48780e-16
 8289.4714 1.55948e-16
 8291.4178 1.58032e-16
 8293.3643 1.52338e-16
 8295.3107 1.57780e-16
 8297.2571 1.51359e-16
 8299.2036 1.46696e-16
 8301.1500 1.43349e-16
 8303.0965 1.43432e-16
 8305.0429 1.49138e-16
 8306.9894 1.56130e-16
 8308.9358 1.60498e-16
 8310.8822 1.52671e-16
 8312.8287 1.41767e-16
 8314.7751 1.51242e-16
 8316.7216 1.55437e-16
 8318.6680 1.59484e-16
 8320.6144 1.50061e-16
 8322.5609 1.49369e-16
 8324.5073 1.43530e-16
 8326.4538 1.55868e-16
 8328.4002 1.52738e-16
 8330.3466 1.57368e-16
 8332.2931 1.56434e-16
 8334.2395 1.64562e-16
 8336.1860 1.59892e-16
 8338.1324 1.48506e-16
 8340.0789 1.63496e-16
 8342.0253 1.66094e-16
 8343.9717 1.64519e-16
 8345.9182 1.59121e-16
 8347.8646 1.61747e-16
 8349.8111 1.58309e-16
 8351.7575 1.54396e-16
 8353.7039 1.59230e-16
 8355.6504 1.62128e-16
 8357.5968 1.48575e-16
 8359.5433 1.52348e-16
 8361.4897 1.64629e-16
 8363.4361 1.56527e-16
 8365.3826 1.51099e-16
 8367.3290 1.53185e-16
 8369.2755 1.63005e-16
 8371.2219 1.54159e-16
 8373.1683 1.56291e-16
 8375.1148 1.66813e-16
 8377.0612 1.63396e-16
 8379.0077 1.64561e-16
 8380.9541 1.66721e-16
 8382.9006 1.67210e-16
 8384.8470 1.77091e-16
 8386.7934 1.77372e-16
 8388.7399 1.64386e-16
 8390.6863 1.65717e-16
 8392.6328 1.57831e-16
 8394.5792 1.79583e-16
 8396.5256 1.72845e-16
 8398.4721 1.65689e-16
 8400.4185 1.60283e-16
 8402.3650 1.57647e-16
 8404.3114 1.54036e-16
 8406.2578 1.66272e-16
 8408.2043 1.64440e-16
 8410.1507 1.56056e-16
 8412.0972 1.56371e-16
 8414.0436 1.64471e-16
 8415.9901 1.70579e-16
 8417.9365 1.74298e-16
 8419.8829 1.77618e-16
 8421.8294 1.71349e-16
 8423.7758 1.59795e-16
 8425.7222 1.65495e-16
 8427.6687 1.74463e-16
 8429.6151 1.65964e-16
 8431.5616 1.65151e-16
 8433.5080 1.70918e-16
 8435.4545 1.71582e-16
 8437.4009 1.78756e-16
 8439.3473 1.59278e-16
 8441.2938 1.52499e-16
 8443.2402 1.56909e-16
 8445.1867 1.72859e-16
 8447.1331 1.63204e-16
 8449.0795 1.62618e-16
 8451.0260 1.61296e-16
 8452.9724 1.55232e-16
 8454.9189 1.67813e-16
 8456.8653 1.73202e-16
 8458.8117 1.62942e-16
 8460.7582 1.69725e-16
 8462.7046 1.65291e-16
 8464.6511 1.66800e-16
 8466.5975 1.63353e-16
 8468.5440 1.78464e-16
 8470.4904 1.77025e-16
 8472.4368 1.75587e-16
 8474.3833 1.74148e-16
 8476.3297 1.72709e-16
 8478.2762 1.71270e-16
 8480.2226 1.69831e-16
 8482.1690 1.68393e-16
 8484.1155 1.61338e-16
 8486.0619 1.66703e-16
 8488.0084 1.67846e-16
 8489.9548 1.63859e-16
 8491.9012 1.76281e-16
 8493.8477 1.68145e-16
 8495.7941 1.62562e-16
 8497.7406 1.57891e-16
 8499.6870 1.70996e-16
 8501.6334 1.74417e-16
 8503.5799 1.68311e-16
 8505.5263 1.63567e-16
 8507.4728 1.70000e-16
 8509.4192 1.76276e-16
 8511.3657 1.79244e-16
 8513.3121 1.73020e-16
 8515.2585 1.70097e-16
 8517.2050 1.65864e-16
 8519.1514 1.74674e-16
 8521.0979 1.71534e-16
 8523.0443 1.61227e-16
 8524.9907 1.70756e-16
 8526.9372 1.59499e-16
 8528.8836 1.57017e-16
 8530.8301 1.58199e-16
 8532.7765 1.46354e-16
 8534.7229 1.59623e-16
 8536.6694 1.58831e-16
 8538.6158 1.62283e-16
 8540.5623 1.66508e-16
 8542.5087 1.64709e-16
 8544.4552 1.50373e-16
 8546.4016 1.57446e-16
 8548.3480 1.60196e-16
 8550.2945 1.64122e-16
 8552.2409 1.64401e-16
 8554.1874 1.62037e-16
 8556.1338 1.62237e-16
 8558.0802 1.83543e-16
 8560.0267 1.58151e-16
 8561.9731 1.63145e-16
 8563.9196 1.63993e-16
 8565.8660 1.57709e-16
 8567.8124 1.58613e-16
 8569.7589 1.49389e-16
 8571.7053 1.63120e-16
 8573.6518 1.60737e-16
 8575.5982 1.53262e-16
 8577.5446 1.53437e-16
 8579.4911 1.53384e-16
 8581.4375 1.53330e-16
 8583.3840 1.53277e-16
 8585.3304 1.53223e-16
 8587.2769 1.53170e-16
 8589.2233 1.55430e-16
 8591.1697 1.65352e-16
 8593.1162 1.58571e-16
 8595.0626 1.53075e-16
 8597.0091 1.58895e-16
 8598.9555 1.64357e-16
 8600.9019 1.66089e-16
 8602.8484 1.66583e-16
 8604.7948 1.65329e-16
 8606.7413 1.60081e-16
 8608.6877 1.59675e-16
 8610.6341 1.62306e-16
 8612.5806 1.56931e-16
 8614.5270 1.42225e-16
 8616.4735 1.49717e-16
 8618.4199 1.68920e-16
 8620.3664 1.67439e-16
 8622.3128 1.62005e-16
 8624.2592 1.42113e-16
 8626.2057 1.46958e-16
 8628.1521 1.52593e-16
 8630.0985 1.60178e-16
 8632.0450 1.59587e-16
 8633.9914 1.57709e-16
 8635.9379 1.63016e-16
 8637.8843 1.63454e-16
 8639.8308 1.59209e-16
 8641.7772 1.61269e-16
 8643.7236 1.69592e-16
 8645.6701 1.61978e-16
 8647.6165 1.64946e-16
 8649.5630 1.50443e-16
 8651.5094 1.57785e-16
 8653.4558 1.55672e-16
 8655.4023 1.46564e-16
 8657.3487 1.54333e-16
 8659.2952 1.51451e-16
 8661.2416 1.48240e-16
 8663.1880 1.60370e-16
 8665.1345 1.55002e-16
 8667.0809 1.52684e-16
 8669.0274 1.54746e-16
 8670.9738 1.53224e-16
 8672.9203 1.57702e-16
 8674.8667 1.52332e-16
 8676.8131 1.58008e-16
 8678.7596 1.50355e-16
 8680.7060 1.52686e-16
 8682.6525 1.61896e-16
 8684.5989 1.63911e-16
 8686.5453 1.58730e-16
 8688.4918 1.67462e-16
 8690.4382 1.51854e-16
 8692.3847 1.46385e-16
 8694.3311 1.59028e-16
 8696.2775 1.44039e-16
 8698.2240 1.43338e-16
 8700.1704 1.62335e-16
 8702.1169 1.64447e-16
 8704.0633 1.58143e-16
 8706.0097 1.58743e-16
 8707.9562 1.58408e-16
 8709.9026 1.40351e-16
 8711.8491 1.43881e-16
 8713.7955 1.49528e-16
 8715.7420 1.45605e-16
 8717.6884 1.42347e-16
 8719.6348 1.46420e-16
 8721.5813 1.41044e-16
 8723.5277 1.48379e-16
 8725.4742 1.55449e-16
 8727.4206 1.58323e-16
 8729.3670 1.47102e-16
 8731.3135 1.40044e-16
 8733.2599 1.45706e-16
 8735.2064 1.51054e-16
 8737.1528 1.39510e-16
 8739.0992 1.57471e-16
 8741.0457 1.62834e-16
 8742.9921 1.46405e-16
 8744.9386 1.42245e-16
 8746.8850 1.42577e-16
 8748.8315 1.63333e-16
 8750.7779 1.38799e-16
 8752.7243 1.45234e-16
 8754.6708 1.44907e-16
 8756.6172 1.33044e-16
 8758.5637 1.37840e-16
 8760.5101 1.37127e-16
 8762.4565 1.36398e-16
 8764.4030 1.33698e-16
 8766.3494 1.43872e-16
 8768.2959 1.44378e-16
 8770.2423 1.51171e-16
 8772.1887 1.43474e-16
 8774.1352 1.62591e-16
 8776.0816 1.51772e-16
 8778.0281 1.36457e-16
 8779.9745 1.26825e-16
 8781.9209 1.26299e-16
 8783.8674 1.34563e-16
 8785.8138 1.43444e-16
 8787.7603 1.43282e-16
 8789.7067 1.52333e-16
 8791.6532 1.52441e-16
 8793.5996 1.26576e-16
 8795.5460 1.35028e-16
 8797.4925 1.40099e-16
 8799.4389 1.38904e-16
 8801.3854 1.27250e-16
 8803.3318 1.36140e-16
 8805.2782 1.41644e-16
 8807.2247 1.31543e-16
 8809.1711 1.34880e-16
 8811.1176 1.29552e-16
 8813.0640 1.17556e-16
 8815.0104 1.18477e-16
 8816.9569 1.18071e-16
 8818.9033 1.37527e-16
 8820.8498 1.19769e-16
 8822.7962 1.09623e-16
 8824.7426 1.34227e-16
 8826.6891 1.42564e-16
 8828.6355 1.30214e-16
 8830.5820 1.38177e-16
 8832.5284 1.41550e-16
 8834.4748 1.37760e-16
 8836.4213 1.29385e-16
 8838.3677 1.32192e-16
 8840.3142 1.20404e-16
 8842.2606 1.42777e-16
 8844.2071 1.45870e-16
 8846.1535 1.18098e-16
 8848.0999 1.24962e-16
 8850.0464 1.25739e-16
 8851.9928 1.21968e-16
 8853.9393 1.26050e-16
 8855.8857 1.19512e-16
 8857.8321 1.29051e-16
 8859.7786 1.23990e-16
 8861.7250 1.10238e-16
 8863.6715 1.21014e-16
 8865.6179 1.24309e-16
 8867.5643 1.15497e-16
 8869.5108 1.17993e-16
 8871.4572 1.18003e-16
 8873.4037 1.09927e-16
 8875.3501 1.06627e-16
 8877.2965 1.12575e-16
 8879.2430 1.19841e-16
 8881.1894 1.25507e-16
 8883.1359 1.16470e-16
 8885.0823 1.27109e-16
 8887.0288 1.14476e-16
 8888.9752 1.07458e-16
 8890.9216 1.19063e-16
 8892.8681 1.17370e-16
 8894.8145 1.13031e-16
 8896.7610 1.26858e-16
 8898.7074 1.23014e-16
 8900.6538 1.05714e-16
 8902.6003 1.15134e-16
 8904.5467 1.04762e-16
 8906.4932 1.24112e-16
 8908.4396 1.12897e-16
 8910.3860 1.14186e-16
 8912.3325 1.24440e-16
 8914.2789 1.30340e-16
 8916.2254 1.12576e-16
 8918.1718 1.06900e-16
 8920.1183 1.05063e-16
 8922.0647 1.21446e-16
 8924.0111 1.12450e-16
 8925.9576 1.08169e-16
 8927.9040 1.23178e-16
 8929.8505 1.16176e-16
 8931.7969 1.13531e-16
 8933.7433 1.11225e-16
 8935.6898 1.20074e-16
 8937.6362 1.20213e-16
 8939.5827 1.08509e-16
 8941.5291 9.98169e-17
 8943.4755 1.04850e-16
 8945.4220 1.22091e-16
 8947.3684 1.17497e-16
 8949.3149 1.13026e-16
 8951.2613 1.07763e-16
 8953.2077 1.28137e-16
 8955.1542 1.12916e-16
 8957.1006 1.15272e-16
 8959.0471 1.03984e-16
 8960.9935 9.69570e-17
 8962.9400 9.55184e-17
 8964.8864 1.08054e-16
 8966.8328 1.04746e-16
 8968.7793 1.00019e-16
 8970.7257 1.18309e-16
 8972.6722 1.01517e-16
 8974.6186 9.82526e-17
 8976.5650 1.12387e-16
 8978.5115 9.80495e-17
 8980.4579 8.36516e-17
 8982.4044 1.02084e-16
 8984.3508 1.03196e-16
 8986.2972 1.08935e-16
 8988.2437 1.15081e-16
 8990.1901 1.29737e-16
 8992.1366 1.19906e-16
 8994.0830 1.16136e-16
 8996.0295 1.15008e-16
 8997.9759 1.23361e-16
 8999.9223 1.11699e-16
 9001.8688 1.11974e-16
 9003.8152 9.72526e-17
 9005.7617 9.52539e-17
 9007.7081 9.49979e-17
 9009.6545 1.10049e-16
 9011.6010 1.17328e-16
 9013.5474 1.00228e-16
 9015.4939 8.87128e-17
 9017.4403 1.02730e-16
 9019.3867 1.09431e-16
 9021.3332 1.09011e-16
 9023.2796 9.90011e-17
 9025.2261 9.61876e-17
 9027.1725 1.07021e-16
 9029.1189 9.17733e-17
 9031.0654 1.08712e-16
 9033.0118 1.11171e-16
 9034.9583 1.01984e-16
 9036.9047 9.99507e-17
 9038.8512 1.18644e-16
 9040.7976 1.09663e-16
 9042.7440 1.00827e-16
 9044.6905 9.03366e-17
 9046.6369 9.15778e-17
 9048.5834 1.09517e-16
 9050.5298 1.05447e-16
 9052.4762 1.04197e-16
 9054.4227 1.09170e-16
 9056.3691 9.99834e-17
 9058.3156 9.72737e-17
 9060.2620 1.10647e-16
 9062.2084 1.08797e-16
 9064.1549 1.03641e-16
 9066.1013 8.63935e-17
 9068.0478 9.71339e-17
 9069.9942 1.03211e-16
 9071.9407 1.04686e-16
 9073.8871 1.04054e-16
 9075.8335 1.03914e-16
 9077.7800 1.04649e-16
 9079.7264 9.17852e-17
 9081.6728 9.09657e-17
 9083.6193 9.52648e-17
 9085.5657 9.78696e-17
 9087.5122 9.43011e-17
 9089.4586 9.49932e-17
 9091.4051 9.94446e-17
 9093.3515 1.00906e-16
 9095.2979 9.54450e-17
 9097.2444 9.70653e-17
 9099.1908 7.37040e-17
 9101.1373 9.61056e-17
 9103.0837 9.46213e-17
 9105.0301 8.73433e-17
 9106.9766 8.26589e-17
 9108.9230 7.68185e-17
 9110.8695 8.42744e-17
 9112.8159 8.90043e-17
 9114.7623 1.23969e-16
 9116.7088 9.80443e-17
 9118.6552 1.07781e-16
 9120.6017 9.30896e-17
 9122.5481 7.00289e-17
 9124.4946 6.93320e-17
 9126.4410 7.97224e-17
 9128.3874 7.95052e-17
 9130.3339 9.04839e-17
 9132.2803 1.15035e-16
 9134.2268 1.25238e-16
 9136.1732 1.11656e-16
 9138.1196 8.13028e-17
 9140.0661 8.76300e-17
 9142.0125 9.82500e-17
 9143.9590 8.26788e-17
 9145.9054 9.25127e-17
 9147.8518 1.09112e-16
 9149.7983 7.39548e-17
 9151.7447 6.47698e-17
 9153.6912 8.36730e-17
 9155.6376 1.00381e-16
 9157.5840 7.70234e-17
 9159.5305 5.71269e-17
 9161.4769 5.07851e-17
 9163.4234 8.01201e-17
 9165.3698 9.40632e-17
 9167.3163 6.08772e-17
 9169.2627 6.58237e-17
 9171.2091 9.39088e-17
 9173.1556 8.49321e-17
 9175.1020 9.13724e-17
 9177.0485 8.27711e-17
 9178.9949 7.93623e-17
 9180.9413 7.93306e-17
 9182.8878 8.70440e-17
 9184.8342 7.88857e-17
 9186.7807 7.95244e-17
 9188.7271 7.45434e-17
 9190.6735 9.32912e-17
 9192.6200 7.77031e-17
 9194.5664 7.98939e-17
 9196.5129 7.36381e-17
 9198.4593 7.02611e-17
 9200.4058 8.28112e-17
 9202.3522 8.04100e-17
 9204.2986 7.56075e-17
 9206.2451 7.76861e-17
 9208.1915 8.71885e-17
 9210.1380 5.08615e-17
 9212.0844 5.87063e-17
 9214.0308 7.67455e-17
 9215.9773 8.87898e-17
