#Object:               SN2008bf
#FITS_file:            SN08bf_b01_DUP_WF_12apr08.fits
#Redshift:             0.02403
#JDate_of_max:         2454554.48
#JDate_of_observation: 2454568.65
#Epoch:                13.84     
#
 3710.8409 5.33003e-16
 3713.8109 5.13966e-16
 3716.7810 5.31654e-16
 3719.7510 5.56541e-16
 3722.7211 4.68130e-16
 3725.6911 5.38823e-16
 3728.6612 5.19442e-16
 3731.6312 5.58193e-16
 3734.6013 5.50707e-16
 3737.5713 5.53782e-16
 3740.5414 5.23375e-16
 3743.5114 5.76475e-16
 3746.4815 5.36859e-16
 3749.4515 5.03701e-16
 3752.4216 4.80769e-16
 3755.3916 4.36006e-16
 3758.3617 4.17320e-16
 3761.3317 4.22194e-16
 3764.3018 4.15561e-16
 3767.2718 3.96909e-16
 3770.2419 4.14345e-16
 3773.2119 4.50678e-16
 3776.1820 4.30913e-16
 3779.1520 3.81863e-16
 3782.1221 4.02628e-16
 3785.0921 4.25224e-16
 3788.0622 3.97191e-16
 3791.0322 3.83856e-16
 3794.0023 4.10859e-16
 3796.9723 4.50383e-16
 3799.9424 4.44048e-16
 3802.9124 4.30441e-16
 3805.8825 4.12661e-16
 3808.8525 4.54649e-16
 3811.8226 4.48306e-16
 3814.7926 4.72485e-16
 3817.7627 5.12949e-16
 3820.7327 5.08396e-16
 3823.7028 5.52307e-16
 3826.6728 5.64373e-16
 3829.6429 5.82897e-16
 3832.6129 5.55432e-16
 3835.5830 5.80781e-16
 3838.5530 6.34137e-16
 3841.5231 6.41283e-16
 3844.4931 6.24994e-16
 3847.4632 7.30286e-16
 3850.4332 7.11492e-16
 3853.4033 7.78165e-16
 3856.3733 8.03376e-16
 3859.3434 8.59921e-16
 3862.3134 9.01339e-16
 3865.2835 9.27382e-16
 3868.2535 9.32172e-16
 3871.2236 9.66406e-16
 3874.1936 9.72743e-16
 3877.1637 9.79956e-16
 3880.1337 1.05616e-15
 3883.1038 1.05290e-15
 3886.0738 1.06030e-15
 3889.0439 1.03903e-15
 3892.0139 1.03303e-15
 3894.9840 1.06432e-15
 3897.9540 1.08067e-15
 3900.9241 1.07450e-15
 3903.8941 1.07302e-15
 3906.8642 1.05261e-15
 3909.8342 1.07441e-15
 3912.8043 1.09039e-15
 3915.7743 1.10267e-15
 3918.7444 1.09804e-15
 3921.7144 1.15253e-15
 3924.6845 1.10557e-15
 3927.6545 1.15113e-15
 3930.6246 1.17557e-15
 3933.5946 1.15189e-15
 3936.5647 1.15245e-15
 3939.5347 1.18557e-15
 3942.5048 1.20125e-15
 3945.4748 1.15368e-15
 3948.4449 1.16347e-15
 3951.4149 1.13547e-15
 3954.3850 1.10436e-15
 3957.3550 1.09430e-15
 3960.3251 1.07064e-15
 3963.2951 1.04681e-15
 3966.2652 9.76990e-16
 3969.2352 9.77960e-16
 3972.2053 9.83254e-16
 3975.1753 8.94927e-16
 3978.1454 8.85856e-16
 3981.1154 8.80400e-16
 3984.0855 8.36775e-16
 3987.0555 7.91994e-16
 3990.0256 7.93034e-16
 3992.9956 7.82442e-16
 3995.9657 7.97673e-16
 3998.9357 7.76872e-16
 4001.9058 7.62361e-16
 4004.8758 7.53253e-16
 4007.8459 7.27678e-16
 4010.8159 7.74574e-16
 4013.7860 7.47798e-16
 4016.7560 7.06248e-16
 4019.7261 7.15973e-16
 4022.6961 7.68702e-16
 4025.6662 7.81802e-16
 4028.6362 7.80803e-16
 4031.6063 7.86676e-16
 4034.5763 8.17647e-16
 4037.5464 8.06507e-16
 4040.5164 8.23523e-16
 4043.4865 8.15379e-16
 4046.4565 8.36128e-16
 4049.4266 8.18759e-16
 4052.3966 8.19347e-16
 4055.3667 8.15591e-16
 4058.3367 7.90027e-16
 4061.3068 8.28769e-16
 4064.2768 8.34074e-16
 4067.2469 8.01068e-16
 4070.2169 8.14535e-16
 4073.1870 7.90145e-16
 4076.1570 7.59433e-16
 4079.1271 7.64020e-16
 4082.0971 7.86976e-16
 4085.0672 7.79064e-16
 4088.0372 7.84990e-16
 4091.0073 7.34996e-16
 4093.9773 7.66445e-16
 4096.9474 7.86344e-16
 4099.9174 7.81543e-16
 4102.8875 7.71578e-16
 4105.8575 7.67898e-16
 4108.8276 7.41826e-16
 4111.7976 8.13087e-16
 4114.7677 7.91781e-16
 4117.7377 7.86999e-16
 4120.7078 8.15229e-16
 4123.6778 8.05089e-16
 4126.6479 7.93682e-16
 4129.6179 7.64246e-16
 4132.5880 8.23927e-16
 4135.5580 8.26573e-16
 4138.5281 8.40961e-16
 4141.4981 8.54339e-16
 4144.4682 8.69551e-16
 4147.4382 8.75641e-16
 4150.4083 8.79638e-16
 4153.3783 9.24806e-16
 4156.3484 9.24675e-16
 4159.3184 9.03181e-16
 4162.2885 9.54196e-16
 4165.2585 9.18537e-16
 4168.2286 8.91275e-16
 4171.1986 9.17523e-16
 4174.1687 9.27617e-16
 4177.1387 9.09410e-16
 4180.1088 9.33655e-16
 4183.0788 9.18677e-16
 4186.0489 8.65550e-16
 4189.0189 9.29887e-16
 4191.9890 9.16390e-16
 4194.9590 8.78997e-16
 4197.9291 8.89373e-16
 4200.8991 8.78517e-16
 4203.8692 8.88808e-16
 4206.8392 8.81897e-16
 4209.8093 8.75335e-16
 4212.7793 8.92663e-16
 4215.7494 8.61789e-16
 4218.7194 8.55586e-16
 4221.6895 8.72798e-16
 4224.6595 8.19508e-16
 4227.6296 8.33560e-16
 4230.5996 8.26037e-16
 4233.5697 8.10941e-16
 4236.5397 8.22736e-16
 4239.5098 8.02275e-16
 4242.4798 8.21822e-16
 4245.4499 8.16555e-16
 4248.4199 7.88439e-16
 4251.3900 8.03668e-16
 4254.3600 7.73655e-16
 4257.3301 7.76662e-16
 4260.3001 7.82324e-16
 4263.2702 7.56818e-16
 4266.2402 7.63536e-16
 4269.2103 7.87154e-16
 4272.1803 7.81202e-16
 4275.1504 7.72862e-16
 4278.1204 8.12198e-16
 4281.0905 7.82484e-16
 4284.0605 7.88562e-16
 4287.0306 7.70625e-16
 4290.0006 7.80545e-16
 4292.9707 7.68943e-16
 4295.9407 7.40689e-16
 4298.9108 7.48856e-16
 4301.8808 7.35346e-16
 4304.8509 7.10892e-16
 4307.8209 7.29888e-16
 4310.7910 7.24327e-16
 4313.7610 6.90053e-16
 4316.7311 6.75044e-16
 4319.7011 6.72730e-16
 4322.6712 6.59345e-16
 4325.6412 6.49880e-16
 4328.6113 6.31009e-16
 4331.5813 6.24311e-16
 4334.5514 5.93784e-16
 4337.5214 5.95881e-16
 4340.4915 5.81893e-16
 4343.4615 5.86853e-16
 4346.4316 5.75672e-16
 4349.4016 5.53334e-16
 4352.3717 5.44019e-16
 4355.3417 5.40893e-16
 4358.3118 5.20542e-16
 4361.2818 5.21905e-16
 4364.2519 5.05720e-16
 4367.2219 4.88760e-16
 4370.1920 4.91172e-16
 4373.1620 4.77520e-16
 4376.1320 4.80660e-16
 4379.1021 4.69687e-16
 4382.0721 4.52639e-16
 4385.0422 4.49238e-16
 4388.0122 4.54672e-16
 4390.9823 4.55538e-16
 4393.9523 4.55378e-16
 4396.9224 4.61694e-16
 4399.8924 4.48974e-16
 4402.8625 4.52798e-16
 4405.8325 4.62525e-16
 4408.8026 4.80561e-16
 4411.7726 4.75003e-16
 4414.7427 4.79926e-16
 4417.7127 4.75122e-16
 4420.6828 4.78097e-16
 4423.6528 4.88235e-16
 4426.6229 4.97091e-16
 4429.5929 5.12383e-16
 4432.5630 5.26018e-16
 4435.5331 5.35262e-16
 4438.5031 5.56592e-16
 4441.4732 5.70560e-16
 4444.4432 5.93632e-16
 4447.4133 5.98100e-16
 4450.3833 5.96609e-16
 4453.3533 5.94204e-16
 4456.3234 5.95574e-16
 4459.2934 6.08816e-16
 4462.2635 6.44609e-16
 4465.2335 6.42055e-16
 4468.2036 6.46650e-16
 4471.1736 6.37743e-16
 4474.1437 6.65469e-16
 4477.1137 6.61244e-16
 4480.0838 6.83040e-16
 4483.0538 6.94663e-16
 4486.0239 7.18483e-16
 4488.9939 7.35982e-16
 4491.9640 7.19624e-16
 4494.9340 7.34912e-16
 4497.9041 7.52303e-16
 4500.8741 7.74072e-16
 4503.8442 7.85568e-16
 4506.8142 8.19090e-16
 4509.7843 8.35477e-16
 4512.7543 8.81222e-16
 4515.7244 9.03261e-16
 4518.6944 9.08009e-16
 4521.6645 9.53720e-16
 4524.6345 9.63432e-16
 4527.6046 9.74326e-16
 4530.5746 1.00195e-15
 4533.5447 1.02412e-15
 4536.5147 1.02044e-15
 4539.4848 1.04661e-15
 4542.4548 1.07254e-15
 4545.4249 1.04861e-15
 4548.3949 1.06406e-15
 4551.3650 1.08375e-15
 4554.3350 1.10655e-15
 4557.3051 1.11896e-15
 4560.2751 1.11068e-15
 4563.2452 1.10516e-15
 4566.2152 1.11533e-15
 4569.1853 1.12529e-15
 4572.1553 1.16928e-15
 4575.1254 1.14394e-15
 4578.0954 1.12413e-15
 4581.0655 1.13179e-15
 4584.0355 1.14799e-15
 4587.0056 1.16762e-15
 4589.9756 1.15557e-15
 4592.9457 1.15573e-15
 4595.9157 1.15877e-15
 4598.8858 1.16531e-15
 4601.8558 1.14662e-15
 4604.8259 1.13221e-15
 4607.7959 1.15609e-15
 4610.7660 1.09270e-15
 4613.7360 1.10292e-15
 4616.7061 1.12090e-15
 4619.6761 1.08264e-15
 4622.6462 1.08126e-15
 4625.6162 1.03294e-15
 4628.5863 1.01983e-15
 4631.5563 1.01607e-15
 4634.5264 9.83837e-16
 4637.4964 9.43404e-16
 4640.4665 9.46037e-16
 4643.4365 9.17068e-16
 4646.4066 8.72382e-16
 4649.3766 8.62004e-16
 4652.3467 8.43135e-16
 4655.3167 8.31969e-16
 4658.2868 7.92922e-16
 4661.2568 7.75161e-16
 4664.2269 7.79303e-16
 4667.1969 7.70897e-16
 4670.1670 7.53048e-16
 4673.1370 7.48051e-16
 4676.1071 7.54316e-16
 4679.0771 7.52286e-16
 4682.0472 7.56755e-16
 4685.0172 7.73893e-16
 4687.9873 7.49688e-16
 4690.9573 7.54953e-16
 4693.9274 7.32532e-16
 4696.8974 7.03377e-16
 4699.8675 6.86301e-16
 4702.8375 6.41817e-16
 4705.8076 6.53801e-16
 4708.7776 6.22983e-16
 4711.7477 5.98309e-16
 4714.7177 5.89659e-16
 4717.6878 5.92912e-16
 4720.6578 5.61508e-16
 4723.6279 5.52830e-16
 4726.5979 5.36399e-16
 4729.5680 5.12723e-16
 4732.5380 5.04716e-16
 4735.5081 4.86939e-16
 4738.4781 4.97472e-16
 4741.4482 4.89922e-16
 4744.4182 4.86680e-16
 4747.3883 4.79134e-16
 4750.3583 4.71206e-16
 4753.3284 4.76079e-16
 4756.2984 4.93753e-16
 4759.2685 5.01844e-16
 4762.2385 5.12430e-16
 4765.2086 5.18886e-16
 4768.1786 5.17952e-16
 4771.1487 5.36422e-16
 4774.1187 5.40117e-16
 4777.0888 5.68512e-16
 4780.0588 5.87735e-16
 4783.0289 5.89689e-16
 4785.9989 5.95519e-16
 4788.9690 5.92495e-16
 4791.9390 5.71480e-16
 4794.9091 5.43229e-16
 4797.8791 5.26346e-16
 4800.8492 5.29542e-16
 4803.8192 5.11057e-16
 4806.7893 5.01233e-16
 4809.7593 5.06694e-16
 4812.7294 4.87750e-16
 4815.6994 4.84887e-16
 4818.6695 4.76329e-16
 4821.6395 4.66226e-16
 4824.6096 4.72792e-16
 4827.5796 4.60709e-16
 4830.5497 4.57684e-16
 4833.5197 4.64781e-16
 4836.4898 4.61189e-16
 4839.4598 4.64387e-16
 4842.4299 4.71659e-16
 4845.3999 4.61457e-16
 4848.3700 4.60773e-16
 4851.3400 4.68776e-16
 4854.3101 4.74760e-16
 4857.2801 4.89377e-16
 4860.2502 4.97231e-16
 4863.2202 5.06023e-16
 4866.1903 5.32605e-16
 4869.1603 5.41452e-16
 4872.1304 5.53809e-16
 4875.1004 5.72977e-16
 4878.0705 5.79971e-16
 4881.0405 6.08595e-16
 4884.0106 6.18142e-16
 4886.9806 6.24076e-16
 4889.9507 6.30257e-16
 4892.9207 6.54962e-16
 4895.8908 6.67159e-16
 4898.8608 6.83847e-16
 4901.8309 6.94914e-16
 4904.8009 7.05437e-16
 4907.7710 7.05731e-16
 4910.7410 6.90801e-16
 4913.7111 6.98429e-16
 4916.6811 7.01611e-16
 4919.6512 7.10913e-16
 4922.6212 7.04798e-16
 4925.5913 7.03931e-16
 4928.5613 6.89148e-16
 4931.5314 6.55515e-16
 4934.5014 6.29719e-16
 4937.4715 6.01826e-16
 4940.4415 5.92164e-16
 4943.4116 5.66518e-16
 4946.3816 5.64285e-16
 4949.3517 5.63349e-16
 4952.3217 5.34341e-16
 4955.2918 5.22889e-16
 4958.2618 5.30999e-16
 4961.2319 5.20616e-16
 4964.2019 5.01026e-16
 4967.1720 4.93463e-16
 4970.1420 4.98717e-16
 4973.1121 4.89130e-16
 4976.0821 4.79987e-16
 4979.0522 4.70937e-16
 4982.0222 4.72319e-16
 4984.9923 4.70552e-16
 4987.9623 4.61704e-16
 4990.9324 4.70322e-16
 4993.9024 4.61451e-16
 4996.8725 4.68414e-16
 4999.8425 4.74762e-16
 5002.8126 4.70726e-16
 5005.7826 4.63024e-16
 5008.7527 4.74693e-16
 5011.7227 4.74946e-16
 5014.6928 4.82150e-16
 5017.6628 4.85643e-16
 5020.6329 5.05790e-16
 5023.6029 5.02701e-16
 5026.5730 5.08560e-16
 5029.5430 5.12297e-16
 5032.5131 5.10137e-16
 5035.4831 5.17043e-16
 5038.4532 5.19232e-16
 5041.4232 5.08943e-16
 5044.3933 5.12995e-16
 5047.3633 5.25215e-16
 5050.3334 5.41043e-16
 5053.3034 5.42851e-16
 5056.2735 5.46190e-16
 5059.2435 5.44844e-16
 5062.2136 5.66515e-16
 5065.1836 5.56904e-16
 5068.1537 5.65438e-16
 5071.1237 5.61716e-16
 5074.0938 5.55309e-16
 5077.0638 5.64027e-16
 5080.0339 5.47873e-16
 5083.0039 5.60100e-16
 5085.9740 5.58359e-16
 5088.9440 5.60368e-16
 5091.9141 5.77091e-16
 5094.8841 5.66783e-16
 5097.8542 5.55438e-16
 5100.8242 5.76686e-16
 5103.7943 5.89395e-16
 5106.7643 6.01644e-16
 5109.7344 6.01296e-16
 5112.7044 6.01972e-16
 5115.6745 6.15121e-16
 5118.6445 6.07257e-16
 5121.6146 6.34423e-16
 5124.5846 6.24333e-16
 5127.5547 6.36137e-16
 5130.5247 6.44381e-16
 5133.4948 6.62031e-16
 5136.4648 6.64871e-16
 5139.4349 6.79868e-16
 5142.4049 6.92114e-16
 5145.3750 6.81448e-16
 5148.3450 7.11556e-16
 5151.3151 7.30357e-16
 5154.2851 7.40307e-16
 5157.2552 7.56314e-16
 5160.2252 7.72417e-16
 5163.1953 7.90022e-16
 5166.1653 8.27133e-16
 5169.1354 8.23320e-16
 5172.1054 8.12654e-16
 5175.0754 8.32499e-16
 5178.0455 8.23486e-16
 5181.0155 8.31180e-16
 5183.9856 8.39193e-16
 5186.9556 8.57137e-16
 5189.9257 8.67238e-16
 5192.8957 8.67504e-16
 5195.8658 8.65356e-16
 5198.8358 8.62685e-16
 5201.8059 8.62820e-16
 5204.7759 8.60653e-16
 5207.7460 8.59868e-16
 5210.7160 8.81905e-16
 5213.6861 8.62207e-16
 5216.6561 8.73085e-16
 5219.6262 8.69555e-16
 5222.5962 8.68620e-16
 5225.5663 8.66292e-16
 5228.5363 8.50238e-16
 5231.5064 8.51334e-16
 5234.4764 8.73031e-16
 5237.4465 8.48130e-16
 5240.4166 8.32300e-16
 5243.3866 8.12898e-16
 5246.3567 8.24205e-16
 5249.3267 8.13735e-16
 5252.2967 8.23802e-16
 5255.2668 8.30766e-16
 5258.2368 7.88229e-16
 5261.2069 7.84221e-16
 5264.1769 8.06725e-16
 5267.1470 8.12454e-16
 5270.1170 7.96675e-16
 5273.0871 7.90112e-16
 5276.0571 7.81603e-16
 5279.0272 7.95732e-16
 5281.9972 7.67576e-16
 5284.9673 7.73507e-16
 5287.9373 7.75421e-16
 5290.9074 7.70791e-16
 5293.8774 7.62878e-16
 5296.8475 7.58301e-16
 5299.8175 7.60925e-16
 5302.7876 7.51335e-16
 5305.7576 7.53512e-16
 5308.7277 7.51880e-16
 5311.6977 7.29523e-16
 5314.6678 7.40233e-16
 5317.6378 7.10771e-16
 5320.6079 7.09748e-16
 5323.5779 7.21217e-16
 5326.5480 7.13092e-16
 5329.5180 7.13942e-16
 5332.4881 7.06019e-16
 5335.4581 7.04340e-16
 5338.4282 7.11159e-16
 5341.3982 6.88008e-16
 5344.3683 6.94281e-16
 5347.3383 7.03657e-16
 5350.3084 6.93659e-16
 5353.2784 6.76073e-16
 5356.2485 6.66944e-16
 5359.2185 6.85913e-16
 5362.1886 6.83057e-16
 5365.1586 6.55379e-16
 5368.1287 6.64022e-16
 5371.0987 6.65649e-16
 5374.0688 6.67977e-16
 5377.0388 6.51049e-16
 5380.0089 6.53624e-16
 5382.9789 6.52676e-16
 5385.9490 6.59540e-16
 5388.9190 6.60554e-16
 5391.8891 6.46790e-16
 5394.8591 6.42672e-16
 5397.8292 6.30538e-16
 5400.7992 6.42515e-16
 5403.7693 6.47260e-16
 5406.7393 6.35732e-16
 5409.7094 6.26149e-16
 5412.6794 6.09505e-16
 5415.6495 5.99161e-16
 5418.6195 6.04473e-16
 5421.5896 6.24937e-16
 5424.5596 6.14794e-16
 5427.5297 6.04257e-16
 5430.4997 6.11350e-16
 5433.4698 6.09043e-16
 5436.4398 6.01547e-16
 5439.4099 5.79409e-16
 5442.3799 5.57214e-16
 5445.3500 5.47969e-16
 5448.3200 5.73371e-16
 5451.2901 5.78557e-16
 5454.2601 5.62978e-16
 5457.2302 5.55130e-16
 5460.2002 5.44765e-16
 5463.1703 5.42515e-16
 5466.1403 5.34177e-16
 5469.1104 5.31921e-16
 5472.0804 5.29962e-16
 5475.0505 5.33835e-16
 5478.0205 5.47783e-16
 5480.9906 5.51717e-16
 5483.9606 5.50295e-16
 5486.9307 5.37931e-16
 5489.9007 5.48748e-16
 5492.8708 5.29892e-16
 5495.8408 5.32073e-16
 5498.8109 5.44818e-16
 5501.7809 5.27561e-16
 5504.7510 5.21810e-16
 5507.7210 5.28492e-16
 5510.6911 5.21449e-16
 5513.6611 5.20988e-16
 5516.6312 5.12168e-16
 5519.6012 5.12146e-16
 5522.5713 4.98761e-16
 5525.5413 4.97798e-16
 5528.5114 4.93665e-16
 5531.4814 4.97983e-16
 5534.4515 4.97168e-16
 5537.4215 4.83612e-16
 5540.3916 4.87323e-16
 5543.3616 4.78657e-16
 5546.3317 4.71419e-16
 5549.3017 4.75347e-16
 5552.2718 4.65966e-16
 5555.2418 4.65945e-16
 5558.2119 4.68668e-16
 5561.1819 4.56599e-16
 5564.1520 4.52694e-16
 5567.1220 4.56625e-16
 5570.0921 4.49842e-16
 5573.0621 4.46673e-16
 5576.0322 4.37291e-16
 5579.0022 4.31771e-16
 5581.9723 4.35922e-16
 5584.9423 4.22248e-16
 5587.9124 4.26529e-16
 5590.8824 4.28279e-16
 5593.8525 4.15646e-16
 5596.8225 4.12427e-16
 5599.7926 4.11929e-16
 5602.7626 4.10543e-16
 5605.7327 3.99146e-16
 5608.7027 3.89701e-16
 5611.6728 4.00057e-16
 5614.6428 3.92152e-16
 5617.6129 3.92550e-16
 5620.5829 3.88602e-16
 5623.5530 3.68853e-16
 5626.5230 3.76339e-16
 5629.4931 3.83196e-16
 5632.4631 3.76626e-16
 5635.4332 3.77094e-16
 5638.4032 3.78702e-16
 5641.3733 3.64131e-16
 5644.3433 3.53681e-16
 5647.3134 3.63814e-16
 5650.2834 3.58544e-16
 5653.2535 3.54050e-16
 5656.2235 3.50546e-16
 5659.1936 3.44514e-16
 5662.1636 3.46081e-16
 5665.1337 3.46989e-16
 5668.1037 3.35520e-16
 5671.0738 3.36370e-16
 5674.0438 3.30162e-16
 5677.0139 3.26248e-16
 5679.9839 3.26400e-16
 5682.9540 3.44943e-16
 5685.9240 3.30723e-16
 5688.8941 3.38465e-16
 5691.8641 3.42272e-16
 5694.8342 3.32965e-16
 5697.8042 3.39642e-16
 5700.7743 3.35681e-16
 5703.7443 3.30963e-16
 5706.7144 3.40275e-16
 5709.6844 3.44273e-16
 5712.6545 3.39051e-16
 5715.6245 3.49271e-16
 5718.5946 3.49322e-16
 5721.5646 3.52722e-16
 5724.5347 3.69835e-16
 5727.5047 3.82931e-16
 5730.4748 3.81846e-16
 5733.4448 3.78941e-16
 5736.4149 3.84702e-16
 5739.3849 4.00765e-16
 5742.3550 4.06079e-16
 5745.3250 3.95049e-16
 5748.2951 3.87207e-16
 5751.2651 3.88479e-16
 5754.2352 4.05711e-16
 5757.2052 4.20137e-16
 5760.1753 4.36307e-16
 5763.1453 4.44018e-16
 5766.1154 4.46535e-16
 5769.0854 4.63023e-16
 5772.0555 4.65647e-16
 5775.0255 4.69044e-16
 5777.9956 4.74804e-16
 5780.9656 4.88405e-16
 5783.9357 5.06111e-16
 5786.9057 5.10174e-16
 5789.8758 5.11994e-16
 5792.8458 5.31358e-16
 5795.8159 5.47008e-16
 5798.7859 5.66224e-16
 5801.7560 5.55271e-16
 5804.7260 5.63587e-16
 5807.6961 5.81026e-16
 5810.6661 5.76167e-16
 5813.6362 5.91617e-16
 5816.6062 5.98530e-16
 5819.5763 5.92502e-16
 5822.5463 6.00226e-16
 5825.5164 6.10546e-16
 5828.4864 6.21391e-16
 5831.4565 6.21231e-16
 5834.4265 6.07611e-16
 5837.3966 6.06910e-16
 5840.3666 6.13612e-16
 5843.3367 6.19592e-16
 5846.3067 6.18157e-16
 5849.2768 6.25014e-16
 5852.2468 6.33805e-16
 5855.2169 6.38089e-16
 5858.1869 6.26333e-16
 5861.1570 6.17716e-16
 5864.1270 6.11950e-16
 5867.0971 6.07718e-16
 5870.0671 6.00716e-16
 5873.0372 5.94536e-16
 5876.0072 5.88443e-16
 5878.9773 5.81367e-16
 5881.9473 5.85741e-16
 5884.9174 6.03816e-16
 5887.8874 5.87518e-16
 5890.8575 5.77652e-16
 5893.8275 5.72057e-16
 5896.7976 5.68365e-16
 5899.7676 5.79519e-16
 5902.7377 5.67045e-16
 5905.7077 5.62726e-16
 5908.6778 5.49189e-16
 5911.6478 5.57212e-16
 5914.6179 5.52341e-16
 5917.5879 5.45113e-16
 5920.5580 5.44371e-16
 5923.5280 5.27135e-16
 5926.4981 5.38961e-16
 5929.4681 5.16624e-16
 5932.4382 5.17300e-16
 5935.4082 5.01927e-16
 5938.3783 5.04673e-16
 5941.3483 4.97785e-16
 5944.3184 4.95309e-16
 5947.2884 4.99319e-16
 5950.2585 4.96323e-16
 5953.2285 4.91509e-16
 5956.1986 4.84908e-16
 5959.1686 4.75696e-16
 5962.1387 4.81569e-16
 5965.1087 4.61380e-16
 5968.0788 4.58388e-16
 5971.0488 4.56346e-16
 5974.0188 4.54074e-16
 5976.9889 4.51765e-16
 5979.9589 4.53228e-16
 5982.9290 4.53985e-16
 5985.8990 4.34547e-16
 5988.8691 4.35926e-16
 5991.8391 4.35498e-16
 5994.8092 4.32258e-16
 5997.7792 4.27794e-16
 6000.7493 4.22513e-16
 6003.7193 4.23804e-16
 6006.6894 4.28072e-16
 6009.6594 4.27802e-16
 6012.6295 4.24789e-16
 6015.5995 3.98875e-16
 6018.5696 4.11390e-16
 6021.5396 4.14674e-16
 6024.5097 4.13885e-16
 6027.4797 4.14791e-16
 6030.4498 4.09303e-16
 6033.4198 4.20777e-16
 6036.3899 4.09196e-16
 6039.3599 4.14371e-16
 6042.3300 4.25705e-16
 6045.3001 4.22839e-16
 6048.2701 4.03800e-16
 6051.2401 4.06073e-16
 6054.2102 3.98308e-16
 6057.1802 3.82927e-16
 6060.1503 3.60985e-16
 6063.1203 3.37475e-16
 6066.0904 3.19587e-16
 6069.0604 3.04891e-16
 6072.0305 2.93088e-16
 6075.0005 2.79153e-16
 6077.9706 2.74664e-16
 6080.9406 2.57579e-16
 6083.9107 2.43771e-16
 6086.8807 2.40354e-16
 6089.8508 2.31150e-16
 6092.8208 2.12367e-16
 6095.7909 2.06369e-16
 6098.7609 2.02941e-16
 6101.7310 1.94366e-16
 6104.7010 1.86496e-16
 6107.6711 1.83502e-16
 6110.6411 1.79763e-16
 6113.6112 1.73906e-16
 6116.5812 1.74586e-16
 6119.5513 1.74408e-16
 6122.5213 1.75418e-16
 6125.4914 1.74938e-16
 6128.4614 1.64344e-16
 6131.4315 1.62902e-16
 6134.4015 1.64985e-16
 6137.3716 1.67397e-16
 6140.3416 1.74192e-16
 6143.3117 1.77396e-16
 6146.2817 1.77878e-16
 6149.2518 1.79753e-16
 6152.2218 1.90971e-16
 6155.1919 1.92155e-16
 6158.1619 2.01887e-16
 6161.1320 2.14730e-16
 6164.1020 2.19000e-16
 6167.0721 2.24002e-16
 6170.0421 2.37744e-16
 6173.0122 2.47925e-16
 6175.9822 2.63148e-16
 6178.9523 2.72541e-16
 6181.9223 2.72608e-16
 6184.8924 2.80882e-16
 6187.8624 2.93078e-16
 6190.8325 2.98074e-16
 6193.8025 3.01585e-16
 6196.7726 2.96539e-16
 6199.7426 3.01682e-16
 6202.7127 3.24434e-16
 6205.6827 3.28919e-16
 6208.6528 3.11732e-16
 6211.6228 3.17776e-16
 6214.5929 3.19009e-16
 6217.5629 3.20445e-16
 6220.5330 3.28021e-16
 6223.5030 3.35417e-16
 6226.4731 3.29922e-16
 6229.4431 3.34008e-16
 6232.4132 3.37897e-16
 6235.3832 3.48305e-16
 6238.3533 3.47090e-16
 6241.3233 3.49559e-16
 6244.2934 3.47215e-16
 6247.2634 3.53073e-16
 6250.2335 3.57876e-16
 6253.2035 3.49051e-16
 6256.1736 3.56105e-16
 6259.1436 3.61643e-16
 6262.1137 3.62197e-16
 6265.0837 3.66533e-16
 6268.0538 3.64480e-16
 6271.0238 3.71673e-16
 6273.9939 3.72630e-16
 6276.9639 3.78079e-16
 6279.9340 3.73695e-16
 6282.9040 3.64337e-16
 6285.8741 3.62834e-16
 6288.8441 3.61688e-16
 6291.8142 3.66386e-16
 6294.7842 3.60487e-16
 6297.7543 3.61078e-16
 6300.7243 3.73156e-16
 6303.6944 3.69705e-16
 6306.6644 3.60048e-16
 6309.6345 3.58776e-16
 6312.6045 3.63694e-16
 6315.5746 3.72670e-16
 6318.5446 3.71985e-16
 6321.5147 3.67433e-16
 6324.4847 3.65723e-16
 6327.4548 3.66375e-16
 6330.4248 3.62967e-16
 6333.3949 3.74638e-16
 6336.3649 3.63828e-16
 6339.3350 3.61205e-16
 6342.3050 3.63307e-16
 6345.2751 3.72033e-16
 6348.2451 3.66817e-16
 6351.2152 3.59047e-16
 6354.1852 3.64870e-16
 6357.1553 3.57660e-16
 6360.1253 3.64367e-16
 6363.0954 3.56609e-16
 6366.0654 3.54148e-16
 6369.0355 3.63603e-16
 6372.0055 3.58292e-16
 6374.9756 3.59139e-16
 6377.9456 3.62895e-16
 6380.9157 3.56544e-16
 6383.8857 3.54841e-16
 6386.8558 3.67799e-16
 6389.8258 3.62877e-16
 6392.7959 3.64992e-16
 6395.7659 3.70251e-16
 6398.7360 3.57892e-16
 6401.7060 3.57375e-16
 6404.6761 3.54726e-16
 6407.6461 3.61991e-16
 6410.6162 3.62452e-16
 6413.5862 3.65984e-16
 6416.5563 3.60983e-16
 6419.5263 3.59435e-16
 6422.4964 3.70026e-16
 6425.4664 3.69583e-16
 6428.4365 3.54084e-16
 6431.4065 3.58538e-16
 6434.3766 3.66935e-16
 6437.3466 3.62098e-16
 6440.3167 3.63874e-16
 6443.2867 3.45737e-16
 6446.2568 3.62695e-16
 6449.2268 3.69566e-16
 6452.1969 3.62838e-16
 6455.1669 3.57156e-16
 6458.1370 3.57474e-16
 6461.1070 3.62864e-16
 6464.0771 3.68311e-16
 6467.0471 3.70782e-16
 6470.0172 3.70380e-16
 6472.9872 3.68702e-16
 6475.9573 3.58004e-16
 6478.9273 3.57524e-16
 6481.8974 3.51933e-16
 6484.8674 3.57731e-16
 6487.8375 3.47569e-16
 6490.8075 3.49610e-16
 6493.7776 3.47213e-16
 6496.7476 3.45554e-16
 6499.7177 3.48640e-16
 6502.6877 3.48912e-16
 6505.6578 3.51177e-16
 6508.6278 3.47405e-16
 6511.5979 3.48440e-16
 6514.5679 3.36536e-16
 6517.5380 3.34138e-16
 6520.5080 3.42323e-16
 6523.4781 3.43405e-16
 6526.4481 3.36159e-16
 6529.4182 3.30878e-16
 6532.3882 3.32884e-16
 6535.3583 3.40342e-16
 6538.3283 3.45281e-16
 6541.2984 3.44636e-16
 6544.2684 3.26880e-16
 6547.2385 3.18271e-16
 6550.2085 3.21892e-16
 6553.1786 3.16305e-16
 6556.1486 3.18487e-16
 6559.1187 3.02106e-16
 6562.0887 3.07165e-16
 6565.0588 3.11014e-16
 6568.0288 3.07171e-16
 6570.9989 3.00073e-16
 6573.9689 2.91491e-16
 6576.9390 2.91645e-16
 6579.9090 2.90477e-16
 6582.8791 2.89042e-16
 6585.8491 2.77763e-16
 6588.8192 2.75487e-16
 6591.7892 2.79392e-16
 6594.7593 2.73441e-16
 6597.7293 2.67458e-16
 6600.6994 2.65565e-16
 6603.6694 2.73155e-16
 6606.6395 2.64641e-16
 6609.6095 2.64343e-16
 6612.5796 2.55842e-16
 6615.5496 2.55511e-16
 6618.5197 2.58211e-16
 6621.4897 2.47749e-16
 6624.4598 2.47038e-16
 6627.4298 2.46800e-16
 6630.3999 2.49325e-16
 6633.3699 2.47077e-16
 6636.3400 2.45147e-16
 6639.3100 2.35728e-16
 6642.2801 2.33660e-16
 6645.2501 2.27585e-16
 6648.2202 2.27831e-16
 6651.1902 2.27460e-16
 6654.1603 2.23407e-16
 6657.1303 2.22206e-16
 6660.1004 2.19741e-16
 6663.0704 2.19516e-16
 6666.0405 2.15259e-16
 6669.0105 2.13158e-16
 6671.9806 2.15750e-16
 6674.9506 2.20630e-16
 6677.9207 2.17245e-16
 6680.8907 2.01238e-16
 6683.8608 1.99178e-16
 6686.8308 1.99648e-16
 6689.8009 1.99370e-16
 6692.7709 2.07900e-16
 6695.7410 2.02991e-16
 6698.7110 1.98764e-16
 6701.6811 1.90022e-16
 6704.6511 2.01714e-16
 6707.6212 1.95220e-16
 6710.5912 1.73685e-16
 6713.5613 1.79631e-16
 6716.5313 1.77281e-16
 6719.5014 1.80811e-16
 6722.4714 1.87137e-16
 6725.4415 1.83787e-16
 6728.4115 1.83364e-16
 6731.3816 1.84723e-16
 6734.3516 1.79619e-16
 6737.3217 1.80895e-16
 6740.2917 1.84409e-16
 6743.2618 1.79734e-16
 6746.2318 1.73720e-16
 6749.2019 1.74598e-16
 6752.1719 1.79430e-16
 6755.1420 1.84868e-16
 6758.1120 1.88551e-16
 6761.0821 1.81386e-16
 6764.0521 1.81303e-16
 6767.0221 1.91435e-16
 6769.9922 1.80342e-16
 6772.9622 1.79220e-16
 6775.9323 1.76318e-16
 6778.9023 1.64994e-16
 6781.8724 1.70618e-16
 6784.8424 1.73972e-16
 6787.8125 1.74203e-16
 6790.7825 1.79195e-16
 6793.7526 1.83060e-16
 6796.7226 1.74494e-16
 6799.6927 1.71713e-16
 6802.6627 1.66822e-16
 6805.6328 1.71446e-16
 6808.6028 1.69322e-16
 6811.5729 1.69029e-16
 6814.5429 1.65963e-16
 6817.5130 1.64814e-16
 6820.4830 1.64611e-16
 6823.4531 1.73394e-16
 6826.4231 1.68558e-16
 6829.3932 1.72950e-16
 6832.3632 1.69413e-16
 6835.3333 1.67080e-16
 6838.3033 1.62662e-16
 6841.2734 1.64019e-16
 6844.2434 1.64054e-16
 6847.2135 1.65152e-16
 6850.1835 1.68996e-16
 6853.1536 1.65602e-16
 6856.1236 1.68905e-16
 6859.0937 1.64686e-16
 6862.0637 1.61678e-16
 6865.0338 1.71315e-16
 6868.0038 1.68712e-16
 6870.9739 1.64662e-16
 6873.9439 1.62212e-16
 6876.9140 1.61474e-16
 6879.8840 1.62791e-16
 6882.8541 1.67611e-16
 6885.8241 1.72598e-16
 6888.7942 1.67843e-16
 6891.7642 1.59423e-16
 6894.7343 1.58699e-16
 6897.7043 1.54949e-16
 6900.6744 1.58099e-16
 6903.6444 1.59423e-16
 6906.6145 1.59253e-16
 6909.5845 1.65028e-16
 6912.5546 1.57906e-16
 6915.5246 1.55158e-16
 6918.4947 1.57043e-16
 6921.4647 1.60656e-16
 6924.4348 1.64536e-16
 6927.4048 1.51248e-16
 6930.3749 1.60750e-16
 6933.3449 1.56182e-16
 6936.3150 1.43458e-16
 6939.2850 1.55968e-16
 6942.2551 1.59050e-16
 6945.2251 1.55224e-16
 6948.1952 1.54942e-16
 6951.1652 1.52099e-16
 6954.1353 1.56874e-16
 6957.1053 1.53315e-16
 6960.0754 1.51831e-16
 6963.0454 1.57780e-16
 6966.0155 1.54573e-16
 6968.9855 1.52565e-16
 6971.9556 1.45694e-16
 6974.9256 1.49991e-16
 6977.8957 1.60442e-16
 6980.8657 1.50538e-16
 6983.8358 1.50128e-16
 6986.8058 1.48145e-16
 6989.7759 1.49548e-16
 6992.7459 1.40863e-16
 6995.7160 1.53890e-16
 6998.6860 1.49771e-16
 7001.6561 1.40959e-16
 7004.6261 1.39346e-16
 7007.5962 1.45875e-16
 7010.5662 1.40423e-16
 7013.5363 1.45378e-16
 7016.5063 1.50065e-16
 7019.4764 1.42536e-16
 7022.4464 1.39117e-16
 7025.4165 1.41541e-16
 7028.3865 1.38479e-16
 7031.3566 1.36450e-16
 7034.3266 1.41022e-16
 7037.2967 1.35971e-16
 7040.2667 1.39873e-16
 7043.2368 1.47203e-16
 7046.2068 1.42273e-16
 7049.1769 1.41488e-16
 7052.1469 1.43398e-16
 7055.1170 1.48010e-16
 7058.0870 1.39763e-16
 7061.0571 1.40235e-16
 7064.0271 1.31045e-16
 7066.9972 1.38621e-16
 7069.9672 1.41254e-16
 7072.9373 1.43495e-16
 7075.9073 1.46942e-16
 7078.8774 1.38281e-16
 7081.8474 1.33985e-16
 7084.8175 1.34446e-16
 7087.7875 1.37270e-16
 7090.7576 1.41588e-16
 7093.7276 1.44255e-16
 7096.6977 1.42073e-16
 7099.6677 1.38311e-16
 7102.6378 1.40471e-16
 7105.6078 1.48819e-16
 7108.5779 1.41053e-16
 7111.5479 1.33920e-16
 7114.5180 1.48522e-16
 7117.4880 1.35626e-16
 7120.4581 1.34367e-16
 7123.4281 1.37540e-16
 7126.3982 1.43594e-16
 7129.3682 1.40572e-16
 7132.3383 1.33825e-16
 7135.3083 1.30645e-16
 7138.2784 1.35042e-16
 7141.2484 1.40872e-16
 7144.2185 1.36862e-16
 7147.1885 1.38369e-16
 7150.1586 1.44290e-16
 7153.1286 1.39953e-16
 7156.0987 1.30557e-16
 7159.0687 1.31050e-16
 7162.0388 1.36533e-16
 7165.0088 1.27068e-16
 7167.9789 1.42209e-16
 7170.9489 1.39302e-16
 7173.9190 1.41466e-16
 7176.8890 1.40452e-16
 7179.8591 1.33346e-16
 7182.8291 1.34962e-16
 7185.7992 1.34810e-16
 7188.7692 1.35270e-16
 7191.7393 1.39274e-16
 7194.7093 1.46374e-16
 7197.6794 1.52982e-16
 7200.6494 1.34424e-16
 7203.6195 1.31940e-16
 7206.5895 1.38812e-16
 7209.5596 1.40978e-16
 7212.5296 1.35971e-16
 7215.4997 1.28796e-16
 7218.4697 1.37370e-16
 7221.4398 1.31859e-16
 7224.4098 1.32535e-16
 7227.3799 1.31151e-16
 7230.3499 1.31625e-16
 7233.3200 1.37489e-16
 7236.2900 1.38279e-16
 7239.2601 1.34563e-16
 7242.2301 1.33250e-16
 7245.2002 1.32360e-16
 7248.1702 1.31545e-16
 7251.1403 1.31101e-16
 7254.1103 1.31948e-16
 7257.0804 1.34632e-16
 7260.0504 1.32294e-16
 7263.0205 1.36080e-16
 7265.9905 1.25648e-16
 7268.9606 1.25492e-16
 7271.9306 1.26834e-16
 7274.9007 1.30810e-16
 7277.8707 1.30594e-16
 7280.8408 1.21936e-16
 7283.8108 1.28422e-16
 7286.7809 1.36366e-16
 7289.7509 1.32770e-16
 7292.7210 1.32020e-16
 7295.6910 1.24988e-16
 7298.6611 1.27384e-16
 7301.6311 1.25952e-16
 7304.6012 1.18527e-16
 7307.5712 1.21607e-16
 7310.5413 1.25192e-16
 7313.5113 1.19430e-16
 7316.4814 1.14835e-16
 7319.4514 1.22143e-16
 7322.4215 1.15787e-16
 7325.3915 1.21024e-16
 7328.3616 1.20871e-16
 7331.3316 1.09929e-16
 7334.3017 1.09112e-16
 7337.2717 1.17965e-16
 7340.2418 1.13025e-16
 7343.2118 1.24245e-16
 7346.1819 1.22125e-16
 7349.1519 1.13730e-16
 7352.1220 1.14263e-16
 7355.0920 1.08265e-16
 7358.0621 1.11301e-16
 7361.0321 1.13130e-16
 7364.0022 1.07771e-16
 7366.9722 1.07205e-16
 7369.9423 1.06863e-16
 7372.9123 1.07063e-16
 7375.8824 1.06943e-16
 7378.8524 1.08212e-16
 7381.8225 1.01737e-16
 7384.7925 9.68442e-17
 7387.7626 1.11790e-16
 7390.7326 1.12456e-16
 7393.7027 9.96376e-17
 7396.6727 1.00611e-16
 7399.6428 1.07682e-16
 7402.6128 1.03671e-16
 7405.5829 1.03877e-16
 7408.5529 9.28419e-17
 7411.5230 9.23760e-17
 7414.4930 9.54801e-17
 7417.4631 1.05452e-16
 7420.4331 9.19807e-17
 7423.4032 8.59031e-17
 7426.3732 7.08316e-17
 7429.3433 6.78476e-17
 7432.3133 8.03582e-17
 7435.2834 6.98301e-17
 7438.2534 7.58632e-17
 7441.2235 8.11737e-17
 7444.1935 9.48269e-17
 7447.1636 8.08064e-17
 7450.1336 7.79112e-17
 7453.1037 6.86370e-17
 7456.0737 7.54007e-17
 7459.0438 8.18048e-17
 7462.0138 8.36343e-17
 7464.9839 8.29213e-17
 7467.9539 8.43328e-17
 7470.9240 8.91122e-17
 7473.8940 8.63213e-17
 7476.8641 8.80777e-17
 7479.8341 7.67942e-17
 7482.8042 8.19571e-17
 7485.7742 7.53167e-17
 7488.7442 8.90216e-17
 7491.7143 8.89507e-17
 7494.6844 9.70843e-17
 7497.6544 9.56832e-17
 7500.6245 9.05569e-17
 7503.5945 8.99943e-17
 7506.5646 9.43290e-17
 7509.5346 9.33364e-17
 7512.5047 8.72629e-17
 7515.4747 8.73729e-17
 7518.4448 8.89529e-17
 7521.4148 9.01504e-17
 7524.3849 9.17056e-17
 7527.3549 8.29955e-17
 7530.3250 8.75786e-17
 7533.2950 8.87117e-17
 7536.2651 1.10014e-16
 7539.2351 8.74021e-17
 7542.2052 9.90574e-17
 7545.1752 1.01931e-16
 7548.1453 1.02538e-16
 7551.1153 9.79013e-17
 7554.0854 9.15376e-17
 7557.0554 9.73748e-17
 7560.0255 9.13276e-17
 7562.9955 9.04867e-17
 7565.9655 9.50362e-17
 7568.9356 1.00640e-16
 7571.9056 1.03396e-16
 7574.8757 1.00953e-16
 7577.8457 9.51337e-17
 7580.8158 1.03128e-16
 7583.7858 9.80929e-17
 7586.7559 1.04821e-16
 7589.7259 1.03661e-16
 7592.6960 1.06480e-16
 7595.6660 1.05626e-16
 7598.6361 1.03094e-16
 7601.6061 1.00769e-16
 7604.5762 8.82256e-17
 7607.5462 8.42366e-17
 7610.5163 9.05004e-17
 7613.4863 1.00852e-16
 7616.4564 1.03630e-16
 7619.4264 1.02470e-16
 7622.3965 9.59955e-17
 7625.3665 9.84708e-17
 7628.3366 1.01581e-16
 7631.3066 9.48317e-17
 7634.2767 8.74000e-17
 7637.2467 9.65942e-17
 7640.2168 9.57104e-17
 7643.1868 9.78340e-17
 7646.1569 9.83400e-17
 7649.1269 8.92060e-17
 7652.0970 9.56358e-17
 7655.0670 9.30009e-17
 7658.0371 9.15269e-17
 7661.0071 9.76300e-17
 7663.9772 9.17004e-17
 7666.9472 9.10081e-17
 7669.9173 1.00749e-16
 7672.8873 1.03015e-16
 7675.8574 1.04060e-16
 7678.8274 1.08584e-16
 7681.7975 9.13837e-17
 7684.7675 9.98439e-17
 7687.7376 1.06852e-16
 7690.7076 9.46253e-17
 7693.6777 1.04653e-16
 7696.6477 1.04614e-16
 7699.6178 1.06103e-16
 7702.5878 1.08527e-16
 7705.5579 1.10665e-16
 7708.5279 1.00288e-16
 7711.4980 1.01815e-16
 7714.4680 1.04532e-16
 7717.4381 1.05292e-16
 7720.4081 1.12028e-16
 7723.3782 1.06616e-16
 7726.3482 1.00560e-16
 7729.3183 8.92039e-17
 7732.2883 9.87244e-17
 7735.2584 1.03287e-16
 7738.2284 1.02947e-16
 7741.1985 1.00619e-16
 7744.1685 1.05442e-16
 7747.1386 1.06124e-16
 7750.1086 1.07020e-16
 7753.0787 1.13046e-16
 7756.0487 1.10939e-16
 7759.0188 1.03866e-16
 7761.9888 1.05183e-16
 7764.9589 1.02080e-16
 7767.9289 1.08394e-16
 7770.8990 1.08037e-16
 7773.8690 1.02205e-16
 7776.8391 1.09757e-16
 7779.8091 1.09420e-16
 7782.7792 1.13472e-16
 7785.7492 1.18184e-16
 7788.7193 1.07468e-16
 7791.6893 1.18963e-16
 7794.6594 1.16351e-16
 7797.6294 1.08491e-16
 7800.5995 1.11418e-16
 7803.5695 1.05599e-16
 7806.5396 1.06052e-16
 7809.5096 1.15767e-16
 7812.4797 1.12521e-16
 7815.4497 1.09392e-16
 7818.4198 1.04913e-16
 7821.3898 1.03291e-16
 7824.3599 1.06444e-16
 7827.3299 1.11856e-16
 7830.3000 1.10163e-16
 7833.2700 1.13404e-16
 7836.2401 1.06743e-16
 7839.2101 1.02637e-16
 7842.1802 9.74748e-17
 7845.1502 1.14747e-16
 7848.1203 1.04604e-16
 7851.0903 1.10796e-16
 7854.0604 1.14882e-16
 7857.0304 1.14577e-16
 7860.0005 1.11968e-16
 7862.9705 1.02230e-16
 7865.9406 9.85754e-17
 7868.9106 1.10382e-16
 7871.8807 1.09934e-16
 7874.8507 1.13771e-16
 7877.8208 1.14940e-16
 7880.7908 1.01760e-16
 7883.7609 1.04259e-16
 7886.7309 1.09018e-16
 7889.7010 1.09415e-16
 7892.6710 1.04328e-16
 7895.6411 1.07773e-16
 7898.6111 1.10208e-16
 7901.5812 1.02076e-16
 7904.5512 1.07798e-16
 7907.5213 1.09757e-16
 7910.4913 1.06624e-16
 7913.4614 1.02724e-16
 7916.4314 1.04551e-16
 7919.4015 1.05200e-16
 7922.3715 1.00549e-16
 7925.3416 9.76879e-17
 7928.3116 9.27777e-17
 7931.2817 1.03099e-16
 7934.2517 1.04716e-16
 7937.2218 1.00076e-16
 7940.1918 1.06605e-16
 7943.1619 9.67091e-17
 7946.1319 9.43052e-17
 7949.1020 1.00287e-16
 7952.0720 1.03049e-16
 7955.0421 9.72310e-17
 7958.0121 9.71372e-17
 7960.9822 9.14864e-17
 7963.9522 9.02651e-17
 7966.9223 1.01667e-16
 7969.8923 1.03570e-16
 7972.8624 9.69459e-17
 7975.8324 9.97803e-17
 7978.8025 9.82928e-17
 7981.7725 9.07846e-17
 7984.7426 8.95599e-17
 7987.7126 9.01435e-17
 7990.6827 8.74504e-17
 7993.6527 9.64120e-17
 7996.6228 8.28460e-17
 7999.5928 8.63914e-17
 8002.5629 9.23021e-17
 8005.5329 9.54989e-17
 8008.5030 8.85500e-17
 8011.4730 9.17584e-17
 8014.4431 8.51943e-17
 8017.4131 8.36928e-17
 8020.3832 8.26115e-17
 8023.3532 9.39656e-17
 8026.3233 9.27954e-17
 8029.2933 7.89251e-17
 8032.2634 8.40574e-17
 8035.2334 7.91398e-17
 8038.2035 7.13742e-17
 8041.1735 8.05901e-17
 8044.1436 7.56670e-17
 8047.1136 7.89805e-17
 8050.0837 8.86633e-17
 8053.0537 9.46238e-17
 8056.0238 8.43485e-17
 8058.9938 8.50523e-17
 8061.9639 8.91107e-17
 8064.9339 9.22212e-17
 8067.9040 8.34940e-17
 8070.8740 8.16417e-17
 8073.8441 8.18884e-17
 8076.8141 8.37353e-17
 8079.7842 8.64349e-17
 8082.7542 8.22712e-17
 8085.7243 8.11179e-17
 8088.6943 6.74043e-17
 8091.6644 7.12229e-17
 8094.6344 8.04363e-17
 8097.6045 7.47551e-17
 8100.5745 7.33991e-17
 8103.5446 7.09284e-17
 8106.5146 6.51239e-17
 8109.4847 6.67471e-17
 8112.4547 7.50273e-17
 8115.4248 6.96552e-17
 8118.3948 6.68264e-17
 8121.3649 6.00484e-17
 8124.3349 5.67877e-17
 8127.3050 5.80957e-17
 8130.2750 6.44333e-17
 8133.2451 6.25359e-17
 8136.2151 5.98067e-17
 8139.1852 6.08083e-17
 8142.1552 4.59028e-17
 8145.1253 5.06201e-17
 8148.0953 5.87616e-17
 8151.0654 6.02280e-17
 8154.0354 5.44907e-17
 8157.0055 4.34152e-17
 8159.9755 5.05861e-17
 8162.9456 4.55574e-17
 8165.9156 5.77454e-17
 8168.8857 5.45636e-17
 8171.8557 4.25273e-17
 8174.8258 4.67885e-17
 8177.7958 5.26465e-17
 8180.7659 4.84528e-17
 8183.7359 4.21300e-17
 8186.7060 5.00996e-17
 8189.6760 4.60875e-17
 8192.6461 5.24144e-17
 8195.6161 4.95827e-17
 8198.5862 3.70533e-17
 8201.5562 3.80680e-17
 8204.5263 3.52848e-17
 8207.4963 5.55292e-17
 8210.4664 5.31183e-17
 8213.4364 4.27634e-17
 8216.4065 4.54920e-17
 8219.3765 6.00741e-17
 8222.3466 5.91585e-17
 8225.3166 5.12572e-17
 8228.2867 3.53436e-17
 8231.2567 3.46464e-17
 8234.2268 3.70288e-17
 8237.1968 5.46691e-17
 8240.1669 5.15798e-17
 8243.1369 5.92308e-17
 8246.1070 5.54891e-17
 8249.0770 5.44409e-17
 8252.0471 4.28726e-17
 8255.0171 4.41180e-17
 8257.9872 5.02515e-17
 8260.9572 4.85094e-17
 8263.9273 5.84083e-17
 8266.8973 4.50282e-17
 8269.8674 3.41317e-17
 8272.8374 5.41656e-17
 8275.8075 4.95558e-17
 8278.7775 5.04238e-17
 8281.7475 4.71417e-17
 8284.7176 5.50057e-17
 8287.6876 4.07846e-17
 8290.6577 4.33358e-17
 8293.6277 6.22103e-17
 8296.5978 7.07080e-17
 8299.5679 6.61370e-17
 8302.5379 4.98409e-17
 8305.5080 5.68821e-17
 8308.4780 5.62334e-17
 8311.4481 4.96019e-17
 8314.4181 4.75174e-17
 8317.3882 6.40260e-17
 8320.3582 6.38818e-17
 8323.3283 5.37893e-17
 8326.2983 5.78544e-17
 8329.2684 5.88199e-17
 8332.2384 5.67526e-17
 8335.2085 6.37892e-17
 8338.1785 5.79532e-17
 8341.1486 6.00215e-17
 8344.1186 6.28388e-17
 8347.0887 5.39520e-17
 8350.0587 6.12442e-17
 8353.0288 5.80723e-17
 8355.9988 6.34839e-17
 8358.9689 7.37521e-17
 8361.9389 6.23642e-17
 8364.9089 6.43119e-17
 8367.8790 7.52777e-17
 8370.8490 6.77541e-17
 8373.8191 7.18810e-17
 8376.7891 8.47448e-17
 8379.7592 7.29754e-17
 8382.7292 7.86919e-17
 8385.6993 8.22938e-17
 8388.6693 7.82423e-17
 8391.6394 8.06863e-17
 8394.6094 8.57937e-17
 8397.5795 8.49430e-17
 8400.5495 8.47105e-17
 8403.5196 9.56568e-17
 8406.4896 9.90013e-17
 8409.4597 8.88699e-17
 8412.4297 1.02653e-16
 8415.3998 1.06941e-16
 8418.3698 9.65074e-17
 8421.3399 8.91680e-17
 8424.3099 1.01030e-16
 8427.2800 9.77530e-17
 8430.2500 1.10030e-16
 8433.2201 1.24752e-16
 8436.1901 1.11139e-16
 8439.1602 1.23641e-16
 8442.1302 1.20477e-16
 8445.1003 1.12363e-16
 8448.0703 9.87601e-17
 8451.0404 1.21816e-16
 8454.0104 1.17284e-16
 8456.9805 1.07318e-16
 8459.9505 1.25345e-16
 8462.9206 1.25267e-16
 8465.8906 1.16000e-16
 8468.8607 1.27511e-16
 8471.8307 1.39331e-16
 8474.8008 1.34677e-16
 8477.7708 1.27892e-16
 8480.7409 1.53716e-16
 8483.7109 1.57183e-16
 8486.6810 1.35957e-16
 8489.6510 1.42932e-16
 8492.6211 1.37580e-16
 8495.5911 1.47389e-16
 8498.5612 1.33599e-16
 8501.5312 1.41683e-16
 8504.5013 1.27387e-16
 8507.4713 1.43552e-16
 8510.4414 1.45746e-16
 8513.4114 1.38828e-16
 8516.3815 1.31819e-16
 8519.3515 1.37796e-16
 8522.3216 1.43656e-16
 8525.2916 1.52954e-16
 8528.2617 1.37723e-16
 8531.2317 1.34391e-16
 8534.2018 1.39155e-16
 8537.1718 1.56321e-16
 8540.1419 1.60826e-16
 8543.1119 1.44583e-16
 8546.0820 1.33502e-16
 8549.0520 1.24196e-16
 8552.0221 1.26544e-16
 8554.9921 1.53379e-16
 8557.9622 1.42023e-16
 8560.9322 1.44178e-16
 8563.9023 1.38762e-16
 8566.8723 1.46853e-16
 8569.8424 1.32765e-16
 8572.8124 1.37730e-16
 8575.7825 1.51119e-16
 8578.7525 1.42085e-16
 8581.7226 1.62826e-16
 8584.6926 1.78781e-16
 8587.6627 1.58126e-16
 8590.6327 1.55507e-16
 8593.6028 1.63933e-16
 8596.5728 1.54747e-16
 8599.5429 1.39072e-16
 8602.5129 1.45642e-16
 8605.4830 1.56223e-16
 8608.4530 1.61583e-16
 8611.4231 1.62255e-16
 8614.3931 1.44197e-16
 8617.3632 1.52839e-16
 8620.3332 1.48611e-16
 8623.3033 1.57938e-16
 8626.2733 1.66499e-16
 8629.2434 1.62785e-16
 8632.2134 1.54551e-16
 8635.1835 1.62968e-16
 8638.1535 1.49653e-16
 8641.1236 1.53551e-16
 8644.0936 1.62251e-16
 8647.0637 1.45552e-16
 8650.0337 1.48522e-16
 8653.0038 1.72808e-16
 8655.9738 1.35031e-16
 8658.9439 1.34489e-16
 8661.9139 1.44902e-16
 8664.8840 1.41069e-16
 8667.8540 1.48910e-16
 8670.8241 1.65970e-16
 8673.7941 1.46780e-16
 8676.7642 1.72857e-16
 8679.7342 1.52946e-16
 8682.7043 1.53905e-16
 8685.6743 1.43386e-16
 8688.6444 1.41866e-16
 8691.6144 1.39377e-16
 8694.5845 1.55698e-16
 8697.5545 1.46500e-16
 8700.5246 1.44862e-16
 8703.4946 1.46491e-16
 8706.4647 1.60170e-16
 8709.4347 1.52944e-16
 8712.4048 1.37386e-16
 8715.3748 1.60067e-16
 8718.3449 1.51222e-16
 8721.3149 1.43003e-16
 8724.2850 1.57294e-16
 8727.2550 1.46159e-16
 8730.2251 1.41083e-16
 8733.1951 1.49785e-16
 8736.1652 1.44798e-16
 8739.1352 1.51748e-16
 8742.1053 1.32066e-16
 8745.0753 1.10207e-16
 8748.0454 1.38682e-16
 8751.0154 1.37910e-16
 8753.9855 1.19030e-16
 8756.9555 1.37724e-16
 8759.9256 1.40418e-16
 8762.8956 1.40468e-16
 8765.8657 1.43355e-16
 8768.8357 1.51410e-16
 8771.8058 1.39556e-16
 8774.7758 1.33226e-16
 8777.7459 9.88373e-17
 8780.7159 1.44598e-16
 8783.6860 1.42158e-16
 8786.6560 1.21826e-16
 8789.6261 1.22617e-16
 8792.5961 1.35244e-16
 8795.5662 1.23935e-16
 8798.5362 1.22337e-16
 8801.5063 1.23705e-16
 8804.4763 1.31835e-16
 8807.4464 1.24705e-16
 8810.4164 1.37706e-16
 8813.3865 1.23530e-16
 8816.3565 1.18204e-16
 8819.3266 1.11917e-16
 8822.2966 1.23289e-16
 8825.2667 1.45000e-16
 8828.2367 1.43368e-16
 8831.2068 1.25392e-16
 8834.1768 1.24891e-16
 8837.1469 1.24593e-16
 8840.1169 1.04762e-16
 8843.0870 1.07774e-16
 8846.0570 9.62829e-17
 8849.0271 1.02472e-16
 8851.9971 1.14046e-16
 8854.9672 1.30586e-16
 8857.9372 1.32557e-16
 8860.9073 1.15410e-16
 8863.8773 8.69406e-17
 8866.8474 1.15159e-16
 8869.8174 1.19994e-16
 8872.7875 1.27771e-16
 8875.7575 1.07606e-16
 8878.7276 1.07712e-16
 8881.6976 1.21831e-16
 8884.6677 1.38669e-16
 8887.6377 1.07541e-16
 8890.6078 8.50522e-17
 8893.5778 9.29218e-17
 8896.5479 1.19188e-16
 8899.5179 1.11267e-16
 8902.4880 1.23939e-16
 8905.4580 1.03983e-16
 8908.4281 9.08488e-17
 8911.3981 1.01263e-16
 8914.3682 1.13718e-16
 8917.3382 1.11892e-16
 8920.3083 9.45443e-17
 8923.2783 7.72220e-17
 8926.2484 7.84364e-17
 8929.2184 9.18021e-17
 8932.1885 9.05213e-17
 8935.1585 9.72691e-17
 8938.1286 7.18593e-17
 8941.0986 7.86914e-17
 8944.0687 1.03180e-16
 8947.0387 9.47719e-17
 8950.0088 1.13336e-16
 8952.9788 1.03270e-16
 8955.9489 9.95963e-17
 8958.9189 9.97638e-17
 8961.8890 9.32371e-17
 8964.8590 1.03901e-16
 8967.8291 1.22076e-16
 8970.7991 9.63639e-17
 8973.7692 1.11953e-16
 8976.7392 9.93939e-17
 8979.7093 9.54736e-17
 8982.6793 9.66087e-17
 8985.6494 8.61844e-17
 8988.6194 1.09433e-16
 8991.5895 1.14590e-16
 8994.5595 1.01014e-16
 8997.5296 1.06103e-16
 9000.4996 1.03169e-16
 9003.4697 1.00026e-16
 9006.4397 1.06297e-16
 9009.4098 8.99887e-17
 9012.3798 1.09268e-16
 9015.3499 9.31299e-17
 9018.3199 9.24266e-17
