#Object:               SN2008fp
#FITS_file:            SN08fp_b01_DUP_WF_20oct08.fits
#Redshift:             0.00566
#JDate_of_max:         2454729.68
#JDate_of_observation: 2454759.83
#Epoch:                29.98     
#
 3800.0000 2.31108e-16
 3803.0414 2.12422e-16
 3806.0828 1.51586e-16
 3809.1242 2.61309e-16
 3812.1656 2.22424e-16
 3815.2070 3.14326e-16
 3818.2485 2.33978e-16
 3821.2899 1.98725e-16
 3824.3313 3.46750e-16
 3827.3727 1.84763e-16
 3830.4141 1.95505e-16
 3833.4555 1.95988e-16
 3836.4969 2.41404e-16
 3839.5383 2.60563e-16
 3842.5797 3.13702e-16
 3845.6211 4.52299e-16
 3848.6626 3.78393e-16
 3851.7040 3.42111e-16
 3854.7454 3.68528e-16
 3857.7868 3.77986e-16
 3860.8282 4.64001e-16
 3863.8696 4.02286e-16
 3866.9110 4.83842e-16
 3869.9524 5.02748e-16
 3872.9938 4.94171e-16
 3876.0352 5.25172e-16
 3879.0767 6.24079e-16
 3882.1181 6.27897e-16
 3885.1595 6.07033e-16
 3888.2009 6.47354e-16
 3891.2423 6.47820e-16
 3894.2837 6.85993e-16
 3897.3251 6.56517e-16
 3900.3665 6.73858e-16
 3903.4079 6.50102e-16
 3906.4494 7.50601e-16
 3909.4908 7.95278e-16
 3912.5322 7.26519e-16
 3915.5736 7.88336e-16
 3918.6150 7.78909e-16
 3921.6564 7.73873e-16
 3924.6978 7.55078e-16
 3927.7392 7.96212e-16
 3930.7806 7.13453e-16
 3933.8221 7.09697e-16
 3936.8635 7.76976e-16
 3939.9049 8.49308e-16
 3942.9463 9.07990e-16
 3945.9877 9.18693e-16
 3949.0291 8.64216e-16
 3952.0705 9.62359e-16
 3955.1119 8.13489e-16
 3958.1533 9.42354e-16
 3961.1947 9.45992e-16
 3964.2362 9.17594e-16
 3967.2776 9.27493e-16
 3970.3190 8.90445e-16
 3973.3604 9.89397e-16
 3976.4018 1.01653e-15
 3979.4432 9.36671e-16
 3982.4846 1.01405e-15
 3985.5260 9.59296e-16
 3988.5674 8.77754e-16
 3991.6088 8.26567e-16
 3994.6503 1.00222e-15
 3997.6917 1.04057e-15
 4000.7331 1.03060e-15
 4003.7745 9.68811e-16
 4006.8159 9.05213e-16
 4009.8573 8.78950e-16
 4012.8987 8.67581e-16
 4015.9401 8.62946e-16
 4018.9815 8.00072e-16
 4022.0229 9.04736e-16
 4025.0644 8.87064e-16
 4028.1058 8.13542e-16
 4031.1472 7.86340e-16
 4034.1886 6.81672e-16
 4037.2300 8.08804e-16
 4040.2714 7.99562e-16
 4043.3128 7.10527e-16
 4046.3542 7.61538e-16
 4049.3956 7.24453e-16
 4052.4370 6.92988e-16
 4055.4785 7.68042e-16
 4058.5199 7.62317e-16
 4061.5613 6.69486e-16
 4064.6027 7.34027e-16
 4067.6441 7.44551e-16
 4070.6855 7.72863e-16
 4073.7269 7.65338e-16
 4076.7683 7.36583e-16
 4079.8097 7.46473e-16
 4082.8511 7.68733e-16
 4085.8926 7.57395e-16
 4088.9340 7.52630e-16
 4091.9754 7.04950e-16
 4095.0168 7.31863e-16
 4098.0582 7.12100e-16
 4101.0996 6.67513e-16
 4104.1410 6.49636e-16
 4107.1824 6.60320e-16
 4110.2238 6.61646e-16
 4113.2653 6.76229e-16
 4116.3067 6.56062e-16
 4119.3481 6.80422e-16
 4122.3895 6.55048e-16
 4125.4309 6.59081e-16
 4128.4723 6.91970e-16
 4131.5137 6.84630e-16
 4134.5551 6.79385e-16
 4137.5965 6.62319e-16
 4140.6379 6.59336e-16
 4143.6794 6.48393e-16
 4146.7208 6.65152e-16
 4149.7622 6.70510e-16
 4152.8036 6.81022e-16
 4155.8450 6.93803e-16
 4158.8864 6.60417e-16
 4161.9278 6.01937e-16
 4164.9692 6.14493e-16
 4168.0106 7.11358e-16
 4171.0520 6.69324e-16
 4174.0935 6.57645e-16
 4177.1349 7.20144e-16
 4180.1763 7.17885e-16
 4183.2177 6.96646e-16
 4186.2591 6.51702e-16
 4189.3005 7.15470e-16
 4192.3419 8.17951e-16
 4195.3833 7.89575e-16
 4198.4247 7.71644e-16
 4201.4661 7.82058e-16
 4204.5076 7.30733e-16
 4207.5490 6.51075e-16
 4210.5904 7.35854e-16
 4213.6318 7.55845e-16
 4216.6732 7.10526e-16
 4219.7146 7.39537e-16
 4222.7560 7.38606e-16
 4225.7974 7.56249e-16
 4228.8388 7.03149e-16
 4231.8803 7.15193e-16
 4234.9217 7.78527e-16
 4237.9631 7.65114e-16
 4241.0045 7.80966e-16
 4244.0459 7.34870e-16
 4247.0873 7.67270e-16
 4250.1287 7.58418e-16
 4253.1701 7.18401e-16
 4256.2115 7.47958e-16
 4259.2529 7.57066e-16
 4262.2944 7.96943e-16
 4265.3358 8.78289e-16
 4268.3772 7.78085e-16
 4271.4186 7.46413e-16
 4274.4600 7.67532e-16
 4277.5014 7.42059e-16
 4280.5428 7.73708e-16
 4283.5842 7.60564e-16
 4286.6256 8.07135e-16
 4289.6670 7.63952e-16
 4292.7085 7.70772e-16
 4295.7499 8.21493e-16
 4298.7913 8.72319e-16
 4301.8327 8.93286e-16
 4304.8741 8.61748e-16
 4307.9155 8.57894e-16
 4310.9569 9.33945e-16
 4313.9983 9.33870e-16
 4317.0397 9.11519e-16
 4320.0811 9.61089e-16
 4323.1226 9.55395e-16
 4326.1640 9.15964e-16
 4329.2054 9.53580e-16
 4332.2468 9.84499e-16
 4335.2882 9.74183e-16
 4338.3296 9.82210e-16
 4341.3710 9.75501e-16
 4344.4124 9.58106e-16
 4347.4538 8.89348e-16
 4350.4952 8.76477e-16
 4353.5367 9.15149e-16
 4356.5781 8.96811e-16
 4359.6195 8.83236e-16
 4362.6609 8.67013e-16
 4365.7023 8.48339e-16
 4368.7437 7.92874e-16
 4371.7851 7.87395e-16
 4374.8265 7.94797e-16
 4377.8679 7.96728e-16
 4380.9093 7.96941e-16
 4383.9508 7.20746e-16
 4386.9922 7.02097e-16
 4390.0336 6.98452e-16
 4393.0750 6.50055e-16
 4396.1164 6.76311e-16
 4399.1578 6.37478e-16
 4402.1992 6.20944e-16
 4405.2406 6.12896e-16
 4408.2820 5.97414e-16
 4411.3234 6.02611e-16
 4414.3649 5.86309e-16
 4417.4063 5.93994e-16
 4420.4477 5.61399e-16
 4423.4891 5.36741e-16
 4426.5305 5.59737e-16
 4429.5719 5.22306e-16
 4432.6133 5.73033e-16
 4435.6547 5.70715e-16
 4438.6961 5.16543e-16
 4441.7375 5.51355e-16
 4444.7790 5.46116e-16
 4447.8204 5.36939e-16
 4450.8618 5.33078e-16
 4453.9032 5.48525e-16
 4456.9446 5.57070e-16
 4459.9860 5.87543e-16
 4463.0274 5.94577e-16
 4466.0688 5.63957e-16
 4469.1102 5.72976e-16
 4472.1516 5.99351e-16
 4475.1931 6.29348e-16
 4478.2345 6.44550e-16
 4481.2759 6.43810e-16
 4484.3173 6.32360e-16
 4487.3587 6.40697e-16
 4490.4001 6.30601e-16
 4493.4415 6.28988e-16
 4496.4829 6.74827e-16
 4499.5243 7.23635e-16
 4502.5657 7.30092e-16
 4505.6072 7.27786e-16
 4508.6486 7.86337e-16
 4511.6900 7.80891e-16
 4514.7314 7.92704e-16
 4517.7728 8.29334e-16
 4520.8142 8.37567e-16
 4523.8556 8.90905e-16
 4526.8970 8.79213e-16
 4529.9384 8.89977e-16
 4532.9798 9.06006e-16
 4536.0213 9.79072e-16
 4539.0627 9.90620e-16
 4542.1041 1.03637e-15
 4545.1455 1.05462e-15
 4548.1869 1.11444e-15
 4551.2283 1.17074e-15
 4554.2697 1.21692e-15
 4557.3111 1.36132e-15
 4560.3525 1.39307e-15
 4563.3940 1.44138e-15
 4566.4354 1.46667e-15
 4569.4768 1.50854e-15
 4572.5182 1.56643e-15
 4575.5596 1.59731e-15
 4578.6010 1.64275e-15
 4581.6424 1.68179e-15
 4584.6838 1.69983e-15
 4587.7252 1.72422e-15
 4590.7666 1.76719e-15
 4593.8081 1.76628e-15
 4596.8495 1.82044e-15
 4599.8909 1.86207e-15
 4602.9323 1.84428e-15
 4605.9737 1.88398e-15
 4609.0151 1.91472e-15
 4612.0565 1.97718e-15
 4615.0979 1.97042e-15
 4618.1393 1.96937e-15
 4621.1808 1.95097e-15
 4624.2222 1.94034e-15
 4627.2636 1.97681e-15
 4630.3050 2.03485e-15
 4633.3464 2.03715e-15
 4636.3878 2.06133e-15
 4639.4292 2.14390e-15
 4642.4706 2.04033e-15
 4645.5120 2.09471e-15
 4648.5534 2.14592e-15
 4651.5949 2.06972e-15
 4654.6363 2.13454e-15
 4657.6777 2.14098e-15
 4660.7191 2.03296e-15
 4663.7605 1.99947e-15
 4666.8019 2.01276e-15
 4669.8433 1.90485e-15
 4672.8847 1.85771e-15
 4675.9261 1.77313e-15
 4678.9675 1.78947e-15
 4682.0090 1.72722e-15
 4685.0504 1.66833e-15
 4688.0918 1.61732e-15
 4691.1332 1.58763e-15
 4694.1746 1.48358e-15
 4697.2160 1.41647e-15
 4700.2574 1.42099e-15
 4703.2988 1.34705e-15
 4706.3402 1.26213e-15
 4709.3817 1.24358e-15
 4712.4231 1.21874e-15
 4715.4645 1.19713e-15
 4718.5059 1.17454e-15
 4721.5473 1.14471e-15
 4724.5887 1.10580e-15
 4727.6301 1.05518e-15
 4730.6715 1.03602e-15
 4733.7129 1.07075e-15
 4736.7543 1.07237e-15
 4739.7958 1.02346e-15
 4742.8372 1.03018e-15
 4745.8786 1.02070e-15
 4748.9200 9.67150e-16
 4751.9614 9.27606e-16
 4755.0028 9.78422e-16
 4758.0442 9.17789e-16
 4761.0856 8.85553e-16
 4764.1270 9.04115e-16
 4767.1684 8.69148e-16
 4770.2099 8.72287e-16
 4773.2513 8.69696e-16
 4776.2927 9.01541e-16
 4779.3341 9.02552e-16
 4782.3755 8.93577e-16
 4785.4169 8.99274e-16
 4788.4583 9.29700e-16
 4791.4997 9.04638e-16
 4794.5411 9.37614e-16
 4797.5825 1.01120e-15
 4800.6240 1.06223e-15
 4803.6654 1.07016e-15
 4806.7068 1.08676e-15
 4809.7482 1.12728e-15
 4812.7896 1.15462e-15
 4815.8310 1.20988e-15
 4818.8724 1.27306e-15
 4821.9138 1.28890e-15
 4824.9552 1.35283e-15
 4827.9966 1.37112e-15
 4831.0381 1.33706e-15
 4834.0795 1.37734e-15
 4837.1209 1.43032e-15
 4840.1623 1.39425e-15
 4843.2037 1.33494e-15
 4846.2451 1.31748e-15
 4849.2865 1.30316e-15
 4852.3279 1.28886e-15
 4855.3693 1.28109e-15
 4858.4107 1.25004e-15
 4861.4522 1.24314e-15
 4864.4936 1.22501e-15
 4867.5350 1.24102e-15
 4870.5764 1.19534e-15
 4873.6178 1.17481e-15
 4876.6592 1.23971e-15
 4879.7006 1.24163e-15
 4882.7420 1.22485e-15
 4885.7834 1.27149e-15
 4888.8248 1.31166e-15
 4891.8663 1.28843e-15
 4894.9077 1.31096e-15
 4897.9491 1.39353e-15
 4900.9905 1.43731e-15
 4904.0319 1.50066e-15
 4907.0733 1.55241e-15
 4910.1147 1.64198e-15
 4913.1561 1.68711e-15
 4916.1975 1.70967e-15
 4919.2389 1.81718e-15
 4922.2804 1.87883e-15
 4925.3218 1.96508e-15
 4928.3632 2.00165e-15
 4931.4046 2.08030e-15
 4934.4460 2.11318e-15
 4937.4874 2.17889e-15
 4940.5288 2.24740e-15
 4943.5702 2.23741e-15
 4946.6116 2.29599e-15
 4949.6530 2.33290e-15
 4952.6945 2.39440e-15
 4955.7359 2.42091e-15
 4958.7773 2.38507e-15
 4961.8187 2.42751e-15
 4964.8601 2.40387e-15
 4967.9015 2.36635e-15
 4970.9429 2.41747e-15
 4973.9843 2.36144e-15
 4977.0257 2.29883e-15
 4980.0671 2.24220e-15
 4983.1086 2.13745e-15
 4986.1500 2.05839e-15
 4989.1914 1.94223e-15
 4992.2328 1.90798e-15
 4995.2742 1.83338e-15
 4998.3156 1.77835e-15
 5001.3570 1.71964e-15
 5004.3984 1.67749e-15
 5007.4398 1.59603e-15
 5010.4812 1.53730e-15
 5013.5227 1.57254e-15
 5016.5641 1.51567e-15
 5019.6055 1.44750e-15
 5022.6469 1.45525e-15
 5025.6883 1.36005e-15
 5028.7297 1.39392e-15
 5031.7711 1.35217e-15
 5034.8125 1.29818e-15
 5037.8539 1.26962e-15
 5040.8954 1.26803e-15
 5043.9368 1.30230e-15
 5046.9782 1.32157e-15
 5050.0196 1.28800e-15
 5053.0610 1.23545e-15
 5056.1024 1.23751e-15
 5059.1438 1.22375e-15
 5062.1852 1.20102e-15
 5065.2266 1.23683e-15
 5068.2680 1.20368e-15
 5071.3095 1.20061e-15
 5074.3509 1.18362e-15
 5077.3923 1.22130e-15
 5080.4337 1.20174e-15
 5083.4751 1.16941e-15
 5086.5165 1.13093e-15
 5089.5579 1.16073e-15
 5092.5993 1.12722e-15
 5095.6407 1.14023e-15
 5098.6821 1.13333e-15
 5101.7236 1.08442e-15
 5104.7650 1.12223e-15
 5107.8064 1.14056e-15
 5110.8478 1.13222e-15
 5113.8892 1.13442e-15
 5116.9306 1.10580e-15
 5119.9720 1.12453e-15
 5123.0134 1.13880e-15
 5126.0548 1.15586e-15
 5129.0962 1.13565e-15
 5132.1377 1.10059e-15
 5135.1791 1.12034e-15
 5138.2205 1.09809e-15
 5141.2619 1.09489e-15
 5144.3033 1.09374e-15
 5147.3447 1.07593e-15
 5150.3861 1.11500e-15
 5153.4275 1.13632e-15
 5156.4689 1.11407e-15
 5159.5103 1.11860e-15
 5162.5518 1.13742e-15
 5165.5932 1.21163e-15
 5168.6346 1.15422e-15
 5171.6760 1.19725e-15
 5174.7174 1.21997e-15
 5177.7588 1.18896e-15
 5180.8002 1.20258e-15
 5183.8416 1.24230e-15
 5186.8830 1.26288e-15
 5189.9245 1.26775e-15
 5192.9659 1.32508e-15
 5196.0073 1.32343e-15
 5199.0487 1.31759e-15
 5202.0901 1.33671e-15
 5205.1315 1.41322e-15
 5208.1729 1.47703e-15
 5211.2143 1.45598e-15
 5214.2557 1.50507e-15
 5217.2972 1.55565e-15
 5220.3386 1.54036e-15
 5223.3800 1.60069e-15
 5226.4214 1.66767e-15
 5229.4628 1.68969e-15
 5232.5042 1.75153e-15
 5235.5456 1.83143e-15
 5238.5870 1.81286e-15
 5241.6284 1.85438e-15
 5244.6698 1.92271e-15
 5247.7113 1.90082e-15
 5250.7527 1.89768e-15
 5253.7941 1.93172e-15
 5256.8355 2.02234e-15
 5259.8769 2.03971e-15
 5262.9183 2.03308e-15
 5265.9597 2.07456e-15
 5269.0011 2.08196e-15
 5272.0425 2.10577e-15
 5275.0839 2.18835e-15
 5278.1254 2.27848e-15
 5281.1668 2.33785e-15
 5284.2082 2.31551e-15
 5287.2496 2.37473e-15
 5290.2910 2.44325e-15
 5293.3324 2.47761e-15
 5296.3738 2.54514e-15
 5299.4152 2.53130e-15
 5302.4566 2.53055e-15
 5305.4980 2.55534e-15
 5308.5395 2.64650e-15
 5311.5809 2.69953e-15
 5314.6223 2.68302e-15
 5317.6637 2.71136e-15
 5320.7051 2.65079e-15
 5323.7465 2.64422e-15
 5326.7879 2.70998e-15
 5329.8293 2.69113e-15
 5332.8707 2.72022e-15
 5335.9121 2.71573e-15
 5338.9536 2.62527e-15
 5341.9950 2.65588e-15
 5345.0364 2.70887e-15
 5348.0778 2.63497e-15
 5351.1192 2.67746e-15
 5354.1606 2.70326e-15
 5357.2020 2.66695e-15
 5360.2434 2.65677e-15
 5363.2848 2.65841e-15
 5366.3263 2.62806e-15
 5369.3677 2.61503e-15
 5372.4091 2.65697e-15
 5375.4505 2.66427e-15
 5378.4919 2.74194e-15
 5381.5333 2.78968e-15
 5384.5747 2.79550e-15
 5387.6161 2.81281e-15
 5390.6575 2.78445e-15
 5393.6989 2.82674e-15
 5396.7404 2.89170e-15
 5399.7818 2.91939e-15
 5402.8232 2.95057e-15
 5405.8646 2.95667e-15
 5408.9060 2.97374e-15
 5411.9474 2.99113e-15
 5414.9888 3.06585e-15
 5418.0302 3.07858e-15
 5421.0716 3.06540e-15
 5424.1130 3.15080e-15
 5427.1544 3.23259e-15
 5430.1959 3.26525e-15
 5433.2373 3.34041e-15
 5436.2787 3.40547e-15
 5439.3201 3.48047e-15
 5442.3615 3.56068e-15
 5445.4029 3.66103e-15
 5448.4443 3.71909e-15
 5451.4857 3.78005e-15
 5454.5271 3.93951e-15
 5457.5685 3.94276e-15
 5460.6100 4.02703e-15
 5463.6514 4.12734e-15
 5466.6928 4.20981e-15
 5469.7342 4.25216e-15
 5472.7756 4.35170e-15
 5475.8170 4.28757e-15
 5478.8584 4.43902e-15
 5481.8998 4.58118e-15
 5484.9412 4.50057e-15
 5487.9826 4.61772e-15
 5491.0241 4.63031e-15
 5494.0655 4.71628e-15
 5497.1069 4.80259e-15
 5500.1483 4.73392e-15
 5503.1897 4.86425e-15
 5506.2311 4.86267e-15
 5509.2725 4.89680e-15
 5512.3139 4.80170e-15
 5515.3553 4.78970e-15
 5518.3967 4.72376e-15
 5521.4382 4.78537e-15
 5524.4796 4.82640e-15
 5527.5210 4.83933e-15
 5530.5624 4.86245e-15
 5533.6038 4.85448e-15
 5536.6452 4.89625e-15
 5539.6866 4.87821e-15
 5542.7280 4.85280e-15
 5545.7694 4.80693e-15
 5548.8109 4.83096e-15
 5551.8523 4.88461e-15
 5554.8937 4.75277e-15
 5557.9351 4.75932e-15
 5560.9765 4.80669e-15
 5564.0179 4.81162e-15
 5567.0593 4.70186e-15
 5570.1007 4.68089e-15
 5573.1421 4.70991e-15
 5576.1835 4.67249e-15
 5579.2250 4.65206e-15
 5582.2664 4.66621e-15
 5585.3078 4.59210e-15
 5588.3492 4.58239e-15
 5591.3906 4.59299e-15
 5594.4320 4.54381e-15
 5597.4734 4.53761e-15
 5600.5148 4.45988e-15
 5603.5562 4.36493e-15
 5606.5976 4.39266e-15
 5609.6391 4.29044e-15
 5612.6805 4.27143e-15
 5615.7219 4.31578e-15
 5618.7633 4.23763e-15
 5621.8047 4.17730e-15
 5624.8461 4.17730e-15
 5627.8875 4.08542e-15
 5630.9289 3.99590e-15
 5633.9703 3.95685e-15
 5637.0117 3.88356e-15
 5640.0532 3.90218e-15
 5643.0946 3.81459e-15
 5646.1360 3.71487e-15
 5649.1774 3.76469e-15
 5652.2188 3.64535e-15
 5655.2602 3.54867e-15
 5658.3016 3.55626e-15
 5661.3430 3.46740e-15
 5664.3844 3.37656e-15
 5667.4258 3.36774e-15
 5670.4673 3.33876e-15
 5673.5087 3.20276e-15
 5676.5501 3.15103e-15
 5679.5915 3.10010e-15
 5682.6329 3.05913e-15
 5685.6743 3.06198e-15
 5688.7157 3.01732e-15
 5691.7571 2.92130e-15
 5694.7986 2.88021e-15
 5697.8400 2.87802e-15
 5700.8814 2.80249e-15
 5703.9228 2.76322e-15
 5706.9642 2.79911e-15
 5710.0056 2.73882e-15
 5713.0470 2.76288e-15
 5716.0884 2.79249e-15
 5719.1298 2.77729e-15
 5722.1712 2.71854e-15
 5725.2127 2.65135e-15
 5728.2541 2.66353e-15
 5731.2955 2.63944e-15
 5734.3369 2.65785e-15
 5737.3783 2.74543e-15
 5740.4197 2.75154e-15
 5743.4611 2.71688e-15
 5746.5025 2.77746e-15
 5749.5439 2.79847e-15
 5752.5853 2.78382e-15
 5755.6268 2.74830e-15
 5758.6682 2.81618e-15
 5761.7096 2.84819e-15
 5764.7510 2.95220e-15
 5767.7924 2.88651e-15
 5770.8338 2.93410e-15
 5773.8752 2.95643e-15
 5776.9166 3.04326e-15
 5779.9580 3.07115e-15
 5782.9994 3.07130e-15
 5786.0409 3.11351e-15
 5789.0823 3.12687e-15
 5792.1237 3.20416e-15
 5795.1651 3.19215e-15
 5798.2065 3.17229e-15
 5801.2479 3.27212e-15
 5804.2893 3.39957e-15
 5807.3307 3.42172e-15
 5810.3721 3.39192e-15
 5813.4135 3.39586e-15
 5816.4550 3.43994e-15
 5819.4964 3.55595e-15
 5822.5378 3.61830e-15
 5825.5792 3.54959e-15
 5828.6206 3.51907e-15
 5831.6620 3.60615e-15
 5834.7034 3.72432e-15
 5837.7448 3.80316e-15
 5840.7862 3.74853e-15
 5843.8276 3.81713e-15
 5846.8691 3.84679e-15
 5849.9105 3.86889e-15
 5852.9519 3.88136e-15
 5855.9933 3.83354e-15
 5859.0347 3.83626e-15
 5862.0761 3.81458e-15
 5865.1175 3.83225e-15
 5868.1589 3.78954e-15
 5871.2003 3.79185e-15
 5874.2418 3.77692e-15
 5877.2832 3.78770e-15
 5880.3246 3.79435e-15
 5883.3660 3.79710e-15
 5886.4074 3.54563e-15
 5889.4488 3.17741e-15
 5892.4902 3.35304e-15
 5895.5316 3.35749e-15
 5898.5730 3.60333e-15
 5901.6144 3.72117e-15
 5904.6559 3.76157e-15
 5907.6973 3.75796e-15
 5910.7387 3.83523e-15
 5913.7801 3.81845e-15
 5916.8215 3.73567e-15
 5919.8629 3.54663e-15
 5922.9043 2.98084e-15
 5925.9457 3.12192e-15
 5928.9871 3.05789e-15
 5932.0285 3.38667e-15
 5935.0700 3.62273e-15
 5938.1114 3.59497e-15
 5941.1528 3.61048e-15
 5944.1942 3.59071e-15
 5947.2356 3.49492e-15
 5950.2770 3.33758e-15
 5953.3184 3.22388e-15
 5956.3598 3.19553e-15
 5959.4012 3.10694e-15
 5962.4426 2.98454e-15
 5965.4841 2.91319e-15
 5968.5255 2.89996e-15
 5971.5669 2.85137e-15
 5974.6083 2.77379e-15
 5977.6497 2.69891e-15
 5980.6911 2.65590e-15
 5983.7325 2.61864e-15
 5986.7739 2.57548e-15
 5989.8153 2.51801e-15
 5992.8567 2.51180e-15
 5995.8981 2.47218e-15
 5998.9396 2.42772e-15
 6001.9810 2.42457e-15
 6005.0224 2.41270e-15
 6008.0638 2.40134e-15
 6011.1052 2.38974e-15
 6014.1466 2.37226e-15
 6017.1880 2.35482e-15
 6020.2294 2.34475e-15
 6023.2708 2.37264e-15
 6026.3123 2.34115e-15
 6029.3537 2.40157e-15
 6032.3951 2.43769e-15
 6035.4365 2.40554e-15
 6038.4779 2.41276e-15
 6041.5193 2.39037e-15
 6044.5607 2.37091e-15
 6047.6021 2.34494e-15
 6050.6435 2.30435e-15
 6053.6849 2.28423e-15
 6056.7264 2.25270e-15
 6059.7678 2.25322e-15
 6062.8092 2.29075e-15
 6065.8506 2.27734e-15
 6068.8920 2.27473e-15
 6071.9334 2.28019e-15
 6074.9748 2.25580e-15
 6078.0162 2.18986e-15
 6081.0576 2.22797e-15
 6084.0990 2.30009e-15
 6087.1405 2.25438e-15
 6090.1819 2.26037e-15
 6093.2233 2.27875e-15
 6096.2647 2.35801e-15
 6099.3061 2.32268e-15
 6102.3475 2.31003e-15
 6105.3889 2.35750e-15
 6108.4303 2.38137e-15
 6111.4717 2.42982e-15
 6114.5131 2.41742e-15
 6117.5546 2.41469e-15
 6120.5960 2.41099e-15
 6123.6374 2.46631e-15
 6126.6788 2.49236e-15
 6129.7202 2.39807e-15
 6132.7616 2.46794e-15
 6135.8030 2.45413e-15
 6138.8444 2.42310e-15
 6141.8858 2.33419e-15
 6144.9272 2.31679e-15
 6147.9687 2.36012e-15
 6151.0101 2.33159e-15
 6154.0515 2.25303e-15
 6157.0929 2.21238e-15
 6160.1343 2.22263e-15
 6163.1757 2.21668e-15
 6166.2171 2.23087e-15
 6169.2585 2.25749e-15
 6172.2999 2.23509e-15
 6175.3413 2.18179e-15
 6178.3828 2.18561e-15
 6181.4242 2.24128e-15
 6184.4656 2.26322e-15
 6187.5070 2.32337e-15
 6190.5484 2.45037e-15
 6193.5898 2.47533e-15
 6196.6312 2.56703e-15
 6199.6726 2.56598e-15
 6202.7140 2.61547e-15
 6205.7555 2.70160e-15
 6208.7969 2.71866e-15
 6211.8383 2.76218e-15
 6214.8797 2.77446e-15
 6217.9211 2.75954e-15
 6220.9625 2.88657e-15
 6224.0039 2.88394e-15
 6227.0453 2.88326e-15
 6230.0867 2.85890e-15
 6233.1281 2.82923e-15
 6236.1696 2.76673e-15
 6239.2110 2.82892e-15
 6242.2524 2.81954e-15
 6245.2938 2.73675e-15
 6248.3352 2.70780e-15
 6251.3766 2.70021e-15
 6254.4180 2.69374e-15
 6257.4594 2.62912e-15
 6260.5008 2.56061e-15
 6263.5423 2.51887e-15
 6266.5837 2.48266e-15
 6269.6251 2.48825e-15
 6272.6665 2.48401e-15
 6275.7079 2.43006e-15
 6278.7493 2.43372e-15
 6281.7907 2.34006e-15
 6284.8321 2.38387e-15
 6287.8735 2.35467e-15
 6290.9149 2.39255e-15
 6293.9564 2.39776e-15
 6296.9978 2.38139e-15
 6300.0392 2.47929e-15
 6303.0806 2.39975e-15
 6306.1220 2.36372e-15
 6309.1634 2.44559e-15
 6312.2048 2.45162e-15
 6315.2462 2.44219e-15
 6318.2876 2.41438e-15
 6321.3290 2.45270e-15
 6324.3705 2.42919e-15
 6327.4119 2.47506e-15
 6330.4533 2.55543e-15
 6333.4947 2.62559e-15
 6336.5361 2.63388e-15
 6339.5775 2.62356e-15
 6342.6189 2.66548e-15
 6345.6603 2.73797e-15
 6348.7017 2.78405e-15
 6351.7431 2.78706e-15
 6354.7846 2.81667e-15
 6357.8260 2.88395e-15
 6360.8674 2.94107e-15
 6363.9088 3.01257e-15
 6366.9502 3.02558e-15
 6369.9916 3.09699e-15
 6373.0330 3.15962e-15
 6376.0744 3.15029e-15
 6379.1158 3.19397e-15
 6382.1573 3.26347e-15
 6385.1987 3.34127e-15
 6388.2401 3.40307e-15
 6391.2815 3.39663e-15
 6394.3229 3.46723e-15
 6397.3643 3.63377e-15
 6400.4057 3.69106e-15
 6403.4471 3.70226e-15
 6406.4885 3.78316e-15
 6409.5299 3.90243e-15
 6412.5714 3.96251e-15
 6415.6128 4.01282e-15
 6418.6542 4.12932e-15
 6421.6956 4.16655e-15
 6424.7370 4.26747e-15
 6427.7784 4.35660e-15
 6430.8198 4.34119e-15
 6433.8612 4.33731e-15
 6436.9026 4.42319e-15
 6439.9440 4.46397e-15
 6442.9855 4.61519e-15
 6446.0269 4.72108e-15
 6449.0683 4.62390e-15
 6452.1097 4.65801e-15
 6455.1511 4.73757e-15
 6458.1925 4.77497e-15
 6461.2339 4.69616e-15
 6464.2753 4.81665e-15
 6467.3167 4.83705e-15
 6470.3581 4.77533e-15
 6473.3996 4.87145e-15
 6476.4410 4.91002e-15
 6479.4824 5.00394e-15
 6482.5238 4.91258e-15
 6485.5652 4.95242e-15
 6488.6066 4.90104e-15
 6491.6480 4.90439e-15
 6494.6894 5.08571e-15
 6497.7308 5.10382e-15
 6500.7722 5.05906e-15
 6503.8137 5.03061e-15
 6506.8551 5.06424e-15
 6509.8965 5.08580e-15
 6512.9379 5.12013e-15
 6515.9793 5.22746e-15
 6519.0207 5.16149e-15
 6522.0621 5.15895e-15
 6525.1035 5.24973e-15
 6528.1449 5.24577e-15
 6531.1863 5.31510e-15
 6534.2278 5.33235e-15
 6537.2692 5.31151e-15
 6540.3106 5.30922e-15
 6543.3520 5.27178e-15
 6546.3934 5.29672e-15
 6549.4348 5.29605e-15
 6552.4762 5.30952e-15
 6555.5176 5.30079e-15
 6558.5590 5.29335e-15
 6561.6004 5.31170e-15
 6564.6419 5.26621e-15
 6567.6833 5.25217e-15
 6570.7247 5.21415e-15
 6573.7661 5.21799e-15
 6576.8075 5.19909e-15
 6579.8489 5.15138e-15
 6582.8903 5.19822e-15
 6585.9317 5.17722e-15
 6588.9731 5.11536e-15
 6592.0145 5.13583e-15
 6595.0560 5.08446e-15
 6598.0974 5.04554e-15
 6601.1388 5.06540e-15
 6604.1802 5.00770e-15
 6607.2216 5.00943e-15
 6610.2630 4.93906e-15
 6613.3044 4.74018e-15
 6616.3458 4.74735e-15
 6619.3872 4.70358e-15
 6622.4286 4.68399e-15
 6625.4701 4.66464e-15
 6628.5115 4.54889e-15
 6631.5529 4.52374e-15
 6634.5943 4.50909e-15
 6637.6357 4.36780e-15
 6640.6771 4.22747e-15
 6643.7185 4.25772e-15
 6646.7599 4.21748e-15
 6649.8013 4.11044e-15
 6652.8427 4.07376e-15
 6655.8842 3.96415e-15
 6658.9256 3.90747e-15
 6661.9670 3.81792e-15
 6665.0084 3.80456e-15
 6668.0498 3.82615e-15
 6671.0912 3.74998e-15
 6674.1326 3.71285e-15
 6677.1740 3.65714e-15
 6680.2154 3.61551e-15
 6683.2569 3.49502e-15
 6686.2983 3.43467e-15
 6689.3397 3.37400e-15
 6692.3811 3.33464e-15
 6695.4225 3.24504e-15
 6698.4639 3.31995e-15
 6701.5053 3.27046e-15
 6704.5467 3.17399e-15
 6707.5881 3.21656e-15
 6710.6295 3.12570e-15
 6713.6710 3.09296e-15
 6716.7124 3.16101e-15
 6719.7538 3.07998e-15
 6722.7952 3.02825e-15
 6725.8366 3.05209e-15
 6728.8780 2.99678e-15
 6731.9194 2.99878e-15
 6734.9608 2.90346e-15
 6738.0022 2.86365e-15
 6741.0436 2.88542e-15
 6744.0851 2.94517e-15
 6747.1265 2.87378e-15
 6750.1679 2.85762e-15
 6753.2093 2.86999e-15
 6756.2507 2.81374e-15
 6759.2921 2.77702e-15
 6762.3335 2.85606e-15
 6765.3749 2.84061e-15
 6768.4163 2.74337e-15
 6771.4577 2.76425e-15
 6774.4992 2.77385e-15
 6777.5406 2.69915e-15
 6780.5820 2.74539e-15
 6783.6234 2.75312e-15
 6786.6648 2.72782e-15
 6789.7062 2.71183e-15
 6792.7476 2.71811e-15
 6795.7890 2.74500e-15
 6798.8304 2.67104e-15
 6801.8719 2.64692e-15
 6804.9133 2.62352e-15
 6807.9547 2.65913e-15
 6810.9961 2.65777e-15
 6814.0375 2.56556e-15
 6817.0789 2.57554e-15
 6820.1203 2.54241e-15
 6823.1617 2.56680e-15
 6826.2031 2.53401e-15
 6829.2445 2.50917e-15
 6832.2860 2.53358e-15
 6835.3274 2.54038e-15
 6838.3688 2.46945e-15
 6841.4102 2.43967e-15
 6844.4516 2.45898e-15
 6847.4930 2.47758e-15
 6850.5344 2.42897e-15
 6853.5758 2.42947e-15
 6856.6172 2.44508e-15
 6859.6587 2.41255e-15
 6862.7001 2.35672e-15
 6865.7415 2.13629e-15
 6868.7829 2.17914e-15
 6871.8243 2.39197e-15
 6874.8657 2.40999e-15
 6877.9071 2.46636e-15
 6880.9485 2.38589e-15
 6883.9899 2.16990e-15
 6887.0313 2.24336e-15
 6890.0728 2.29117e-15
 6893.1142 2.32915e-15
 6896.1556 2.30080e-15
 6899.1970 2.27401e-15
 6902.2384 2.28636e-15
 6905.2798 2.32675e-15
 6908.3212 2.32605e-15
 6911.3626 2.34694e-15
 6914.4040 2.30780e-15
 6917.4454 2.27870e-15
 6920.4869 2.30264e-15
 6923.5283 2.30380e-15
 6926.5697 2.31595e-15
 6929.6111 2.34529e-15
 6932.6525 2.33122e-15
 6935.6939 2.31069e-15
 6938.7353 2.35134e-15
 6941.7767 2.35982e-15
 6944.8181 2.41817e-15
 6947.8595 2.43990e-15
 6950.9010 2.41138e-15
 6953.9424 2.38612e-15
 6956.9838 2.42008e-15
 6960.0252 2.35906e-15
 6963.0666 2.33985e-15
 6966.1080 2.37929e-15
 6969.1494 2.34526e-15
 6972.1908 2.34060e-15
 6975.2322 2.39989e-15
 6978.2736 2.42153e-15
 6981.3151 2.33853e-15
 6984.3565 2.27380e-15
 6987.3979 2.30219e-15
 6990.4393 2.29513e-15
 6993.4807 2.23056e-15
 6996.5221 2.20333e-15
 6999.5635 2.22561e-15
 7002.6049 2.20409e-15
 7005.6463 2.18857e-15
 7008.6877 2.16540e-15
 7011.7292 2.12782e-15
 7014.7706 2.15791e-15
 7017.8120 2.13069e-15
 7020.8534 2.09244e-15
 7023.8948 2.03947e-15
 7026.9362 2.11509e-15
 7029.9776 2.15482e-15
 7033.0190 2.10395e-15
 7036.0604 2.07711e-15
 7039.1019 2.07192e-15
 7042.1433 2.03724e-15
 7045.1847 1.96828e-15
 7048.2261 1.96967e-15
 7051.2675 1.98085e-15
 7054.3089 1.95548e-15
 7057.3503 1.97115e-15
 7060.3917 1.97284e-15
 7063.4331 1.91962e-15
 7066.4745 1.92895e-15
 7069.5159 1.86802e-15
 7072.5574 1.87454e-15
 7075.5988 1.91216e-15
 7078.6402 1.88807e-15
 7081.6816 1.88398e-15
 7084.7230 1.84009e-15
 7087.7644 1.86662e-15
 7090.8058 1.91417e-15
 7093.8472 1.87554e-15
 7096.8886 1.85499e-15
 7099.9300 1.87896e-15
 7102.9715 1.89172e-15
 7106.0129 1.88336e-15
 7109.0543 1.90098e-15
 7112.0957 1.89232e-15
 7115.1371 1.93270e-15
 7118.1785 1.88813e-15
 7121.2199 1.83833e-15
 7124.2613 1.88541e-15
 7127.3027 1.91554e-15
 7130.3441 1.94322e-15
 7133.3856 1.91699e-15
 7136.4270 1.92474e-15
 7139.4684 1.96285e-15
 7142.5098 2.04929e-15
 7145.5512 2.04571e-15
 7148.5926 1.99790e-15
 7151.6340 2.03400e-15
 7154.6754 2.07564e-15
 7157.7168 2.04925e-15
 7160.7582 2.09957e-15
 7163.7997 2.12303e-15
 7166.8411 2.07192e-15
 7169.8825 2.13514e-15
 7172.9239 2.17048e-15
 7175.9653 2.16051e-15
 7179.0067 2.20353e-15
 7182.0481 2.22101e-15
 7185.0895 2.26506e-15
 7188.1309 2.37943e-15
 7191.1724 2.29849e-15
 7194.2138 2.34269e-15
 7197.2552 2.40166e-15
 7200.2966 2.43027e-15
 7203.3380 2.46315e-15
 7206.3794 2.52275e-15
 7209.4208 2.55285e-15
 7212.4622 2.54123e-15
 7215.5036 2.57135e-15
 7218.5450 2.63293e-15
 7221.5865 2.62336e-15
 7224.6279 2.57506e-15
 7227.6693 2.59315e-15
 7230.7107 2.62066e-15
 7233.7521 2.59363e-15
 7236.7935 2.69087e-15
 7239.8349 2.58774e-15
 7242.8763 2.63842e-15
 7245.9177 2.59375e-15
 7248.9591 2.58339e-15
 7252.0006 2.60156e-15
 7255.0420 2.62115e-15
 7258.0834 2.59020e-15
 7261.1248 2.54637e-15
 7264.1662 2.47945e-15
 7267.2076 2.52068e-15
 7270.2490 2.53104e-15
 7273.2904 2.45997e-15
 7276.3318 2.45013e-15
 7279.3732 2.50358e-15
 7282.4147 2.51376e-15
 7285.4561 2.48857e-15
 7288.4975 2.55517e-15
 7291.5389 2.56474e-15
 7294.5803 2.45000e-15
 7297.6217 2.45762e-15
 7300.6631 2.46226e-15
 7303.7045 2.46118e-15
 7306.7459 2.45128e-15
 7309.7873 2.49553e-15
 7312.8288 2.50155e-15
 7315.8702 2.49891e-15
 7318.9116 2.54330e-15
 7321.9530 2.53793e-15
 7324.9944 2.48528e-15
 7328.0358 2.57385e-15
 7331.0772 2.60079e-15
 7334.1186 2.54161e-15
 7337.1600 2.59521e-15
 7340.2014 2.62715e-15
 7343.2429 2.59725e-15
 7346.2843 2.65529e-15
 7349.3257 2.70132e-15
 7352.3671 2.71320e-15
 7355.4085 2.67218e-15
 7358.4499 2.71910e-15
 7361.4913 2.78199e-15
 7364.5327 2.83046e-15
 7367.5742 2.78638e-15
 7370.6156 2.81164e-15
 7373.6570 2.90734e-15
 7376.6984 2.93046e-15
 7379.7398 2.98604e-15
 7382.7812 3.04773e-15
 7385.8226 3.08967e-15
 7388.8640 3.12823e-15
 7391.9054 3.11492e-15
 7394.9468 3.05128e-15
 7397.9883 3.10844e-15
 7401.0297 3.21387e-15
 7404.0711 3.21417e-15
 7407.1125 3.27371e-15
 7410.1539 3.28523e-15
 7413.1953 3.34446e-15
 7416.2367 3.36953e-15
 7419.2781 3.27028e-15
 7422.3195 3.34918e-15
 7425.3609 3.41115e-15
 7428.4024 3.36242e-15
 7431.4438 3.45680e-15
 7434.4852 3.50585e-15
 7437.5266 3.48104e-15
 7440.5680 3.48787e-15
 7443.6094 3.51285e-15
 7446.6508 3.52557e-15
 7449.6922 3.51440e-15
 7452.7336 3.54445e-15
 7455.7750 3.51915e-15
 7458.8165 3.44466e-15
 7461.8579 3.47071e-15
 7464.8993 3.38443e-15
 7467.9407 3.33725e-15
 7470.9821 3.31034e-15
 7474.0235 3.22460e-15
 7477.0649 3.17873e-15
 7480.1063 3.08205e-15
 7483.1477 3.06682e-15
 7486.1891 2.99612e-15
 7489.2306 2.97618e-15
 7492.2720 2.99391e-15
 7495.3134 2.96632e-15
 7498.3548 2.97585e-15
 7501.3962 2.90375e-15
 7504.4376 2.88273e-15
 7507.4790 2.89450e-15
 7510.5204 2.77775e-15
 7513.5618 2.75849e-15
 7516.6033 2.67369e-15
 7519.6447 2.64677e-15
 7522.6861 2.64773e-15
 7525.7275 2.59861e-15
 7528.7689 2.56404e-15
 7531.8103 2.62038e-15
 7534.8517 2.55772e-15
 7537.8931 2.53785e-15
 7540.9345 2.50086e-15
 7543.9759 2.44805e-15
 7547.0174 2.50619e-15
 7550.0588 2.56882e-15
 7553.1002 2.54337e-15
 7556.1416 2.56246e-15
 7559.1830 2.57800e-15
 7562.2244 2.53602e-15
 7565.2658 2.58061e-15
 7568.3072 2.52657e-15
 7571.3486 2.56233e-15
 7574.3900 2.60775e-15
 7577.4315 2.62613e-15
 7580.4729 2.72821e-15
 7583.5143 2.80182e-15
 7586.5557 2.80098e-15
 7589.5971 2.70939e-15
 7592.6385 2.28998e-15
 7595.6799 2.13859e-15
 7598.7213 2.06727e-15
 7601.7627 1.94265e-15
 7604.8041 2.19305e-15
 7607.8456 2.52440e-15
 7610.8870 2.99955e-15
 7613.9284 3.65430e-15
 7616.9698 3.49486e-15
 7620.0112 2.76052e-15
 7623.0526 2.69221e-15
 7626.0940 2.87502e-15
 7629.1354 2.99585e-15
 7632.1768 3.16716e-15
 7635.2182 3.08997e-15
 7638.2596 3.13476e-15
 7641.3011 3.40150e-15
 7644.3425 3.36109e-15
 7647.3839 3.28368e-15
 7650.4253 3.41811e-15
 7653.4667 3.47503e-15
 7656.5081 3.48043e-15
 7659.5495 3.60010e-15
 7662.5909 3.53531e-15
 7665.6323 3.51767e-15
 7668.6737 3.64755e-15
 7671.7152 3.54308e-15
 7674.7566 3.58750e-15
 7677.7980 3.64497e-15
 7680.8394 3.61585e-15
 7683.8808 3.58584e-15
 7686.9222 3.54253e-15
 7689.9636 3.68784e-15
 7693.0050 3.67558e-15
 7696.0464 3.65609e-15
 7699.0879 3.64082e-15
 7702.1293 3.65038e-15
 7705.1707 3.72402e-15
 7708.2121 3.57570e-15
 7711.2535 3.65330e-15
 7714.2949 3.79720e-15
 7717.3363 3.75356e-15
 7720.3777 3.81762e-15
 7723.4191 3.83135e-15
 7726.4605 3.77966e-15
 7729.5020 3.71568e-15
 7732.5434 3.67724e-15
 7735.5848 3.75746e-15
 7738.6262 3.72549e-15
 7741.6676 3.66837e-15
 7744.7090 3.65257e-15
 7747.7504 3.55160e-15
 7750.7918 3.58476e-15
 7753.8332 3.64791e-15
 7756.8746 3.62934e-15
 7759.9161 3.69986e-15
 7762.9575 3.71316e-15
 7765.9989 3.59895e-15
 7769.0403 3.48631e-15
 7772.0817 3.49535e-15
 7775.1231 3.55654e-15
 7778.1645 3.44566e-15
 7781.2059 3.47910e-15
 7784.2473 3.46640e-15
 7787.2887 3.42835e-15
 7790.3302 3.44636e-15
 7793.3716 3.34961e-15
 7796.4130 3.36729e-15
 7799.4544 3.38664e-15
 7802.4958 3.30143e-15
 7805.5372 3.28666e-15
 7808.5786 3.31711e-15
 7811.6200 3.26327e-15
 7814.6614 3.27216e-15
 7817.7028 3.33639e-15
 7820.7443 3.29895e-15
 7823.7857 3.26469e-15
 7826.8271 3.23720e-15
 7829.8685 3.15300e-15
 7832.9099 3.16940e-15
 7835.9513 3.12319e-15
 7838.9927 3.18519e-15
 7842.0341 3.16508e-15
 7845.0755 3.13374e-15
 7848.1170 3.06181e-15
 7851.1584 3.04402e-15
 7854.1998 3.12573e-15
 7857.2412 3.09457e-15
 7860.2826 2.94224e-15
 7863.3240 2.90711e-15
 7866.3654 3.01531e-15
 7869.4068 2.94185e-15
 7872.4482 2.84269e-15
 7875.4897 2.83121e-15
 7878.5311 2.80062e-15
 7881.5725 2.82762e-15
 7884.6139 2.70025e-15
 7887.6553 2.64830e-15
 7890.6967 2.69327e-15
 7893.7381 2.65556e-15
 7896.7795 2.65055e-15
 7899.8209 2.66439e-15
 7902.8623 2.54421e-15
 7905.9038 2.50711e-15
 7908.9452 2.55089e-15
 7911.9866 2.50687e-15
 7915.0280 2.46456e-15
 7918.0694 2.49992e-15
 7921.1108 2.52637e-15
 7924.1522 2.48859e-15
 7927.1936 2.45399e-15
 7930.2350 2.46054e-15
 7933.2764 2.44498e-15
 7936.3179 2.41964e-15
 7939.3593 2.54120e-15
 7942.4007 2.52390e-15
 7945.4421 2.37537e-15
 7948.4835 2.38243e-15
 7951.5249 2.42143e-15
 7954.5663 2.43991e-15
 7957.6077 2.43672e-15
 7960.6491 2.33669e-15
 7963.6905 2.29505e-15
 7966.7320 2.28933e-15
 7969.7734 2.33037e-15
 7972.8148 2.36255e-15
 7975.8562 2.31874e-15
 7978.8976 2.35582e-15
 7981.9390 2.35914e-15
 7984.9804 2.27364e-15
 7988.0218 2.26631e-15
 7991.0632 2.23483e-15
 7994.1046 2.21672e-15
 7997.1461 2.16753e-15
 8000.1875 2.18323e-15
 8003.2289 2.17918e-15
 8006.2703 2.10276e-15
 8009.3117 2.15114e-15
 8012.3531 2.13782e-15
 8015.3945 2.11186e-15
 8018.4359 2.10260e-15
 8021.4773 2.12167e-15
 8024.5188 2.07938e-15
 8027.5602 2.07473e-15
 8030.6016 2.16601e-15
 8033.6430 2.15573e-15
 8036.6844 2.07808e-15
 8039.7258 2.05004e-15
 8042.7672 2.06384e-15
 8045.8086 2.06228e-15
 8048.8500 2.14594e-15
 8051.8914 2.07540e-15
 8054.9329 2.09134e-15
 8057.9743 2.03970e-15
 8061.0157 2.06286e-15
 8064.0571 2.08743e-15
 8067.0985 2.08763e-15
 8070.1399 2.01803e-15
 8073.1813 1.99444e-15
 8076.2227 2.00287e-15
 8079.2641 2.01503e-15
 8082.3055 2.02621e-15
 8085.3470 2.05379e-15
 8088.3884 2.04509e-15
 8091.4298 1.97620e-15
 8094.4712 2.01528e-15
 8097.5126 2.04326e-15
 8100.5540 2.00487e-15
 8103.5954 2.07419e-15
 8106.6368 2.04413e-15
 8109.6782 2.01338e-15
 8112.7196 1.96154e-15
 8115.7611 1.96195e-15
 8118.8025 2.01657e-15
 8121.8439 2.01094e-15
 8124.8853 2.01202e-15
 8127.9267 1.94839e-15
 8130.9681 1.88061e-15
 8134.0095 1.99005e-15
 8137.0509 1.97138e-15
 8140.0923 1.83479e-15
 8143.1337 1.94151e-15
 8146.1752 1.90989e-15
 8149.2166 1.77201e-15
 8152.2580 1.74398e-15
 8155.2994 1.75279e-15
 8158.3408 1.64579e-15
 8161.3822 1.64987e-15
 8164.4236 1.64982e-15
 8167.4650 1.59167e-15
 8170.5064 1.56947e-15
 8173.5478 1.43656e-15
 8176.5893 1.37108e-15
 8179.6307 1.34404e-15
 8182.6721 1.29127e-15
 8185.7135 1.28999e-15
 8188.7549 1.23740e-15
 8191.7963 1.14459e-15
 8194.8377 1.15036e-15
 8197.8791 1.09681e-15
 8200.9205 1.01326e-15
 8203.9620 9.21140e-16
 8207.0034 8.76938e-16
 8210.0448 9.17775e-16
 8213.0862 8.60703e-16
 8216.1276 7.78684e-16
 8219.1690 7.18229e-16
 8222.2104 7.31923e-16
 8225.2518 7.12594e-16
 8228.2932 6.90494e-16
 8231.3346 7.06346e-16
 8234.3761 6.79307e-16
 8237.4175 6.09952e-16
 8240.4589 5.73231e-16
 8243.5003 5.82849e-16
 8246.5417 6.03689e-16
 8249.5831 5.90768e-16
 8252.6245 5.69266e-16
 8255.6659 5.84858e-16
 8258.7073 5.25772e-16
 8261.7487 4.97910e-16
 8264.7902 5.27230e-16
 8267.8316 5.46168e-16
 8270.8730 5.00537e-16
 8273.9144 5.28807e-16
 8276.9558 5.13983e-16
 8279.9972 5.49903e-16
 8283.0386 5.68949e-16
 8286.0800 5.54467e-16
 8289.1214 5.90271e-16
 8292.1628 6.17589e-16
 8295.2043 6.31899e-16
 8298.2457 6.50400e-16
 8301.2871 6.52508e-16
 8304.3285 6.79024e-16
 8307.3699 6.59073e-16
 8310.4113 6.51189e-16
 8313.4527 6.56818e-16
 8316.4941 7.05779e-16
 8319.5355 7.11348e-16
 8322.5769 7.08967e-16
 8325.6184 7.35798e-16
 8328.6598 7.74463e-16
 8331.7012 7.81843e-16
 8334.7426 7.93286e-16
 8337.7840 7.94762e-16
 8340.8254 8.25030e-16
 8343.8668 8.36114e-16
 8346.9082 8.16221e-16
 8349.9496 8.70077e-16
 8352.9911 8.46704e-16
 8356.0325 8.56701e-16
 8359.0739 8.80772e-16
 8362.1153 8.64005e-16
 8365.1567 8.54691e-16
 8368.1981 8.81811e-16
 8371.2395 8.83483e-16
 8374.2809 9.19271e-16
 8377.3223 9.23654e-16
 8380.3637 9.85769e-16
 8383.4052 9.78601e-16
 8386.4466 9.19719e-16
 8389.4880 1.01676e-15
 8392.5294 1.07187e-15
 8395.5708 9.83044e-16
 8398.6122 1.01980e-15
 8401.6536 1.08332e-15
 8404.6950 1.11943e-15
 8407.7364 1.11484e-15
 8410.7778 1.10193e-15
 8413.8193 1.10798e-15
 8416.8607 1.18143e-15
 8419.9021 1.15682e-15
 8422.9435 1.16548e-15
 8425.9849 1.15492e-15
 8429.0263 1.23361e-15
 8432.0677 1.26660e-15
 8435.1091 1.32460e-15
 8438.1505 1.35303e-15
 8441.1919 1.36438e-15
 8444.2334 1.49816e-15
 8447.2748 1.66450e-15
 8450.3162 1.75046e-15
 8453.3576 1.82235e-15
 8456.3990 1.96432e-15
 8459.4404 2.06164e-15
 8462.4818 2.19358e-15
 8465.5232 2.20083e-15
 8468.5646 2.15171e-15
 8471.6060 2.31581e-15
 8474.6475 2.39049e-15
 8477.6889 2.52560e-15
 8480.7303 2.69167e-15
 8483.7717 2.74001e-15
 8486.8131 2.79109e-15
 8489.8545 2.89400e-15
 8492.8959 2.85994e-15
 8495.9373 2.85426e-15
 8498.9787 2.95442e-15
 8502.0202 2.98800e-15
 8505.0616 3.03916e-15
 8508.1030 3.03059e-15
 8511.1444 3.09502e-15
 8514.1858 3.02315e-15
 8517.2272 3.15371e-15
 8520.2686 3.25932e-15
 8523.3100 3.33783e-15
 8526.3514 3.34193e-15
 8529.3928 3.31869e-15
 8532.4343 3.30247e-15
 8535.4757 3.36325e-15
 8538.5171 3.51477e-15
 8541.5585 3.43150e-15
 8544.5999 3.32701e-15
 8547.6413 3.39349e-15
 8550.6827 3.41697e-15
 8553.7241 3.39478e-15
 8556.7655 3.34970e-15
 8559.8069 3.42309e-15
 8562.8484 3.39694e-15
 8565.8898 3.50876e-15
 8568.9312 3.54788e-15
 8571.9726 3.48075e-15
 8575.0140 3.38888e-15
 8578.0554 3.41843e-15
 8581.0968 3.44967e-15
 8584.1382 3.43495e-15
 8587.1796 3.41425e-15
 8590.2210 3.51707e-15
 8593.2625 3.37260e-15
 8596.3039 3.30629e-15
 8599.3453 3.44028e-15
 8602.3867 3.36743e-15
 8605.4281 3.44093e-15
 8608.4695 3.46651e-15
 8611.5109 3.31866e-15
 8614.5523 3.36957e-15
 8617.5937 3.36197e-15
 8620.6351 3.34865e-15
 8623.6766 3.28479e-15
 8626.7180 3.25955e-15
 8629.7594 3.40791e-15
 8632.8008 3.32649e-15
 8635.8422 3.35561e-15
 8638.8836 3.45386e-15
 8641.9250 3.36008e-15
 8644.9664 3.38266e-15
 8648.0078 3.35678e-15
 8651.0492 3.26589e-15
 8654.0907 3.52240e-15
 8657.1321 3.63281e-15
 8660.1735 3.39460e-15
 8663.2149 3.48201e-15
 8666.2563 3.57785e-15
 8669.2977 3.51767e-15
 8672.3391 3.51586e-15
 8675.3805 3.84937e-15
 8678.4219 3.82515e-15
 8681.4633 3.74559e-15
 8684.5048 3.64985e-15
 8687.5462 3.57736e-15
 8690.5876 3.52970e-15
 8693.6290 3.59668e-15
 8696.6704 3.71143e-15
 8699.7118 3.68544e-15
 8702.7532 3.68509e-15
 8705.7946 3.79971e-15
 8708.8360 3.72917e-15
 8711.8774 3.69759e-15
 8714.9189 3.93225e-15
 8717.9603 3.92414e-15
 8721.0017 3.93097e-15
 8724.0431 3.73355e-15
 8727.0845 4.01013e-15
 8730.1259 3.94213e-15
 8733.1673 4.03038e-15
 8736.2087 4.18744e-15
 8739.2501 4.00627e-15
 8742.2915 4.05917e-15
 8745.3330 4.08600e-15
 8748.3744 4.00066e-15
 8751.4158 3.90682e-15
 8754.4572 3.84990e-15
 8757.4986 3.98849e-15
 8760.5400 4.00681e-15
 8763.5814 3.94259e-15
 8766.6228 4.06166e-15
 8769.6642 4.11379e-15
 8772.7056 4.17172e-15
 8775.7471 4.19413e-15
 8778.7885 3.81470e-15
 8781.8299 3.77209e-15
 8784.8713 3.93893e-15
 8787.9127 4.06958e-15
 8790.9541 3.92290e-15
 8793.9955 4.13379e-15
 8797.0369 4.31284e-15
 8800.0783 4.16820e-15
 8803.1197 4.22074e-15
 8806.1612 4.28637e-15
 8809.2026 4.03893e-15
 8812.2440 3.90274e-15
 8815.2854 4.08354e-15
 8818.3268 4.12378e-15
 8821.3682 3.90554e-15
 8824.4096 4.01056e-15
 8827.4510 4.00593e-15
 8830.4924 3.90490e-15
 8833.5339 3.93081e-15
 8836.5753 3.88750e-15
 8839.6167 3.75550e-15
 8842.6581 3.90815e-15
 8845.6995 4.03153e-15
 8848.7409 4.00906e-15
 8851.7823 3.78920e-15
 8854.8237 3.83439e-15
 8857.8651 3.78810e-15
 8860.9065 3.79218e-15
 8863.9480 3.89418e-15
 8866.9894 3.91705e-15
 8870.0308 3.71492e-15
 8873.0722 3.72804e-15
 8876.1136 3.76920e-15
 8879.1550 3.71878e-15
 8882.1964 3.65696e-15
 8885.2378 3.64173e-15
 8888.2792 3.71794e-15
 8891.3206 3.70215e-15
 8894.3621 3.50484e-15
 8897.4035 3.39586e-15
 8900.4449 3.44402e-15
 8903.4863 3.57925e-15
 8906.5277 3.46334e-15
 8909.5691 3.35210e-15
 8912.6105 3.43635e-15
 8915.6519 3.52778e-15
 8918.6933 3.57656e-15
 8921.7347 3.35113e-15
 8924.7762 3.32542e-15
 8927.8176 3.43285e-15
 8930.8590 3.28823e-15
 8933.9004 3.26409e-15
 8936.9418 3.31734e-15
 8939.9832 3.37597e-15
 8943.0246 3.30545e-15
 8946.0660 3.17386e-15
 8949.1074 3.15652e-15
 8952.1488 3.21772e-15
 8955.1903 3.12714e-15
 8958.2317 3.03770e-15
 8961.2731 3.08070e-15
 8964.3145 3.05954e-15
 8967.3559 3.01895e-15
 8970.3973 2.89985e-15
 8973.4387 2.92799e-15
 8976.4801 2.89305e-15
 8979.5215 2.75414e-15
 8982.5629 2.90745e-15
 8985.6044 2.90204e-15
 8988.6458 2.95097e-15
 8991.6872 2.99454e-15
 8994.7286 2.90191e-15
 8997.7700 2.81798e-15
 9000.8114 2.76161e-15
 9003.8528 2.82117e-15
 9006.8942 2.78747e-15
 9009.9356 2.92458e-15
 9012.9771 2.91303e-15
 9016.0185 2.61738e-15
 9019.0599 2.69509e-15
 9022.1013 2.79199e-15
 9025.1427 2.67857e-15
 9028.1841 2.82175e-15
 9031.2255 2.81074e-15
 9034.2669 2.73398e-15
 9037.3083 2.54493e-15
 9040.3497 2.66338e-15
 9043.3912 2.69147e-15
 9046.4326 2.57669e-15
 9049.4740 2.77016e-15
 9052.5154 2.68122e-15
 9055.5568 2.57316e-15
 9058.5982 2.60496e-15
 9061.6396 2.71140e-15
 9064.6810 2.54275e-15
 9067.7224 2.46344e-15
 9070.7638 2.67501e-15
 9073.8053 2.73547e-15
 9076.8467 2.71796e-15
 9079.8881 2.80687e-15
 9082.9295 2.78378e-15
 9085.9709 2.56906e-15
 9089.0123 2.64452e-15
 9092.0537 2.85580e-15
 9095.0951 2.65939e-15
 9098.1365 2.61224e-15
 9101.1779 2.65930e-15
 9104.2194 2.50154e-15
 9107.2608 2.59459e-15
 9110.3022 2.63093e-15
 9113.3436 2.62693e-15
 9116.3850 2.52536e-15
 9119.4264 2.62264e-15
 9122.4678 2.63360e-15
 9125.5092 2.45522e-15
 9128.5506 2.54666e-15
 9131.5920 2.46098e-15
 9134.6335 2.51543e-15
 9137.6749 2.55810e-15
 9140.7163 2.51585e-15
 9143.7577 2.77899e-15
 9146.7991 2.62314e-15
 9149.8405 2.55920e-15
 9152.8819 2.39433e-15
 9155.9233 2.56432e-15
 9158.9647 2.60562e-15
 9162.0062 2.54388e-15
 9165.0476 2.37338e-15
 9168.0890 2.45342e-15
 9171.1304 2.49788e-15
 9174.1718 2.44624e-15
 9177.2132 2.41330e-15
 9180.2546 2.37014e-15
 9183.2960 2.59006e-15
 9186.3374 2.52191e-15
 9189.3788 2.40620e-15
 9192.4203 2.51403e-15
 9195.4617 2.45066e-15
 9198.5031 2.58173e-15
 9201.5445 2.65204e-15
 9204.5859 2.36130e-15
 9207.6273 2.31379e-15
 9210.6687 2.40708e-15
 9213.7101 2.58267e-15
 9216.7515 2.51658e-15
 9219.7929 2.41904e-15
 9222.8344 2.47505e-15
 9225.8758 2.37006e-15
 9228.9172 2.35140e-15
 9231.9586 2.51865e-15
 9235.0000 2.46875e-15
