#Object:               SN2008ia
#FITS_file:            SN08ia_b01_CLA_LD_18dec08.fits
#Redshift:             0.02171
#JDate_of_max:         2454812.86
#JDate_of_observation: 2454818.72
#Epoch:                5.74      
#
 3628.9997 1.77412e-14
 3630.9905 2.16334e-14
 3632.9813 1.49663e-14
 3634.9721 1.44807e-14
 3636.9629 1.49001e-14
 3638.9537 2.00122e-14
 3640.9445 1.74194e-14
 3642.9353 1.85871e-14
 3644.9261 1.59203e-14
 3646.9169 1.61226e-14
 3648.9077 1.71321e-14
 3650.8985 2.30387e-14
 3652.8893 2.38192e-14
 3654.8801 1.99893e-14
 3656.8709 2.07086e-14
 3658.8617 2.13921e-14
 3660.8525 2.10135e-14
 3662.8433 1.94842e-14
 3664.8341 2.04096e-14
 3666.8249 1.97112e-14
 3668.8157 2.26678e-14
 3670.8065 2.20122e-14
 3672.7973 2.11200e-14
 3674.7881 1.97910e-14
 3676.7789 2.16991e-14
 3678.7697 2.34293e-14
 3680.7605 2.07334e-14
 3682.7513 1.98323e-14
 3684.7421 2.01969e-14
 3686.7329 1.95202e-14
 3688.7237 1.82538e-14
 3690.7145 2.09089e-14
 3692.7053 2.06986e-14
 3694.6961 2.28458e-14
 3696.6869 2.10118e-14
 3698.6777 2.10808e-14
 3700.6685 2.17901e-14
 3702.6593 1.86168e-14
 3704.6501 1.83197e-14
 3706.6409 2.05717e-14
 3708.6317 1.85537e-14
 3710.6225 1.98051e-14
 3712.6133 2.01866e-14
 3714.6041 2.04353e-14
 3716.5949 2.03978e-14
 3718.5857 2.22815e-14
 3720.5764 2.24107e-14
 3722.5672 2.17523e-14
 3724.5580 2.05338e-14
 3726.5488 2.17849e-14
 3728.5396 2.35008e-14
 3730.5304 2.21998e-14
 3732.5212 2.26397e-14
 3734.5120 2.36179e-14
 3736.5028 2.46517e-14
 3738.4936 2.60047e-14
 3740.4844 2.38288e-14
 3742.4752 2.24379e-14
 3744.4660 2.50537e-14
 3746.4568 2.48393e-14
 3748.4476 2.68421e-14
 3750.4384 2.61674e-14
 3752.4292 2.43944e-14
 3754.4200 2.45805e-14
 3756.4108 2.44844e-14
 3758.4016 2.47164e-14
 3760.3924 2.51846e-14
 3762.3832 2.42149e-14
 3764.3740 2.41830e-14
 3766.3648 2.29645e-14
 3768.3556 2.30247e-14
 3770.3464 1.99452e-14
 3772.3372 2.07656e-14
 3774.3280 1.91615e-14
 3776.3188 1.90024e-14
 3778.3096 1.82313e-14
 3780.3004 1.78841e-14
 3782.2912 1.77832e-14
 3784.2820 1.58365e-14
 3786.2728 1.70448e-14
 3788.2636 1.71857e-14
 3790.2544 1.69873e-14
 3792.2452 1.62060e-14
 3794.2360 1.52325e-14
 3796.2268 1.58064e-14
 3798.2176 1.60483e-14
 3800.2084 1.57985e-14
 3802.1992 1.56565e-14
 3804.1900 1.57293e-14
 3806.1808 1.59161e-14
 3808.1716 1.64621e-14
 3810.1624 1.68248e-14
 3812.1532 1.61689e-14
 3814.1440 1.64067e-14
 3816.1348 1.66958e-14
 3818.1256 1.64507e-14
 3820.1164 1.71178e-14
 3822.1072 1.75476e-14
 3824.0980 1.96814e-14
 3826.0888 2.03495e-14
 3828.0796 2.03364e-14
 3830.0703 2.12269e-14
 3832.0611 2.19145e-14
 3834.0519 2.23616e-14
 3836.0427 2.23929e-14
 3838.0335 2.64096e-14
 3840.0243 2.59623e-14
 3842.0151 2.63642e-14
 3844.0059 2.80525e-14
 3845.9967 2.69061e-14
 3847.9875 2.66680e-14
 3849.9783 2.63192e-14
 3851.9691 2.65586e-14
 3853.9599 2.48058e-14
 3855.9507 2.50767e-14
 3857.9415 2.47264e-14
 3859.9323 2.57743e-14
 3861.9231 2.56996e-14
 3863.9139 2.51384e-14
 3865.9047 2.51251e-14
 3867.8955 2.53286e-14
 3869.8863 2.50289e-14
 3871.8771 2.47498e-14
 3873.8679 2.35851e-14
 3875.8587 2.34985e-14
 3877.8495 2.27275e-14
 3879.8403 2.31230e-14
 3881.8311 2.40839e-14
 3883.8219 2.48384e-14
 3885.8127 2.40280e-14
 3887.8035 2.29441e-14
 3889.7943 2.32134e-14
 3891.7851 2.49542e-14
 3893.7759 2.55353e-14
 3895.7667 2.58535e-14
 3897.7575 2.54839e-14
 3899.7483 2.50330e-14
 3901.7391 2.65643e-14
 3903.7299 2.69140e-14
 3905.7207 2.73300e-14
 3907.7115 2.84179e-14
 3909.7023 2.85955e-14
 3911.6931 2.81274e-14
 3913.6839 2.85909e-14
 3915.6747 2.99479e-14
 3917.6655 3.08055e-14
 3919.6563 2.99168e-14
 3921.6471 3.12237e-14
 3923.6379 3.20017e-14
 3925.6287 3.24200e-14
 3927.6195 3.41720e-14
 3929.6103 3.64426e-14
 3931.6011 3.91052e-14
 3933.5919 4.14258e-14
 3935.5827 3.89939e-14
 3937.5735 3.90810e-14
 3939.5643 3.93394e-14
 3941.5551 4.02804e-14
 3943.5459 3.98775e-14
 3945.5367 4.00010e-14
 3947.5275 4.14109e-14
 3949.5183 4.36370e-14
 3951.5091 4.03393e-14
 3953.4998 3.94343e-14
 3955.4906 4.49272e-14
 3957.4814 4.57273e-14
 3959.4722 4.28016e-14
 3961.4630 4.36138e-14
 3963.4538 4.57283e-14
 3965.4446 4.69217e-14
 3967.4354 4.89626e-14
 3969.4262 5.19550e-14
 3971.4170 5.28034e-14
 3973.4078 5.27530e-14
 3975.3986 5.23271e-14
 3977.3894 5.28635e-14
 3979.3802 5.29424e-14
 3981.3710 5.21097e-14
 3983.3618 5.34447e-14
 3985.3526 5.40680e-14
 3987.3434 5.28595e-14
 3989.3342 5.36666e-14
 3991.3250 5.43974e-14
 3993.3158 5.42169e-14
 3995.3066 5.38719e-14
 3997.2974 5.42548e-14
 3999.2882 5.52752e-14
 4001.2790 5.31896e-14
 4003.2698 5.30097e-14
 4005.2606 5.43090e-14
 4007.2514 5.52245e-14
 4009.2422 5.54432e-14
 4011.2330 5.72149e-14
 4013.2238 5.77045e-14
 4015.2146 5.72344e-14
 4017.2054 5.82014e-14
 4019.1962 5.97760e-14
 4021.1870 5.90607e-14
 4023.1778 5.74852e-14
 4025.1686 5.80495e-14
 4027.1594 5.84403e-14
 4029.1502 5.87825e-14
 4031.1410 6.00261e-14
 4033.1318 5.95455e-14
 4035.1226 5.84676e-14
 4037.1134 5.69066e-14
 4039.1042 5.53461e-14
 4041.0950 5.29087e-14
 4043.0858 5.13371e-14
 4045.0766 4.93653e-14
 4047.0674 4.89831e-14
 4049.0582 4.83813e-14
 4051.0490 4.58478e-14
 4053.0398 4.48999e-14
 4055.0306 4.40502e-14
 4057.0214 4.33040e-14
 4059.0122 4.35894e-14
 4061.0030 4.25133e-14
 4062.9937 4.20184e-14
 4064.9845 4.20796e-14
 4066.9753 4.03567e-14
 4068.9661 4.06104e-14
 4070.9569 4.13070e-14
 4072.9477 4.02728e-14
 4074.9385 3.91842e-14
 4076.9293 3.88908e-14
 4078.9201 3.97956e-14
 4080.9109 4.03496e-14
 4082.9017 3.97971e-14
 4084.8925 3.98260e-14
 4086.8833 3.96535e-14
 4088.8741 3.94397e-14
 4090.8649 3.89760e-14
 4092.8557 3.94818e-14
 4094.8465 3.80936e-14
 4096.8373 3.79255e-14
 4098.8281 3.98437e-14
 4100.8189 3.93577e-14
 4102.8097 4.07197e-14
 4104.8005 4.00561e-14
 4106.7913 3.96700e-14
 4108.7821 3.91881e-14
 4110.7729 3.78950e-14
 4112.7637 3.64821e-14
 4114.7545 3.69513e-14
 4116.7453 3.72964e-14
 4118.7361 3.54212e-14
 4120.7269 3.58906e-14
 4122.7177 3.65631e-14
 4124.7085 3.57017e-14
 4126.6993 3.62661e-14
 4128.6901 3.84502e-14
 4130.6809 3.93093e-14
 4132.6717 4.01354e-14
 4134.6625 4.25722e-14
 4136.6533 4.44867e-14
 4138.6441 4.62255e-14
 4140.6349 4.97352e-14
 4142.6257 5.08577e-14
 4144.6165 5.05371e-14
 4146.6073 5.11142e-14
 4148.5981 5.14426e-14
 4150.5889 5.21610e-14
 4152.5797 5.22980e-14
 4154.5705 5.23315e-14
 4156.5613 5.21204e-14
 4158.5521 5.12379e-14
 4160.5429 5.11848e-14
 4162.5337 5.09472e-14
 4164.5245 4.99226e-14
 4166.5153 5.05012e-14
 4168.5061 4.99423e-14
 4170.4969 4.98457e-14
 4172.4876 5.21416e-14
 4174.4784 5.13451e-14
 4176.4692 4.86792e-14
 4178.4600 4.92005e-14
 4180.4508 4.99345e-14
 4182.4416 4.88912e-14
 4184.4324 4.88739e-14
 4186.4232 4.80309e-14
 4188.4140 4.92510e-14
 4190.4048 4.89724e-14
 4192.3956 5.05328e-14
 4194.3864 5.11842e-14
 4196.3772 4.90136e-14
 4198.3680 4.82640e-14
 4200.3588 4.86879e-14
 4202.3496 5.00786e-14
 4204.3404 4.91057e-14
 4206.3312 4.78387e-14
 4208.3220 4.79014e-14
 4210.3128 4.81481e-14
 4212.3036 4.72836e-14
 4214.2944 4.68886e-14
 4216.2852 4.65696e-14
 4218.2760 4.78021e-14
 4220.2668 4.70762e-14
 4222.2576 4.83385e-14
 4224.2484 4.86163e-14
 4226.2392 4.80356e-14
 4228.2300 4.75956e-14
 4230.2208 4.72467e-14
 4232.2116 4.79720e-14
 4234.2024 4.84730e-14
 4236.1932 4.78630e-14
 4238.1840 4.81730e-14
 4240.1748 4.82065e-14
 4242.1656 4.83349e-14
 4244.1564 4.85502e-14
 4246.1472 4.78677e-14
 4248.1380 4.82041e-14
 4250.1288 4.85406e-14
 4252.1196 4.88771e-14
 4254.1104 4.92136e-14
 4256.1012 5.03813e-14
 4258.0920 5.03945e-14
 4260.0828 5.09511e-14
 4262.0736 5.06998e-14
 4264.0644 5.01507e-14
 4266.0552 5.06207e-14
 4268.0460 5.15249e-14
 4270.0368 5.07636e-14
 4272.0276 5.04940e-14
 4274.0184 4.92828e-14
 4276.0092 4.98872e-14
 4278.0000 4.94247e-14
 4279.9908 4.94469e-14
 4281.9815 4.94812e-14
 4283.9723 4.89243e-14
 4285.9631 4.91475e-14
 4287.9539 4.94611e-14
 4289.9447 4.99043e-14
 4291.9355 4.96564e-14
 4293.9263 4.89207e-14
 4295.9171 4.82854e-14
 4297.9079 4.85408e-14
 4299.8987 4.93132e-14
 4301.8895 4.79690e-14
 4303.8803 4.86069e-14
 4305.8711 4.84718e-14
 4307.8619 4.91225e-14
 4309.8527 4.84993e-14
 4311.8435 4.71536e-14
 4313.8343 4.67155e-14
 4315.8251 4.62272e-14
 4317.8159 4.55087e-14
 4319.8067 4.53668e-14
 4321.7975 4.55713e-14
 4323.7883 4.54891e-14
 4325.7791 4.51282e-14
 4327.7699 4.36503e-14
 4329.7607 4.39201e-14
 4331.7515 4.34114e-14
 4333.7423 4.32061e-14
 4335.7331 4.44858e-14
 4337.7239 4.39927e-14
 4339.7147 4.36312e-14
 4341.7055 4.27108e-14
 4343.6963 4.25430e-14
 4345.6871 4.17786e-14
 4347.6779 4.18384e-14
 4349.6687 4.22598e-14
 4351.6595 4.14123e-14
 4353.6503 4.12786e-14
 4355.6411 4.12297e-14
 4357.6319 4.09407e-14
 4359.6227 4.12345e-14
 4361.6135 4.06095e-14
 4363.6043 4.01023e-14
 4365.5951 3.95877e-14
 4367.5859 4.03128e-14
 4369.5767 3.98578e-14
 4371.5675 3.96133e-14
 4373.5583 3.97023e-14
 4375.5491 3.82186e-14
 4377.5399 3.83424e-14
 4379.5307 3.80141e-14
 4381.5215 3.76582e-14
 4383.5123 3.60379e-14
 4385.5031 3.52051e-14
 4387.4939 3.54672e-14
 4389.4847 3.44171e-14
 4391.4754 3.41043e-14
 4393.4662 3.35133e-14
 4395.4570 3.32300e-14
 4397.4478 3.32480e-14
 4399.4386 3.26277e-14
 4401.4294 3.37777e-14
 4403.4202 3.38580e-14
 4405.4110 3.37184e-14
 4407.4018 3.30282e-14
 4409.3926 3.30540e-14
 4411.3834 3.33564e-14
 4413.3742 3.31164e-14
 4415.3650 3.27397e-14
 4417.3558 3.28845e-14
 4419.3466 3.30817e-14
 4421.3374 3.28318e-14
 4423.3282 3.22105e-14
 4425.3190 3.27858e-14
 4427.3098 3.31188e-14
 4429.3006 3.22516e-14
 4431.2914 3.30530e-14
 4433.2822 3.33326e-14
 4435.2730 3.31330e-14
 4437.2638 3.31631e-14
 4439.2546 3.41436e-14
 4441.2454 3.44137e-14
 4443.2362 3.32250e-14
 4445.2270 3.43279e-14
 4447.2178 3.43012e-14
 4449.2086 3.34274e-14
 4451.1994 3.32670e-14
 4453.1902 3.45909e-14
 4455.1810 3.46183e-14
 4457.1718 3.43598e-14
 4459.1626 3.41722e-14
 4461.1534 3.47221e-14
 4463.1442 3.38223e-14
 4465.1350 3.27330e-14
 4467.1258 3.33576e-14
 4469.1166 3.27251e-14
 4471.1074 3.21687e-14
 4473.0982 3.22886e-14
 4475.0890 3.28163e-14
 4477.0798 3.25355e-14
 4479.0706 3.30565e-14
 4481.0614 3.28157e-14
 4483.0522 3.26121e-14
 4485.0430 3.29820e-14
 4487.0338 3.24688e-14
 4489.0246 3.35449e-14
 4491.0154 3.33052e-14
 4493.0062 3.24959e-14
 4494.9970 3.30816e-14
 4496.9878 3.31817e-14
 4498.9786 3.28879e-14
 4500.9693 3.26275e-14
 4502.9601 3.27308e-14
 4504.9509 3.26440e-14
 4506.9417 3.33886e-14
 4508.9325 3.43687e-14
 4510.9233 3.51817e-14
 4512.9141 3.53750e-14
 4514.9049 3.58795e-14
 4516.8957 3.65754e-14
 4518.8865 3.69120e-14
 4520.8773 3.73773e-14
 4522.8681 3.74144e-14
 4524.8589 3.74997e-14
 4526.8497 3.82477e-14
 4528.8405 3.86882e-14
 4530.8313 3.89860e-14
 4532.8221 3.91136e-14
 4534.8129 4.03806e-14
 4536.8037 4.07095e-14
 4538.7945 4.08710e-14
 4540.7853 4.16010e-14
 4542.7761 4.12991e-14
 4544.7669 4.22194e-14
 4546.7577 4.23034e-14
 4548.7485 4.26622e-14
 4550.7393 4.30836e-14
 4552.7301 4.40822e-14
 4554.7209 4.46414e-14
 4556.7117 4.48437e-14
 4558.7025 4.43634e-14
 4560.6933 4.44201e-14
 4562.6841 4.48563e-14
 4564.6749 4.52156e-14
 4566.6657 4.48214e-14
 4568.6565 4.54642e-14
 4570.6473 4.55514e-14
 4572.6381 4.60674e-14
 4574.6289 4.55252e-14
 4576.6197 4.58067e-14
 4578.6105 4.62355e-14
 4580.6013 4.62939e-14
 4582.5921 4.68093e-14
 4584.5829 4.68768e-14
 4586.5737 4.66823e-14
 4588.5645 4.70343e-14
 4590.5553 4.72847e-14
 4592.5461 4.87300e-14
 4594.5369 4.90386e-14
 4596.5277 4.85406e-14
 4598.5185 4.83302e-14
 4600.5093 4.90171e-14
 4602.5001 4.97860e-14
 4604.4909 4.94674e-14
 4606.4817 5.00729e-14
 4608.4725 5.12697e-14
 4610.4633 5.08403e-14
 4612.4541 5.09215e-14
 4614.4449 5.16600e-14
 4616.4357 5.18329e-14
 4618.4265 5.28246e-14
 4620.4173 5.27647e-14
 4622.4080 5.30548e-14
 4624.3988 5.39127e-14
 4626.3896 5.38583e-14
 4628.3804 5.38341e-14
 4630.3712 5.34778e-14
 4632.3620 5.40090e-14
 4634.3528 5.46089e-14
 4636.3436 5.49655e-14
 4638.3344 5.44383e-14
 4640.3252 5.46720e-14
 4642.3160 5.50441e-14
 4644.3068 5.43697e-14
 4646.2976 5.43192e-14
 4648.2884 5.40428e-14
 4650.2792 5.26034e-14
 4652.2700 5.27517e-14
 4654.2608 5.14815e-14
 4656.2516 5.11949e-14
 4658.2424 5.13129e-14
 4660.2332 5.13647e-14
 4662.2240 5.03674e-14
 4664.2148 5.12104e-14
 4666.2056 5.18265e-14
 4668.1964 5.16602e-14
 4670.1872 5.17342e-14
 4672.1780 5.15465e-14
 4674.1688 5.13190e-14
 4676.1596 5.16150e-14
 4678.1504 5.25478e-14
 4680.1412 5.18505e-14
 4682.1320 5.20873e-14
 4684.1228 5.25639e-14
 4686.1136 5.33142e-14
 4688.1044 5.37563e-14
 4690.0952 5.38063e-14
 4692.0860 5.30304e-14
 4694.0768 5.29702e-14
 4696.0676 5.37758e-14
 4698.0584 5.45876e-14
 4700.0492 5.44670e-14
 4702.0400 5.45784e-14
 4704.0308 5.45242e-14
 4706.0216 5.45295e-14
 4708.0124 5.44313e-14
 4710.0032 5.44000e-14
 4711.9940 5.46632e-14
 4713.9848 5.40993e-14
 4715.9756 5.30736e-14
 4717.9664 5.29854e-14
 4719.9572 5.27486e-14
 4721.9480 5.16270e-14
 4723.9388 5.14465e-14
 4725.9296 5.13537e-14
 4727.9204 5.12434e-14
 4729.9112 5.04009e-14
 4731.9019 5.03516e-14
 4733.8927 4.90030e-14
 4735.8835 4.80104e-14
 4737.8743 4.84108e-14
 4739.8651 4.79405e-14
 4741.8559 4.66621e-14
 4743.8467 4.57120e-14
 4745.8375 4.35677e-14
 4747.8283 4.34506e-14
 4749.8191 4.27353e-14
 4751.8099 4.19505e-14
 4753.8007 4.04263e-14
 4755.7915 3.97114e-14
 4757.7823 3.98935e-14
 4759.7731 3.98692e-14
 4761.7639 3.90077e-14
 4763.7547 3.85638e-14
 4765.7455 3.83920e-14
 4767.7363 3.77302e-14
 4769.7271 3.77865e-14
 4771.7179 3.79913e-14
 4773.7087 3.79624e-14
 4775.6995 3.77717e-14
 4777.6903 3.80929e-14
 4779.6811 3.84873e-14
 4781.6719 3.84297e-14
 4783.6627 3.88468e-14
 4785.6535 3.97190e-14
 4787.6443 3.98214e-14
 4789.6351 3.95021e-14
 4791.6259 3.98137e-14
 4793.6167 3.96049e-14
 4795.6075 3.97279e-14
 4797.5983 4.05464e-14
 4799.5891 4.10808e-14
 4801.5799 4.09598e-14
 4803.5707 4.04904e-14
 4805.5615 4.00023e-14
 4807.5523 4.03510e-14
 4809.5431 4.00457e-14
 4811.5339 3.98231e-14
 4813.5247 3.98151e-14
 4815.5155 3.91718e-14
 4817.5063 3.85890e-14
 4819.4971 3.87928e-14
 4821.4879 3.79564e-14
 4823.4787 3.72649e-14
 4825.4695 3.70851e-14
 4827.4603 3.70992e-14
 4829.4511 3.63300e-14
 4831.4419 3.62833e-14
 4833.4327 3.54695e-14
 4835.4235 3.53272e-14
 4837.4143 3.45212e-14
 4839.4051 3.34958e-14
 4841.3958 3.32694e-14
 4843.3866 3.25218e-14
 4845.3774 3.20021e-14
 4847.3682 3.18542e-14
 4849.3590 3.08113e-14
 4851.3498 3.16201e-14
 4853.3406 3.18281e-14
 4855.3314 3.18043e-14
 4857.3222 3.12365e-14
 4859.3130 3.11939e-14
 4861.3038 3.12644e-14
 4863.2946 3.10637e-14
 4865.2854 3.12481e-14
 4867.2762 3.13753e-14
 4869.2670 3.12018e-14
 4871.2578 3.10578e-14
 4873.2486 3.16136e-14
 4875.2394 3.23342e-14
 4877.2302 3.25026e-14
 4879.2210 3.25916e-14
 4881.2118 3.29019e-14
 4883.2026 3.36034e-14
 4885.1934 3.42291e-14
 4887.1842 3.51232e-14
 4889.1750 3.56563e-14
 4891.1658 3.54818e-14
 4893.1566 3.61089e-14
 4895.1474 3.72631e-14
 4897.1382 3.73879e-14
 4899.1290 3.71103e-14
 4901.1198 3.72391e-14
 4903.1106 3.73498e-14
 4905.1014 3.69641e-14
 4907.0922 3.64802e-14
 4909.0830 3.71134e-14
 4911.0738 3.68645e-14
 4913.0646 3.63071e-14
 4915.0554 3.60443e-14
 4917.0462 3.62425e-14
 4919.0370 3.56695e-14
 4921.0278 3.51753e-14
 4923.0186 3.46647e-14
 4925.0094 3.23784e-14
 4927.0002 3.24781e-14
 4928.9910 3.29417e-14
 4930.9818 3.17925e-14
 4932.9726 3.11053e-14
 4934.9634 3.08485e-14
 4936.9542 3.02092e-14
 4938.9450 2.95924e-14
 4940.9358 2.88901e-14
 4942.9266 2.85293e-14
 4944.9174 2.78749e-14
 4946.9082 2.74613e-14
 4948.8990 2.71641e-14
 4950.8897 2.64013e-14
 4952.8805 2.61606e-14
 4954.8713 2.61782e-14
 4956.8621 2.57053e-14
 4958.8529 2.59145e-14
 4960.8437 2.52720e-14
 4962.8345 2.50964e-14
 4964.8253 2.52237e-14
 4966.8161 2.48911e-14
 4968.8069 2.53511e-14
 4970.7977 2.53698e-14
 4972.7885 2.50977e-14
 4974.7793 2.56391e-14
 4976.7701 2.56868e-14
 4978.7609 2.64995e-14
 4980.7517 2.68546e-14
 4982.7425 2.70499e-14
 4984.7333 2.71552e-14
 4986.7241 2.74764e-14
 4988.7149 2.81334e-14
 4990.7057 2.89570e-14
 4992.6965 2.90374e-14
 4994.6873 2.98516e-14
 4996.6781 3.07187e-14
 4998.6689 3.10768e-14
 5000.6597 3.16069e-14
 5002.6505 3.25576e-14
 5004.6413 3.33591e-14
 5006.6321 3.42241e-14
 5008.6229 3.47561e-14
 5010.6137 3.52158e-14
 5012.6045 3.56467e-14
 5014.5953 3.58384e-14
 5016.5861 3.64731e-14
 5018.5769 3.68352e-14
 5020.5677 3.69044e-14
 5022.5585 3.64938e-14
 5024.5493 3.63623e-14
 5026.5401 3.67848e-14
 5028.5309 3.69540e-14
 5030.5217 3.74562e-14
 5032.5125 3.73184e-14
 5034.5033 3.66919e-14
 5036.4941 3.67948e-14
 5038.4849 3.65713e-14
 5040.4757 3.66613e-14
 5042.4665 3.63103e-14
 5044.4573 3.57210e-14
 5046.4481 3.60088e-14
 5048.4389 3.59253e-14
 5050.4297 3.59519e-14
 5052.4205 3.55211e-14
 5054.4113 3.54589e-14
 5056.4021 3.52144e-14
 5058.3929 3.46265e-14
 5060.3836 3.38737e-14
 5062.3744 3.38593e-14
 5064.3652 3.39206e-14
 5066.3560 3.38273e-14
 5068.3468 3.34516e-14
 5070.3376 3.33362e-14
 5072.3284 3.28736e-14
 5074.3192 3.24482e-14
 5076.3100 3.20256e-14
 5078.3008 3.11128e-14
 5080.2916 3.07797e-14
 5082.2824 3.07609e-14
 5084.2732 3.02303e-14
 5086.2640 3.01747e-14
 5088.2548 3.02247e-14
 5090.2456 3.04693e-14
 5092.2364 3.02098e-14
 5094.2272 2.99862e-14
 5096.2180 2.99779e-14
 5098.2088 3.01599e-14
 5100.1996 3.00136e-14
 5102.1904 2.99558e-14
 5104.1812 3.00099e-14
 5106.1720 3.03998e-14
 5108.1628 3.00704e-14
 5110.1536 3.00233e-14
 5112.1444 3.06814e-14
 5114.1352 3.06393e-14
 5116.1260 3.09815e-14
 5118.1168 3.07587e-14
 5120.1076 3.10946e-14
 5122.0984 3.18849e-14
 5124.0892 3.16917e-14
 5126.0800 3.19890e-14
 5128.0708 3.22466e-14
 5130.0616 3.24783e-14
 5132.0524 3.21465e-14
 5134.0432 3.28146e-14
 5136.0340 3.24852e-14
 5138.0248 3.29727e-14
 5140.0156 3.31787e-14
 5142.0064 3.33498e-14
 5143.9972 3.31701e-14
 5145.9880 3.32469e-14
 5147.9788 3.34487e-14
 5149.9696 3.39663e-14
 5151.9604 3.39411e-14
 5153.9512 3.44837e-14
 5155.9420 3.43200e-14
 5157.9328 3.48444e-14
 5159.9236 3.50219e-14
 5161.9144 3.60315e-14
 5163.9052 3.59495e-14
 5165.8960 3.61352e-14
 5167.8868 3.60889e-14
 5169.8776 3.63723e-14
 5171.8684 3.67309e-14
 5173.8592 3.69529e-14
 5175.8500 3.68022e-14
 5177.8408 3.76136e-14
 5179.8315 3.77071e-14
 5181.8223 3.78921e-14
 5183.8131 3.82631e-14
 5185.8039 3.82401e-14
 5187.7947 3.82272e-14
 5189.7855 3.90649e-14
 5191.7763 3.90914e-14
 5193.7671 3.85850e-14
 5195.7579 3.86778e-14
 5197.7487 3.91917e-14
 5199.7395 3.99711e-14
 5201.7303 4.05383e-14
 5203.7211 4.01789e-14
 5205.7119 4.01599e-14
 5207.7027 4.03459e-14
 5209.6935 4.05685e-14
 5211.6843 4.05960e-14
 5213.6751 4.05867e-14
 5215.6659 4.11373e-14
 5217.6567 4.09950e-14
 5219.6475 4.09187e-14
 5221.6383 4.09550e-14
 5223.6291 4.08550e-14
 5225.6199 4.13431e-14
 5227.6107 4.16698e-14
 5229.6015 4.13775e-14
 5231.5923 4.17047e-14
 5233.5831 4.16738e-14
 5235.5739 4.22722e-14
 5237.5647 4.22101e-14
 5239.5555 4.22844e-14
 5241.5463 4.17556e-14
 5243.5371 4.19253e-14
 5245.5279 4.22450e-14
 5247.5187 4.23198e-14
 5249.5095 4.26652e-14
 5251.5003 4.26144e-14
 5253.4911 4.21566e-14
 5255.4819 4.17027e-14
 5257.4727 4.16327e-14
 5259.4635 4.23421e-14
 5261.4543 4.20823e-14
 5263.4451 4.21398e-14
 5265.4359 4.25245e-14
 5267.4267 4.23419e-14
 5269.4175 4.25201e-14
 5271.4083 4.23532e-14
 5273.3991 4.27999e-14
 5275.3899 4.27657e-14
 5277.3807 4.25607e-14
 5279.3715 4.27744e-14
 5281.3623 4.26624e-14
 5283.3531 4.27085e-14
 5285.3439 4.27941e-14
 5287.3347 4.27650e-14
 5289.3255 4.38527e-14
 5291.3162 4.50399e-14
 5293.3070 4.54411e-14
 5295.2978 4.59026e-14
 5297.2886 4.58954e-14
 5299.2794 4.62037e-14
 5301.2702 4.63832e-14
 5303.2610 4.69189e-14
 5305.2518 4.68776e-14
 5307.2426 4.70424e-14
 5309.2334 4.72553e-14
 5311.2242 4.74764e-14
 5313.2150 4.72522e-14
 5315.2058 4.79198e-14
 5317.1966 4.81349e-14
 5319.1874 4.83416e-14
 5321.1782 4.85857e-14
 5323.1690 4.90678e-14
 5325.1598 4.87919e-14
 5327.1506 4.87232e-14
 5329.1414 4.91212e-14
 5331.1322 4.83389e-14
 5333.1230 4.81587e-14
 5335.1138 4.77185e-14
 5337.1046 4.80302e-14
 5339.0954 4.80366e-14
 5341.0862 4.70276e-14
 5343.0770 4.62773e-14
 5345.0678 4.57667e-14
 5347.0586 4.51974e-14
 5349.0494 4.48240e-14
 5351.0402 4.38227e-14
 5353.0310 4.30852e-14
 5355.0218 4.27878e-14
 5357.0126 4.19373e-14
 5359.0034 4.08868e-14
 5360.9942 4.00062e-14
 5362.9850 3.93024e-14
 5364.9758 3.83399e-14
 5366.9666 3.82799e-14
 5368.9574 3.75657e-14
 5370.9482 3.66318e-14
 5372.9390 3.62979e-14
 5374.9298 3.53946e-14
 5376.9206 3.51298e-14
 5378.9114 3.48541e-14
 5380.9022 3.39974e-14
 5382.8930 3.36596e-14
 5384.8838 3.36392e-14
 5386.8746 3.25868e-14
 5388.8654 3.26716e-14
 5390.8562 3.25008e-14
 5392.8470 3.16527e-14
 5394.8378 3.22680e-14
 5396.8286 3.21764e-14
 5398.8194 3.18544e-14
 5400.8101 3.18024e-14
 5402.8009 3.20234e-14
 5404.7917 3.19405e-14
 5406.7825 3.20770e-14
 5408.7733 3.22523e-14
 5410.7641 3.26503e-14
 5412.7549 3.24986e-14
 5414.7457 3.27632e-14
 5416.7365 3.27841e-14
 5418.7273 3.35831e-14
 5420.7181 3.33697e-14
 5422.7089 3.34902e-14
 5424.6997 3.36622e-14
 5426.6905 3.32650e-14
 5428.6813 3.36453e-14
 5430.6721 3.36016e-14
 5432.6629 3.39893e-14
 5434.6537 3.36119e-14
 5436.6445 3.34884e-14
 5438.6353 3.30135e-14
 5440.6261 3.34265e-14
 5442.6169 3.33938e-14
 5444.6077 3.34695e-14
 5446.5985 3.28439e-14
 5448.5893 3.30018e-14
 5450.5801 3.31740e-14
 5452.5709 3.32622e-14
 5454.5617 3.33438e-14
 5456.5525 3.40448e-14
 5458.5433 3.44630e-14
 5460.5341 3.41046e-14
 5462.5249 3.44487e-14
 5464.5157 3.46801e-14
 5466.5065 3.52914e-14
 5468.4973 3.49419e-14
 5470.4881 3.53279e-14
 5472.4789 3.56174e-14
 5474.4697 3.60609e-14
 5476.4605 3.66808e-14
 5478.4513 3.58791e-14
 5480.4421 3.61937e-14
 5482.4329 3.60360e-14
 5484.4237 3.59029e-14
 5486.4145 3.58361e-14
 5488.4053 3.55611e-14
 5490.3961 3.52935e-14
 5492.3869 3.48707e-14
 5494.3777 3.50301e-14
 5496.3685 3.47458e-14
 5498.3593 3.47711e-14
 5500.3501 3.48483e-14
 5502.3409 3.46277e-14
 5504.3317 3.45598e-14
 5506.3225 3.47237e-14
 5508.3133 3.44793e-14
 5510.3040 3.47435e-14
 5512.2948 3.52695e-14
 5514.2856 3.48690e-14
 5516.2764 3.47684e-14
 5518.2672 3.52824e-14
 5520.2580 3.45213e-14
 5522.2488 3.44703e-14
 5524.2396 3.46895e-14
 5526.2304 3.44072e-14
 5528.2212 3.37773e-14
 5530.2120 3.35871e-14
 5532.2028 3.31804e-14
 5534.1936 3.26318e-14
 5536.1844 3.24063e-14
 5538.1752 3.22345e-14
 5540.1660 3.16372e-14
 5542.1568 3.16612e-14
 5544.1476 3.14915e-14
 5546.1384 3.11433e-14
 5548.1292 3.07709e-14
 5550.1200 3.06975e-14
 5552.1108 3.03617e-14
 5554.1016 2.97420e-14
 5556.0924 2.96950e-14
 5558.0832 2.90724e-14
 5560.0740 2.91429e-14
 5562.0648 2.85716e-14
 5564.0556 2.81359e-14
 5566.0464 2.81204e-14
 5568.0372 2.75552e-14
 5570.0280 2.70235e-14
 5572.0188 2.67941e-14
 5574.0096 2.62312e-14
 5576.0004 2.61260e-14
 5577.9912 2.62361e-14
 5579.9820 2.63383e-14
 5581.9728 2.63574e-14
 5583.9636 2.63278e-14
 5585.9544 2.62052e-14
 5587.9452 2.60409e-14
 5589.9360 2.64369e-14
 5591.9268 2.63391e-14
 5593.9176 2.65814e-14
 5595.9084 2.71275e-14
 5597.8992 2.73062e-14
 5599.8900 2.77557e-14
 5601.8808 2.80141e-14
 5603.8716 2.85774e-14
 5605.8624 2.93227e-14
 5607.8532 2.94959e-14
 5609.8440 3.01220e-14
 5611.8348 3.11521e-14
 5613.8256 3.19317e-14
 5615.8164 3.21976e-14
 5617.8072 3.25743e-14
 5619.7979 3.33133e-14
 5621.7887 3.35659e-14
 5623.7795 3.36325e-14
 5625.7703 3.40961e-14
 5627.7611 3.47220e-14
 5629.7519 3.50200e-14
 5631.7427 3.55769e-14
 5633.7335 3.64427e-14
 5635.7243 3.63665e-14
 5637.7151 3.64524e-14
 5639.7059 3.66485e-14
 5641.6967 3.74127e-14
 5643.6875 3.84098e-14
 5645.6783 3.84527e-14
 5647.6691 3.82001e-14
 5649.6599 3.86192e-14
 5651.6507 3.95059e-14
 5653.6415 3.92269e-14
 5655.6323 3.94312e-14
 5657.6231 3.98609e-14
 5659.6139 3.97917e-14
 5661.6047 4.04958e-14
 5663.5955 3.99845e-14
 5665.5863 4.01059e-14
 5667.5771 4.07208e-14
 5669.5679 4.06479e-14
 5671.5587 4.05910e-14
 5673.5495 4.12528e-14
 5675.5403 4.18240e-14
 5677.5311 4.14350e-14
 5679.5219 4.14675e-14
 5681.5127 4.16314e-14
 5683.5035 4.18340e-14
 5685.4943 4.18873e-14
 5687.4851 4.16588e-14
 5689.4759 4.18974e-14
 5691.4667 4.19810e-14
 5693.4575 4.21358e-14
 5695.4483 4.20825e-14
 5697.4391 4.25319e-14
 5699.4299 4.21587e-14
 5701.4207 4.17000e-14
 5703.4115 4.19892e-14
 5705.4023 4.26184e-14
 5707.3931 4.18839e-14
 5709.3839 4.17023e-14
 5711.3747 4.17949e-14
 5713.3655 4.17473e-14
 5715.3563 4.17821e-14
 5717.3471 4.21563e-14
 5719.3379 4.25659e-14
 5721.3287 4.19153e-14
 5723.3195 4.14190e-14
 5725.3103 4.19305e-14
 5727.3011 4.23647e-14
 5729.2919 4.23960e-14
 5731.2826 4.17789e-14
 5733.2734 4.14384e-14
 5735.2642 4.13485e-14
 5737.2550 4.12046e-14
 5739.2458 4.10203e-14
 5741.2366 4.08975e-14
 5743.2274 4.06463e-14
 5745.2182 4.07574e-14
 5747.2090 4.04434e-14
 5749.1998 3.99891e-14
 5751.1906 4.01566e-14
 5753.1814 4.02298e-14
 5755.1722 3.97769e-14
 5757.1630 3.98915e-14
 5759.1538 4.01152e-14
 5761.1446 4.05600e-14
 5763.1354 4.04096e-14
 5765.1262 4.06825e-14
 5767.1170 4.05504e-14
 5769.1078 3.99069e-14
 5771.0986 3.96781e-14
 5773.0894 4.00550e-14
 5775.0802 3.97117e-14
 5777.0710 3.96710e-14
 5779.0618 3.93406e-14
 5781.0526 3.93911e-14
 5783.0434 3.99551e-14
 5785.0342 3.99184e-14
 5787.0250 4.00510e-14
 5789.0158 3.97552e-14
 5791.0066 3.98468e-14
 5792.9974 3.99613e-14
 5794.9882 3.93432e-14
 5796.9790 3.93588e-14
 5798.9698 3.97400e-14
 5800.9606 4.00519e-14
 5802.9514 3.99042e-14
 5804.9422 3.94325e-14
 5806.9330 3.91796e-14
 5808.9238 3.90049e-14
 5810.9146 3.96220e-14
 5812.9054 4.00217e-14
 5814.8962 3.95719e-14
 5816.8870 3.93531e-14
 5818.8778 3.98940e-14
 5820.8686 3.97814e-14
 5822.8594 3.92939e-14
 5824.8502 3.95335e-14
 5826.8410 3.90884e-14
 5828.8318 3.92680e-14
 5830.8226 3.93027e-14
 5832.8134 3.81943e-14
 5834.8042 3.81213e-14
 5836.7950 3.76493e-14
 5838.7858 3.79786e-14
 5840.7766 3.73983e-14
 5842.7674 3.78218e-14
 5844.7582 3.65519e-14
 5846.7490 3.60212e-14
 5848.7398 3.63098e-14
 5850.7306 3.58646e-14
 5852.7213 3.55728e-14
 5854.7121 3.48770e-14
 5856.7029 3.40756e-14
 5858.6937 3.37058e-14
 5860.6845 3.39406e-14
 5862.6753 3.39278e-14
 5864.6661 3.38691e-14
 5866.6569 3.36573e-14
 5868.6477 3.32483e-14
 5870.6385 3.24687e-14
 5872.6293 3.26057e-14
 5874.6201 3.25808e-14
 5876.6109 3.23679e-14
 5878.6017 3.22419e-14
 5880.5925 3.20186e-14
 5882.5833 3.17315e-14
 5884.5741 3.16219e-14
 5886.5649 3.12791e-14
 5888.5557 3.08015e-14
 5890.5465 3.06209e-14
 5892.5373 3.03272e-14
 5894.5281 3.00095e-14
 5896.5189 3.02208e-14
 5898.5097 3.15845e-14
 5900.5005 3.26006e-14
 5902.4913 3.31077e-14
 5904.4821 3.33108e-14
 5906.4729 3.39628e-14
 5908.4637 3.40787e-14
 5910.4545 3.43838e-14
 5912.4453 3.51400e-14
 5914.4361 3.56663e-14
 5916.4269 3.60085e-14
 5918.4177 3.59527e-14
 5920.4085 3.59273e-14
 5922.3993 3.65340e-14
 5924.3901 3.73800e-14
 5926.3809 3.72356e-14
 5928.3717 3.74778e-14
 5930.3625 3.78856e-14
 5932.3533 3.79679e-14
 5934.3441 3.84410e-14
 5936.3349 3.89106e-14
 5938.3257 3.88514e-14
 5940.3165 3.89958e-14
 5942.3073 3.91497e-14
 5944.2981 3.97891e-14
 5946.2889 4.05292e-14
 5948.2797 4.03516e-14
 5950.2705 4.12042e-14
 5952.2613 4.11905e-14
 5954.2521 4.09413e-14
 5956.2429 4.14042e-14
 5958.2337 4.15029e-14
 5960.2245 4.17241e-14
 5962.2152 4.24109e-14
 5964.2060 4.14088e-14
 5966.1968 4.15304e-14
 5968.1876 4.23919e-14
 5970.1784 4.24403e-14
 5972.1692 4.24661e-14
 5974.1600 4.28178e-14
 5976.1508 4.24502e-14
 5978.1416 4.26299e-14
 5980.1324 4.25897e-14
 5982.1232 4.28174e-14
 5984.1140 4.28935e-14
 5986.1048 4.27121e-14
 5988.0956 4.27629e-14
 5990.0864 4.31025e-14
 5992.0772 4.29236e-14
 5994.0680 4.31849e-14
 5996.0588 4.31169e-14
 5998.0496 4.32517e-14
 6000.0404 4.35864e-14
 6002.0312 4.29654e-14
 6004.0220 4.22311e-14
 6006.0128 4.25435e-14
 6008.0036 4.27927e-14
 6009.9944 4.24536e-14
 6011.9852 4.24507e-14
 6013.9760 4.24430e-14
 6015.9668 4.20596e-14
 6017.9576 4.21341e-14
 6019.9484 4.17195e-14
 6021.9392 4.17816e-14
 6023.9300 4.19412e-14
 6025.9208 4.16111e-14
 6027.9116 4.18081e-14
 6029.9024 4.14330e-14
 6031.8932 4.12994e-14
 6033.8840 4.11574e-14
 6035.8748 4.10742e-14
 6037.8656 4.10298e-14
 6039.8564 4.09378e-14
 6041.8472 4.08663e-14
 6043.8380 4.05278e-14
 6045.8288 4.01046e-14
 6047.8196 4.00542e-14
 6049.8104 4.03313e-14
 6051.8012 4.05389e-14
 6053.7920 4.02030e-14
 6055.7828 3.97847e-14
 6057.7736 3.98524e-14
 6059.7644 4.02902e-14
 6061.7552 4.06802e-14
 6063.7460 4.04274e-14
 6065.7368 3.98685e-14
 6067.7276 3.99792e-14
 6069.7184 4.01772e-14
 6071.7091 3.97606e-14
 6073.6999 3.98908e-14
 6075.6907 3.99142e-14
 6077.6815 4.00768e-14
 6079.6723 3.96688e-14
 6081.6631 3.99673e-14
 6083.6539 3.95159e-14
 6085.6447 3.94399e-14
 6087.6355 3.98549e-14
 6089.6263 3.91462e-14
 6091.6171 3.91956e-14
 6093.6079 3.93503e-14
 6095.5987 3.95160e-14
 6097.5895 3.97886e-14
 6099.5803 3.88621e-14
 6101.5711 3.89699e-14
 6103.5619 3.87577e-14
 6105.5527 3.83611e-14
 6107.5435 3.84408e-14
 6109.5343 3.79900e-14
 6111.5251 3.77472e-14
 6113.5159 3.77264e-14
 6115.5067 3.78235e-14
 6117.4975 3.72433e-14
 6119.4883 3.74015e-14
 6121.4791 3.72514e-14
 6123.4699 3.68700e-14
 6125.4607 3.68416e-14
 6127.4515 3.63965e-14
 6129.4423 3.59034e-14
 6131.4331 3.55825e-14
 6133.4239 3.49629e-14
 6135.4147 3.44177e-14
 6137.4055 3.42391e-14
 6139.3963 3.42836e-14
 6141.3871 3.40890e-14
 6143.3779 3.38473e-14
 6145.3687 3.37797e-14
 6147.3595 3.36549e-14
 6149.3503 3.32297e-14
 6151.3411 3.31725e-14
 6153.3319 3.34062e-14
 6155.3227 3.30796e-14
 6157.3135 3.23244e-14
 6159.3043 3.19771e-14
 6161.2951 3.15255e-14
 6163.2859 3.13451e-14
 6165.2767 3.16148e-14
 6167.2675 3.12761e-14
 6169.2583 3.05659e-14
 6171.2491 3.07207e-14
 6173.2399 3.07502e-14
 6175.2307 3.02531e-14
 6177.2215 3.00122e-14
 6179.2123 2.96721e-14
 6181.2030 2.91227e-14
 6183.1938 2.88868e-14
 6185.1846 2.85483e-14
 6187.1754 2.87468e-14
 6189.1662 2.78069e-14
 6191.1570 2.74432e-14
 6193.1478 2.67366e-14
 6195.1386 2.57357e-14
 6197.1294 2.48084e-14
 6199.1202 2.44953e-14
 6201.1110 2.34690e-14
 6203.1018 2.28810e-14
 6205.0926 2.12299e-14
 6207.0834 2.02281e-14
 6209.0742 1.92539e-14
 6211.0650 1.84546e-14
 6213.0558 1.79661e-14
 6215.0466 1.75194e-14
 6217.0374 1.69141e-14
 6219.0282 1.63422e-14
 6221.0190 1.60333e-14
 6223.0098 1.58127e-14
 6225.0006 1.52860e-14
 6226.9914 1.48078e-14
 6228.9822 1.44568e-14
 6230.9730 1.41488e-14
 6232.9638 1.40651e-14
 6234.9546 1.39533e-14
 6236.9454 1.36421e-14
 6238.9362 1.34001e-14
 6240.9270 1.30510e-14
 6242.9178 1.21388e-14
 6244.9086 1.19834e-14
 6246.8994 1.28294e-14
 6248.8902 1.26840e-14
 6250.8810 1.24463e-14
 6252.8718 1.25674e-14
 6254.8626 1.24810e-14
 6256.8534 1.25009e-14
 6258.8442 1.25644e-14
 6260.8350 1.25891e-14
 6262.8258 1.24349e-14
 6264.8166 1.24403e-14
 6266.8074 1.23880e-14
 6268.7982 1.25685e-14
 6270.7890 1.28835e-14
 6272.7798 1.28027e-14
 6274.7706 1.29410e-14
 6276.7614 1.27054e-14
 6278.7522 1.27037e-14
 6280.7430 1.28295e-14
 6282.7338 1.31793e-14
 6284.7246 1.34419e-14
 6286.7154 1.39039e-14
 6288.7062 1.42404e-14
 6290.6969 1.45397e-14
 6292.6877 1.51801e-14
 6294.6785 1.49321e-14
 6296.6693 1.53553e-14
 6298.6601 1.59743e-14
 6300.6509 1.60652e-14
 6302.6417 1.66366e-14
 6304.6325 1.70718e-14
 6306.6233 1.73347e-14
 6308.6141 1.76856e-14
 6310.6049 1.83447e-14
 6312.5957 1.87267e-14
 6314.5865 1.93148e-14
 6316.5773 1.96690e-14
 6318.5681 1.97696e-14
 6320.5589 2.02755e-14
 6322.5497 2.08162e-14
 6324.5405 2.11384e-14
 6326.5313 2.13731e-14
 6328.5221 2.20543e-14
 6330.5129 2.27054e-14
 6332.5037 2.30768e-14
 6334.4945 2.36764e-14
 6336.4853 2.40266e-14
 6338.4761 2.44589e-14
 6340.4669 2.47831e-14
 6342.4577 2.52618e-14
 6344.4485 2.58214e-14
 6346.4393 2.64147e-14
 6348.4301 2.70224e-14
 6350.4209 2.71984e-14
 6352.4117 2.71140e-14
 6354.4025 2.75927e-14
 6356.3933 2.84018e-14
 6358.3841 2.85400e-14
 6360.3749 2.89693e-14
 6362.3657 2.93458e-14
 6364.3565 2.95327e-14
 6366.3473 2.93441e-14
 6368.3381 2.97868e-14
 6370.3289 3.04665e-14
 6372.3197 3.09407e-14
 6374.3105 3.11337e-14
 6376.3013 3.15988e-14
 6378.2921 3.20109e-14
 6380.2829 3.19033e-14
 6382.2737 3.15432e-14
 6384.2645 3.23301e-14
 6386.2553 3.27924e-14
 6388.2461 3.30578e-14
 6390.2369 3.32370e-14
 6392.2277 3.28610e-14
 6394.2185 3.30945e-14
 6396.2093 3.34717e-14
 6398.2001 3.33671e-14
 6400.1909 3.37769e-14
 6402.1817 3.38063e-14
 6404.1725 3.38439e-14
 6406.1632 3.41004e-14
 6408.1540 3.43484e-14
 6410.1448 3.46843e-14
 6412.1356 3.43631e-14
 6414.1264 3.43501e-14
 6416.1172 3.48190e-14
 6418.1080 3.47255e-14
 6420.0988 3.43398e-14
 6422.0896 3.46669e-14
 6424.0804 3.47675e-14
 6426.0712 3.44941e-14
 6428.0620 3.47272e-14
 6430.0528 3.48219e-14
 6432.0436 3.49763e-14
 6434.0344 3.49597e-14
 6436.0252 3.54022e-14
 6438.0160 3.50009e-14
 6440.0068 3.50075e-14
 6441.9976 3.48258e-14
 6443.9884 3.48959e-14
 6445.9792 3.48944e-14
 6447.9700 3.48566e-14
 6449.9608 3.49438e-14
 6451.9516 3.52899e-14
 6453.9424 3.48097e-14
 6455.9332 3.47911e-14
 6457.9240 3.50786e-14
 6459.9148 3.52294e-14
 6461.9056 3.48942e-14
 6463.8964 3.46422e-14
 6465.8872 3.48766e-14
 6467.8780 3.51442e-14
 6469.8688 3.47328e-14
 6471.8596 3.45036e-14
 6473.8504 3.46880e-14
 6475.8412 3.47027e-14
 6477.8320 3.47984e-14
 6479.8228 3.47354e-14
 6481.8136 3.47764e-14
 6483.8044 3.45024e-14
 6485.7952 3.45335e-14
 6487.7860 3.47551e-14
 6489.7768 3.47430e-14
 6491.7676 3.47121e-14
 6493.7584 3.46762e-14
 6495.7492 3.48149e-14
 6497.7400 3.46313e-14
 6499.7308 3.46459e-14
 6501.7216 3.44823e-14
 6503.7124 3.46261e-14
 6505.7032 3.48461e-14
 6507.6940 3.50187e-14
 6509.6848 3.52033e-14
 6511.6756 3.48672e-14
 6513.6664 3.46445e-14
 6515.6572 3.44686e-14
 6517.6480 3.40770e-14
 6519.6388 3.48630e-14
 6521.6295 3.41732e-14
 6523.6203 3.42670e-14
 6525.6111 3.39507e-14
 6527.6019 3.43347e-14
 6529.5927 3.48265e-14
 6531.5835 3.45249e-14
 6533.5743 3.45013e-14
 6535.5651 3.46353e-14
 6537.5559 3.49001e-14
 6539.5467 3.49304e-14
 6541.5375 3.48315e-14
 6543.5283 3.44580e-14
 6545.5191 3.43414e-14
 6547.5099 3.42093e-14
 6549.5007 3.44393e-14
 6551.4915 3.42364e-14
 6553.4823 3.41020e-14
 6555.4731 3.47695e-14
 6557.4639 3.44202e-14
 6559.4547 3.38957e-14
 6561.4455 3.41537e-14
 6563.4363 3.41717e-14
 6565.4271 3.43032e-14
 6567.4179 3.44667e-14
 6569.4087 3.42169e-14
 6571.3995 3.38575e-14
 6573.3903 3.36265e-14
 6575.3811 3.37522e-14
 6577.3719 3.37537e-14
 6579.3627 3.37574e-14
 6581.3535 3.36926e-14
 6583.3443 3.34776e-14
 6585.3351 3.38684e-14
 6587.3259 3.37452e-14
 6589.3167 3.35193e-14
 6591.3075 3.36016e-14
 6593.2983 3.33508e-14
 6595.2891 3.33188e-14
 6597.2799 3.28564e-14
 6599.2707 3.29141e-14
 6601.2615 3.32306e-14
 6603.2523 3.32665e-14
 6605.2431 3.27154e-14
 6607.2339 3.25274e-14
 6609.2247 3.27427e-14
 6611.2155 3.25264e-14
 6613.2063 3.20595e-14
 6615.1971 3.23867e-14
 6617.1879 3.24409e-14
 6619.1787 3.27375e-14
 6621.1695 3.26550e-14
 6623.1603 3.24895e-14
 6625.1511 3.24938e-14
 6627.1419 3.22843e-14
 6629.1327 3.20788e-14
 6631.1234 3.22376e-14
 6633.1142 3.18977e-14
 6635.1050 3.19869e-14
 6637.0958 3.17770e-14
 6639.0866 3.18736e-14
 6641.0774 3.20430e-14
 6643.0682 3.14241e-14
 6645.0590 3.15441e-14
 6647.0498 3.16763e-14
 6649.0406 3.15751e-14
 6651.0314 3.13942e-14
 6653.0222 3.14943e-14
 6655.0130 3.16568e-14
 6657.0038 3.08630e-14
 6658.9946 3.11660e-14
 6660.9854 3.12048e-14
 6662.9762 3.04615e-14
 6664.9670 3.03729e-14
 6666.9578 3.05361e-14
 6668.9486 3.05207e-14
 6670.9394 2.98129e-14
 6672.9302 3.00375e-14
 6674.9210 3.04595e-14
 6676.9118 3.00141e-14
 6678.9026 3.01925e-14
 6680.8934 2.99703e-14
 6682.8842 3.00247e-14
 6684.8750 2.98459e-14
 6686.8658 2.96880e-14
 6688.8566 2.95613e-14
 6690.8474 2.92200e-14
 6692.8382 2.89771e-14
 6694.8290 2.89325e-14
 6696.8198 2.90348e-14
 6698.8106 2.89739e-14
 6700.8014 2.89160e-14
 6702.7922 2.88512e-14
 6704.7830 2.87237e-14
 6706.7738 2.89888e-14
 6708.7646 2.90170e-14
 6710.7554 2.86494e-14
 6712.7462 2.85791e-14
 6714.7370 2.83564e-14
 6716.7278 2.78994e-14
 6718.7186 2.79398e-14
 6720.7094 2.80092e-14
 6722.7002 2.75990e-14
 6724.6910 2.74919e-14
 6726.6818 2.78255e-14
 6728.6726 2.73531e-14
 6730.6634 2.73061e-14
 6732.6542 2.77514e-14
 6734.6450 2.75567e-14
 6736.6358 2.73389e-14
 6738.6266 2.76724e-14
 6740.6173 2.74085e-14
 6742.6081 2.74815e-14
 6744.5989 2.69627e-14
 6746.5897 2.68148e-14
 6748.5805 2.67096e-14
 6750.5713 2.68450e-14
 6752.5621 2.63025e-14
 6754.5529 2.65201e-14
 6756.5437 2.65014e-14
 6758.5345 2.62462e-14
 6760.5253 2.66534e-14
 6762.5161 2.62514e-14
 6764.5069 2.65031e-14
 6766.4977 2.66484e-14
 6768.4885 2.63492e-14
 6770.4793 2.61121e-14
 6772.4701 2.61004e-14
 6774.4609 2.57949e-14
 6776.4517 2.57906e-14
 6778.4425 2.56899e-14
 6780.4333 2.57081e-14
 6782.4241 2.54143e-14
 6784.4149 2.51564e-14
 6786.4057 2.52918e-14
 6788.3965 2.50415e-14
 6790.3873 2.50382e-14
 6792.3781 2.52501e-14
 6794.3689 2.53146e-14
 6796.3597 2.51914e-14
 6798.3505 2.50719e-14
 6800.3413 2.51741e-14
 6802.3321 2.51255e-14
 6804.3229 2.49426e-14
 6806.3137 2.41780e-14
 6808.3045 2.43858e-14
 6810.2953 2.44257e-14
 6812.2861 2.39454e-14
 6814.2769 2.39778e-14
 6816.2677 2.43598e-14
 6818.2585 2.36156e-14
 6820.2493 2.35614e-14
 6822.2401 2.41022e-14
 6824.2309 2.38212e-14
 6826.2217 2.39124e-14
 6828.2125 2.36972e-14
 6830.2033 2.37183e-14
 6832.1941 2.35866e-14
 6834.1849 2.32756e-14
 6836.1757 2.31156e-14
 6838.1665 2.31636e-14
 6840.1573 2.29693e-14
 6842.1481 2.25738e-14
 6844.1389 2.24931e-14
 6846.1297 2.28564e-14
 6848.1205 2.30501e-14
 6850.1112 2.28002e-14
 6852.1020 2.26404e-14
 6854.0928 2.28106e-14
 6856.0836 2.29181e-14
 6858.0744 2.27329e-14
 6860.0652 2.25967e-14
 6862.0560 2.21408e-14
 6864.0468 2.14803e-14
 6866.0376 2.07946e-14
 6868.0284 2.00145e-14
 6870.0192 1.94773e-14
 6872.0100 1.95651e-14
 6874.0008 1.96780e-14
 6875.9916 1.94528e-14
 6877.9824 1.98754e-14
 6879.9732 2.02016e-14
 6881.9640 2.04619e-14
 6883.9548 2.02979e-14
 6885.9456 1.97399e-14
 6887.9364 1.94893e-14
 6889.9272 1.96351e-14
 6891.9180 1.98245e-14
 6893.9088 1.95414e-14
 6895.8996 1.92605e-14
 6897.8904 1.94439e-14
 6899.8812 1.95471e-14
 6901.8720 1.93458e-14
 6903.8628 1.93293e-14
 6905.8536 1.92902e-14
 6907.8444 1.98386e-14
 6909.8352 1.95386e-14
 6911.8260 1.92878e-14
 6913.8168 1.93105e-14
 6915.8076 1.92926e-14
 6917.7984 1.95575e-14
 6919.7892 1.99226e-14
 6921.7800 1.99284e-14
 6923.7708 1.99877e-14
 6925.7616 1.98953e-14
 6927.7524 1.97440e-14
 6929.7432 1.99408e-14
 6931.7340 1.98767e-14
 6933.7248 1.94630e-14
 6935.7156 1.96515e-14
 6937.7064 2.00197e-14
 6939.6972 1.94594e-14
 6941.6880 1.94115e-14
 6943.6788 1.96996e-14
 6945.6696 1.97028e-14
 6947.6604 1.98812e-14
 6949.6512 1.98426e-14
 6951.6420 1.99908e-14
 6953.6328 1.97146e-14
 6955.6236 2.01948e-14
 6957.6144 2.01428e-14
 6959.6051 1.88605e-14
 6961.5959 2.00281e-14
 6963.5867 2.02621e-14
 6965.5775 2.01442e-14
 6967.5683 1.98784e-14
 6969.5591 2.03456e-14
 6971.5499 2.03943e-14
 6973.5407 1.98762e-14
 6975.5315 1.99682e-14
 6977.5223 1.98373e-14
 6979.5131 1.99146e-14
 6981.5039 1.98125e-14
 6983.4947 1.94474e-14
 6985.4855 1.95468e-14
 6987.4763 1.97466e-14
 6989.4671 1.96539e-14
 6991.4579 1.98774e-14
 6993.4487 2.00401e-14
 6995.4395 1.98209e-14
 6997.4303 1.95207e-14
 6999.4211 1.93243e-14
 7001.4119 1.95078e-14
 7003.4027 1.90967e-14
 7005.3935 1.88960e-14
 7007.3843 1.93453e-14
 7009.3751 1.91523e-14
 7011.3659 1.90774e-14
 7013.3567 1.89684e-14
 7015.3475 1.88883e-14
 7017.3383 1.91138e-14
 7019.3291 1.91482e-14
 7021.3199 1.88529e-14
 7023.3107 1.88312e-14
 7025.3015 1.87453e-14
 7027.2923 1.84759e-14
 7029.2831 1.87400e-14
 7031.2739 1.88391e-14
 7033.2647 1.87353e-14
 7035.2555 1.85694e-14
 7037.2463 1.82132e-14
 7039.2371 1.84200e-14
 7041.2279 1.84072e-14
 7043.2187 1.82528e-14
 7045.2095 1.85754e-14
 7047.2003 1.84393e-14
 7049.1911 1.84108e-14
 7051.1819 1.82889e-14
 7053.1727 1.82879e-14
 7055.1635 1.82158e-14
 7057.1543 1.81775e-14
 7059.1451 1.81379e-14
 7061.1359 1.81580e-14
 7063.1267 1.81831e-14
 7065.1175 1.79462e-14
 7067.1083 1.77602e-14
 7069.0991 1.79493e-14
 7071.0899 1.79402e-14
 7073.0807 1.78565e-14
 7075.0715 1.77166e-14
 7077.0623 1.74472e-14
 7079.0531 1.77316e-14
 7081.0438 1.77070e-14
 7083.0346 1.78672e-14
 7085.0254 1.77593e-14
 7087.0162 1.76744e-14
 7089.0070 1.76550e-14
 7090.9978 1.76125e-14
 7092.9886 1.78491e-14
 7094.9794 1.78062e-14
 7096.9702 1.78074e-14
 7098.9610 1.76296e-14
 7100.9518 1.72227e-14
 7102.9426 1.74007e-14
 7104.9334 1.74867e-14
 7106.9242 1.75637e-14
 7108.9150 1.74649e-14
 7110.9058 1.69671e-14
 7112.8966 1.72607e-14
 7114.8874 1.77184e-14
 7116.8782 1.74624e-14
 7118.8690 1.72293e-14
 7120.8598 1.74879e-14
 7122.8506 1.77906e-14
 7124.8414 1.74393e-14
 7126.8322 1.73201e-14
 7128.8230 1.76745e-14
 7130.8138 1.76552e-14
 7132.8046 1.75310e-14
 7134.7954 1.74046e-14
 7136.7862 1.73263e-14
 7138.7770 1.69042e-14
 7140.7678 1.70611e-14
 7142.7586 1.70807e-14
 7144.7494 1.68265e-14
 7146.7402 1.69266e-14
 7148.7310 1.66647e-14
 7150.7218 1.66248e-14
 7152.7126 1.69627e-14
 7154.7034 1.69490e-14
 7156.6942 1.68490e-14
 7158.6850 1.67753e-14
 7160.6758 1.65139e-14
 7162.6666 1.65252e-14
 7164.6574 1.65504e-14
 7166.6482 1.64511e-14
 7168.6390 1.62597e-14
 7170.6298 1.60596e-14
 7172.6206 1.59796e-14
 7174.6114 1.59013e-14
 7176.6022 1.57254e-14
 7178.5930 1.56507e-14
 7180.5838 1.57532e-14
 7182.5746 1.55763e-14
 7184.5654 1.54827e-14
 7186.5562 1.55050e-14
 7188.5470 1.55325e-14
 7190.5377 1.57451e-14
 7192.5285 1.60058e-14
 7194.5193 1.59070e-14
 7196.5101 1.58255e-14
 7198.5009 1.61558e-14
 7200.4917 1.58580e-14
 7202.4825 1.55855e-14
 7204.4733 1.57976e-14
 7206.4641 1.58911e-14
 7208.4549 1.60109e-14
 7210.4457 1.58340e-14
 7212.4365 1.57883e-14
 7214.4273 1.58195e-14
 7216.4181 1.59146e-14
 7218.4089 1.62756e-14
 7220.3997 1.59045e-14
 7222.3905 1.55015e-14
 7224.3813 1.55772e-14
 7226.3721 1.56280e-14
 7228.3629 1.54706e-14
 7230.3537 1.55362e-14
 7232.3445 1.56808e-14
 7234.3353 1.54920e-14
 7236.3261 1.56555e-14
 7238.3169 1.58921e-14
 7240.3077 1.55393e-14
 7242.2985 1.55557e-14
 7244.2893 1.56321e-14
 7246.2801 1.54411e-14
 7248.2709 1.54613e-14
 7250.2617 1.54771e-14
 7252.2525 1.52773e-14
 7254.2433 1.53034e-14
 7256.2341 1.52643e-14
 7258.2249 1.47588e-14
 7260.2157 1.48155e-14
 7262.2065 1.52097e-14
 7264.1973 1.50324e-14
 7266.1881 1.49763e-14
 7268.1789 1.53251e-14
 7270.1697 1.55409e-14
 7272.1605 1.51798e-14
 7274.1513 1.53211e-14
 7276.1421 1.55805e-14
 7278.1329 1.54708e-14
 7280.1237 1.57225e-14
 7282.1145 1.55165e-14
 7284.1053 1.51294e-14
 7286.0961 1.50244e-14
 7288.0869 1.49419e-14
 7290.0777 1.48821e-14
 7292.0685 1.47430e-14
 7294.0593 1.48644e-14
 7296.0501 1.49151e-14
 7298.0409 1.47680e-14
 7300.0316 1.46792e-14
 7302.0224 1.47758e-14
 7304.0132 1.49317e-14
 7306.0040 1.46273e-14
 7307.9948 1.42709e-14
 7309.9856 1.45320e-14
 7311.9764 1.47296e-14
 7313.9672 1.49069e-14
 7315.9580 1.51200e-14
 7317.9488 1.49459e-14
 7319.9396 1.50668e-14
 7321.9304 1.53209e-14
 7323.9212 1.51783e-14
 7325.9120 1.50031e-14
 7327.9028 1.47212e-14
 7329.8936 1.46002e-14
 7331.8844 1.45764e-14
 7333.8752 1.45158e-14
 7335.8660 1.45057e-14
 7337.8568 1.45361e-14
 7339.8476 1.45349e-14
 7341.8384 1.42846e-14
 7343.8292 1.47232e-14
 7345.8200 1.48531e-14
 7347.8108 1.43993e-14
 7349.8016 1.47649e-14
 7351.7924 1.48748e-14
 7353.7832 1.47080e-14
 7355.7740 1.49068e-14
 7357.7648 1.50913e-14
 7359.7556 1.47373e-14
 7361.7464 1.48257e-14
 7363.7372 1.47540e-14
 7365.7280 1.44022e-14
 7367.7188 1.44317e-14
 7369.7096 1.43732e-14
 7371.7004 1.44383e-14
 7373.6912 1.45214e-14
 7375.6820 1.43449e-14
 7377.6728 1.44746e-14
 7379.6636 1.47979e-14
 7381.6544 1.44743e-14
 7383.6452 1.42058e-14
 7385.6360 1.44059e-14
 7387.6268 1.44377e-14
 7389.6176 1.44357e-14
 7391.6084 1.46206e-14
 7393.5992 1.46275e-14
 7395.5900 1.47541e-14
 7397.5808 1.50370e-14
 7399.5716 1.45926e-14
 7401.5624 1.46983e-14
 7403.5532 1.49252e-14
 7405.5440 1.46417e-14
 7407.5348 1.45089e-14
 7409.5256 1.39231e-14
 7411.5163 1.40946e-14
 7413.5071 1.44370e-14
 7415.4979 1.42820e-14
 7417.4887 1.37750e-14
 7419.4795 1.36923e-14
 7421.4703 1.40840e-14
 7423.4611 1.42679e-14
 7425.4519 1.40940e-14
 7427.4427 1.41994e-14
 7429.4335 1.42463e-14
 7431.4243 1.42755e-14
 7433.4151 1.45527e-14
 7435.4059 1.42985e-14
 7437.3967 1.40422e-14
 7439.3875 1.46386e-14
 7441.3783 1.44482e-14
 7443.3691 1.43273e-14
 7445.3599 1.46542e-14
 7447.3507 1.45629e-14
 7449.3415 1.43641e-14
 7451.3323 1.41457e-14
 7453.3231 1.37696e-14
 7455.3139 1.39482e-14
 7457.3047 1.39599e-14
 7459.2955 1.35733e-14
 7461.2863 1.37229e-14
 7463.2771 1.31904e-14
 7465.2679 1.32222e-14
 7467.2587 1.34887e-14
 7469.2495 1.37673e-14
 7471.2403 1.35391e-14
 7473.2311 1.35192e-14
 7475.2219 1.32416e-14
 7477.2127 1.30926e-14
 7479.2035 1.30659e-14
 7481.1943 1.28156e-14
 7483.1851 1.28340e-14
 7485.1759 1.26407e-14
 7487.1667 1.24990e-14
 7489.1575 1.24052e-14
 7491.1483 1.23147e-14
 7493.1391 1.23267e-14
 7495.1299 1.23077e-14
 7497.1207 1.22907e-14
 7499.1115 1.21233e-14
 7501.1023 1.19694e-14
 7503.0931 1.17369e-14
 7505.0839 1.17646e-14
 7507.0747 1.20451e-14
 7509.0655 1.18420e-14
 7511.0563 1.17596e-14
 7513.0471 1.19624e-14
 7515.0379 1.18562e-14
 7517.0287 1.18339e-14
 7519.0195 1.18502e-14
 7521.0102 1.15197e-14
 7523.0010 1.14473e-14
 7524.9918 1.14972e-14
 7526.9826 1.14403e-14
 7528.9734 1.14653e-14
 7530.9642 1.13262e-14
 7532.9550 1.14756e-14
 7534.9458 1.11882e-14
 7536.9366 1.09538e-14
 7538.9274 1.10748e-14
 7540.9182 1.10994e-14
 7542.9090 1.09428e-14
 7544.8998 1.10749e-14
 7546.8906 1.12339e-14
 7548.8814 1.11220e-14
 7550.8722 1.08872e-14
 7552.8630 1.11064e-14
 7554.8538 1.11133e-14
 7556.8446 1.08862e-14
 7558.8354 1.05136e-14
 7560.8262 1.10208e-14
 7562.8170 1.10333e-14
 7564.8078 1.08619e-14
 7566.7986 1.05171e-14
 7568.7894 1.00252e-14
 7570.7802 1.04753e-14
 7572.7710 1.07292e-14
 7574.7618 1.03153e-14
 7576.7526 1.05251e-14
 7578.7434 1.05582e-14
 7580.7342 1.03671e-14
 7582.7250 1.04860e-14
 7584.7158 1.04221e-14
 7586.7066 1.04181e-14
 7588.6974 1.00353e-14
 7590.6882 9.44202e-15
 7592.6790 9.38297e-15
 7594.6698 8.89418e-15
 7596.6606 8.54378e-15
 7598.6514 8.34150e-15
 7600.6422 7.65034e-15
 7602.6330 7.27314e-15
 7604.6238 7.49305e-15
 7606.6146 6.39663e-15
 7608.6054 6.32000e-15
 7610.5962 6.93893e-15
 7612.5870 6.83268e-15
 7614.5778 7.01901e-15
 7616.5686 6.97618e-15
 7618.5594 6.52871e-15
 7620.5502 6.28584e-15
 7622.5410 6.47279e-15
 7624.5318 6.16915e-15
 7626.5226 6.65050e-15
 7628.5134 6.69688e-15
 7630.5042 6.45800e-15
 7632.4949 6.30151e-15
 7634.4857 6.39975e-15
 7636.4765 6.35871e-15
 7638.4673 6.25689e-15
 7640.4581 6.35546e-15
 7642.4489 6.58017e-15
 7644.4397 6.83472e-15
 7646.4305 7.22566e-15
 7648.4213 7.28199e-15
 7650.4121 7.15850e-15
 7652.4029 7.23380e-15
 7654.3937 7.19679e-15
 7656.3845 7.24777e-15
 7658.3753 7.17852e-15
 7660.3661 7.40530e-15
 7662.3569 7.52943e-15
 7664.3477 7.69026e-15
 7666.3385 8.01436e-15
 7668.3293 8.31996e-15
 7670.3201 7.91296e-15
 7672.3109 8.02763e-15
 7674.3017 8.39820e-15
 7676.2925 8.57943e-15
 7678.2833 8.64424e-15
 7680.2741 8.90874e-15
 7682.2649 8.99772e-15
 7684.2557 9.34087e-15
 7686.2465 9.20102e-15
 7688.2373 9.01048e-15
 7690.2281 9.28351e-15
 7692.2189 9.33850e-15
 7694.2097 9.27920e-15
 7696.2005 9.26269e-15
 7698.1913 9.21809e-15
 7700.1821 9.33846e-15
 7702.1729 9.37752e-15
 7704.1637 9.21253e-15
 7706.1545 8.97711e-15
 7708.1453 9.07468e-15
 7710.1361 9.26887e-15
 7712.1269 9.25692e-15
 7714.1177 9.25074e-15
 7716.1085 9.35220e-15
 7718.0993 9.34116e-15
 7720.0901 9.42935e-15
 7722.0809 9.65676e-15
 7724.0717 9.51042e-15
 7726.0625 9.47254e-15
 7728.0533 9.85217e-15
 7730.0441 9.92101e-15
 7732.0349 1.01270e-14
 7734.0257 1.02597e-14
 7736.0165 1.02957e-14
 7738.0073 1.03548e-14
 7739.9981 1.02886e-14
 7741.9889 1.00922e-14
 7743.9797 1.01426e-14
 7745.9705 1.01534e-14
 7747.9613 1.00310e-14
 7749.9521 1.01268e-14
 7751.9428 9.97832e-15
 7753.9336 9.99761e-15
 7755.9244 1.02197e-14
 7757.9152 9.99811e-15
 7759.9060 9.91873e-15
 7761.8968 1.03254e-14
 7763.8876 1.05202e-14
 7765.8784 1.07723e-14
 7767.8692 1.08170e-14
 7769.8600 1.08054e-14
 7771.8508 1.08022e-14
 7773.8416 1.08365e-14
 7775.8324 1.11500e-14
 7777.8232 1.14097e-14
 7779.8140 1.14172e-14
 7781.8048 1.11999e-14
 7783.7956 1.13184e-14
 7785.7864 1.16733e-14
 7787.7772 1.13210e-14
 7789.7680 1.10622e-14
 7791.7588 1.13330e-14
 7793.7496 1.10283e-14
 7795.7404 1.09566e-14
 7797.7312 1.10579e-14
 7799.7220 1.08686e-14
 7801.7128 1.10963e-14
 7803.7036 1.10986e-14
 7805.6944 1.13860e-14
 7807.6852 1.14475e-14
 7809.6760 1.13753e-14
 7811.6668 1.15493e-14
 7813.6576 1.14452e-14
 7815.6484 1.16077e-14
 7817.6392 1.13375e-14
 7819.6300 1.14192e-14
 7821.6208 1.11620e-14
 7823.6116 1.13280e-14
 7825.6024 1.20937e-14
 7827.5932 1.20545e-14
 7829.5840 1.17848e-14
 7831.5748 1.16760e-14
 7833.5656 1.16329e-14
 7835.5564 1.14876e-14
 7837.5472 1.16945e-14
 7839.5380 1.16204e-14
 7841.5288 1.13322e-14
 7843.5196 1.12965e-14
 7845.5104 1.14610e-14
 7847.5012 1.14090e-14
 7849.4920 1.11592e-14
 7851.4828 1.12356e-14
 7853.4736 1.11260e-14
 7855.4644 1.14827e-14
 7857.4552 1.13344e-14
 7859.4460 1.12424e-14
 7861.4367 1.13319e-14
 7863.4275 1.17508e-14
 7865.4183 1.20157e-14
 7867.4091 1.19502e-14
 7869.3999 1.13769e-14
 7871.3907 1.17350e-14
 7873.3815 1.21500e-14
 7875.3723 1.18506e-14
 7877.3631 1.15512e-14
 7879.3539 1.15958e-14
 7881.3447 1.16568e-14
 7883.3355 1.16987e-14
 7885.3263 1.19048e-14
 7887.3171 1.21999e-14
 7889.3079 1.21638e-14
 7891.2987 1.15893e-14
 7893.2895 1.15840e-14
 7895.2803 1.17390e-14
 7897.2711 1.15193e-14
 7899.2619 1.16199e-14
 7901.2527 1.16263e-14
 7903.2435 1.17131e-14
 7905.2343 1.17692e-14
 7907.2251 1.20233e-14
 7909.2159 1.21558e-14
 7911.2067 1.21698e-14
 7913.1975 1.21363e-14
 7915.1883 1.20153e-14
 7917.1791 1.23219e-14
 7919.1699 1.25844e-14
 7921.1607 1.24522e-14
 7923.1515 1.23256e-14
 7925.1423 1.21600e-14
 7927.1331 1.23884e-14
 7929.1239 1.20995e-14
 7931.1147 1.20545e-14
 7933.1055 1.22142e-14
 7935.0963 1.25767e-14
 7937.0871 1.27848e-14
 7939.0779 1.25822e-14
 7941.0687 1.23922e-14
 7943.0595 1.24730e-14
 7945.0503 1.21886e-14
 7947.0411 1.21075e-14
 7949.0319 1.24363e-14
 7951.0227 1.26867e-14
 7953.0135 1.24621e-14
 7955.0043 1.26001e-14
 7956.9951 1.25187e-14
 7958.9859 1.23887e-14
 7960.9767 1.21473e-14
 7962.9675 1.27982e-14
 7964.9583 1.31092e-14
 7966.9491 1.29278e-14
 7968.9399 1.30396e-14
 7970.9306 1.29980e-14
 7972.9214 1.32930e-14
 7974.9122 1.34367e-14
 7976.9030 1.34101e-14
 7978.8938 1.34993e-14
 7980.8846 1.32240e-14
 7982.8754 1.32336e-14
 7984.8662 1.33911e-14
 7986.8570 1.31278e-14
 7988.8478 1.29634e-14
 7990.8386 1.34751e-14
 7992.8294 1.33640e-14
 7994.8202 1.31728e-14
 7996.8110 1.31033e-14
 7998.8018 1.34282e-14
 8000.7926 1.33115e-14
 8002.7834 1.29342e-14
 8004.7742 1.27561e-14
 8006.7650 1.33072e-14
 8008.7558 1.30862e-14
 8010.7466 1.31108e-14
 8012.7374 1.31505e-14
 8014.7282 1.31861e-14
 8016.7190 1.34240e-14
 8018.7098 1.33126e-14
 8020.7006 1.34278e-14
 8022.6914 1.32847e-14
 8024.6822 1.33979e-14
 8026.6730 1.32204e-14
 8028.6638 1.31199e-14
 8030.6546 1.32683e-14
 8032.6454 1.31658e-14
 8034.6362 1.31934e-14
 8036.6270 1.35399e-14
 8038.6178 1.34200e-14
 8040.6086 1.32826e-14
 8042.5994 1.30183e-14
 8044.5902 1.29590e-14
 8046.5810 1.31060e-14
 8048.5718 1.32923e-14
 8050.5626 1.34555e-14
 8052.5534 1.31706e-14
 8054.5442 1.34722e-14
 8056.5350 1.35377e-14
 8058.5258 1.32835e-14
 8060.5166 1.35700e-14
 8062.5074 1.32907e-14
 8064.4982 1.34253e-14
 8066.4890 1.35630e-14
 8068.4798 1.33777e-14
 8070.4706 1.39229e-14
 8072.4614 1.35863e-14
 8074.4522 1.37986e-14
 8076.4430 1.35314e-14
 8078.4338 1.33134e-14
 8080.4245 1.33903e-14
 8082.4153 1.30739e-14
 8084.4061 1.35394e-14
 8086.3969 1.32878e-14
 8088.3877 1.32433e-14
 8090.3785 1.28260e-14
 8092.3693 1.28089e-14
 8094.3601 1.29969e-14
 8096.3509 1.30165e-14
 8098.3417 1.26536e-14
 8100.3325 1.24044e-14
 8102.3233 1.28961e-14
 8104.3141 1.35489e-14
 8106.3049 1.33562e-14
 8108.2957 1.28295e-14
 8110.2865 1.27095e-14
 8112.2773 1.26340e-14
 8114.2681 1.25360e-14
 8116.2589 1.25723e-14
 8118.2497 1.26086e-14
 8120.2405 1.26448e-14
 8122.2313 1.26811e-14
 8124.2221 1.27174e-14
 8126.2129 1.29593e-14
 8128.2037 1.29219e-14
 8130.1945 1.27271e-14
 8132.1853 1.21858e-14
 8134.1761 1.23050e-14
 8136.1669 1.23731e-14
 8138.1577 1.21209e-14
 8140.1485 1.22229e-14
 8142.1393 1.21747e-14
 8144.1301 1.19685e-14
 8146.1209 1.19772e-14
 8148.1117 1.23283e-14
 8150.1025 1.25337e-14
 8152.0933 1.23361e-14
 8154.0841 1.22954e-14
 8156.0749 1.23764e-14
 8158.0657 1.20148e-14
 8160.0565 1.17919e-14
 8162.0473 1.19980e-14
 8164.0381 1.19915e-14
 8166.0289 1.21260e-14
 8168.0197 1.22622e-14
 8170.0105 1.21230e-14
 8172.0013 1.21302e-14
 8173.9921 1.19246e-14
 8175.9829 1.21539e-14
 8177.9737 1.17581e-14
 8179.9645 1.08783e-14
 8181.9553 1.14483e-14
 8183.9461 1.18737e-14
 8185.9369 1.14324e-14
 8187.9277 1.17179e-14
 8189.9184 1.17198e-14
 8191.9092 1.14117e-14
 8193.9000 1.15156e-14
 8195.8908 1.12313e-14
 8197.8816 1.11788e-14
 8199.8724 1.10310e-14
 8201.8632 1.10902e-14
 8203.8540 1.10537e-14
 8205.8448 1.09850e-14
 8207.8356 1.12140e-14
 8209.8264 1.10830e-14
 8211.8172 1.07165e-14
 8213.8080 1.09476e-14
 8215.7988 1.09243e-14
 8217.7896 1.08672e-14
 8219.7804 1.03874e-14
 8221.7712 1.03634e-14
 8223.7620 1.07310e-14
 8225.7528 1.00845e-14
 8227.7436 9.77557e-15
 8229.7344 9.95480e-15
 8231.7252 9.96921e-15
 8233.7160 1.02752e-14
 8235.7068 1.04779e-14
 8237.6976 1.03940e-14
 8239.6884 1.04410e-14
 8241.6792 1.06541e-14
 8243.6700 1.13202e-14
 8245.6608 1.12632e-14
 8247.6516 1.09580e-14
 8249.6424 1.08415e-14
 8251.6332 1.08446e-14
 8253.6240 1.08701e-14
 8255.6148 1.05401e-14
 8257.6056 1.01940e-14
 8259.5964 1.06014e-14
 8261.5872 1.07398e-14
 8263.5780 1.05114e-14
 8265.5688 1.07679e-14
 8267.5596 1.04934e-14
 8269.5504 1.06023e-14
 8271.5412 1.08253e-14
 8273.5320 1.04541e-14
 8275.5228 1.07075e-14
 8277.5136 1.05061e-14
 8279.5044 1.00911e-14
 8281.4952 1.01149e-14
 8283.4860 1.01077e-14
 8285.4768 1.05601e-14
 8287.4676 1.01804e-14
 8289.4584 9.75840e-15
 8291.4492 1.00682e-14
 8293.4400 1.02043e-14
 8295.4308 1.03901e-14
 8297.4216 9.83022e-15
 8299.4124 9.84890e-15
 8301.4032 1.00889e-14
 8303.3940 1.01931e-14
 8305.3848 9.95274e-15
 8307.3756 9.88018e-15
 8309.3664 1.04262e-14
 8311.3571 1.03952e-14
 8313.3479 1.01473e-14
 8315.3387 1.00060e-14
 8317.3295 9.74698e-15
 8319.3203 9.79959e-15
 8321.3111 9.70830e-15
 8323.3019 9.39060e-15
 8325.2927 9.24058e-15
 8327.2835 9.12445e-15
 8329.2743 9.12473e-15
 8331.2651 9.26523e-15
 8333.2559 8.92130e-15
 8335.2467 8.49820e-15
 8337.2375 8.37906e-15
 8339.2283 8.61843e-15
 8341.2191 8.75840e-15
 8343.2099 7.72856e-15
 8345.2007 7.95749e-15
 8347.1915 8.26051e-15
 8349.1823 8.09382e-15
 8351.1731 8.13906e-15
 8353.1639 8.08877e-15
 8355.1547 8.09250e-15
 8357.1455 7.98791e-15
 8359.1363 7.76039e-15
 8361.1271 8.00168e-15
 8363.1179 7.60164e-15
 8365.1087 7.74641e-15
 8367.0995 7.59026e-15
 8369.0903 7.75011e-15
 8371.0811 7.59754e-15
 8373.0719 7.76141e-15
 8375.0627 7.51635e-15
 8377.0535 7.06309e-15
 8379.0443 7.33030e-15
 8381.0351 7.10542e-15
 8383.0259 7.00980e-15
 8385.0167 6.98765e-15
 8387.0075 6.79109e-15
 8388.9983 6.64790e-15
 8390.9891 6.61276e-15
 8392.9799 6.45409e-15
 8394.9707 6.45877e-15
 8396.9615 6.43084e-15
 8398.9523 6.85184e-15
 8400.9431 6.98464e-15
 8402.9339 6.34616e-15
 8404.9247 6.48508e-15
 8406.9155 6.88631e-15
 8408.9063 7.06847e-15
 8410.8971 7.21766e-15
 8412.8879 7.12992e-15
 8414.8787 7.11791e-15
 8416.8695 7.16052e-15
 8418.8603 7.05253e-15
 8420.8510 6.84448e-15
 8422.8418 7.05899e-15
 8424.8326 7.16852e-15
 8426.8234 6.60737e-15
 8428.8142 6.69080e-15
 8430.8050 7.18915e-15
 8432.7958 6.86462e-15
 8434.7866 6.99976e-15
 8436.7774 7.47607e-15
 8438.7682 7.01469e-15
 8440.7590 7.20223e-15
 8442.7498 8.00060e-15
 8444.7406 8.11893e-15
 8446.7314 8.01099e-15
 8448.7222 7.93093e-15
 8450.7130 8.12944e-15
 8452.7038 8.85025e-15
 8454.6946 9.43869e-15
 8456.6854 9.17927e-15
 8458.6762 8.69748e-15
 8460.6670 9.04583e-15
 8462.6578 8.84741e-15
 8464.6486 8.46081e-15
 8466.6394 9.02240e-15
 8468.6302 9.40725e-15
 8470.6210 9.37747e-15
 8472.6118 9.15192e-15
 8474.6026 8.91598e-15
 8476.5934 8.94828e-15
 8478.5842 8.82331e-15
 8480.5750 8.95325e-15
 8482.5658 9.04637e-15
 8484.5566 8.92931e-15
 8486.5474 8.99608e-15
 8488.5382 8.68079e-15
 8490.5290 8.68360e-15
 8492.5198 8.70859e-15
 8494.5106 8.68993e-15
 8496.5014 8.67177e-15
 8498.4922 8.65490e-15
 8500.4830 8.93808e-15
 8502.4738 8.49898e-15
 8504.4646 8.50033e-15
 8506.4554 9.26650e-15
 8508.4462 8.98563e-15
 8510.4370 9.02354e-15
 8512.4278 8.94136e-15
 8514.4186 8.68164e-15
 8516.4094 8.40408e-15
 8518.4002 8.24244e-15
 8520.3910 8.25602e-15
 8522.3818 8.59186e-15
 8524.3726 8.35090e-15
 8526.3634 7.94011e-15
 8528.3542 8.13930e-15
 8530.3449 8.16217e-15
 8532.3357 7.80232e-15
 8534.3265 8.18390e-15
 8536.3173 8.27045e-15
 8538.3081 7.69557e-15
 8540.2989 7.87795e-15
 8542.2897 8.13852e-15
 8544.2805 8.08836e-15
 8546.2713 8.07270e-15
 8548.2621 7.91073e-15
 8550.2529 8.12167e-15
 8552.2437 8.85724e-15
 8554.2345 8.66493e-15
 8556.2253 8.40028e-15
 8558.2161 9.07340e-15
 8560.2069 9.08489e-15
 8562.1977 8.80536e-15
 8564.1885 8.89659e-15
 8566.1793 8.88322e-15
 8568.1701 8.80478e-15
 8570.1609 8.81249e-15
 8572.1517 8.80648e-15
 8574.1425 9.09705e-15
 8576.1333 9.50260e-15
 8578.1241 9.55723e-15
 8580.1149 9.46530e-15
 8582.1057 9.24341e-15
 8584.0965 1.03216e-14
 8586.0873 1.05032e-14
 8588.0781 1.08080e-14
 8590.0689 1.05329e-14
 8592.0597 1.09284e-14
 8594.0505 1.06560e-14
 8596.0413 1.11673e-14
 8598.0321 1.16802e-14
 8600.0229 1.15685e-14
 8602.0137 1.22898e-14
 8604.0045 1.22875e-14
 8605.9953 1.23402e-14
 8607.9861 1.25221e-14
 8609.9769 1.29573e-14
 8611.9677 1.23476e-14
 8613.9585 1.26759e-14
 8615.9493 1.20735e-14
 8617.9401 1.22495e-14
 8619.9309 1.29039e-14
 8621.9217 1.22978e-14
 8623.9125 1.23364e-14
 8625.9033 1.25835e-14
 8627.8941 1.21896e-14
 8629.8849 1.21108e-14
 8631.8757 1.27488e-14
 8633.8665 1.33113e-14
 8635.8573 1.30838e-14
 8637.8481 1.34213e-14
 8639.8388 1.38884e-14
 8641.8296 1.37945e-14
 8643.8204 1.38997e-14
 8645.8112 1.37507e-14
 8647.8020 1.43085e-14
 8649.7928 1.46886e-14
 8651.7836 1.45835e-14
 8653.7744 1.45799e-14
 8655.7652 1.44703e-14
 8657.7560 1.48598e-14
 8659.7468 1.51139e-14
 8661.7376 1.50236e-14
 8663.7284 1.44652e-14
 8665.7192 1.43379e-14
 8667.7100 1.51270e-14
 8669.7008 1.44020e-14
 8671.6916 1.45821e-14
 8673.6824 1.49141e-14
 8675.6732 1.42110e-14
 8677.6640 1.41248e-14
 8679.6548 1.48684e-14
 8681.6456 1.44948e-14
 8683.6364 1.44740e-14
 8685.6272 1.52021e-14
 8687.6180 1.46561e-14
 8689.6088 1.53150e-14
 8691.5996 1.53292e-14
 8693.5904 1.56813e-14
 8695.5812 1.55507e-14
 8697.5720 1.56546e-14
 8699.5628 1.62454e-14
 8701.5536 1.59973e-14
 8703.5444 1.60015e-14
 8705.5352 1.59406e-14
 8707.5260 1.53479e-14
 8709.5168 1.59715e-14
 8711.5076 1.62536e-14
 8713.4984 1.60749e-14
 8715.4892 1.56685e-14
 8717.4800 1.57188e-14
 8719.4708 1.60732e-14
 8721.4616 1.53314e-14
 8723.4524 1.50977e-14
 8725.4432 1.49890e-14
 8727.4340 1.48503e-14
 8729.4248 1.49010e-14
 8731.4156 1.56974e-14
 8733.4064 1.62830e-14
 8735.3972 1.64107e-14
 8737.3880 1.62593e-14
 8739.3788 1.64740e-14
 8741.3696 1.67600e-14
 8743.3604 1.66634e-14
 8745.3512 1.65952e-14
 8747.3420 1.57993e-14
 8749.3327 1.54735e-14
 8751.3235 1.60661e-14
 8753.3143 1.66918e-14
 8755.3051 1.61883e-14
 8757.2959 1.59921e-14
 8759.2867 1.53679e-14
 8761.2775 1.52769e-14
 8763.2683 1.57695e-14
 8765.2591 1.60346e-14
 8767.2499 1.54985e-14
 8769.2407 1.59562e-14
 8771.2315 1.56089e-14
 8773.2223 1.58931e-14
 8775.2131 1.54211e-14
 8777.2039 1.54339e-14
 8779.1947 1.54869e-14
 8781.1855 1.57199e-14
 8783.1763 1.60609e-14
 8785.1671 1.60446e-14
 8787.1579 1.59138e-14
 8789.1487 1.57711e-14
 8791.1395 1.56265e-14
 8793.1303 1.56755e-14
 8795.1211 1.58492e-14
 8797.1119 1.62041e-14
 8799.1027 1.61282e-14
 8801.0935 1.58539e-14
 8803.0843 1.57370e-14
 8805.0751 1.55194e-14
 8807.0659 1.60224e-14
 8809.0567 1.58783e-14
 8811.0475 1.52822e-14
 8813.0383 1.62597e-14
 8815.0291 1.66841e-14
 8817.0199 1.64604e-14
 8819.0107 1.66926e-14
 8821.0015 1.67215e-14
 8822.9923 1.60970e-14
 8824.9831 1.54292e-14
 8826.9739 1.61487e-14
 8828.9647 1.65598e-14
 8830.9555 1.60646e-14
 8832.9463 1.61044e-14
 8834.9371 1.51836e-14
 8836.9279 1.53661e-14
 8838.9187 1.63572e-14
 8840.9095 1.65353e-14
 8842.9003 1.63852e-14
 8844.8911 1.60945e-14
 8846.8819 1.54819e-14
 8848.8727 1.51045e-14
 8850.8635 1.54010e-14
 8852.8543 1.57237e-14
 8854.8451 1.57447e-14
 8856.8359 1.58264e-14
 8858.8266 1.61595e-14
 8860.8174 1.63758e-14
 8862.8082 1.62624e-14
 8864.7990 1.61465e-14
 8866.7898 1.60003e-14
 8868.7806 1.56192e-14
 8870.7714 1.60262e-14
 8872.7622 1.62838e-14
 8874.7530 1.59275e-14
 8876.7438 1.54025e-14
 8878.7346 1.54802e-14
 8880.7254 1.57826e-14
 8882.7162 1.54290e-14
 8884.7070 1.46707e-14
 8886.6978 1.48741e-14
 8888.6886 1.57799e-14
 8890.6794 1.54739e-14
 8892.6702 1.50270e-14
 8894.6610 1.54036e-14
 8896.6518 1.52555e-14
 8898.6426 1.51426e-14
 8900.6334 1.52201e-14
 8902.6242 1.46920e-14
 8904.6150 1.47157e-14
 8906.6058 1.51252e-14
 8908.5966 1.64652e-14
 8910.5874 1.58169e-14
 8912.5782 1.55692e-14
 8914.5690 1.54618e-14
 8916.5598 1.49238e-14
 8918.5506 1.48594e-14
 8920.5414 1.43516e-14
 8922.5322 1.47878e-14
 8924.5230 1.48531e-14
 8926.5138 1.45338e-14
 8928.5046 1.46005e-14
 8930.4954 1.41179e-14
 8932.4862 1.39508e-14
 8934.4770 1.33839e-14
 8936.4678 1.29708e-14
 8938.4586 1.34759e-14
 8940.4494 1.34310e-14
 8942.4402 1.35900e-14
 8944.4310 1.37119e-14
 8946.4218 1.34196e-14
 8948.4126 1.36264e-14
 8950.4034 1.42744e-14
 8952.3942 1.44848e-14
 8954.3850 1.39697e-14
 8956.3758 1.38211e-14
 8958.3666 1.33398e-14
 8960.3574 1.36303e-14
 8962.3482 1.31709e-14
 8964.3390 1.33461e-14
 8966.3298 1.34104e-14
 8968.3206 1.35159e-14
 8970.3114 1.37066e-14
 8972.3022 1.34276e-14
 8974.2930 1.31729e-14
 8976.2838 1.36081e-14
 8978.2746 1.33357e-14
 8980.2653 1.25930e-14
 8982.2561 1.25398e-14
 8984.2469 1.26345e-14
 8986.2377 1.25541e-14
 8988.2285 1.22753e-14
 8990.2193 1.20733e-14
 8992.2101 1.27160e-14
 8994.2009 1.32299e-14
 8996.1917 1.18075e-14
 8998.1825 1.22211e-14
 9000.1733 1.25502e-14
 9002.1641 1.25365e-14
 9004.1549 1.20040e-14
 9006.1457 1.23604e-14
 9008.1365 1.21114e-14
 9010.1273 1.16539e-14
 9012.1181 1.19035e-14
 9014.1089 1.24793e-14
 9016.0997 1.14308e-14
 9018.0905 1.14654e-14
 9020.0813 1.12293e-14
 9022.0721 1.09484e-14
 9024.0629 1.11734e-14
 9026.0537 1.11364e-14
 9028.0445 1.06269e-14
 9030.0353 1.04002e-14
 9032.0261 1.11046e-14
 9034.0169 1.12841e-14
 9036.0077 1.00793e-14
 9037.9985 9.57641e-15
 9039.9893 9.97935e-15
 9041.9801 9.36992e-15
 9043.9709 9.82998e-15
 9045.9617 1.09139e-14
 9047.9525 1.05483e-14
 9049.9433 1.01442e-14
 9051.9341 9.82077e-15
 9053.9249 9.21653e-15
 9055.9157 8.94765e-15
 9057.9065 8.98546e-15
 9059.8973 9.60539e-15
 9061.8881 9.47086e-15
 9063.8789 9.20921e-15
 9065.8697 9.54047e-15
 9067.8605 9.13930e-15
 9069.8513 9.20864e-15
 9071.8421 9.24209e-15
 9073.8329 9.04609e-15
 9075.8237 8.88842e-15
 9077.8145 8.41389e-15
 9079.8053 8.85499e-15
 9081.7961 8.95956e-15
 9083.7869 8.38490e-15
 9085.7777 7.97658e-15
 9087.7685 8.33631e-15
 9089.7593 8.50364e-15
 9091.7500 7.63915e-15
 9093.7408 8.63369e-15
 9095.7316 7.94625e-15
 9097.7224 8.27714e-15
 9099.7132 8.12204e-15
 9101.7040 8.19865e-15
 9103.6948 8.10815e-15
 9105.6856 7.90714e-15
 9107.6764 9.19343e-15
 9109.6672 8.69341e-15
 9111.6580 7.62145e-15
 9113.6488 7.98995e-15
 9115.6396 8.76962e-15
 9117.6304 8.86251e-15
 9119.6212 8.62747e-15
 9121.6120 8.57937e-15
 9123.6028 8.32310e-15
 9125.5936 7.73193e-15
 9127.5844 7.82544e-15
 9129.5752 8.07103e-15
 9131.5660 8.22672e-15
 9133.5568 8.50297e-15
 9135.5476 8.16276e-15
 9137.5384 7.72091e-15
 9139.5292 8.46753e-15
 9141.5200 8.81059e-15
 9143.5108 7.71653e-15
 9145.5016 7.65327e-15
 9147.4924 8.01198e-15
 9149.4832 8.24679e-15
 9151.4740 8.12924e-15
 9153.4648 8.72068e-15
 9155.4556 8.05741e-15
 9157.4464 7.50337e-15
 9159.4372 7.77418e-15
 9161.4280 8.14719e-15
 9163.4188 7.99698e-15
 9165.4096 7.86893e-15
 9167.4004 7.69378e-15
 9169.3912 7.39026e-15
 9171.3820 7.62491e-15
 9173.3728 8.34450e-15
 9175.3636 8.28995e-15
 9177.3544 8.52401e-15
 9179.3452 8.72127e-15
 9181.3360 8.44393e-15
 9183.3268 8.37099e-15
 9185.3176 8.28582e-15
 9187.3084 7.94847e-15
 9189.2992 7.59685e-15
 9191.2900 7.79002e-15
 9193.2808 8.13865e-15
 9195.2716 8.12306e-15
 9197.2624 7.99590e-15
 9199.2532 8.09240e-15
 9201.2439 7.91193e-15
 9203.2347 7.93817e-15
 9205.2255 7.92419e-15
 9207.2163 7.41914e-15
 9209.2071 8.21965e-15
 9211.1979 9.01221e-15
 9213.1887 8.42947e-15
 9215.1795 7.86778e-15
 9217.1703 7.55011e-15
 9219.1611 7.82267e-15
 9221.1519 7.71036e-15
 9223.1427 8.05395e-15
 9225.1335 8.03739e-15
 9227.1243 7.25881e-15
 9229.1151 7.28978e-15
 9231.1059 7.15678e-15
 9233.0967 7.32087e-15
 9235.0875 6.93848e-15
 9237.0783 7.10926e-15
 9239.0691 7.06284e-15
 9241.0599 7.66798e-15
 9243.0507 7.10370e-15
 9245.0415 7.66245e-15
 9247.0323 7.84950e-15
 9249.0231 7.02504e-15
 9251.0139 6.83017e-15
 9253.0047 6.39272e-15
 9254.9955 6.80539e-15
 9256.9863 6.78260e-15
 9258.9771 6.11099e-15
 9260.9679 6.30521e-15
 9262.9587 7.52538e-15
 9264.9495 6.77072e-15
 9266.9403 6.59236e-15
 9268.9311 6.56878e-15
 9270.9219 5.99351e-15
 9272.9127 6.87656e-15
 9274.9035 6.91504e-15
 9276.8943 6.72333e-15
 9278.8851 7.13863e-15
 9280.8759 6.70924e-15
 9282.8667 6.37944e-15
 9284.8575 6.07361e-15
 9286.8483 6.31069e-15
 9288.8391 6.34427e-15
 9290.8299 5.82883e-15
 9292.8207 5.75350e-15
 9294.8115 5.39500e-15
 9296.8023 5.67657e-15
 9298.7931 5.96597e-15
 9300.7839 5.47521e-15
 9302.7747 5.44014e-15
 9304.7655 6.14722e-15
 9306.7563 5.71897e-15
 9308.7471 5.44304e-15
 9310.7378 4.61604e-15
 9312.7286 5.56779e-15
 9314.7194 5.55513e-15
 9316.7102 5.36066e-15
 9318.7010 6.07814e-15
 9320.6918 6.67739e-15
 9322.6826 5.54550e-15
 9324.6734 4.68422e-15
 9326.6642 4.45762e-15
 9328.6550 5.58769e-15
 9330.6458 5.65560e-15
 9332.6366 5.19203e-15
 9334.6274 5.30121e-15
 9336.6182 4.66266e-15
 9338.6090 4.75177e-15
 9340.5998 5.73089e-15
 9342.5906 6.33934e-15
 9344.5814 4.77196e-15
 9346.5722 4.86410e-15
 9348.5630 4.94242e-15
 9350.5538 4.94881e-15
 9352.5446 5.77459e-15
 9354.5354 5.52730e-15
 9356.5262 5.52006e-15
 9358.5170 4.73005e-15
 9360.5078 4.25710e-15
 9362.4986 4.77794e-15
 9364.4894 5.03801e-15
 9366.4802 5.24089e-15
 9368.4710 5.10829e-15
 9370.4618 4.07932e-15
 9372.4526 3.31790e-15
 9374.4434 3.00715e-15
 9376.4342 4.05623e-15
 9378.4250 4.89393e-15
 9380.4158 3.93978e-15
 9382.4066 3.98801e-15
 9384.3974 4.40353e-15
 9386.3882 4.49735e-15
 9388.3790 4.67971e-15
 9390.3698 4.28120e-15
 9392.3606 4.48042e-15
 9394.3514 4.87994e-15
 9396.3422 4.59797e-15
 9398.3330 4.19262e-15
 9400.3238 3.97600e-15
 9402.3146 3.51122e-15
 9404.3054 3.78120e-15
 9406.2962 3.32597e-15
 9408.2870 3.82596e-15
 9410.2778 3.88707e-15
 9412.2686 3.20947e-15
 9414.2594 3.60587e-15
 9416.2502 3.49784e-15
 9418.2410 2.60154e-15
 9420.2317 2.73853e-15
 9422.2225 2.75907e-15
 9424.2133 2.79321e-15
 9426.2041 2.75262e-15
 9428.1949 2.26595e-15
 9430.1857 2.69923e-15
