#Object:               SN2008gl
#FITS_file:            SN08gl_b01_DUP_WF_25nov08.fits
#Redshift:             0.03402
#JDate_of_max:         2454768.17
#JDate_of_observation: 2454795.70
#Epoch:                26.62     
#
 3674.9882 7.92447e-17
 3677.9296 5.94995e-17
 3680.8709 7.06184e-17
 3683.8123 8.74428e-17
 3686.7536 6.77319e-17
 3689.6950 8.64426e-17
 3692.6364 6.86351e-17
 3695.5777 7.94658e-17
 3698.5191 6.58222e-17
 3701.4604 7.56172e-17
 3704.4018 6.13310e-17
 3707.3431 8.09778e-17
 3710.2845 6.76964e-17
 3713.2258 8.00072e-17
 3716.1672 6.32389e-17
 3719.1085 9.01759e-17
 3722.0499 6.78596e-17
 3724.9912 6.94835e-17
 3727.9326 7.79093e-17
 3730.8740 8.35168e-17
 3733.8153 3.56715e-17
 3736.7567 7.03464e-17
 3739.6980 6.07525e-17
 3742.6394 3.78599e-17
 3745.5807 4.13433e-17
 3748.5221 5.33474e-17
 3751.4634 6.75466e-17
 3754.4048 2.81424e-17
 3757.3462 3.06048e-17
 3760.2875 4.50263e-17
 3763.2289 4.59984e-17
 3766.1702 4.81581e-17
 3769.1116 7.03244e-17
 3772.0529 5.52156e-17
 3774.9943 5.04801e-17
 3777.9356 2.94828e-17
 3780.8770 3.49715e-17
 3783.8183 6.31468e-17
 3786.7597 3.90102e-17
 3789.7010 4.33687e-17
 3792.6424 3.19200e-17
 3795.5838 3.45553e-17
 3798.5251 3.33567e-17
 3801.4665 2.92931e-17
 3804.4078 4.19916e-17
 3807.3492 6.21912e-17
 3810.2905 5.51283e-17
 3813.2319 2.87993e-17
 3816.1732 6.07208e-17
 3819.1146 4.13904e-17
 3822.0559 3.68283e-17
 3824.9973 4.86299e-17
 3827.9387 4.99190e-17
 3830.8800 6.54831e-17
 3833.8214 6.93624e-17
 3836.7627 7.09076e-17
 3839.7041 6.43777e-17
 3842.6454 6.79637e-17
 3845.5868 8.16337e-17
 3848.5281 8.34851e-17
 3851.4695 8.23776e-17
 3854.4108 7.52182e-17
 3857.3522 7.76776e-17
 3860.2935 7.36259e-17
 3863.2349 7.57768e-17
 3866.1763 7.81262e-17
 3869.1176 7.79441e-17
 3872.0590 8.82213e-17
 3875.0003 8.41703e-17
 3877.9417 7.84655e-17
 3880.8830 8.21590e-17
 3883.8244 1.15477e-16
 3886.7657 1.12419e-16
 3889.7071 1.06360e-16
 3892.6484 1.03672e-16
 3895.5898 9.71751e-17
 3898.5312 8.97155e-17
 3901.4725 1.09386e-16
 3904.4139 1.11581e-16
 3907.3552 1.11189e-16
 3910.2966 1.09252e-16
 3913.2379 9.71816e-17
 3916.1793 1.03202e-16
 3919.1206 1.19868e-16
 3922.0620 1.19182e-16
 3925.0034 1.30041e-16
 3927.9447 1.33087e-16
 3930.8861 1.20497e-16
 3933.8274 1.19086e-16
 3936.7688 1.22143e-16
 3939.7101 1.19805e-16
 3942.6515 1.33406e-16
 3945.5928 1.30946e-16
 3948.5342 1.27374e-16
 3951.4755 1.37319e-16
 3954.4169 1.33595e-16
 3957.3582 1.25721e-16
 3960.2996 1.27193e-16
 3963.2410 1.22945e-16
 3966.1823 1.16752e-16
 3969.1237 1.14290e-16
 3972.0650 1.17507e-16
 3975.0064 1.08504e-16
 3977.9477 1.08019e-16
 3980.8891 1.11364e-16
 3983.8304 1.14322e-16
 3986.7718 1.06703e-16
 3989.7131 1.11295e-16
 3992.6545 1.11054e-16
 3995.5959 9.64465e-17
 3998.5372 1.04489e-16
 4001.4786 9.43405e-17
 4004.4199 1.07702e-16
 4007.3613 9.64183e-17
 4010.3026 8.67050e-17
 4013.2440 7.50505e-17
 4016.1853 8.58976e-17
 4019.1267 9.05118e-17
 4022.0680 8.25307e-17
 4025.0094 8.14203e-17
 4027.9507 9.49380e-17
 4030.8921 8.82486e-17
 4033.8335 9.71314e-17
 4036.7748 8.79352e-17
 4039.7162 9.12795e-17
 4042.6575 7.81209e-17
 4045.5989 8.06977e-17
 4048.5402 7.66391e-17
 4051.4816 7.52716e-17
 4054.4229 7.66891e-17
 4057.3643 7.62846e-17
 4060.3056 7.71473e-17
 4063.2470 7.39327e-17
 4066.1884 6.81728e-17
 4069.1297 6.59838e-17
 4072.0711 7.67037e-17
 4075.0124 7.53040e-17
 4077.9538 8.22072e-17
 4080.8951 7.83099e-17
 4083.8365 8.62020e-17
 4086.7778 8.57881e-17
 4089.7192 8.15695e-17
 4092.6606 8.43488e-17
 4095.6019 7.18319e-17
 4098.5433 7.50736e-17
 4101.4846 7.85201e-17
 4104.4260 6.96235e-17
 4107.3673 7.76251e-17
 4110.3087 7.41691e-17
 4113.2500 7.92276e-17
 4116.1914 7.15004e-17
 4119.1327 7.68296e-17
 4122.0741 8.18288e-17
 4125.0154 8.09182e-17
 4127.9568 9.13938e-17
 4130.8982 7.80552e-17
 4133.8395 6.34504e-17
 4136.7809 6.90925e-17
 4139.7222 8.18867e-17
 4142.6636 7.68548e-17
 4145.6049 8.77145e-17
 4148.5463 8.33929e-17
 4151.4876 7.69290e-17
 4154.4290 8.12434e-17
 4157.3703 8.14470e-17
 4160.3117 8.76129e-17
 4163.2531 8.49958e-17
 4166.1944 8.91378e-17
 4169.1358 8.13620e-17
 4172.0771 7.57641e-17
 4175.0185 7.07527e-17
 4177.9598 7.00945e-17
 4180.9012 7.55926e-17
 4183.8425 9.22407e-17
 4186.7839 9.28658e-17
 4189.7252 8.56735e-17
 4192.6666 8.17480e-17
 4195.6079 7.69489e-17
 4198.5493 7.86378e-17
 4201.4907 8.69512e-17
 4204.4320 7.89449e-17
 4207.3734 8.08907e-17
 4210.3147 9.37043e-17
 4213.2561 9.11256e-17
 4216.1974 8.05518e-17
 4219.1388 7.94614e-17
 4222.0801 7.29754e-17
 4225.0215 8.35759e-17
 4227.9628 8.22362e-17
 4230.9042 8.22540e-17
 4233.8456 8.35233e-17
 4236.7869 7.73892e-17
 4239.7283 8.88731e-17
 4242.6696 8.85515e-17
 4245.6110 8.87818e-17
 4248.5523 8.37082e-17
 4251.4937 7.92763e-17
 4254.4350 7.85992e-17
 4257.3764 8.48712e-17
 4260.3177 9.52515e-17
 4263.2591 9.03952e-17
 4266.2005 9.12515e-17
 4269.1418 9.04969e-17
 4272.0832 1.00723e-16
 4275.0245 8.71631e-17
 4277.9659 1.01674e-16
 4280.9072 9.64178e-17
 4283.8486 8.77809e-17
 4286.7899 9.21915e-17
 4289.7313 9.73321e-17
 4292.6726 9.18468e-17
 4295.6140 8.62302e-17
 4298.5554 8.66969e-17
 4301.4967 9.31247e-17
 4304.4381 9.59420e-17
 4307.3794 8.88878e-17
 4310.3208 9.66124e-17
 4313.2621 1.04125e-16
 4316.2035 9.03903e-17
 4319.1448 9.45751e-17
 4322.0862 8.27078e-17
 4325.0275 7.91311e-17
 4327.9689 8.57545e-17
 4330.9102 8.68251e-17
 4333.8516 8.46999e-17
 4336.7930 8.76649e-17
 4339.7343 7.53810e-17
 4342.6757 7.72343e-17
 4345.6170 7.34712e-17
 4348.5584 7.55000e-17
 4351.4997 8.57998e-17
 4354.4411 7.62877e-17
 4357.3824 6.67635e-17
 4360.3238 7.40452e-17
 4363.2651 7.23123e-17
 4366.2065 6.44580e-17
 4369.1479 6.78728e-17
 4372.0892 6.71121e-17
 4375.0306 5.72652e-17
 4377.9719 5.46945e-17
 4380.9133 6.15338e-17
 4383.8546 6.21125e-17
 4386.7960 5.72821e-17
 4389.7373 5.88266e-17
 4392.6787 5.40486e-17
 4395.6201 5.93051e-17
 4398.5614 5.71510e-17
 4401.5028 5.44569e-17
 4404.4441 5.67593e-17
 4407.3855 5.03111e-17
 4410.3268 5.18785e-17
 4413.2682 5.25121e-17
 4416.2095 5.49064e-17
 4419.1509 5.49699e-17
 4422.0922 5.52963e-17
 4425.0336 5.77971e-17
 4427.9749 6.41164e-17
 4430.9163 6.33399e-17
 4433.8577 5.53579e-17
 4436.7990 6.22515e-17
 4439.7404 5.99319e-17
 4442.6817 6.07983e-17
 4445.6231 5.71960e-17
 4448.5644 5.69303e-17
 4451.5058 6.90466e-17
 4454.4471 6.12474e-17
 4457.3885 5.86562e-17
 4460.3298 5.54092e-17
 4463.2712 6.35263e-17
 4466.2126 6.51514e-17
 4469.1539 7.09733e-17
 4472.0953 6.61881e-17
 4475.0366 6.24732e-17
 4477.9780 6.11215e-17
 4480.9193 7.27505e-17
 4483.8607 7.27664e-17
 4486.8020 7.55400e-17
 4489.7434 7.97625e-17
 4492.6847 8.46083e-17
 4495.6261 8.57682e-17
 4498.5674 7.38637e-17
 4501.5088 7.87698e-17
 4504.4502 8.98253e-17
 4507.3915 1.02820e-16
 4510.3329 9.73576e-17
 4513.2742 9.15343e-17
 4516.2156 9.77851e-17
 4519.1569 9.56352e-17
 4522.0983 9.99447e-17
 4525.0396 1.03531e-16
 4527.9810 1.02782e-16
 4530.9223 1.08139e-16
 4533.8637 1.17487e-16
 4536.8051 1.16378e-16
 4539.7464 1.30049e-16
 4542.6878 1.34417e-16
 4545.6291 1.24288e-16
 4548.5705 1.23786e-16
 4551.5118 1.35862e-16
 4554.4532 1.50038e-16
 4557.3945 1.46589e-16
 4560.3359 1.43717e-16
 4563.2773 1.64948e-16
 4566.2186 1.51505e-16
 4569.1600 1.59296e-16
 4572.1013 1.52975e-16
 4575.0427 1.52323e-16
 4577.9840 1.62068e-16
 4580.9254 1.71143e-16
 4583.8667 1.61843e-16
 4586.8081 1.68441e-16
 4589.7494 1.67019e-16
 4592.6908 1.67204e-16
 4595.6321 1.76344e-16
 4598.5735 1.73317e-16
 4601.5149 1.71385e-16
 4604.4562 1.71387e-16
 4607.3976 1.68814e-16
 4610.3389 1.69950e-16
 4613.2803 1.64356e-16
 4616.2216 1.63453e-16
 4619.1630 1.66890e-16
 4622.1043 1.71720e-16
 4625.0457 1.68408e-16
 4627.9870 1.64921e-16
 4630.9284 1.57772e-16
 4633.8698 1.61649e-16
 4636.8111 1.56410e-16
 4639.7525 1.59823e-16
 4642.6938 1.54380e-16
 4645.6352 1.54398e-16
 4648.5765 1.35627e-16
 4651.5179 1.28262e-16
 4654.4592 1.35879e-16
 4657.4006 1.39197e-16
 4660.3419 1.30361e-16
 4663.2833 1.22342e-16
 4666.2246 1.14956e-16
 4669.1660 1.06997e-16
 4672.1074 1.09431e-16
 4675.0487 1.03242e-16
 4677.9901 1.03496e-16
 4680.9314 1.00725e-16
 4683.8728 1.03334e-16
 4686.8141 1.02765e-16
 4689.7555 1.00991e-16
 4692.6968 9.24183e-17
 4695.6382 8.97749e-17
 4698.5795 8.52321e-17
 4701.5209 7.72918e-17
 4704.4623 8.40474e-17
 4707.4036 8.26223e-17
 4710.3450 7.79514e-17
 4713.2863 7.57525e-17
 4716.2277 8.14833e-17
 4719.1690 7.93868e-17
 4722.1104 7.49762e-17
 4725.0517 7.06432e-17
 4727.9931 7.10631e-17
 4730.9344 7.34342e-17
 4733.8758 7.61670e-17
 4736.8172 8.23859e-17
 4739.7585 7.59626e-17
 4742.6999 7.49881e-17
 4745.6412 7.53494e-17
 4748.5826 7.42764e-17
 4751.5239 7.16880e-17
 4754.4653 7.37736e-17
 4757.4066 7.98857e-17
 4760.3480 8.08003e-17
 4763.2893 6.74697e-17
 4766.2307 7.13186e-17
 4769.1721 7.75535e-17
 4772.1134 7.87092e-17
 4775.0548 7.57167e-17
 4777.9961 8.66382e-17
 4780.9375 9.07580e-17
 4783.8788 8.00644e-17
 4786.8202 9.03789e-17
 4789.7615 9.25303e-17
 4792.7029 9.14193e-17
 4795.6442 9.71805e-17
 4798.5856 9.14383e-17
 4801.5269 9.44157e-17
 4804.4683 8.90286e-17
 4807.4097 8.36269e-17
 4810.3510 9.10274e-17
 4813.2924 9.50464e-17
 4816.2337 9.50254e-17
 4819.1751 9.72296e-17
 4822.1164 9.72816e-17
 4825.0578 9.49571e-17
 4827.9991 9.34038e-17
 4830.9405 9.21606e-17
 4833.8818 9.96527e-17
 4836.8232 9.66625e-17
 4839.7646 9.51475e-17
 4842.7059 9.52096e-17
 4845.6473 9.76091e-17
 4848.5886 9.60434e-17
 4851.5300 1.00221e-16
 4854.4713 1.01736e-16
 4857.4127 1.02638e-16
 4860.3540 1.01678e-16
 4863.2954 1.00776e-16
 4866.2367 1.04120e-16
 4869.1781 1.08111e-16
 4872.1195 1.08686e-16
 4875.0608 1.09931e-16
 4878.0022 1.13038e-16
 4880.9435 1.11320e-16
 4883.8849 1.13413e-16
 4886.8262 1.18123e-16
 4889.7676 1.17281e-16
 4892.7089 1.20050e-16
 4895.6503 1.30818e-16
 4898.5916 1.38423e-16
 4901.5330 1.34905e-16
 4904.4744 1.38857e-16
 4907.4157 1.44340e-16
 4910.3571 1.47006e-16
 4913.2984 1.43869e-16
 4916.2398 1.39789e-16
 4919.1811 1.43201e-16
 4922.1225 1.45954e-16
 4925.0638 1.47190e-16
 4928.0052 1.44656e-16
 4930.9465 1.39151e-16
 4933.8879 1.40460e-16
 4936.8293 1.42550e-16
 4939.7706 1.44849e-16
 4942.7120 1.45662e-16
 4945.6533 1.39742e-16
 4948.5947 1.31301e-16
 4951.5360 1.30459e-16
 4954.4774 1.31288e-16
 4957.4187 1.25185e-16
 4960.3601 1.26809e-16
 4963.3014 1.27725e-16
 4966.2428 1.23521e-16
 4969.1841 1.25430e-16
 4972.1255 1.20513e-16
 4975.0669 1.19201e-16
 4978.0082 1.14190e-16
 4980.9496 1.14898e-16
 4983.8909 1.07499e-16
 4986.8323 9.79300e-17
 4989.7736 9.46484e-17
 4992.7150 1.03253e-16
 4995.6563 1.00449e-16
 4998.5977 9.77940e-17
 5001.5390 9.75792e-17
 5004.4804 9.49848e-17
 5007.4218 8.81866e-17
 5010.3631 8.73455e-17
 5013.3045 8.48974e-17
 5016.2458 8.93010e-17
 5019.1872 8.73983e-17
 5022.1285 9.10299e-17
 5025.0699 8.94685e-17
 5028.0112 8.61875e-17
 5030.9526 8.80997e-17
 5033.8940 8.79440e-17
 5036.8353 7.93248e-17
 5039.7767 7.64803e-17
 5042.7180 7.74356e-17
 5045.6594 8.28718e-17
 5048.6007 8.22571e-17
 5051.5421 8.16468e-17
 5054.4834 8.30184e-17
 5057.4248 8.34225e-17
 5060.3661 8.45573e-17
 5063.3075 7.99632e-17
 5066.2488 7.83811e-17
 5069.1902 7.48471e-17
 5072.1316 7.95919e-17
 5075.0729 7.72970e-17
 5078.0143 7.04853e-17
 5080.9556 7.21889e-17
 5083.8970 8.02207e-17
 5086.8383 7.70628e-17
 5089.7797 7.44427e-17
 5092.7210 8.10921e-17
 5095.6624 7.74042e-17
 5098.6037 6.79872e-17
 5101.5451 7.56342e-17
 5104.4865 7.71933e-17
 5107.4278 6.67166e-17
 5110.3692 6.86936e-17
 5113.3105 7.02490e-17
 5116.2519 7.72042e-17
 5119.1932 7.54421e-17
 5122.1346 7.64855e-17
 5125.0759 8.21742e-17
 5128.0173 7.85761e-17
 5130.9586 8.17093e-17
 5133.9000 7.23111e-17
 5136.8413 7.90001e-17
 5139.7827 7.51801e-17
 5142.7241 8.03848e-17
 5145.6654 8.10104e-17
 5148.6068 7.69949e-17
 5151.5481 7.81192e-17
 5154.4895 8.33821e-17
 5157.4308 8.89431e-17
 5160.3722 8.23962e-17
 5163.3135 8.14566e-17
 5166.2549 8.31169e-17
 5169.1962 9.44207e-17
 5172.1376 9.69865e-17
 5175.0790 9.11532e-17
 5178.0203 9.29562e-17
 5180.9617 9.26709e-17
 5183.9030 9.62667e-17
 5186.8444 9.51301e-17
 5189.7857 9.64376e-17
 5192.7271 9.69705e-17
 5195.6684 1.05307e-16
 5198.6098 9.94546e-17
 5201.5511 9.94678e-17
 5204.4925 1.05070e-16
 5207.4339 1.04639e-16
 5210.3752 1.09505e-16
 5213.3166 1.12430e-16
 5216.2579 1.16713e-16
 5219.1993 1.24638e-16
 5222.1406 1.22884e-16
 5225.0820 1.20284e-16
 5228.0233 1.20246e-16
 5230.9647 1.26420e-16
 5233.9060 1.23142e-16
 5236.8474 1.25298e-16
 5239.7888 1.23373e-16
 5242.7301 1.27967e-16
 5245.6715 1.29847e-16
 5248.6128 1.30317e-16
 5251.5542 1.37728e-16
 5254.4955 1.35923e-16
 5257.4369 1.36940e-16
 5260.3782 1.42479e-16
 5263.3196 1.46220e-16
 5266.2609 1.52368e-16
 5269.2023 1.42981e-16
 5272.1436 1.42749e-16
 5275.0850 1.42976e-16
 5278.0264 1.52409e-16
 5280.9677 1.40558e-16
 5283.9091 1.39146e-16
 5286.8504 1.50083e-16
 5289.7918 1.52507e-16
 5292.7331 1.49534e-16
 5295.6745 1.55487e-16
 5298.6158 1.51139e-16
 5301.5572 1.49434e-16
 5304.4985 1.49453e-16
 5307.4399 1.52158e-16
 5310.3813 1.47170e-16
 5313.3226 1.47195e-16
 5316.2640 1.53225e-16
 5319.2053 1.53076e-16
 5322.1467 1.45977e-16
 5325.0880 1.47318e-16
 5328.0294 1.50667e-16
 5330.9707 1.50667e-16
 5333.9121 1.50489e-16
 5336.8534 1.52664e-16
 5339.7948 1.42793e-16
 5342.7362 1.44216e-16
 5345.6775 1.50337e-16
 5348.6189 1.48836e-16
 5351.5602 1.50823e-16
 5354.5016 1.46978e-16
 5357.4429 1.45552e-16
 5360.3843 1.48347e-16
 5363.3256 1.49590e-16
 5366.2670 1.52190e-16
 5369.2083 1.53417e-16
 5372.1497 1.52313e-16
 5375.0911 1.46860e-16
 5378.0324 1.59544e-16
 5380.9738 1.64236e-16
 5383.9151 1.55981e-16
 5386.8565 1.70503e-16
 5389.7978 1.83653e-16
 5392.7392 1.73639e-16
 5395.6805 1.68175e-16
 5398.6219 1.69773e-16
 5401.5632 1.72522e-16
 5404.5046 1.77908e-16
 5407.4460 1.79677e-16
 5410.3873 1.74627e-16
 5413.3287 1.79677e-16
 5416.2700 1.88012e-16
 5419.2114 1.87651e-16
 5422.1527 1.93554e-16
 5425.0941 1.94588e-16
 5428.0354 1.96892e-16
 5430.9768 2.02250e-16
 5433.9181 2.01502e-16
 5436.8595 2.04540e-16
 5439.8008 2.06068e-16
 5442.7422 2.11756e-16
 5445.6836 2.14565e-16
 5448.6249 2.12819e-16
 5451.5663 2.18643e-16
 5454.5076 2.31289e-16
 5457.4490 2.26393e-16
 5460.3903 2.25114e-16
 5463.3317 2.29347e-16
 5466.2730 2.44434e-16
 5469.2144 2.45052e-16
 5472.1557 2.40591e-16
 5475.0971 2.40670e-16
 5478.0385 2.47107e-16
 5480.9798 2.52239e-16
 5483.9212 2.54232e-16
 5486.8625 2.48791e-16
 5489.8039 2.58542e-16
 5492.7452 2.59003e-16
 5495.6866 2.67830e-16
 5498.6279 2.67048e-16
 5501.5693 2.62949e-16
 5504.5106 2.69805e-16
 5507.4520 2.69458e-16
 5510.3934 2.82544e-16
 5513.3347 2.75333e-16
 5516.2761 2.70722e-16
 5519.2174 2.67617e-16
 5522.1588 2.66028e-16
 5525.1001 2.73331e-16
 5528.0415 2.77059e-16
 5530.9828 2.68649e-16
 5533.9242 2.68265e-16
 5536.8655 2.74524e-16
 5539.8069 2.72504e-16
 5542.7483 2.71902e-16
 5545.6896 2.68945e-16
 5548.6310 2.71928e-16
 5551.5723 2.80884e-16
 5554.5137 2.78764e-16
 5557.4550 2.69490e-16
 5560.3964 2.62342e-16
 5563.3377 2.65993e-16
 5566.2791 2.71618e-16
 5569.2204 2.70937e-16
 5572.1618 2.73568e-16
 5575.1032 2.69100e-16
 5578.0445 2.54630e-16
 5580.9859 2.59538e-16
 5583.9272 2.69946e-16
 5586.8686 2.61566e-16
 5589.8099 2.58508e-16
 5592.7513 2.58477e-16
 5595.6926 2.53966e-16
 5598.6340 2.50811e-16
 5601.5753 2.53630e-16
 5604.5167 2.54201e-16
 5607.4580 2.38091e-16
 5610.3994 2.37619e-16
 5613.3408 2.41725e-16
 5616.2821 2.33635e-16
 5619.2235 2.35720e-16
 5622.1648 2.41720e-16
 5625.1062 2.28412e-16
 5628.0475 2.33915e-16
 5630.9889 2.23983e-16
 5633.9302 2.21399e-16
 5636.8716 2.17227e-16
 5639.8129 2.25643e-16
 5642.7543 2.22584e-16
 5645.6957 2.21268e-16
 5648.6370 2.17609e-16
 5651.5784 2.07989e-16
 5654.5197 2.05272e-16
 5657.4611 2.12420e-16
 5660.4024 2.06144e-16
 5663.3438 1.97410e-16
 5666.2851 1.96179e-16
 5669.2265 1.96336e-16
 5672.1678 1.80526e-16
 5675.1092 1.82518e-16
 5678.0506 1.84840e-16
 5680.9919 1.91600e-16
 5683.9333 1.81094e-16
 5686.8746 1.78031e-16
 5689.8160 1.73833e-16
 5692.7573 1.71479e-16
 5695.6987 1.71044e-16
 5698.6400 1.73464e-16
 5701.5814 1.67973e-16
 5704.5227 1.71012e-16
 5707.4641 1.65275e-16
 5710.4055 1.63772e-16
 5713.3468 1.64484e-16
 5716.2882 1.75474e-16
 5719.2295 1.72694e-16
 5722.1709 1.63247e-16
 5725.1122 1.63570e-16
 5728.0536 1.58541e-16
 5730.9949 1.56166e-16
 5733.9363 1.63069e-16
 5736.8776 1.63776e-16
 5739.8190 1.59011e-16
 5742.7603 1.67065e-16
 5745.7017 1.67901e-16
 5748.6431 1.65555e-16
 5751.5844 1.65559e-16
 5754.5258 1.63053e-16
 5757.4671 1.69857e-16
 5760.4085 1.66179e-16
 5763.3498 1.67309e-16
 5766.2912 1.72654e-16
 5769.2325 1.78147e-16
 5772.1739 1.69286e-16
 5775.1152 1.73752e-16
 5778.0566 1.73261e-16
 5780.9980 1.75189e-16
 5783.9393 1.78357e-16
 5786.8807 1.86824e-16
 5789.8220 1.70785e-16
 5792.7634 1.80016e-16
 5795.7047 1.85894e-16
 5798.6461 1.78585e-16
 5801.5874 1.83985e-16
 5804.5288 1.85124e-16
 5807.4701 1.92144e-16
 5810.4115 2.00100e-16
 5813.3529 1.89463e-16
 5816.2942 1.88950e-16
 5819.2356 1.92602e-16
 5822.1769 1.91735e-16
 5825.1183 1.90980e-16
 5828.0596 1.90243e-16
 5831.0010 1.89583e-16
 5833.9423 1.89221e-16
 5836.8837 1.91276e-16
 5839.8250 1.92170e-16
 5842.7664 1.92096e-16
 5845.7078 1.94104e-16
 5848.6491 1.88459e-16
 5851.5905 1.89962e-16
 5854.5318 1.99143e-16
 5857.4732 1.97017e-16
 5860.4145 1.85405e-16
 5863.3559 1.85938e-16
 5866.2972 1.93524e-16
 5869.2386 1.86289e-16
 5872.1799 1.82685e-16
 5875.1213 1.80963e-16
 5878.0627 1.73286e-16
 5881.0040 1.77430e-16
 5883.9454 1.77789e-16
 5886.8867 1.75358e-16
 5889.8281 1.77588e-16
 5892.7694 1.73833e-16
 5895.7108 1.63350e-16
 5898.6521 1.66457e-16
 5901.5935 1.71452e-16
 5904.5348 1.73416e-16
 5907.4762 1.66173e-16
 5910.4175 1.64938e-16
 5913.3589 1.64226e-16
 5916.3003 1.59155e-16
 5919.2416 1.54263e-16
 5922.1830 1.55464e-16
 5925.1243 1.53569e-16
 5928.0657 1.47263e-16
 5931.0070 1.42490e-16
 5933.9484 1.46917e-16
 5936.8897 1.48624e-16
 5939.8311 1.43531e-16
 5942.7724 1.50614e-16
 5945.7138 1.48223e-16
 5948.6552 1.45385e-16
 5951.5965 1.40168e-16
 5954.5379 1.36490e-16
 5957.4792 1.40889e-16
 5960.4206 1.38388e-16
 5963.3619 1.30459e-16
 5966.3033 1.32399e-16
 5969.2446 1.28801e-16
 5972.1860 1.23190e-16
 5975.1273 1.21172e-16
 5978.0687 1.22613e-16
 5981.0100 1.19373e-16
 5983.9514 1.18910e-16
 5986.8928 1.22477e-16
 5989.8341 1.17012e-16
 5992.7755 1.15106e-16
 5995.7168 1.23339e-16
 5998.6582 1.21673e-16
 6001.5995 1.18490e-16
 6004.5409 1.19150e-16
 6007.4822 1.15777e-16
 6010.4236 1.15409e-16
 6013.3650 1.12340e-16
 6016.3063 1.12964e-16
 6019.2477 1.08731e-16
 6022.1890 1.11118e-16
 6025.1304 1.17000e-16
 6028.0717 1.07788e-16
 6031.0131 1.08390e-16
 6033.9544 1.13083e-16
 6036.8958 1.10193e-16
 6039.8371 1.08323e-16
 6042.7785 1.01553e-16
 6045.7199 1.03601e-16
 6048.6612 1.06864e-16
 6051.6026 9.91894e-17
 6054.5439 1.00707e-16
 6057.4853 1.13886e-16
 6060.4266 1.09586e-16
 6063.3680 1.03515e-16
 6066.3093 1.06986e-16
 6069.2507 9.65915e-17
 6072.1920 9.23043e-17
 6075.1334 9.64810e-17
 6078.0747 9.76494e-17
 6081.0161 9.82452e-17
 6083.9575 1.00885e-16
 6086.8988 9.44626e-17
 6089.8402 9.11930e-17
 6092.7815 9.19835e-17
 6095.7229 8.84056e-17
 6098.6642 8.88487e-17
 6101.6056 9.25575e-17
 6104.5469 9.14141e-17
 6107.4883 8.82418e-17
 6110.4296 9.20814e-17
 6113.3710 9.46258e-17
 6116.3124 8.88380e-17
 6119.2537 8.77951e-17
 6122.1951 8.70745e-17
 6125.1364 8.46692e-17
 6128.0778 8.55070e-17
 6131.0191 8.26742e-17
 6133.9605 8.16758e-17
 6136.9018 7.81045e-17
 6139.8432 7.62765e-17
 6142.7845 8.80075e-17
 6145.7259 8.20572e-17
 6148.6673 8.18530e-17
 6151.6086 8.00082e-17
 6154.5500 7.99161e-17
 6157.4913 7.48446e-17
 6160.4327 7.40936e-17
 6163.3740 7.96394e-17
 6166.3154 8.06721e-17
 6169.2567 7.95490e-17
 6172.1981 7.89364e-17
 6175.1394 7.90062e-17
 6178.0808 8.38206e-17
 6181.0222 8.31521e-17
 6183.9635 8.38077e-17
 6186.9049 8.75237e-17
 6189.8462 8.76759e-17
 6192.7876 9.36218e-17
 6195.7289 9.86932e-17
 6198.6703 9.54782e-17
 6201.6116 9.64153e-17
 6204.5530 9.72645e-17
 6207.4943 1.00205e-16
 6210.4357 9.55265e-17
 6213.3770 9.82128e-17
 6216.3184 1.00270e-16
 6219.2598 9.96829e-17
 6222.2011 1.05862e-16
 6225.1425 1.05950e-16
 6228.0838 9.67068e-17
 6231.0252 9.79100e-17
 6233.9665 1.06628e-16
 6236.9079 1.03133e-16
 6239.8492 1.04832e-16
 6242.7906 1.06453e-16
 6245.7319 1.10580e-16
 6248.6733 1.07710e-16
 6251.6147 1.05324e-16
 6254.5560 1.05138e-16
 6257.4974 1.05660e-16
 6260.4387 1.07786e-16
 6263.3801 1.06684e-16
 6266.3214 1.05546e-16
 6269.2628 1.07503e-16
 6272.2041 1.13462e-16
 6275.1455 1.13710e-16
 6278.0868 1.11081e-16
 6281.0282 1.10488e-16
 6283.9696 1.10709e-16
 6286.9109 1.14570e-16
 6289.8523 1.12602e-16
 6292.7936 1.16659e-16
 6295.7350 1.15634e-16
 6298.6763 1.10081e-16
 6301.6177 1.17210e-16
 6304.5590 1.14738e-16
 6307.5004 1.19233e-16
 6310.4417 1.25607e-16
 6313.3831 1.23295e-16
 6316.3245 1.30759e-16
 6319.2658 1.29549e-16
 6322.2072 1.25966e-16
 6325.1485 1.26760e-16
 6328.0899 1.27864e-16
 6331.0312 1.27309e-16
 6333.9726 1.31810e-16
 6336.9139 1.35939e-16
 6339.8553 1.34964e-16
 6342.7966 1.40279e-16
 6345.7380 1.44195e-16
 6348.6794 1.40579e-16
 6351.6207 1.38024e-16
 6354.5621 1.39281e-16
 6357.5034 1.47628e-16
 6360.4448 1.45862e-16
 6363.3861 1.48799e-16
 6366.3275 1.54775e-16
 6369.2688 1.53146e-16
 6372.2102 1.55556e-16
 6375.1515 1.57213e-16
 6378.0929 1.59590e-16
 6381.0342 1.62564e-16
 6383.9756 1.61070e-16
 6386.9170 1.68247e-16
 6389.8583 1.75606e-16
 6392.7997 1.71426e-16
 6395.7410 1.67385e-16
 6398.6824 1.74237e-16
 6401.6237 1.78568e-16
 6404.5651 1.81062e-16
 6407.5064 1.83444e-16
 6410.4478 1.78901e-16
 6413.3891 1.83620e-16
 6416.3305 1.92467e-16
 6419.2719 1.90142e-16
 6422.2132 1.95490e-16
 6425.1546 1.91281e-16
 6428.0959 1.89337e-16
 6431.0373 1.95864e-16
 6433.9786 2.01487e-16
 6436.9200 2.00184e-16
 6439.8613 1.99651e-16
 6442.8027 2.03041e-16
 6445.7440 2.00344e-16
 6448.6854 2.05651e-16
 6451.6267 2.12329e-16
 6454.5681 2.11663e-16
 6457.5095 2.13172e-16
 6460.4508 2.08030e-16
 6463.3922 2.14929e-16
 6466.3335 2.21026e-16
 6469.2749 2.15680e-16
 6472.2162 2.15870e-16
 6475.1576 2.15429e-16
 6478.0989 2.10562e-16
 6481.0403 2.12735e-16
 6483.9817 2.10797e-16
 6486.9230 2.11907e-16
 6489.8644 2.14125e-16
 6492.8057 2.13400e-16
 6495.7471 2.10778e-16
 6498.6884 2.19276e-16
 6501.6298 2.23452e-16
 6504.5711 2.16676e-16
 6507.5125 2.12539e-16
 6510.4538 2.12652e-16
 6513.3952 2.14518e-16
 6516.3366 2.18348e-16
 6519.2779 2.18577e-16
 6522.2193 2.20228e-16
 6525.1606 2.18352e-16
 6528.1020 2.17638e-16
 6531.0433 2.17791e-16
 6533.9847 2.15228e-16
 6536.9260 2.16313e-16
 6539.8674 2.15772e-16
 6542.8087 2.20912e-16
 6545.7501 2.20563e-16
 6548.6914 2.17289e-16
 6551.6328 2.18202e-16
 6554.5742 2.13647e-16
 6557.5155 2.14563e-16
 6560.4569 2.13532e-16
 6563.3982 2.18434e-16
 6566.3396 2.08929e-16
 6569.2809 2.08475e-16
 6572.2223 2.08244e-16
 6575.1636 1.99240e-16
 6578.1050 1.98194e-16
 6581.0463 2.06026e-16
 6583.9877 2.06072e-16
 6586.9291 2.05021e-16
 6589.8704 1.98071e-16
 6592.8118 1.92197e-16
 6595.7531 2.03836e-16
 6598.6945 1.97610e-16
 6601.6358 1.91057e-16
 6604.5772 1.97546e-16
 6607.5185 1.93915e-16
 6610.4599 1.89273e-16
 6613.4012 1.88766e-16
 6616.3426 1.84444e-16
 6619.2839 1.86036e-16
 6622.2253 1.85322e-16
 6625.1667 1.83729e-16
 6628.1080 1.84501e-16
 6631.0494 1.84469e-16
 6633.9907 1.80184e-16
 6636.9321 1.72329e-16
 6639.8734 1.63402e-16
 6642.8148 1.52600e-16
 6645.7561 1.61132e-16
 6648.6975 1.66967e-16
 6651.6389 1.66016e-16
 6654.5802 1.68342e-16
 6657.5216 1.54201e-16
 6660.4629 1.44983e-16
 6663.4043 1.47285e-16
 6666.3456 1.48066e-16
 6669.2870 1.45931e-16
 6672.2283 1.44763e-16
 6675.1697 1.40939e-16
 6678.1110 1.39019e-16
 6681.0524 1.41020e-16
 6683.9938 1.38966e-16
 6686.9351 1.43554e-16
 6689.8765 1.45758e-16
 6692.8178 1.39740e-16
 6695.7592 1.35920e-16
 6698.7005 1.30495e-16
 6701.6419 1.22496e-16
 6704.5832 1.27077e-16
 6707.5246 1.20850e-16
 6710.4659 1.25425e-16
 6713.4073 1.33140e-16
 6716.3486 1.33624e-16
 6719.2900 1.21732e-16
 6722.2314 1.25163e-16
 6725.1727 1.27045e-16
 6728.1141 1.19270e-16
 6731.0554 1.18490e-16
 6733.9968 1.18243e-16
 6736.9381 1.19452e-16
 6739.8795 1.16505e-16
 6742.8208 1.08903e-16
 6745.7622 1.07344e-16
 6748.7035 1.07731e-16
 6751.6449 1.11842e-16
 6754.5863 1.13768e-16
 6757.5276 1.10330e-16
 6760.4690 9.90203e-17
 6763.4103 1.07238e-16
 6766.3517 1.14258e-16
 6769.2930 1.08548e-16
 6772.2344 1.05471e-16
 6775.1757 1.16500e-16
 6778.1171 1.11324e-16
 6781.0584 1.10616e-16
 6783.9998 1.09799e-16
 6786.9412 1.06585e-16
 6789.8825 1.14080e-16
 6792.8239 1.18964e-16
 6795.7652 1.12077e-16
 6798.7066 1.07376e-16
 6801.6479 1.05548e-16
 6804.5893 1.01325e-16
 6807.5306 1.03873e-16
 6810.4720 1.09059e-16
 6813.4133 1.04147e-16
 6816.3547 1.05515e-16
 6819.2961 1.07563e-16
 6822.2374 1.02748e-16
 6825.1788 1.00070e-16
 6828.1201 1.05192e-16
 6831.0615 1.08913e-16
 6834.0028 1.06344e-16
 6836.9442 1.01897e-16
 6839.8855 1.08469e-16
 6842.8269 1.12990e-16
 6845.7682 1.10420e-16
 6848.7096 1.08039e-16
 6851.6509 1.06911e-16
 6854.5923 1.10911e-16
 6857.5337 1.05502e-16
 6860.4750 1.01869e-16
 6863.4164 1.04729e-16
 6866.3577 1.08201e-16
 6869.2991 1.03529e-16
 6872.2404 1.04025e-16
 6875.1818 1.05968e-16
 6878.1231 9.66743e-17
 6881.0645 9.83434e-17
 6884.0058 1.04950e-16
 6886.9472 9.92256e-17
 6889.8886 9.77806e-17
 6892.8299 9.54102e-17
 6895.7713 9.95314e-17
 6898.7126 1.00396e-16
 6901.6540 1.03667e-16
 6904.5953 1.06938e-16
 6907.5367 9.97772e-17
 6910.4780 9.38359e-17
 6913.4194 9.75130e-17
 6916.3607 9.91642e-17
 6919.3021 9.22024e-17
 6922.2434 9.13440e-17
 6925.1848 1.01208e-16
 6928.1262 9.23519e-17
 6931.0675 9.09545e-17
 6934.0089 9.54214e-17
 6936.9502 9.50821e-17
 6939.8916 8.96065e-17
 6942.8329 9.86147e-17
 6945.7743 9.20656e-17
 6948.7156 8.92282e-17
 6951.6570 9.85042e-17
 6954.5984 9.62082e-17
 6957.5397 9.29733e-17
 6960.4811 8.97013e-17
 6963.4224 8.76319e-17
 6966.3638 9.03583e-17
 6969.3051 9.12414e-17
 6972.2465 9.16145e-17
 6975.1878 9.51692e-17
 6978.1292 9.06536e-17
 6981.0705 8.83318e-17
 6984.0119 8.99524e-17
 6986.9533 9.22292e-17
 6989.8946 8.92467e-17
 6992.8360 8.67080e-17
 6995.7773 9.00344e-17
 6998.7187 8.75279e-17
 7001.6600 8.08567e-17
 7004.6014 7.87622e-17
 7007.5427 8.67928e-17
 7010.4841 7.99986e-17
 7013.4254 7.94152e-17
 7016.3668 8.82813e-17
 7019.3081 8.40802e-17
 7022.2495 8.46167e-17
 7025.1909 8.24056e-17
 7028.1322 7.96270e-17
 7031.0736 8.43462e-17
 7034.0149 7.69422e-17
 7036.9563 7.45967e-17
 7039.8976 8.92696e-17
 7042.8390 8.41206e-17
 7045.7803 8.43306e-17
 7048.7217 7.98127e-17
 7051.6630 7.51598e-17
 7054.6044 7.73032e-17
 7057.5458 8.34005e-17
 7060.4871 7.73921e-17
 7063.4285 7.56302e-17
 7066.3698 7.91555e-17
 7069.3112 8.72315e-17
 7072.2525 8.30698e-17
 7075.1939 7.60932e-17
 7078.1352 7.84768e-17
 7081.0766 7.19734e-17
 7084.0179 7.07385e-17
 7086.9593 7.41824e-17
 7089.9006 7.72196e-17
 7092.8420 8.03208e-17
 7095.7834 7.98403e-17
 7098.7247 6.45034e-17
 7101.6661 8.00987e-17
 7104.6074 8.00102e-17
 7107.5488 8.10420e-17
 7110.4901 8.21668e-17
 7113.4315 8.66612e-17
 7116.3728 8.54224e-17
 7119.3142 8.30618e-17
 7122.2556 8.62952e-17
 7125.1969 8.06339e-17
 7128.1383 8.14147e-17
 7131.0796 8.47052e-17
 7134.0210 8.15835e-17
 7136.9623 7.96438e-17
 7139.9037 7.95344e-17
 7142.8450 8.68018e-17
 7145.7864 9.14920e-17
 7148.7277 8.20548e-17
 7151.6691 9.04397e-17
 7154.6105 9.00511e-17
 7157.5518 8.25093e-17
 7160.4932 8.83811e-17
 7163.4345 8.57842e-17
 7166.3759 8.32490e-17
 7169.3172 8.36415e-17
 7172.2586 8.61316e-17
 7175.1999 8.64836e-17
 7178.1413 8.56288e-17
 7181.0826 8.29052e-17
 7184.0240 8.91415e-17
 7186.9653 9.48963e-17
 7189.9067 9.13556e-17
 7192.8481 9.41477e-17
 7195.7894 9.68060e-17
 7198.7308 9.70299e-17
 7201.6721 9.66548e-17
 7204.6135 8.88248e-17
 7207.5548 9.40869e-17
 7210.4962 9.19661e-17
 7213.4375 9.23107e-17
 7216.3789 9.44486e-17
 7219.3202 9.27447e-17
 7222.2616 9.17731e-17
 7225.2030 9.66004e-17
 7228.1443 9.98455e-17
 7231.0857 9.65690e-17
 7234.0270 9.77243e-17
 7236.9684 9.85998e-17
 7239.9097 9.45355e-17
 7242.8511 9.96820e-17
 7245.7924 1.03920e-16
 7248.7338 9.92206e-17
 7251.6751 1.00425e-16
 7254.6165 1.04520e-16
 7257.5578 1.02235e-16
 7260.4992 9.75028e-17
 7263.4406 9.44620e-17
 7266.3819 9.78640e-17
 7269.3233 1.02370e-16
 7272.2646 9.90086e-17
 7275.2060 9.72572e-17
 7278.1473 9.97592e-17
 7281.0887 9.75049e-17
 7284.0300 9.31776e-17
 7286.9714 9.37368e-17
 7289.9128 9.45201e-17
 7292.8541 9.43469e-17
 7295.7955 9.96527e-17
 7298.7368 1.06375e-16
 7301.6782 1.01742e-16
 7304.6195 1.02554e-16
 7307.5609 1.01767e-16
 7310.5022 1.00194e-16
 7313.4436 1.05411e-16
 7316.3849 1.08386e-16
 7319.3263 1.10674e-16
 7322.2676 9.85780e-17
 7325.2090 9.54960e-17
 7328.1504 1.00256e-16
 7331.0917 9.97691e-17
 7334.0331 1.01700e-16
 7336.9744 1.00560e-16
 7339.9158 9.71282e-17
 7342.8571 8.51838e-17
 7345.7985 6.95511e-17
 7348.7398 5.80424e-17
 7351.6812 5.30662e-17
 7354.6225 5.39911e-17
 7357.5639 7.61415e-17
 7360.5053 9.59008e-17
 7363.4466 1.01023e-16
 7366.3880 1.10221e-16
 7369.3293 9.45120e-17
 7372.2707 8.65672e-17
 7375.2120 8.56847e-17
 7378.1534 9.03116e-17
 7381.0947 9.24717e-17
 7384.0361 1.05302e-16
 7386.9774 1.08928e-16
 7389.9188 1.14103e-16
 7392.8601 1.07522e-16
 7395.8015 1.02640e-16
 7398.7429 1.06634e-16
 7401.6842 1.01191e-16
 7404.6256 1.10290e-16
 7407.5669 1.15103e-16
 7410.5083 1.09514e-16
 7413.4496 1.15196e-16
 7416.3910 1.20280e-16
 7419.3323 1.15646e-16
 7422.2737 1.14231e-16
 7425.2151 1.17895e-16
 7428.1564 1.14883e-16
 7431.0978 1.10020e-16
 7434.0391 1.14153e-16
 7436.9805 1.12594e-16
 7439.9218 1.18069e-16
 7442.8632 1.19595e-16
 7445.8045 1.17637e-16
 7448.7459 1.18860e-16
 7451.6872 1.13656e-16
 7454.6286 1.10814e-16
 7457.5700 1.09379e-16
 7460.5113 9.98572e-17
 7463.4527 1.02461e-16
 7466.3940 1.08371e-16
 7469.3354 1.10279e-16
 7472.2767 1.03987e-16
 7475.2181 1.15059e-16
 7478.1594 1.17559e-16
 7481.1008 1.10551e-16
 7484.0421 9.68012e-17
 7486.9835 9.54965e-17
 7489.9248 1.05850e-16
 7492.8662 9.77790e-17
 7495.8076 9.45522e-17
 7498.7489 1.03532e-16
 7501.6903 1.01389e-16
 7504.6316 1.04584e-16
 7507.5730 1.00129e-16
 7510.5143 9.87338e-17
 7513.4557 9.95174e-17
 7516.3970 9.67070e-17
 7519.3384 9.82312e-17
 7522.2797 1.00978e-16
 7525.2211 9.52521e-17
 7528.1625 9.31609e-17
 7531.1038 9.94728e-17
 7534.0452 9.09602e-17
 7536.9865 9.92444e-17
 7539.9279 9.99163e-17
 7542.8692 9.93181e-17
 7545.8106 1.03909e-16
 7548.7519 9.72025e-17
 7551.6933 9.66653e-17
 7554.6346 1.00263e-16
 7557.5760 9.58583e-17
 7560.5173 1.01969e-16
 7563.4587 1.01794e-16
 7566.4001 1.01000e-16
 7569.3414 1.04144e-16
 7572.2828 1.07210e-16
 7575.2241 1.04314e-16
 7578.1655 1.07224e-16
 7581.1068 1.07326e-16
 7584.0482 1.05565e-16
 7586.9895 1.01020e-16
 7589.9309 1.01659e-16
 7592.8723 1.01020e-16
 7595.8136 1.03898e-16
 7598.7550 1.17148e-16
 7601.6963 1.19811e-16
 7604.6377 1.09078e-16
 7607.5790 1.05416e-16
 7610.5204 1.18100e-16
 7613.4617 1.16228e-16
 7616.4031 1.05883e-16
 7619.3444 1.14462e-16
 7622.2858 1.18181e-16
 7625.2272 1.18258e-16
 7628.1685 1.22428e-16
 7631.1099 1.30267e-16
 7634.0512 1.15838e-16
 7636.9926 1.21077e-16
 7639.9339 1.25713e-16
 7642.8753 1.22923e-16
 7645.8166 1.29787e-16
 7648.7580 1.32248e-16
 7651.6993 1.22908e-16
 7654.6407 1.12714e-16
 7657.5820 1.15034e-16
 7660.5234 1.35749e-16
 7663.4648 1.30722e-16
 7666.4061 1.25169e-16
 7669.3475 1.29720e-16
 7672.2888 1.36655e-16
 7675.2302 1.27309e-16
 7678.1715 1.28688e-16
 7681.1129 1.34801e-16
 7684.0542 1.32846e-16
 7686.9956 1.29857e-16
 7689.9369 1.31823e-16
 7692.8783 1.33412e-16
 7695.8197 1.31526e-16
 7698.7610 1.44696e-16
 7701.7024 1.43174e-16
 7704.6437 1.31888e-16
 7707.5851 1.32773e-16
 7710.5264 1.38259e-16
 7713.4678 1.35630e-16
 7716.4091 1.34030e-16
 7719.3505 1.35172e-16
 7722.2918 1.39634e-16
 7725.2332 1.40269e-16
 7728.1745 1.34147e-16
 7731.1159 1.34437e-16
 7734.0573 1.37811e-16
 7736.9986 1.31627e-16
 7739.9400 1.38725e-16
 7742.8813 1.41337e-16
 7745.8227 1.35370e-16
 7748.7640 1.32921e-16
 7751.7054 1.37556e-16
 7754.6467 1.37572e-16
 7757.5881 1.36921e-16
 7760.5295 1.42257e-16
 7763.4708 1.43684e-16
 7766.4122 1.33896e-16
 7769.3535 1.24905e-16
 7772.2949 1.26749e-16
 7775.2362 1.37291e-16
 7778.1776 1.40977e-16
 7781.1189 1.37171e-16
 7784.0603 1.45954e-16
 7787.0016 1.34493e-16
 7789.9430 1.29287e-16
 7792.8843 1.35025e-16
 7795.8257 1.35253e-16
 7798.7671 1.19967e-16
 7801.7084 1.22566e-16
 7804.6498 1.31929e-16
 7807.5911 1.28369e-16
 7810.5325 1.29596e-16
 7813.4738 1.28260e-16
 7816.4152 1.25396e-16
 7819.3565 1.19287e-16
 7822.2979 1.31639e-16
 7825.2392 1.20343e-16
 7828.1806 1.27996e-16
 7831.1220 1.23735e-16
 7834.0633 1.24398e-16
 7837.0047 1.23999e-16
 7839.9460 1.22917e-16
 7842.8874 1.18497e-16
 7845.8287 1.18641e-16
 7848.7701 1.23740e-16
 7851.7114 1.17232e-16
 7854.6528 1.13758e-16
 7857.5941 1.17906e-16
 7860.5355 1.12256e-16
 7863.4768 1.09173e-16
 7866.4182 1.13703e-16
 7869.3596 1.14887e-16
 7872.3009 1.08476e-16
 7875.2423 1.07974e-16
 7878.1836 1.07258e-16
 7881.1250 1.04845e-16
 7884.0663 1.00455e-16
 7887.0077 1.05870e-16
 7889.9490 1.01402e-16
 7892.8904 9.00572e-17
 7895.8317 8.65546e-17
 7898.7731 8.83987e-17
 7901.7145 9.46774e-17
 7904.6558 9.53922e-17
 7907.5972 9.14848e-17
 7910.5385 9.38047e-17
 7913.4799 9.23057e-17
 7916.4212 9.22422e-17
 7919.3626 9.78074e-17
 7922.3039 9.81104e-17
 7925.2453 8.24075e-17
 7928.1867 9.06824e-17
 7931.1280 1.01022e-16
 7934.0694 9.40213e-17
 7937.0107 8.73500e-17
 7939.9521 8.90479e-17
 7942.8934 8.56181e-17
 7945.8348 8.70155e-17
 7948.7761 8.57703e-17
 7951.7175 8.18044e-17
 7954.6588 8.46674e-17
 7957.6002 8.34983e-17
 7960.5415 8.18791e-17
 7963.4829 8.79012e-17
 7966.4243 8.09206e-17
 7969.3656 7.44252e-17
 7972.3070 7.84918e-17
 7975.2483 7.63268e-17
 7978.1897 7.52254e-17
 7981.1310 7.73490e-17
 7984.0724 8.40056e-17
 7987.0137 7.18377e-17
 7989.9551 8.04681e-17
 7992.8964 7.75363e-17
 7995.8378 6.59316e-17
 7998.7792 6.66983e-17
 8001.7205 6.68518e-17
 8004.6619 7.15908e-17
 8007.6032 7.68395e-17
 8010.5446 7.26978e-17
 8013.4859 6.54584e-17
 8016.4273 7.35665e-17
 8019.3686 8.30488e-17
 8022.3100 7.69461e-17
 8025.2513 8.30852e-17
 8028.1927 7.76430e-17
 8031.1340 7.80695e-17
 8034.0754 7.29329e-17
 8037.0168 7.17010e-17
 8039.9581 7.24937e-17
 8042.8995 7.84538e-17
 8045.8408 7.50110e-17
 8048.7822 5.97678e-17
 8051.7235 5.91003e-17
 8054.6649 6.30520e-17
 8057.6062 6.55494e-17
 8060.5476 7.17061e-17
 8063.4890 6.59840e-17
 8066.4303 6.62750e-17
 8069.3717 7.34913e-17
 8072.3130 7.19652e-17
 8075.2544 5.55926e-17
 8078.1957 5.38812e-17
 8081.1371 5.45779e-17
 8084.0784 6.05211e-17
 8087.0198 6.11442e-17
 8089.9611 5.78774e-17
 8092.9025 5.15138e-17
 8095.8439 4.16160e-17
 8098.7852 3.70189e-17
 8101.7266 4.15312e-17
 8104.6679 4.20417e-17
 8107.6093 3.49126e-17
 8110.5506 3.62925e-17
 8113.4920 4.43506e-17
 8116.4333 4.85020e-17
 8119.3747 4.53861e-17
 8122.3160 5.08178e-17
 8125.2574 4.16530e-17
 8128.1987 4.01994e-17
 8131.1401 4.28924e-17
 8134.0815 4.82849e-17
 8137.0228 3.31298e-17
 8139.9642 1.74348e-17
 8142.9055 2.29438e-17
 8145.8469 2.95995e-17
 8148.7882 2.33152e-17
 8151.7296 2.09499e-17
 8154.6709 3.14317e-17
 8157.6123 3.41698e-17
 8160.5536 3.04174e-17
 8163.4950 4.00203e-17
 8166.4364 3.38987e-17
 8169.3777 2.86162e-17
 8172.3191 2.56050e-17
 8175.2604 2.80967e-17
 8178.2018 2.52580e-17
 8181.1431 2.67170e-17
 8184.0845 2.29990e-17
 8187.0258 2.55127e-17
 8189.9672 1.62433e-17
 8192.9085 1.01869e-17
 8195.8499 1.93650e-17
 8198.7912 2.92513e-17
 8201.7326 2.61713e-17
 8204.6740 1.88525e-17
 8207.6153 2.43910e-17
 8210.5567 3.56335e-17
 8213.4980 2.96876e-17
 8216.4394 1.06439e-17
 8219.3807 7.04373e-18
 8222.3221 2.57175e-17
 8225.2634 1.58110e-17
 8228.2048 1.56802e-17
 8231.1462 2.68644e-17
 8234.0875 2.22889e-17
 8237.0289 1.40574e-17
 8239.9702 1.99832e-17
 8242.9116 1.32964e-17
 8245.8529 1.34975e-17
 8248.7943 1.52952e-17
 8251.7356 1.95973e-17
 8254.6770 2.51588e-17
 8257.6183 1.65769e-17
 8260.5597 2.05228e-17
 8263.5010 2.08978e-17
 8266.4424 1.24846e-17
 8269.3838 1.20986e-17
 8272.3251 2.46400e-17
 8275.2665 3.10811e-17
 8278.2078 2.64479e-17
 8281.1492 1.24066e-17
 8284.0905 2.04659e-17
 8287.0319 1.89538e-17
 8289.9732 1.36417e-17
 8292.9146 2.47573e-17
 8295.8559 2.42942e-17
 8298.7973 2.02041e-17
 8301.7387 2.88939e-17
 8304.6800 2.63446e-17
 8307.6214 2.12856e-17
 8310.5627 3.36528e-17
 8313.5041 4.17993e-17
 8316.4454 2.65703e-17
 8319.3868 1.88290e-17
 8322.3281 2.77788e-17
 8325.2695 3.41445e-17
 8328.2108 3.24914e-17
 8331.1522 3.98677e-17
 8334.0935 3.77876e-17
 8337.0349 4.38551e-17
 8339.9763 4.57942e-17
 8342.9176 3.49418e-17
 8345.8590 3.36510e-17
 8348.8003 3.10864e-17
 8351.7417 2.34240e-17
 8354.6830 2.82012e-17
 8357.6244 3.56803e-17
 8360.5657 4.27430e-17
 8363.5071 3.88269e-17
 8366.4484 3.96219e-17
 8369.3898 4.04171e-17
 8372.3312 4.12121e-17
 8375.2725 4.20073e-17
 8378.2139 4.28023e-17
 8381.1552 4.35973e-17
 8384.0966 4.96442e-17
 8387.0379 4.18176e-17
 8389.9793 4.74404e-17
 8392.9206 5.65804e-17
 8395.8620 5.67119e-17
 8398.8034 5.78441e-17
 8401.7447 5.22537e-17
 8404.6861 5.03780e-17
 8407.6274 5.02214e-17
 8410.5688 5.11312e-17
 8413.5101 5.42657e-17
 8416.4515 5.53191e-17
 8419.3928 6.23621e-17
 8422.3342 6.45897e-17
 8425.2755 6.05571e-17
 8428.2169 6.33777e-17
 8431.1582 6.19088e-17
 8434.0996 5.01822e-17
 8437.0410 5.59764e-17
 8439.9823 6.84170e-17
 8442.9237 5.66296e-17
 8445.8650 5.89474e-17
 8448.8064 6.04578e-17
 8451.7477 6.57254e-17
 8454.6891 7.02657e-17
 8457.6304 6.97270e-17
 8460.5718 7.39234e-17
 8463.5131 6.96144e-17
 8466.4545 7.49177e-17
 8469.3959 7.52010e-17
 8472.3372 8.50697e-17
 8475.2786 8.35526e-17
 8478.2199 8.72820e-17
 8481.1613 9.10081e-17
 8484.1026 8.97276e-17
 8487.0440 7.77146e-17
 8489.9853 9.39894e-17
 8492.9267 1.06333e-16
 8495.8680 9.56464e-17
 8498.8094 7.91203e-17
 8501.7507 8.49411e-17
 8504.6921 9.55613e-17
 8507.6335 9.43429e-17
 8510.5748 1.11828e-16
 8513.5162 1.23463e-16
 8516.4575 1.14627e-16
 8519.3989 1.06687e-16
 8522.3402 1.07313e-16
 8525.2816 1.08622e-16
 8528.2229 1.03453e-16
 8531.1643 1.02744e-16
 8534.1057 1.03331e-16
 8537.0470 1.06601e-16
 8539.9884 1.09870e-16
 8542.9297 9.75552e-17
 8545.8711 1.02326e-16
 8548.8124 1.06493e-16
 8551.7538 1.12487e-16
 8554.6951 1.00266e-16
 8557.6365 9.78178e-17
 8560.5778 1.05770e-16
 8563.5192 1.13418e-16
 8566.4606 1.00227e-16
 8569.4019 1.06623e-16
 8572.3433 1.04817e-16
 8575.2846 1.03012e-16
 8578.2260 1.01207e-16
 8581.1673 9.17649e-17
 8584.1087 1.07531e-16
 8587.0500 1.21854e-16
 8589.9914 1.04705e-16
 8592.9327 1.27996e-16
 8595.8741 1.13759e-16
 8598.8154 1.04992e-16
 8601.7568 1.10153e-16
 8604.6982 1.05101e-16
 8607.6395 1.06565e-16
 8610.5809 1.01240e-16
 8613.5222 1.00094e-16
 8616.4636 1.16165e-16
 8619.4049 1.15737e-16
 8622.3463 9.10726e-17
 8625.2876 1.08806e-16
 8628.2290 9.43217e-17
 8631.1703 9.96681e-17
 8634.1117 1.03072e-16
 8637.0531 9.58965e-17
 8639.9944 9.62448e-17
 8642.9358 1.09308e-16
 8645.8771 1.18169e-16
 8648.8185 9.87201e-17
 8651.7598 9.22637e-17
 8654.7012 9.28120e-17
 8657.6425 1.10040e-16
 8660.5839 1.02946e-16
 8663.5252 9.47766e-17
 8666.4666 1.03594e-16
 8669.4079 9.59096e-17
 8672.3493 1.13500e-16
 8675.2907 1.11942e-16
 8678.2320 1.11100e-16
 8681.1734 1.02704e-16
 8684.1147 1.06719e-16
 8687.0561 1.17707e-16
 8689.9974 8.76357e-17
 8692.9388 8.56640e-17
 8695.8801 1.00016e-16
 8698.8215 9.06518e-17
 8701.7629 1.13875e-16
 8704.7042 1.13080e-16
 8707.6456 1.02253e-16
 8710.5869 1.09649e-16
 8713.5283 1.13338e-16
 8716.4696 1.07120e-16
 8719.4110 9.81036e-17
 8722.3523 1.00707e-16
 8725.2937 1.01677e-16
 8728.2350 9.74826e-17
 8731.1764 1.20705e-16
 8734.1177 1.35498e-16
 8737.0591 1.22424e-16
 8740.0005 1.13848e-16
 8742.9418 1.18495e-16
 8745.8832 1.11279e-16
 8748.8245 1.01810e-16
 8751.7659 1.05286e-16
 8754.7072 9.83337e-17
 8757.6486 9.12206e-17
 8760.5899 1.13245e-16
 8763.5313 1.21106e-16
 8766.4726 1.12360e-16
 8769.4140 1.01577e-16
 8772.3554 9.18839e-17
 8775.2967 1.07665e-16
 8778.2381 9.62781e-17
 8781.1794 9.39213e-17
 8784.1208 1.01150e-16
 8787.0621 9.59661e-17
 8790.0035 1.02796e-16
 8792.9448 1.24459e-16
 8795.8862 1.23169e-16
 8798.8275 1.33571e-16
 8801.7689 1.06051e-16
 8804.7102 9.07464e-17
 8807.6516 1.06412e-16
 8810.5930 1.08181e-16
 8813.5343 9.01361e-17
 8816.4757 9.73359e-17
 8819.4170 1.17979e-16
 8822.3584 1.21248e-16
 8825.2997 1.09330e-16
 8828.2411 9.06565e-17
 8831.1824 9.75507e-17
 8834.1238 1.12206e-16
 8837.0651 1.08218e-16
 8840.0065 1.03146e-16
 8842.9479 1.07407e-16
 8845.8892 1.04007e-16
 8848.8306 8.03349e-17
 8851.7719 1.11427e-16
 8854.7133 1.06880e-16
 8857.6546 9.97656e-17
 8860.5960 8.80744e-17
 8863.5373 8.82335e-17
 8866.4787 9.56068e-17
 8869.4201 8.71809e-17
 8872.3614 8.60519e-17
 8875.3028 1.04951e-16
 8878.2441 1.18976e-16
 8881.1855 1.05750e-16
 8884.1268 8.35574e-17
 8887.0682 9.65420e-17
 8890.0095 1.00189e-16
 8892.9509 9.48676e-17
 8895.8922 1.08432e-16
 8898.8336 1.11158e-16
 8901.7749 1.01322e-16
 8904.7163 1.06725e-16
 8907.6577 1.00427e-16
 8910.5990 9.85250e-17
 8913.5404 8.75325e-17
 8916.4817 1.05919e-16
 8919.4231 1.02386e-16
 8922.3644 8.74138e-17
 8925.3058 8.55753e-17
 8928.2471 8.86778e-17
 8931.1885 1.04076e-16
