#Object:               SN2008hv
#FITS_file:            SN08hv_b01_DUP_WF_26feb09.fits
#Redshift:             0.01255
#JDate_of_max:         2454816.85
#JDate_of_observation: 2454888.76
#Epoch:                71.02     
#
 3752.9059 1.48529e-16
 3755.9096 1.79682e-16
 3758.9133 1.60162e-16
 3761.9171 1.61264e-16
 3764.9208 1.41436e-16
 3767.9245 1.41132e-16
 3770.9282 1.29301e-16
 3773.9319 1.09900e-16
 3776.9356 1.05196e-16
 3779.9394 8.80949e-17
 3782.9431 1.07434e-16
 3785.9468 9.51828e-17
 3788.9505 9.24965e-17
 3791.9542 8.43670e-17
 3794.9579 8.67925e-17
 3797.9617 6.96331e-17
 3800.9654 6.98242e-17
 3803.9691 7.16112e-17
 3806.9728 5.45060e-17
 3809.9765 6.01195e-17
 3812.9803 6.86405e-17
 3815.9840 3.77015e-17
 3818.9877 4.39920e-17
 3821.9914 4.74487e-17
 3824.9951 4.95749e-17
 3827.9988 2.84922e-17
 3831.0026 4.66940e-17
 3834.0063 2.55020e-17
 3837.0100 3.03663e-17
 3840.0137 5.22028e-17
 3843.0174 5.24309e-17
 3846.0212 6.07164e-17
 3849.0249 3.90909e-17
 3852.0286 5.39430e-17
 3855.0323 7.72975e-17
 3858.0360 1.18123e-16
 3861.0397 9.94053e-17
 3864.0435 1.00333e-16
 3867.0472 7.92618e-17
 3870.0509 9.84408e-17
 3873.0546 9.82198e-17
 3876.0583 1.24370e-16
 3879.0620 1.21030e-16
 3882.0658 1.28029e-16
 3885.0695 1.33162e-16
 3888.0732 1.30975e-16
 3891.0769 1.60221e-16
 3894.0806 1.46881e-16
 3897.0843 1.47657e-16
 3900.0881 1.61382e-16
 3903.0918 1.67526e-16
 3906.0955 1.89107e-16
 3909.0992 1.77566e-16
 3912.1029 1.84771e-16
 3915.1066 2.09673e-16
 3918.1104 1.85406e-16
 3921.1141 1.96144e-16
 3924.1178 2.22968e-16
 3927.1215 1.81039e-16
 3930.1252 2.14819e-16
 3933.1290 2.20661e-16
 3936.1327 2.32643e-16
 3939.1364 2.33535e-16
 3942.1401 2.50906e-16
 3945.1438 2.54670e-16
 3948.1475 2.55758e-16
 3951.1513 2.47520e-16
 3954.1550 2.45519e-16
 3957.1587 2.38333e-16
 3960.1624 2.37320e-16
 3963.1661 2.49064e-16
 3966.1698 2.34129e-16
 3969.1736 2.33308e-16
 3972.1773 2.58020e-16
 3975.1810 2.78741e-16
 3978.1847 2.47054e-16
 3981.1884 2.60654e-16
 3984.1921 2.58852e-16
 3987.1959 2.35047e-16
 3990.1996 2.43167e-16
 3993.2033 2.36036e-16
 3996.2070 2.49685e-16
 3999.2107 2.36449e-16
 4002.2145 2.21644e-16
 4005.2182 2.32199e-16
 4008.2219 2.33187e-16
 4011.2256 2.01059e-16
 4014.2293 1.96154e-16
 4017.2330 2.27188e-16
 4020.2368 2.18522e-16
 4023.2405 2.16229e-16
 4026.2442 1.94167e-16
 4029.2479 2.01663e-16
 4032.2516 1.92410e-16
 4035.2553 1.80283e-16
 4038.2591 1.88030e-16
 4041.2628 1.79507e-16
 4044.2665 1.68464e-16
 4047.2702 1.54760e-16
 4050.2739 1.48752e-16
 4053.2777 1.54379e-16
 4056.2814 1.61270e-16
 4059.2851 1.72862e-16
 4062.2888 1.46451e-16
 4065.2925 1.49627e-16
 4068.2962 1.49686e-16
 4071.3000 1.56924e-16
 4074.3037 1.58134e-16
 4077.3074 1.52786e-16
 4080.3111 1.55458e-16
 4083.3148 1.42491e-16
 4086.3185 1.46526e-16
 4089.3223 1.45726e-16
 4092.3260 1.46896e-16
 4095.3297 1.41335e-16
 4098.3334 1.51503e-16
 4101.3371 1.29266e-16
 4104.3408 1.35112e-16
 4107.3446 1.19757e-16
 4110.3483 1.39496e-16
 4113.3520 1.43048e-16
 4116.3557 1.39109e-16
 4119.3594 1.47074e-16
 4122.3631 1.39703e-16
 4125.3669 1.29721e-16
 4128.3706 1.25814e-16
 4131.3743 1.34180e-16
 4134.3780 1.35501e-16
 4137.3817 1.45394e-16
 4140.3855 1.56604e-16
 4143.3892 1.55608e-16
 4146.3929 1.51019e-16
 4149.3966 1.41625e-16
 4152.4003 1.43585e-16
 4155.4040 1.25938e-16
 4158.4078 1.27930e-16
 4161.4115 1.30731e-16
 4164.4152 1.30510e-16
 4167.4189 1.40087e-16
 4170.4226 1.49619e-16
 4173.4264 1.59840e-16
 4176.4301 1.41086e-16
 4179.4338 1.44754e-16
 4182.4375 1.62373e-16
 4185.4412 1.50452e-16
 4188.4449 1.58640e-16
 4191.4487 1.67312e-16
 4194.4524 1.65616e-16
 4197.4561 1.66841e-16
 4200.4598 1.61051e-16
 4203.4635 1.67094e-16
 4206.4672 1.45212e-16
 4209.4710 1.61132e-16
 4212.4747 1.55289e-16
 4215.4784 1.58320e-16
 4218.4821 1.51811e-16
 4221.4858 1.62676e-16
 4224.4895 1.63944e-16
 4227.4933 1.63826e-16
 4230.4970 1.62447e-16
 4233.5007 1.71472e-16
 4236.5044 1.75727e-16
 4239.5081 1.60175e-16
 4242.5118 1.72974e-16
 4245.5156 1.72819e-16
 4248.5193 1.62755e-16
 4251.5230 1.64281e-16
 4254.5267 1.56704e-16
 4257.5304 1.60077e-16
 4260.5342 1.68559e-16
 4263.5379 1.64788e-16
 4266.5416 1.56442e-16
 4269.5453 1.58252e-16
 4272.5490 1.62115e-16
 4275.5527 1.53894e-16
 4278.5565 1.61495e-16
 4281.5602 1.72560e-16
 4284.5639 1.69565e-16
 4287.5676 1.70551e-16
 4290.5713 1.62609e-16
 4293.5750 1.80373e-16
 4296.5788 1.67145e-16
 4299.5825 1.81020e-16
 4302.5862 1.77691e-16
 4305.5899 1.82172e-16
 4308.5936 1.84870e-16
 4311.5973 1.83524e-16
 4314.6011 1.81240e-16
 4317.6048 1.87763e-16
 4320.6085 1.82568e-16
 4323.6122 1.85798e-16
 4326.6159 1.99215e-16
 4329.6197 1.96009e-16
 4332.6234 1.93498e-16
 4335.6271 1.73434e-16
 4338.6308 1.86648e-16
 4341.6345 1.86212e-16
 4344.6382 1.76013e-16
 4347.6420 1.81663e-16
 4350.6457 1.65980e-16
 4353.6494 1.58553e-16
 4356.6531 1.59926e-16
 4359.6568 1.57938e-16
 4362.6605 1.47137e-16
 4365.6643 1.54147e-16
 4368.6680 1.54879e-16
 4371.6717 1.49678e-16
 4374.6754 1.40732e-16
 4377.6791 1.41209e-16
 4380.6829 1.25791e-16
 4383.6866 1.21358e-16
 4386.6903 1.16255e-16
 4389.6940 1.10769e-16
 4392.6977 1.06317e-16
 4395.7014 1.08956e-16
 4398.7052 1.10544e-16
 4401.7089 1.16087e-16
 4404.7126 1.00763e-16
 4407.7163 9.53628e-17
 4410.7200 1.01208e-16
 4413.7237 1.00725e-16
 4416.7275 1.01360e-16
 4419.7312 1.00544e-16
 4422.7349 9.90695e-17
 4425.7386 1.05755e-16
 4428.7423 9.40950e-17
 4431.7460 9.82550e-17
 4434.7498 9.28187e-17
 4437.7535 1.02707e-16
 4440.7572 9.30159e-17
 4443.7609 8.93117e-17
 4446.7646 9.76859e-17
 4449.7683 9.82192e-17
 4452.7721 9.55324e-17
 4455.7758 1.05932e-16
 4458.7795 1.07091e-16
 4461.7832 1.08739e-16
 4464.7869 1.07643e-16
 4467.7907 1.16093e-16
 4470.7944 1.10096e-16
 4473.7981 1.14399e-16
 4476.8018 1.17448e-16
 4479.8055 1.17031e-16
 4482.8092 1.19076e-16
 4485.8130 1.35265e-16
 4488.8167 1.32058e-16
 4491.8204 1.34319e-16
 4494.8241 1.36122e-16
 4497.8278 1.46235e-16
 4500.8316 1.48939e-16
 4503.8353 1.63019e-16
 4506.8390 1.56256e-16
 4509.8427 1.66746e-16
 4512.8464 1.70981e-16
 4515.8501 1.72263e-16
 4518.8539 1.79831e-16
 4521.8576 1.78467e-16
 4524.8613 1.83789e-16
 4527.8650 1.92389e-16
 4530.8687 2.01555e-16
 4533.8724 2.06223e-16
 4536.8762 2.18589e-16
 4539.8799 2.21121e-16
 4542.8836 2.27502e-16
 4545.8873 2.44960e-16
 4548.8910 2.46279e-16
 4551.8947 2.40464e-16
 4554.8985 2.57174e-16
 4557.9022 2.73033e-16
 4560.9059 2.72783e-16
 4563.9096 2.81803e-16
 4566.9133 2.91612e-16
 4569.9170 2.90194e-16
 4572.9208 2.95262e-16
 4575.9245 3.05609e-16
 4578.9282 3.12375e-16
 4581.9319 3.16305e-16
 4584.9356 3.18846e-16
 4587.9394 3.17907e-16
 4590.9431 3.23126e-16
 4593.9468 3.32996e-16
 4596.9505 3.40341e-16
 4599.9542 3.40980e-16
 4602.9579 3.44823e-16
 4605.9617 3.49389e-16
 4608.9654 3.54642e-16
 4611.9691 3.51670e-16
 4614.9728 3.57569e-16
 4617.9765 3.75471e-16
 4620.9802 3.65061e-16
 4623.9840 3.60394e-16
 4626.9877 3.78490e-16
 4629.9914 3.77147e-16
 4632.9951 3.85412e-16
 4635.9988 3.80001e-16
 4639.0025 3.82677e-16
 4642.0063 3.78471e-16
 4645.0100 3.75335e-16
 4648.0137 3.72145e-16
 4651.0174 3.70448e-16
 4654.0211 3.70578e-16
 4657.0249 3.64159e-16
 4660.0286 3.53751e-16
 4663.0323 3.41399e-16
 4666.0360 3.27855e-16
 4669.0397 3.22250e-16
 4672.0434 3.12312e-16
 4675.0472 3.05924e-16
 4678.0509 2.86966e-16
 4681.0546 2.75565e-16
 4684.0583 2.68164e-16
 4687.0620 2.61793e-16
 4690.0657 2.65622e-16
 4693.0695 2.50433e-16
 4696.0732 2.50049e-16
 4699.0769 2.37519e-16
 4702.0806 2.32594e-16
 4705.0843 2.22695e-16
 4708.0881 2.21141e-16
 4711.0918 2.03688e-16
 4714.0955 1.99050e-16
 4717.0992 2.01164e-16
 4720.1029 2.03590e-16
 4723.1066 2.01085e-16
 4726.1104 2.03654e-16
 4729.1141 1.96524e-16
 4732.1178 1.94237e-16
 4735.1215 1.84767e-16
 4738.1252 1.79820e-16
 4741.1289 1.77168e-16
 4744.1327 1.70458e-16
 4747.1364 1.57744e-16
 4750.1401 1.57785e-16
 4753.1438 1.61072e-16
 4756.1475 1.44906e-16
 4759.1512 1.42874e-16
 4762.1550 1.43457e-16
 4765.1587 1.41631e-16
 4768.1624 1.34318e-16
 4771.1661 1.34857e-16
 4774.1698 1.40926e-16
 4777.1736 1.36549e-16
 4780.1773 1.30914e-16
 4783.1810 1.32591e-16
 4786.1847 1.35074e-16
 4789.1884 1.40794e-16
 4792.1921 1.40060e-16
 4795.1959 1.31752e-16
 4798.1996 1.37466e-16
 4801.2033 1.48609e-16
 4804.2070 1.54848e-16
 4807.2107 1.55127e-16
 4810.2144 1.50488e-16
 4813.2182 1.59457e-16
 4816.2219 1.67864e-16
 4819.2256 1.70246e-16
 4822.2293 1.64067e-16
 4825.2330 1.62665e-16
 4828.2368 1.59911e-16
 4831.2405 1.68482e-16
 4834.2442 1.57523e-16
 4837.2479 1.52863e-16
 4840.2516 1.54950e-16
 4843.2553 1.64351e-16
 4846.2591 1.50153e-16
 4849.2628 1.46913e-16
 4852.2665 1.49932e-16
 4855.2702 1.48990e-16
 4858.2739 1.40282e-16
 4861.2776 1.38042e-16
 4864.2814 1.40734e-16
 4867.2851 1.47192e-16
 4870.2888 1.45786e-16
 4873.2925 1.42483e-16
 4876.2962 1.50281e-16
 4879.2999 1.52943e-16
 4882.3037 1.48797e-16
 4885.3074 1.50852e-16
 4888.3111 1.58332e-16
 4891.3148 1.57121e-16
 4894.3185 1.49029e-16
 4897.3223 1.63370e-16
 4900.3260 1.65937e-16
 4903.3297 1.64505e-16
 4906.3334 1.72710e-16
 4909.3371 1.81545e-16
 4912.3408 1.83312e-16
 4915.3446 1.94483e-16
 4918.3483 2.00230e-16
 4921.3520 2.08389e-16
 4924.3557 1.92016e-16
 4927.3594 2.04111e-16
 4930.3631 2.12856e-16
 4933.3669 2.05206e-16
 4936.3706 2.07640e-16
 4939.3743 2.14213e-16
 4942.3780 2.25093e-16
 4945.3817 2.33059e-16
 4948.3854 2.38554e-16
 4951.3892 2.31509e-16
 4954.3929 2.32887e-16
 4957.3966 2.43697e-16
 4960.4003 2.30513e-16
 4963.4040 2.23856e-16
 4966.4077 2.26906e-16
 4969.4115 2.20892e-16
 4972.4152 2.20897e-16
 4975.4189 2.11469e-16
 4978.4226 1.99721e-16
 4981.4263 1.87287e-16
 4984.4301 1.86438e-16
 4987.4338 1.88158e-16
 4990.4375 1.81012e-16
 4993.4412 1.78699e-16
 4996.4449 1.73462e-16
 4999.4486 1.64444e-16
 5002.4524 1.60207e-16
 5005.4561 1.54299e-16
 5008.4598 1.49395e-16
 5011.4635 1.49980e-16
 5014.4672 1.54996e-16
 5017.4710 1.42512e-16
 5020.4747 1.42362e-16
 5023.4784 1.44510e-16
 5026.4821 1.43909e-16
 5029.4858 1.46161e-16
 5032.4895 1.47995e-16
 5035.4933 1.36568e-16
 5038.4970 1.37406e-16
 5041.5007 1.31442e-16
 5044.5044 1.34415e-16
 5047.5081 1.34197e-16
 5050.5118 1.37649e-16
 5053.5156 1.40693e-16
 5056.5193 1.40705e-16
 5059.5230 1.41210e-16
 5062.5267 1.37567e-16
 5065.5304 1.38805e-16
 5068.5341 1.42798e-16
 5071.5379 1.47087e-16
 5074.5416 1.45221e-16
 5077.5453 1.45113e-16
 5080.5490 1.40731e-16
 5083.5527 1.41273e-16
 5086.5564 1.47994e-16
 5089.5602 1.46836e-16
 5092.5639 1.54084e-16
 5095.5676 1.54773e-16
 5098.5713 1.51052e-16
 5101.5750 1.44069e-16
 5104.5788 1.49810e-16
 5107.5825 1.54554e-16
 5110.5862 1.52443e-16
 5113.5899 1.52863e-16
 5116.5936 1.51372e-16
 5119.5973 1.58182e-16
 5122.6011 1.54659e-16
 5125.6048 1.58045e-16
 5128.6085 1.61980e-16
 5131.6122 1.63861e-16
 5134.6159 1.69415e-16
 5137.6197 1.60012e-16
 5140.6234 1.57280e-16
 5143.6271 1.57149e-16
 5146.6308 1.55836e-16
 5149.6345 1.53097e-16
 5152.6382 1.61861e-16
 5155.6420 1.62178e-16
 5158.6457 1.58165e-16
 5161.6494 1.61348e-16
 5164.6531 1.62601e-16
 5167.6568 1.59456e-16
 5170.6605 1.57425e-16
 5173.6643 1.61988e-16
 5176.6680 1.59486e-16
 5179.6717 1.57160e-16
 5182.6754 1.72450e-16
 5185.6791 1.72348e-16
 5188.6828 1.70416e-16
 5191.6866 1.75888e-16
 5194.6903 1.77280e-16
 5197.6940 1.83479e-16
 5200.6977 1.86282e-16
 5203.7014 1.87620e-16
 5206.7051 1.92056e-16
 5209.7089 1.92014e-16
 5212.7126 1.95378e-16
 5215.7163 1.87636e-16
 5218.7200 2.07137e-16
 5221.7237 2.11927e-16
 5224.7275 2.11681e-16
 5227.7312 2.04131e-16
 5230.7349 2.16136e-16
 5233.7386 2.13151e-16
 5236.7423 2.06750e-16
 5239.7460 2.16151e-16
 5242.7498 2.24269e-16
 5245.7535 2.25007e-16
 5248.7572 2.27077e-16
 5251.7609 2.28899e-16
 5254.7646 2.21660e-16
 5257.7683 2.26726e-16
 5260.7721 2.30582e-16
 5263.7758 2.36503e-16
 5266.7795 2.42545e-16
 5269.7832 2.43233e-16
 5272.7869 2.34712e-16
 5275.7906 2.44944e-16
 5278.7944 2.56345e-16
 5281.7981 2.52278e-16
 5284.8018 2.53857e-16
 5287.8055 2.53430e-16
 5290.8092 2.51852e-16
 5293.8129 2.59394e-16
 5296.8167 2.58540e-16
 5299.8204 2.60863e-16
 5302.8241 2.56248e-16
 5305.8278 2.59469e-16
 5308.8315 2.55592e-16
 5311.8353 2.51527e-16
 5314.8390 2.53295e-16
 5317.8427 2.57827e-16
 5320.8464 2.61700e-16
 5323.8501 2.59676e-16
 5326.8538 2.63275e-16
 5329.8576 2.51552e-16
 5332.8613 2.58040e-16
 5335.8650 2.65442e-16
 5338.8687 2.63101e-16
 5341.8724 2.63757e-16
 5344.8762 2.59471e-16
 5347.8799 2.53906e-16
 5350.8836 2.51050e-16
 5353.8873 2.52301e-16
 5356.8910 2.56780e-16
 5359.8947 2.55026e-16
 5362.8985 2.57262e-16
 5365.9022 2.59630e-16
 5368.9059 2.54473e-16
 5371.9096 2.41540e-16
 5374.9133 2.44873e-16
 5377.9170 2.44503e-16
 5380.9208 2.52678e-16
 5383.9245 2.57426e-16
 5386.9282 2.54402e-16
 5389.9319 2.49347e-16
 5392.9356 2.49839e-16
 5395.9393 2.49045e-16
 5398.9431 2.39957e-16
 5401.9468 2.41791e-16
 5404.9505 2.37785e-16
 5407.9542 2.38062e-16
 5410.9579 2.40744e-16
 5413.9616 2.27746e-16
 5416.9654 2.31596e-16
 5419.9691 2.25299e-16
 5422.9728 2.24818e-16
 5425.9765 2.23013e-16
 5428.9802 2.21797e-16
 5431.9840 2.19595e-16
 5434.9877 2.26874e-16
 5437.9914 2.32032e-16
 5440.9951 2.29463e-16
 5443.9988 2.25481e-16
 5447.0025 2.16057e-16
 5450.0063 2.18011e-16
 5453.0100 2.18580e-16
 5456.0137 2.19411e-16
 5459.0174 2.19239e-16
 5462.0211 2.12834e-16
 5465.0249 2.10024e-16
 5468.0286 2.12467e-16
 5471.0323 2.23882e-16
 5474.0360 2.09577e-16
 5477.0397 2.10048e-16
 5480.0434 2.08931e-16
 5483.0472 2.10590e-16
 5486.0509 2.10312e-16
 5489.0546 2.10942e-16
 5492.0583 2.04582e-16
 5495.0620 2.05605e-16
 5498.0657 2.06363e-16
 5501.0695 2.01045e-16
 5504.0732 1.97630e-16
 5507.0769 1.87923e-16
 5510.0806 1.96786e-16
 5513.0843 2.04771e-16
 5516.0880 1.97228e-16
 5519.0918 2.02253e-16
 5522.0955 2.05343e-16
 5525.0992 2.13563e-16
 5528.1029 2.09097e-16
 5531.1066 2.05211e-16
 5534.1103 1.98364e-16
 5537.1141 2.07983e-16
 5540.1178 1.96443e-16
 5543.1215 2.01844e-16
 5546.1252 1.97845e-16
 5549.1289 1.96732e-16
 5552.1327 1.90065e-16
 5555.1364 2.03243e-16
 5558.1401 2.01929e-16
 5561.1438 1.86534e-16
 5564.1475 1.88588e-16
 5567.1512 1.77368e-16
 5570.1550 1.76543e-16
 5573.1587 1.83046e-16
 5576.1624 1.84630e-16
 5579.1661 1.86305e-16
 5582.1698 1.71154e-16
 5585.1735 1.71140e-16
 5588.1773 1.72637e-16
 5591.1810 1.61434e-16
 5594.1847 1.62087e-16
 5597.1884 1.57206e-16
 5600.1921 1.63136e-16
 5603.1958 1.48991e-16
 5606.1996 1.52469e-16
 5609.2033 1.55759e-16
 5612.2070 1.50452e-16
 5615.2107 1.52157e-16
 5618.2144 1.44361e-16
 5621.2181 1.43908e-16
 5624.2219 1.36695e-16
 5627.2256 1.22168e-16
 5630.2293 1.24074e-16
 5633.2330 1.27440e-16
 5636.2367 1.15889e-16
 5639.2405 1.07081e-16
 5642.2442 1.02683e-16
 5645.2479 1.10025e-16
 5648.2516 1.13117e-16
 5651.2553 1.06602e-16
 5654.2590 9.99017e-17
 5657.2628 9.61548e-17
 5660.2665 9.85735e-17
 5663.2702 9.06443e-17
 5666.2739 9.17392e-17
 5669.2776 9.35313e-17
 5672.2814 9.49327e-17
 5675.2851 8.77647e-17
 5678.2888 8.48224e-17
 5681.2925 8.31452e-17
 5684.2962 8.47823e-17
 5687.2999 8.82663e-17
 5690.3037 8.01473e-17
 5693.3074 8.38925e-17
 5696.3111 8.92524e-17
 5699.3148 8.70805e-17
 5702.3185 8.24619e-17
 5705.3222 8.23222e-17
 5708.3260 7.97805e-17
 5711.3297 8.13855e-17
 5714.3334 9.30398e-17
 5717.3371 9.06940e-17
 5720.3408 9.63236e-17
 5723.3445 1.01727e-16
 5726.3483 1.01804e-16
 5729.3520 1.08302e-16
 5732.3557 1.13243e-16
 5735.3594 1.19932e-16
 5738.3631 1.22945e-16
 5741.3668 1.24670e-16
 5744.3706 1.31524e-16
 5747.3743 1.34425e-16
 5750.3780 1.42864e-16
 5753.3817 1.42205e-16
 5756.3854 1.56372e-16
 5759.3892 1.67181e-16
 5762.3929 1.65179e-16
 5765.3966 1.67374e-16
 5768.4003 1.77967e-16
 5771.4040 1.84302e-16
 5774.4077 1.88981e-16
 5777.4115 1.93395e-16
 5780.4152 2.01508e-16
 5783.4189 2.03964e-16
 5786.4226 2.15433e-16
 5789.4263 2.17292e-16
 5792.4301 2.20599e-16
 5795.4338 2.25430e-16
 5798.4375 2.32106e-16
 5801.4412 2.33421e-16
 5804.4449 2.36445e-16
 5807.4486 2.48664e-16
 5810.4524 2.44391e-16
 5813.4561 2.38141e-16
 5816.4598 2.36698e-16
 5819.4635 2.45717e-16
 5822.4672 2.50265e-16
 5825.4709 2.52878e-16
 5828.4747 2.66923e-16
 5831.4784 2.63313e-16
 5834.4821 2.69783e-16
 5837.4858 2.56373e-16
 5840.4895 2.67011e-16
 5843.4932 2.64715e-16
 5846.4970 2.70182e-16
 5849.5007 2.67072e-16
 5852.5044 2.77307e-16
 5855.5081 2.71732e-16
 5858.5118 2.75059e-16
 5861.5155 2.75725e-16
 5864.5193 2.83747e-16
 5867.5230 2.69151e-16
 5870.5267 2.62560e-16
 5873.5304 2.72751e-16
 5876.5341 2.78121e-16
 5879.5379 2.66034e-16
 5882.5416 2.63461e-16
 5885.5453 2.72319e-16
 5888.5490 2.80921e-16
 5891.5527 2.73455e-16
 5894.5564 2.64434e-16
 5897.5602 2.69973e-16
 5900.5639 2.66727e-16
 5903.5676 2.64574e-16
 5906.5713 2.62682e-16
 5909.5750 2.73462e-16
 5912.5787 2.68374e-16
 5915.5825 2.60404e-16
 5918.5862 2.59657e-16
 5921.5899 2.63744e-16
 5924.5936 2.58835e-16
 5927.5973 2.58376e-16
 5930.6010 2.45889e-16
 5933.6048 2.40447e-16
 5936.6085 2.47829e-16
 5939.6122 2.46298e-16
 5942.6159 2.41478e-16
 5945.6196 2.36669e-16
 5948.6233 2.31748e-16
 5951.6271 2.27012e-16
 5954.6308 2.21414e-16
 5957.6345 2.17176e-16
 5960.6382 2.19723e-16
 5963.6419 2.13946e-16
 5966.6457 2.03253e-16
 5969.6494 2.03412e-16
 5972.6531 2.03886e-16
 5975.6568 1.96293e-16
 5978.6605 1.99679e-16
 5981.6642 1.88466e-16
 5984.6680 1.90518e-16
 5987.6717 1.83501e-16
 5990.6754 1.82284e-16
 5993.6791 1.81358e-16
 5996.6828 1.70792e-16
 5999.6866 1.70673e-16
 6002.6903 1.68162e-16
 6005.6940 1.62552e-16
 6008.6977 1.55809e-16
 6011.7014 1.57712e-16
 6014.7051 1.57331e-16
 6017.7089 1.50739e-16
 6020.7126 1.46278e-16
 6023.7163 1.50663e-16
 6026.7200 1.46073e-16
 6029.7237 1.47549e-16
 6032.7274 1.46282e-16
 6035.7312 1.40584e-16
 6038.7349 1.39772e-16
 6041.7386 1.40966e-16
 6044.7423 1.39180e-16
 6047.7460 1.37913e-16
 6050.7497 1.41284e-16
 6053.7535 1.41467e-16
 6056.7572 1.30931e-16
 6059.7609 1.34356e-16
 6062.7646 1.29699e-16
 6065.7683 1.40362e-16
 6068.7720 1.45560e-16
 6071.7758 1.38513e-16
 6074.7795 1.40325e-16
 6077.7832 1.35462e-16
 6080.7869 1.35338e-16
 6083.7906 1.41404e-16
 6086.7944 1.48314e-16
 6089.7981 1.43819e-16
 6092.8018 1.37358e-16
 6095.8055 1.39476e-16
 6098.8092 1.43333e-16
 6101.8129 1.40837e-16
 6104.8167 1.42540e-16
 6107.8204 1.41279e-16
 6110.8241 1.39838e-16
 6113.8278 1.41695e-16
 6116.8315 1.45339e-16
 6119.8353 1.41290e-16
 6122.8390 1.48175e-16
 6125.8427 1.46033e-16
 6128.8464 1.49232e-16
 6131.8501 1.43733e-16
 6134.8538 1.52557e-16
 6137.8576 1.51741e-16
 6140.8613 1.50127e-16
 6143.8650 1.40744e-16
 6146.8687 1.43365e-16
 6149.8724 1.37641e-16
 6152.8761 1.47910e-16
 6155.8799 1.49302e-16
 6158.8836 1.45213e-16
 6161.8873 1.43755e-16
 6164.8910 1.47214e-16
 6167.8947 1.53958e-16
 6170.8984 1.45053e-16
 6173.9022 1.50856e-16
 6176.9059 1.48437e-16
 6179.9096 1.52090e-16
 6182.9133 1.55954e-16
 6185.9170 1.52773e-16
 6188.9207 1.57533e-16
 6191.9245 1.57154e-16
 6194.9282 1.60690e-16
 6197.9319 1.53674e-16
 6200.9356 1.39722e-16
 6203.9393 1.51772e-16
 6206.9431 1.52180e-16
 6209.9468 1.47420e-16
 6212.9505 1.54170e-16
 6215.9542 1.59238e-16
 6218.9579 1.54526e-16
 6221.9616 1.48283e-16
 6224.9654 1.53825e-16
 6227.9691 1.44530e-16
 6230.9728 1.54615e-16
 6233.9765 1.55793e-16
 6236.9802 1.47833e-16
 6239.9839 1.46238e-16
 6242.9877 1.35675e-16
 6245.9914 1.41121e-16
 6248.9951 1.35503e-16
 6251.9988 1.36887e-16
 6255.0025 1.33690e-16
 6258.0062 1.38024e-16
 6261.0100 1.34022e-16
 6264.0137 1.25939e-16
 6267.0174 1.27782e-16
 6270.0211 1.32975e-16
 6273.0248 1.32272e-16
 6276.0286 1.24421e-16
 6279.0323 1.28820e-16
 6282.0360 1.25498e-16
 6285.0397 1.19909e-16
 6288.0434 1.22734e-16
 6291.0471 1.21011e-16
 6294.0509 1.17899e-16
 6297.0546 1.16094e-16
 6300.0583 1.14998e-16
 6303.0620 1.10824e-16
 6306.0657 1.11354e-16
 6309.0694 1.06292e-16
 6312.0732 1.15571e-16
 6315.0769 1.13047e-16
 6318.0806 1.03763e-16
 6321.0843 1.07170e-16
 6324.0880 1.05932e-16
 6327.0918 1.04193e-16
 6330.0955 1.04759e-16
 6333.0992 1.05235e-16
 6336.1029 1.04851e-16
 6339.1066 1.09027e-16
 6342.1103 1.13779e-16
 6345.1141 1.13826e-16
 6348.1178 1.15952e-16
 6351.1215 1.11582e-16
 6354.1252 1.06472e-16
 6357.1289 1.10226e-16
 6360.1326 1.13941e-16
 6363.1364 1.16208e-16
 6366.1401 1.14734e-16
 6369.1438 1.14242e-16
 6372.1475 1.20388e-16
 6375.1512 1.17197e-16
 6378.1549 1.24332e-16
 6381.1587 1.20553e-16
 6384.1624 1.27347e-16
 6387.1661 1.28982e-16
 6390.1698 1.25737e-16
 6393.1735 1.30477e-16
 6396.1772 1.34918e-16
 6399.1810 1.31492e-16
 6402.1847 1.26759e-16
 6405.1884 1.35876e-16
 6408.1921 1.42089e-16
 6411.1958 1.43046e-16
 6414.1996 1.42219e-16
 6417.2033 1.47126e-16
 6420.2070 1.51334e-16
 6423.2107 1.50781e-16
 6426.2144 1.52857e-16
 6429.2181 1.49448e-16
 6432.2219 1.49842e-16
 6435.2256 1.53744e-16
 6438.2293 1.55660e-16
 6441.2330 1.60077e-16
 6444.2367 1.63301e-16
 6447.2405 1.60319e-16
 6450.2442 1.59481e-16
 6453.2479 1.70780e-16
 6456.2516 1.63742e-16
 6459.2553 1.64040e-16
 6462.2590 1.66217e-16
 6465.2628 1.72417e-16
 6468.2665 1.71845e-16
 6471.2702 1.75177e-16
 6474.2739 1.79993e-16
 6477.2776 1.71959e-16
 6480.2813 1.82156e-16
 6483.2851 1.79411e-16
 6486.2888 1.80186e-16
 6489.2925 1.84063e-16
 6492.2962 1.79627e-16
 6495.2999 1.80685e-16
 6498.3036 1.79539e-16
 6501.3074 1.80073e-16
 6504.3111 1.79526e-16
 6507.3148 1.77820e-16
 6510.3185 1.76933e-16
 6513.3222 1.79319e-16
 6516.3259 1.79150e-16
 6519.3297 1.73928e-16
 6522.3334 1.75610e-16
 6525.3371 1.77018e-16
 6528.3408 1.70259e-16
 6531.3445 1.75715e-16
 6534.3483 1.71043e-16
 6537.3520 1.67118e-16
 6540.3557 1.64028e-16
 6543.3594 1.63522e-16
 6546.3631 1.61352e-16
 6549.3668 1.62786e-16
 6552.3706 1.56557e-16
 6555.3743 1.57791e-16
 6558.3780 1.54171e-16
 6561.3817 1.55530e-16
 6564.3854 1.54066e-16
 6567.3891 1.47012e-16
 6570.3929 1.39838e-16
 6573.3966 1.35881e-16
 6576.4003 1.42654e-16
 6579.4040 1.39625e-16
 6582.4077 1.42025e-16
 6585.4114 1.37053e-16
 6588.4152 1.27840e-16
 6591.4189 1.34079e-16
 6594.4226 1.27597e-16
 6597.4263 1.24266e-16
 6600.4300 1.22674e-16
 6603.4338 1.23601e-16
 6606.4375 1.25185e-16
 6609.4412 1.23390e-16
 6612.4449 1.15625e-16
 6615.4486 1.13354e-16
 6618.4523 1.09401e-16
 6621.4561 1.04483e-16
 6624.4598 1.04808e-16
 6627.4635 1.05494e-16
 6630.4672 1.00337e-16
 6633.4709 9.28194e-17
 6636.4746 9.05639e-17
 6639.4784 9.50770e-17
 6642.4821 9.38499e-17
 6645.4858 9.20839e-17
 6648.4895 8.46896e-17
 6651.4932 8.56063e-17
 6654.4970 8.83867e-17
 6657.5007 7.70922e-17
 6660.5044 7.82471e-17
 6663.5081 7.80233e-17
 6666.5118 7.27409e-17
 6669.5155 7.61213e-17
 6672.5193 7.45978e-17
 6675.5230 6.64273e-17
 6678.5267 7.74929e-17
 6681.5304 6.98883e-17
 6684.5341 6.47258e-17
 6687.5378 6.62661e-17
 6690.5416 6.74175e-17
 6693.5453 6.51451e-17
 6696.5490 5.72808e-17
 6699.5527 5.84395e-17
 6702.5564 6.04046e-17
 6705.5601 5.49092e-17
 6708.5639 5.40085e-17
 6711.5676 5.86191e-17
 6714.5713 5.83280e-17
 6717.5750 5.60438e-17
 6720.5787 5.85243e-17
 6723.5824 5.29868e-17
 6726.5862 5.21241e-17
 6729.5899 5.03362e-17
 6732.5936 5.70645e-17
 6735.5973 4.93299e-17
 6738.6010 5.29202e-17
 6741.6048 5.20986e-17
 6744.6085 4.73837e-17
 6747.6122 4.56180e-17
 6750.6159 4.74577e-17
 6753.6196 5.05707e-17
 6756.6233 5.04869e-17
 6759.6271 4.81067e-17
 6762.6308 5.10469e-17
 6765.6345 5.10484e-17
 6768.6382 4.70065e-17
 6771.6419 5.11046e-17
 6774.6457 4.95301e-17
 6777.6494 4.44008e-17
 6780.6531 4.09922e-17
 6783.6568 4.06670e-17
 6786.6605 4.12615e-17
 6789.6642 4.78258e-17
 6792.6680 4.74897e-17
 6795.6717 5.02320e-17
 6798.6754 4.41758e-17
 6801.6791 4.45117e-17
 6804.6828 4.04213e-17
 6807.6865 4.84773e-17
 6810.6903 4.36270e-17
 6813.6940 4.25416e-17
 6816.6977 4.91072e-17
 6819.7014 5.34748e-17
 6822.7051 4.81674e-17
 6825.7088 5.42915e-17
 6828.7126 5.16194e-17
 6831.7163 4.92718e-17
 6834.7200 4.92080e-17
 6837.7237 5.14933e-17
 6840.7274 5.10073e-17
 6843.7311 5.06120e-17
 6846.7349 5.31122e-17
 6849.7386 5.47524e-17
 6852.7423 5.40898e-17
 6855.7460 5.19840e-17
 6858.7497 5.68623e-17
 6861.7535 5.66681e-17
 6864.7572 6.30062e-17
 6867.7609 5.45094e-17
 6870.7646 5.68479e-17
 6873.7683 5.90328e-17
 6876.7720 6.46986e-17
 6879.7758 7.45298e-17
 6882.7795 6.50365e-17
 6885.7832 6.28499e-17
 6888.7869 6.39949e-17
 6891.7906 6.17126e-17
 6894.7943 6.16749e-17
 6897.7981 5.93864e-17
 6900.8018 6.28963e-17
 6903.8055 7.16766e-17
 6906.8092 7.10724e-17
 6909.8129 6.58388e-17
 6912.8166 6.90611e-17
 6915.8204 7.06639e-17
 6918.8241 7.23808e-17
 6921.8278 7.65306e-17
 6924.8315 7.55591e-17
 6927.8352 7.11045e-17
 6930.8390 6.98100e-17
 6933.8427 7.53266e-17
 6936.8464 6.98897e-17
 6939.8501 7.25935e-17
 6942.8538 7.73142e-17
 6945.8575 7.63045e-17
 6948.8613 7.65346e-17
 6951.8650 7.67275e-17
 6954.8687 7.77635e-17
 6957.8724 8.10005e-17
 6960.8761 7.52780e-17
 6963.8798 7.33468e-17
 6966.8836 7.60156e-17
 6969.8873 7.39589e-17
 6972.8910 7.33451e-17
 6975.8947 8.12249e-17
 6978.8984 8.06031e-17
 6981.9022 7.99911e-17
 6984.9059 7.55124e-17
 6987.9096 7.43375e-17
 6990.9133 8.24881e-17
 6993.9170 8.22681e-17
 6996.9207 7.15978e-17
 6999.9245 7.57665e-17
 7002.9282 7.66039e-17
 7005.9319 7.89917e-17
 7008.9356 7.05572e-17
 7011.9393 7.61921e-17
 7014.9430 7.81488e-17
 7017.9468 8.00607e-17
 7020.9505 7.41415e-17
 7023.9542 7.35360e-17
 7026.9579 7.56908e-17
 7029.9616 7.64886e-17
 7032.9653 7.38619e-17
 7035.9691 7.76315e-17
 7038.9728 7.95571e-17
 7041.9765 8.07461e-17
 7044.9802 8.54167e-17
 7047.9839 8.26448e-17
 7050.9876 8.34555e-17
 7053.9914 7.79038e-17
 7056.9951 7.25223e-17
 7059.9988 7.67104e-17
 7063.0025 9.25923e-17
 7066.0062 8.28972e-17
 7069.0100 7.78553e-17
 7072.0137 7.74778e-17
 7075.0174 7.05915e-17
 7078.0211 7.32467e-17
 7081.0248 7.89224e-17
 7084.0285 8.15484e-17
 7087.0323 8.30109e-17
 7090.0360 7.58139e-17
 7093.0397 8.13365e-17
 7096.0434 7.95901e-17
 7099.0471 8.97747e-17
 7102.0509 9.05256e-17
 7105.0546 7.39410e-17
 7108.0583 7.79492e-17
 7111.0620 7.81292e-17
 7114.0657 8.21149e-17
 7117.0694 8.77226e-17
 7120.0732 8.95277e-17
 7123.0769 8.49910e-17
 7126.0806 8.23498e-17
 7129.0843 9.15638e-17
 7132.0880 8.38695e-17
 7135.0917 8.32412e-17
 7138.0955 8.34167e-17
 7141.0992 8.03873e-17
 7144.1029 7.89540e-17
 7147.1066 8.69363e-17
 7150.1103 8.28585e-17
 7153.1140 7.92292e-17
 7156.1178 8.56309e-17
 7159.1215 8.30322e-17
 7162.1252 8.73967e-17
 7165.1289 9.28435e-17
 7168.1326 9.02062e-17
 7171.1363 8.79115e-17
 7174.1401 9.39007e-17
 7177.1438 9.24777e-17
 7180.1475 8.91003e-17
 7183.1512 9.05896e-17
 7186.1549 9.06636e-17
 7189.1587 1.00152e-16
 7192.1624 1.00849e-16
 7195.1661 8.95243e-17
 7198.1698 9.56470e-17
 7201.1735 1.02541e-16
 7204.1772 9.60787e-17
 7207.1810 1.01215e-16
 7210.1847 9.30875e-17
 7213.1884 8.14065e-17
 7216.1921 9.49245e-17
 7219.1958 9.79822e-17
 7222.1995 1.01417e-16
 7225.2033 1.06124e-16
 7228.2070 1.04977e-16
 7231.2107 9.75027e-17
 7234.2144 9.95486e-17
 7237.2181 1.02672e-16
 7240.2218 1.01881e-16
 7243.2256 9.85661e-17
 7246.2293 1.06153e-16
 7249.2330 9.98588e-17
 7252.2367 1.05423e-16
 7255.2404 1.00177e-16
 7258.2442 9.88557e-17
 7261.2479 1.00802e-16
 7264.2516 9.73229e-17
 7267.2553 9.83988e-17
 7270.2590 9.86388e-17
 7273.2627 1.05969e-16
 7276.2665 9.93625e-17
 7279.2702 1.02428e-16
 7282.2739 1.01271e-16
 7285.2776 1.03020e-16
 7288.2813 1.09294e-16
 7291.2850 1.04181e-16
 7294.2888 9.99100e-17
 7297.2925 1.03178e-16
 7300.2962 1.02735e-16
 7303.2999 1.05784e-16
 7306.3036 1.04520e-16
 7309.3074 9.76344e-17
 7312.3111 1.06227e-16
 7315.3148 1.09918e-16
 7318.3185 1.05175e-16
 7321.3222 9.89766e-17
 7324.3259 1.03924e-16
 7327.3297 1.02667e-16
 7330.3334 1.02001e-16
 7333.3371 1.04557e-16
 7336.3408 1.09852e-16
 7339.3445 1.05352e-16
 7342.3482 1.01960e-16
 7345.3520 1.00667e-16
 7348.3557 1.04681e-16
 7351.3594 9.95167e-17
 7354.3631 1.05457e-16
 7357.3668 1.02322e-16
 7360.3705 9.26942e-17
 7363.3743 9.95191e-17
 7366.3780 1.00986e-16
 7369.3817 9.78772e-17
 7372.3854 9.50229e-17
 7375.3891 9.80358e-17
 7378.3928 9.92218e-17
 7381.3966 1.05984e-16
 7384.4003 1.00953e-16
 7387.4040 9.33017e-17
 7390.4077 9.33004e-17
 7393.4114 8.76322e-17
 7396.4152 9.56841e-17
 7399.4189 1.04280e-16
 7402.4226 9.50731e-17
 7405.4263 9.11885e-17
 7408.4300 9.61795e-17
 7411.4337 9.18225e-17
 7414.4375 8.80404e-17
 7417.4412 9.26861e-17
 7420.4449 9.73166e-17
 7423.4486 9.59672e-17
 7426.4523 9.16780e-17
 7429.4561 9.08243e-17
 7432.4598 9.19644e-17
 7435.4635 9.12011e-17
 7438.4672 9.00199e-17
 7441.4709 9.30731e-17
 7444.4746 9.28760e-17
 7447.4784 9.49361e-17
 7450.4821 9.94365e-17
 7453.4858 8.91858e-17
 7456.4895 8.44572e-17
 7459.4932 8.95822e-17
 7462.4969 9.38001e-17
 7465.5007 9.59408e-17
 7468.5044 8.45236e-17
 7471.5081 8.76789e-17
 7474.5118 9.57197e-17
 7477.5155 9.50869e-17
 7480.5192 9.36053e-17
 7483.5230 8.32772e-17
 7486.5267 8.15176e-17
 7489.5304 8.14956e-17
 7492.5341 8.27116e-17
 7495.5378 8.62903e-17
 7498.5415 7.34719e-17
 7501.5453 5.72481e-17
 7504.5490 5.20178e-17
 7507.5527 5.01938e-17
 7510.5564 6.00520e-17
 7513.5601 6.06746e-17
 7516.5639 4.70740e-17
 7519.5676 7.25163e-17
 7522.5713 8.87781e-17
 7525.5750 7.34654e-17
 7528.5787 6.70566e-17
 7531.5824 5.95833e-17
 7534.5862 6.21475e-17
 7537.5899 7.30599e-17
 7540.5936 6.72060e-17
 7543.5973 7.49698e-17
 7546.6010 7.37397e-17
 7549.6047 7.20225e-17
 7552.6085 7.70927e-17
 7555.6122 7.06157e-17
 7558.6159 7.79479e-17
 7561.6196 8.03278e-17
 7564.6233 7.39606e-17
 7567.6270 7.41188e-17
 7570.6308 7.45770e-17
 7573.6345 7.78138e-17
 7576.6382 7.97876e-17
 7579.6419 8.13697e-17
 7582.6456 7.67441e-17
 7585.6494 7.86591e-17
 7588.6531 7.32988e-17
 7591.6568 7.65428e-17
 7594.6605 7.45795e-17
 7597.6642 7.44882e-17
 7600.6679 7.29074e-17
 7603.6717 7.72756e-17
 7606.6754 7.74447e-17
 7609.6791 7.83563e-17
 7612.6828 7.79061e-17
 7615.6865 8.15854e-17
 7618.6902 8.22188e-17
 7621.6940 7.83393e-17
 7624.6977 6.97496e-17
 7627.7014 6.81654e-17
 7630.7051 6.77033e-17
 7633.7088 7.81788e-17
 7636.7126 8.25610e-17
 7639.7163 7.53468e-17
 7642.7200 7.57020e-17
 7645.7237 8.02893e-17
 7648.7274 8.37434e-17
 7651.7311 9.05780e-17
 7654.7349 7.37582e-17
 7657.7386 8.11492e-17
 7660.7423 8.54459e-17
 7663.7460 8.39263e-17
 7666.7497 8.32383e-17
 7669.7534 8.14792e-17
 7672.7572 7.82286e-17
 7675.7609 7.05360e-17
 7678.7646 7.22914e-17
 7681.7683 7.89640e-17
 7684.7720 8.69875e-17
 7687.7757 8.16084e-17
 7690.7795 7.83789e-17
 7693.7832 8.11055e-17
 7696.7869 8.80389e-17
 7699.7906 8.68063e-17
 7702.7943 8.13915e-17
 7705.7980 8.46144e-17
 7708.8018 8.08141e-17
 7711.8055 8.58666e-17
 7714.8092 8.56041e-17
 7717.8129 8.55057e-17
 7720.8166 8.43388e-17
 7723.8204 8.31717e-17
 7726.8241 8.20045e-17
 7729.8278 8.08374e-17
 7732.8315 7.96703e-17
 7735.8352 8.18947e-17
 7738.8389 8.08033e-17
 7741.8427 7.90283e-17
 7744.8464 7.62071e-17
 7747.8501 8.57705e-17
 7750.8538 8.73188e-17
 7753.8575 8.59387e-17
 7756.8613 8.06000e-17
 7759.8650 7.83269e-17
 7762.8687 7.18041e-17
 7765.8724 7.76295e-17
 7768.8761 6.99776e-17
 7771.8798 7.71722e-17
 7774.8836 7.05203e-17
 7777.8873 8.08102e-17
 7780.8910 8.85070e-17
 7783.8947 7.46420e-17
 7786.8984 7.66848e-17
 7789.9021 8.93858e-17
 7792.9059 8.76852e-17
 7795.9096 7.73312e-17
 7798.9133 7.57507e-17
 7801.9170 7.46758e-17
 7804.9207 7.79444e-17
 7807.9244 7.97052e-17
 7810.9282 7.81742e-17
 7813.9319 6.84658e-17
 7816.9356 7.08324e-17
 7819.9393 7.08542e-17
 7822.9430 7.08759e-17
 7825.9467 7.08977e-17
 7828.9505 7.09195e-17
 7831.9542 7.13636e-17
 7834.9579 7.62016e-17
 7837.9616 7.32331e-17
 7840.9653 7.13706e-17
 7843.9691 7.19352e-17
 7846.9728 7.32893e-17
 7849.9765 6.91849e-17
 7852.9802 7.44652e-17
 7855.9839 7.34117e-17
 7858.9876 7.12018e-17
 7861.9914 6.05668e-17
 7864.9951 6.46627e-17
 7867.9988 6.34023e-17
 7871.0025 6.22605e-17
 7874.0062 7.12600e-17
 7877.0099 7.00514e-17
 7880.0137 6.00267e-17
 7883.0174 6.61345e-17
 7886.0211 6.62835e-17
 7889.0248 5.54555e-17
 7892.0285 6.08547e-17
 7895.0322 5.86559e-17
 7898.0360 5.56981e-17
 7901.0397 5.97065e-17
 7904.0434 6.13598e-17
 7907.0471 5.78678e-17
 7910.0508 5.27068e-17
 7913.0546 5.69525e-17
 7916.0583 5.11000e-17
 7919.0620 5.17850e-17
 7922.0657 5.93375e-17
 7925.0694 6.96686e-17
 7928.0731 4.92743e-17
 7931.0769 4.64726e-17
 7934.0806 5.02214e-17
 7937.0843 4.90319e-17
 7940.0880 4.48168e-17
 7943.0917 4.60594e-17
 7946.0954 4.82584e-17
 7949.0992 5.02790e-17
 7952.1029 4.43206e-17
 7955.1066 4.68244e-17
 7958.1103 5.26381e-17
 7961.1140 4.12401e-17
 7964.1178 3.08485e-17
 7967.1215 4.71057e-17
 7970.1252 4.98599e-17
 7973.1289 4.54823e-17
 7976.1326 4.39730e-17
 7979.1363 4.51912e-17
 7982.1401 4.18600e-17
 7985.1438 4.83514e-17
 7988.1475 4.04691e-17
 7991.1512 3.83507e-17
 7994.1549 3.47277e-17
 7997.1586 2.85257e-17
 8000.1624 4.07189e-17
 8003.1661 4.85980e-17
 8006.1698 4.24402e-17
 8009.1735 3.87076e-17
 8012.1772 4.14574e-17
 8015.1809 4.27855e-17
 8018.1847 3.97443e-17
 8021.1884 3.77904e-17
 8024.1921 2.95594e-17
 8027.1958 3.46464e-17
 8030.1995 3.52713e-17
 8033.2032 3.77845e-17
 8036.2070 4.60376e-17
 8039.2107 4.18396e-17
 8042.2144 3.83714e-17
 8045.2181 3.42898e-17
 8048.2218 3.17816e-17
 8051.2256 2.86434e-17
 8054.2293 2.98117e-17
 8057.2330 3.11308e-17
 8060.2367 1.83717e-17
 8063.2404 3.77549e-17
 8066.2441 3.48580e-17
 8069.2479 3.95585e-17
 8072.2516 2.73464e-17
 8075.2553 3.21458e-17
 8078.2590 4.24468e-17
 8081.2627 3.27701e-17
 8084.2665 3.47897e-17
 8087.2702 3.44640e-17
 8090.2739 3.20611e-17
 8093.2776 3.38392e-17
 8096.2813 3.88494e-17
 8099.2850 3.48228e-17
 8102.2888 3.53003e-17
 8105.2925 2.96201e-17
 8108.2962 3.13812e-17
 8111.2999 3.38451e-17
 8114.3036 3.02713e-17
 8117.3073 3.35660e-17
 8120.3111 2.53920e-17
 8123.3148 2.69730e-17
 8126.3185 2.94353e-17
 8129.3222 2.28964e-17
 8132.3259 2.18817e-17
 8135.3296 3.12091e-17
 8138.3334 3.75221e-17
 8141.3371 3.50503e-17
 8144.3408 3.28767e-17
 8147.3445 3.64323e-17
 8150.3482 2.77556e-17
 8153.3519 2.49351e-17
 8156.3557 2.22751e-17
 8159.3594 2.90691e-17
 8162.3631 3.02197e-17
 8165.3668 2.28044e-17
 8168.3705 2.49810e-17
 8171.3743 2.15075e-17
 8174.3780 2.42614e-17
 8177.3817 9.42006e-18
 8180.3854 2.68544e-17
 8183.3891 1.60696e-17
 8186.3928 1.99647e-17
 8189.3966 3.27001e-17
 8192.4003 2.37340e-17
 8195.4040 2.53443e-17
 8198.4077 3.09282e-17
 8201.4114 3.41771e-17
 8204.4151 3.59021e-17
 8207.4189 3.05760e-17
 8210.4226 1.41140e-17
 8213.4263 2.11558e-17
 8216.4300 2.35279e-17
 8219.4337 1.34788e-17
 8222.4374 1.43974e-17
 8225.4412 1.04075e-17
 8228.4449 1.22559e-17
 8231.4486 2.00603e-17
 8234.4523 2.06112e-17
 8237.4560 1.85096e-17
 8240.4598 9.79011e-18
 8243.4635 1.66697e-17
 8246.4672 2.63212e-17
 8249.4709 3.61459e-18
 8252.4746 1.75491e-17
 8255.4783 2.38059e-17
 8258.4821 1.33162e-17
 8261.4858 2.18555e-17
 8264.4895 2.16706e-17
 8267.4932 2.19048e-17
 8270.4969 2.81709e-17
 8273.5006 1.40737e-17
 8276.5044 3.78246e-17
 8279.5081 3.09519e-17
 8282.5118 1.30744e-17
 8285.5155 1.85702e-17
 8288.5192 2.43219e-17
 8291.5230 2.09230e-17
 8294.5267 1.57090e-17
 8297.5304 1.55242e-17
 8300.5341 1.20380e-17
 8303.5378 2.68541e-17
 8306.5415 2.25903e-17
 8309.5453 1.57169e-17
 8312.5490 1.67357e-17
 8315.5527 2.46927e-17
 8318.5564 2.65450e-17
 8321.5601 2.39890e-17
 8324.5638 2.17908e-17
 8327.5676 2.35905e-17
 8330.5713 1.74992e-17
 8333.5750 2.18962e-17
 8336.5787 2.86300e-17
 8339.5824 2.12263e-17
 8342.5861 2.09960e-17
 8345.5899 2.08392e-17
 8348.5936 2.11108e-17
 8351.5973 2.32006e-17
 8354.6010 1.62614e-17
 8357.6047 1.51392e-17
 8360.6084 3.18830e-17
 8363.6122 2.34553e-17
 8366.6159 2.92879e-17
 8369.6196 2.87524e-17
 8372.6233 3.03572e-17
 8375.6270 2.56058e-17
 8378.6308 3.03903e-17
 8381.6345 3.18101e-17
 8384.6382 3.95884e-17
 8387.6419 3.11409e-17
 8390.6456 2.59074e-17
 8393.6493 3.22360e-17
 8396.6531 3.46471e-17
 8399.6568 2.64656e-17
 8402.6605 1.70798e-17
 8405.6642 2.32375e-17
 8408.6679 2.88871e-17
 8411.6717 2.89126e-17
 8414.6754 2.11370e-17
 8417.6791 2.30689e-17
 8420.6828 2.22629e-17
 8423.6865 2.45039e-17
 8426.6902 2.93264e-17
 8429.6940 2.33096e-17
 8432.6977 3.11707e-17
 8435.7014 3.55700e-17
 8438.7051 3.03934e-17
 8441.7088 3.34856e-17
 8444.7125 4.09277e-17
 8447.7163 3.52436e-17
 8450.7200 3.94634e-17
 8453.7237 4.17264e-17
 8456.7274 4.88833e-17
 8459.7311 4.50362e-17
 8462.7348 3.14312e-17
 8465.7386 4.44872e-17
 8468.7423 4.67173e-17
 8471.7460 4.11855e-17
 8474.7497 2.93678e-17
 8477.7534 3.63598e-17
 8480.7571 4.25273e-17
 8483.7609 3.47433e-17
 8486.7646 4.49484e-17
 8489.7683 5.11539e-17
 8492.7720 3.90367e-17
 8495.7757 4.63311e-17
 8498.7795 4.98592e-17
 8501.7832 4.00318e-17
 8504.7869 4.74306e-17
 8507.7906 5.21347e-17
 8510.7943 4.75905e-17
 8513.7980 4.61119e-17
 8516.8018 4.72860e-17
 8519.8055 4.84598e-17
 8522.8092 4.96340e-17
 8525.8129 5.08077e-17
 8528.8166 5.19815e-17
 8531.8203 5.31556e-17
 8534.8241 5.43294e-17
 8537.8278 4.87888e-17
 8540.8315 4.16412e-17
 8543.8352 5.44247e-17
 8546.8389 5.14492e-17
 8549.8426 4.99036e-17
 8552.8464 4.83575e-17
 8555.8501 4.68119e-17
 8558.8538 4.52662e-17
 8561.8575 4.57267e-17
 8564.8612 3.33256e-17
 8567.8650 4.18337e-17
 8570.8687 5.05622e-17
 8573.8724 3.15216e-17
 8576.8761 4.46638e-17
 8579.8798 4.69190e-17
 8582.8835 4.99438e-17
 8585.8873 5.03493e-17
 8588.8910 4.17208e-17
 8591.8947 4.35403e-17
 8594.8984 5.31796e-17
 8597.9021 5.37162e-17
 8600.9058 4.50412e-17
 8603.9096 4.72643e-17
 8606.9133 4.64535e-17
 8609.9170 5.22098e-17
 8612.9207 5.66802e-17
 8615.9244 4.73268e-17
 8618.9282 4.02811e-17
 8621.9319 4.88547e-17
 8624.9356 5.11881e-17
 8627.9393 4.71305e-17
 8630.9430 3.83397e-17
 8633.9467 4.38947e-17
 8636.9505 4.53291e-17
 8639.9542 5.92503e-17
 8642.9579 5.34086e-17
 8645.9616 4.82119e-17
 8648.9653 5.16592e-17
 8651.9690 5.24053e-17
 8654.9728 4.54482e-17
 8657.9765 5.43460e-17
 8660.9802 5.72980e-17
 8663.9839 5.29986e-17
 8666.9876 5.28564e-17
 8669.9913 4.58827e-17
 8672.9951 3.85253e-17
 8675.9988 4.88363e-17
 8679.0025 3.27977e-17
 8682.0062 5.77420e-17
 8685.0099 6.20056e-17
 8688.0136 4.82811e-17
 8691.0174 4.85113e-17
 8694.0211 4.78182e-17
 8697.0248 4.56100e-17
 8700.0285 3.81943e-17
 8703.0322 4.78438e-17
 8706.0360 5.69302e-17
 8709.0397 4.16013e-17
 8712.0434 2.98213e-17
 8715.0471 4.41739e-17
 8718.0508 6.34366e-17
 8721.0545 7.12649e-17
 8724.0583 3.95274e-17
 8727.0620 4.19637e-17
 8730.0657 6.39270e-17
 8733.0694 5.36196e-17
 8736.0731 4.08243e-17
 8739.0769 5.36855e-17
 8742.0806 5.98581e-17
 8745.0843 4.45128e-17
 8748.0880 4.75443e-17
 8751.0917 5.40206e-17
 8754.0954 5.77877e-17
 8757.0992 4.82674e-17
 8760.1029 5.46118e-17
 8763.1066 4.22644e-17
 8766.1103 5.12464e-17
 8769.1140 5.64090e-17
 8772.1177 5.37514e-17
 8775.1215 5.10931e-17
 8778.1252 4.84356e-17
 8781.1289 5.30069e-17
 8784.1326 4.83931e-17
 8787.1363 5.38514e-17
 8790.1400 5.28100e-17
 8793.1438 5.28828e-17
 8796.1475 4.67190e-17
 8799.1512 4.62246e-17
 8802.1549 4.57305e-17
 8805.1586 4.52362e-17
 8808.1623 4.47420e-17
 8811.1661 4.42479e-17
 8814.1698 4.37535e-17
 8817.1735 5.73161e-17
 8820.1772 5.55500e-17
 8823.1809 3.75551e-17
 8826.1847 3.28398e-17
 8829.1884 3.23453e-17
 8832.1921 5.81819e-17
 8835.1958 5.50449e-17
 8838.1995 4.68649e-17
 8841.2032 3.69978e-17
 8844.2070 5.24734e-17
 8847.2107 5.73756e-17
 8850.2144 4.13004e-17
 8853.2181 4.25478e-17
 8856.2218 5.11115e-17
 8859.2255 3.80515e-17
 8862.2293 4.66286e-17
 8865.2330 4.12404e-17
 8868.2367 5.23527e-17
 8871.2404 5.04799e-17
 8874.2441 4.96187e-17
 8877.2479 3.42369e-17
 8880.2516 4.10877e-17
 8883.2553 4.61147e-17
 8886.2590 4.71336e-17
 8889.2627 4.52136e-17
 8892.2664 4.32942e-17
 8895.2702 4.13741e-17
 8898.2739 3.94547e-17
 8901.2776 3.75347e-17
 8904.2813 3.93414e-17
 8907.2850 4.09947e-17
 8910.2887 4.81753e-17
 8913.2925 4.27719e-17
 8916.2962 4.82684e-17
 8919.2999 5.16195e-17
 8922.3036 4.47533e-17
 8925.3073 4.50188e-17
 8928.3110 4.83041e-17
 8931.3148 3.98741e-17
 8934.3185 4.76300e-17
 8937.3222 4.27507e-17
 8940.3259 4.89227e-17
 8943.3296 5.10704e-17
 8946.3334 4.16658e-17
 8949.3371 4.07931e-17
 8952.3408 4.87035e-17
 8955.3445 4.13101e-17
 8958.3482 2.84918e-17
 8961.3519 1.71805e-17
 8964.3557 3.68645e-17
 8967.3594 4.21567e-17
 8970.3631 2.98554e-17
 8973.3668 2.93309e-17
 8976.3705 3.62223e-17
 8979.3742 2.08925e-17
 8982.3780 4.63373e-17
 8985.3817 4.48031e-17
 8988.3854 3.70074e-17
 8991.3891 4.33807e-17
 8994.3928 4.65946e-17
 8997.3965 3.92882e-17
 9000.4003 2.78583e-17
 9003.4040 3.16802e-17
 9006.4077 3.23508e-17
 9009.4114 4.19158e-17
 9012.4151 2.90341e-17
 9015.4188 2.83176e-17
 9018.4226 4.36803e-17
 9021.4263 3.81019e-17
 9024.4300 2.51543e-17
 9027.4337 2.09040e-17
 9030.4374 3.38510e-17
 9033.4412 4.07569e-17
 9036.4449 3.92019e-17
 9039.4486 3.76474e-17
 9042.4523 3.60929e-17
 9045.4560 3.45379e-17
 9048.4597 3.29834e-17
 9051.4635 3.14284e-17
 9054.4672 2.98739e-17
 9057.4709 3.36482e-17
 9060.4746 3.00469e-17
 9063.4783 3.62929e-17
 9066.4821 4.54905e-17
 9069.4858 4.44247e-17
 9072.4895 4.69953e-17
 9075.4932 5.07300e-17
 9078.4969 4.18947e-17
 9081.5006 4.01250e-17
 9084.5044 5.15780e-17
 9087.5081 4.30678e-17
 9090.5118 4.00681e-17
 9093.5155 3.14102e-17
 9096.5192 3.22510e-17
 9099.5229 3.95643e-17
 9102.5267 4.23501e-17
 9105.5304 4.25421e-17
 9108.5341 4.26110e-17
 9111.5378 4.26801e-17
 9114.5415 4.27490e-17
 9117.5452 4.28180e-17
 9120.5490 4.28870e-17
