#Object:               SN2008C
#FITS_file:            SN08C_g01_NTT_EM_17jan08.fits
#Redshift:             0.01662
#JDate_of_max:         2454466.32
#JDate_of_observation: 2454482.69
#Epoch:                16.10     
#
 3934.6009 1.71700e-16
 3937.8675 6.17399e-16
 3941.1340 6.56966e-16
 3944.4006 8.38811e-16
 3947.6671 8.05529e-16
 3950.9336 7.78300e-16
 3954.2002 6.06711e-16
 3957.4667 6.66551e-16
 3960.7333 7.16679e-16
 3963.9998 6.67783e-16
 3967.2663 7.17484e-16
 3970.5329 6.47915e-16
 3973.7994 5.71049e-16
 3977.0660 7.12873e-16
 3980.3325 6.31876e-16
 3983.5990 5.00074e-16
 3986.8656 5.79331e-16
 3990.1321 6.10681e-16
 3993.3987 6.07608e-16
 3996.6652 5.75334e-16
 3999.9317 5.10760e-16
 4003.1983 5.75068e-16
 4006.4648 5.37128e-16
 4009.7314 4.67700e-16
 4012.9979 4.62468e-16
 4016.2645 5.23968e-16
 4019.5310 5.04677e-16
 4022.7975 4.55521e-16
 4026.0641 4.95644e-16
 4029.3306 3.93105e-16
 4032.5972 4.45089e-16
 4035.8637 4.43847e-16
 4039.1302 4.32018e-16
 4042.3968 4.44143e-16
 4045.6633 4.86824e-16
 4048.9299 4.57483e-16
 4052.1964 4.04201e-16
 4055.4629 3.70960e-16
 4058.7295 3.83129e-16
 4061.9960 3.90599e-16
 4065.2626 4.37176e-16
 4068.5291 3.80402e-16
 4071.7956 4.42313e-16
 4075.0622 4.63937e-16
 4078.3287 3.70658e-16
 4081.5953 4.28631e-16
 4084.8618 4.40341e-16
 4088.1283 3.86503e-16
 4091.3949 4.18696e-16
 4094.6614 3.61199e-16
 4097.9280 4.21565e-16
 4101.1945 4.39795e-16
 4104.4611 3.85182e-16
 4107.7276 3.44755e-16
 4110.9941 3.97730e-16
 4114.2607 3.74769e-16
 4117.5272 4.15802e-16
 4120.7938 4.24659e-16
 4124.0603 4.61538e-16
 4127.3268 4.34173e-16
 4130.5934 4.37660e-16
 4133.8599 4.35585e-16
 4137.1265 4.80027e-16
 4140.3930 4.84836e-16
 4143.6595 4.76950e-16
 4146.9261 4.57693e-16
 4150.1926 4.81674e-16
 4153.4592 4.91317e-16
 4156.7257 4.97379e-16
 4159.9922 4.59317e-16
 4163.2588 4.53064e-16
 4166.5253 4.75974e-16
 4169.7919 5.23883e-16
 4173.0584 5.09943e-16
 4176.3249 5.10614e-16
 4179.5915 4.86869e-16
 4182.8580 4.69038e-16
 4186.1246 4.75389e-16
 4189.3911 4.87690e-16
 4192.6576 5.79482e-16
 4195.9242 4.78050e-16
 4199.1907 4.74860e-16
 4202.4573 5.01270e-16
 4205.7238 5.04641e-16
 4208.9904 5.02394e-16
 4212.2569 5.24854e-16
 4215.5234 4.86757e-16
 4218.7900 5.00308e-16
 4222.0565 5.54623e-16
 4225.3231 4.98392e-16
 4228.5896 4.64889e-16
 4231.8561 4.77043e-16
 4235.1227 4.97596e-16
 4238.3892 4.51236e-16
 4241.6558 4.81457e-16
 4244.9223 5.03687e-16
 4248.1888 4.77938e-16
 4251.4554 5.00281e-16
 4254.7219 5.11668e-16
 4257.9885 5.04368e-16
 4261.2550 4.85169e-16
 4264.5215 5.21820e-16
 4267.7881 5.96207e-16
 4271.0546 5.67794e-16
 4274.3212 5.54849e-16
 4277.5877 5.03000e-16
 4280.8542 5.40645e-16
 4284.1208 6.32646e-16
 4287.3873 5.80272e-16
 4290.6539 5.64122e-16
 4293.9204 5.88576e-16
 4297.1870 5.94011e-16
 4300.4535 5.30311e-16
 4303.7200 5.32619e-16
 4306.9866 5.33211e-16
 4310.2531 4.88371e-16
 4313.5197 4.99092e-16
 4316.7862 5.73351e-16
 4320.0527 5.38914e-16
 4323.3193 5.02884e-16
 4326.5858 4.66571e-16
 4329.8524 4.53844e-16
 4333.1189 4.67356e-16
 4336.3854 4.79181e-16
 4339.6520 4.73041e-16
 4342.9185 4.24534e-16
 4346.1851 3.57437e-16
 4349.4516 3.53384e-16
 4352.7181 3.83201e-16
 4355.9847 3.93565e-16
 4359.2512 3.68629e-16
 4362.5178 3.55300e-16
 4365.7843 3.57425e-16
 4369.0508 3.62064e-16
 4372.3174 3.57375e-16
 4375.5839 3.30457e-16
 4378.8505 3.04282e-16
 4382.1170 3.08254e-16
 4385.3836 2.99511e-16
 4388.6501 3.28268e-16
 4391.9166 2.93531e-16
 4395.1832 2.74066e-16
 4398.4497 2.62732e-16
 4401.7163 3.34095e-16
 4404.9828 3.24358e-16
 4408.2493 3.04338e-16
 4411.5159 3.29277e-16
 4414.7824 3.13704e-16
 4418.0490 2.91340e-16
 4421.3155 3.30880e-16
 4424.5820 3.42887e-16
 4427.8486 3.22013e-16
 4431.1151 2.91931e-16
 4434.3817 3.10686e-16
 4437.6482 3.70574e-16
 4440.9147 3.60519e-16
 4444.1813 3.54278e-16
 4447.4478 4.07182e-16
 4450.7144 3.78861e-16
 4453.9809 3.77732e-16
 4457.2474 4.16281e-16
 4460.5140 4.04950e-16
 4463.7805 3.62813e-16
 4467.0471 3.82670e-16
 4470.3136 4.30280e-16
 4473.5801 4.38875e-16
 4476.8467 4.43864e-16
 4480.1132 4.23730e-16
 4483.3798 4.24901e-16
 4486.6463 4.90192e-16
 4489.9129 5.09137e-16
 4493.1794 4.88090e-16
 4496.4459 5.21793e-16
 4499.7125 5.64750e-16
 4502.9790 5.35725e-16
 4506.2456 5.13527e-16
 4509.5121 5.58589e-16
 4512.7786 5.63132e-16
 4516.0452 5.46099e-16
 4519.3117 5.78215e-16
 4522.5783 6.32504e-16
 4525.8448 6.36692e-16
 4529.1113 6.87421e-16
 4532.3779 6.73092e-16
 4535.6444 6.67703e-16
 4538.9110 6.93703e-16
 4542.1775 7.56056e-16
 4545.4440 7.84680e-16
 4548.7106 8.17326e-16
 4551.9771 8.21753e-16
 4555.2437 9.24212e-16
 4558.5102 9.10199e-16
 4561.7767 9.25366e-16
 4565.0433 9.62330e-16
 4568.3098 9.69331e-16
 4571.5764 9.53362e-16
 4574.8429 9.92789e-16
 4578.1095 1.00538e-15
 4581.3760 1.06266e-15
 4584.6425 1.04504e-15
 4587.9091 1.02876e-15
 4591.1756 1.09487e-15
 4594.4421 1.11215e-15
 4597.7087 1.15030e-15
 4600.9752 1.09961e-15
 4604.2418 1.09656e-15
 4607.5083 1.11714e-15
 4610.7749 1.08056e-15
 4614.0414 1.10591e-15
 4617.3079 1.10424e-15
 4620.5745 1.08018e-15
 4623.8410 1.11956e-15
 4627.1076 1.13701e-15
 4630.3741 1.04569e-15
 4633.6406 1.03209e-15
 4636.9072 9.77988e-16
 4640.1737 9.17628e-16
 4643.4403 8.82426e-16
 4646.7068 9.07749e-16
 4649.9733 8.73528e-16
 4653.2399 8.37639e-16
 4656.5064 8.09111e-16
 4659.7730 7.53176e-16
 4663.0395 7.68401e-16
 4666.3061 7.73055e-16
 4669.5726 6.84365e-16
 4672.8391 6.81798e-16
 4676.1057 6.81828e-16
 4679.3722 6.21872e-16
 4682.6387 6.04212e-16
 4685.9053 5.50109e-16
 4689.1718 5.57829e-16
 4692.4384 5.35541e-16
 4695.7049 5.32137e-16
 4698.9715 5.42054e-16
 4702.2380 5.44445e-16
 4705.5045 5.31149e-16
 4708.7711 4.90246e-16
 4712.0376 4.75801e-16
 4715.3042 5.09169e-16
 4718.5707 5.03779e-16
 4721.8372 4.82041e-16
 4725.1038 4.84673e-16
 4728.3703 4.74209e-16
 4731.6369 4.32679e-16
 4734.9034 4.60791e-16
 4738.1699 4.25710e-16
 4741.4365 4.54659e-16
 4744.7030 4.73471e-16
 4747.9696 4.72577e-16
 4751.2361 4.03736e-16
 4754.5026 4.26304e-16
 4757.7692 4.43502e-16
 4761.0357 4.59511e-16
 4764.3023 4.92307e-16
 4767.5688 4.79439e-16
 4770.8353 4.80733e-16
 4774.1019 4.65569e-16
 4777.3684 4.82835e-16
 4780.6350 5.20866e-16
 4783.9015 5.38387e-16
 4787.1681 4.70780e-16
 4790.4346 4.80425e-16
 4793.7011 4.90826e-16
 4796.9677 5.20116e-16
 4800.2342 4.93177e-16
 4803.5008 4.91057e-16
 4806.7673 4.94646e-16
 4810.0338 4.95784e-16
 4813.3004 4.93126e-16
 4816.5669 5.40604e-16
 4819.8335 4.97728e-16
 4823.1000 4.93006e-16
 4826.3665 4.83965e-16
 4829.6331 4.83935e-16
 4832.8996 4.61602e-16
 4836.1662 5.12638e-16
 4839.4327 4.68737e-16
 4842.6992 5.01532e-16
 4845.9658 4.96956e-16
 4849.2323 4.82489e-16
 4852.4989 4.81490e-16
 4855.7654 4.61762e-16
 4859.0319 4.90250e-16
 4862.2985 5.12348e-16
 4865.5650 5.31252e-16
 4868.8316 5.39282e-16
 4872.0981 5.64564e-16
 4875.3646 5.50016e-16
 4878.6312 5.50276e-16
 4881.8977 5.79171e-16
 4885.1643 5.78124e-16
 4888.4308 6.02945e-16
 4891.6974 6.03011e-16
 4894.9639 6.05851e-16
 4898.2304 6.34632e-16
 4901.4970 6.58275e-16
 4904.7635 6.80340e-16
 4908.0301 6.60472e-16
 4911.2966 6.93872e-16
 4914.5631 7.07328e-16
 4917.8297 7.56606e-16
 4921.0962 7.47342e-16
 4924.3628 6.79189e-16
 4927.6293 7.30554e-16
 4930.8958 7.28324e-16
 4934.1624 7.14736e-16
 4937.4289 6.98170e-16
 4940.6955 6.83882e-16
 4943.9620 6.65572e-16
 4947.2286 6.34382e-16
 4950.4951 6.39767e-16
 4953.7616 6.58806e-16
 4957.0282 6.31655e-16
 4960.2947 5.79122e-16
 4963.5612 5.61979e-16
 4966.8278 5.58243e-16
 4970.0943 5.46442e-16
 4973.3609 5.42760e-16
 4976.6274 5.14537e-16
 4979.8940 5.23348e-16
 4983.1605 4.96330e-16
 4986.4270 5.31667e-16
 4989.6936 4.95470e-16
 4992.9601 4.46526e-16
 4996.2267 4.85602e-16
 4999.4932 4.81658e-16
 5002.7597 4.69327e-16
 5006.0263 4.35280e-16
 5009.2928 4.23342e-16
 5012.5594 4.59882e-16
 5015.8259 4.79210e-16
 5019.0924 4.78731e-16
 5022.3590 4.59710e-16
 5025.6255 4.43748e-16
 5028.8921 4.15578e-16
 5032.1586 3.99274e-16
 5035.4251 4.32384e-16
 5038.6917 4.83336e-16
 5041.9582 4.41116e-16
 5045.2248 4.11234e-16
 5048.4913 4.16848e-16
 5051.7578 4.25921e-16
 5055.0244 4.57492e-16
 5058.2909 4.27503e-16
 5061.5575 4.08803e-16
 5064.8240 4.47580e-16
 5068.0905 4.50234e-16
 5071.3571 4.27720e-16
 5074.6236 4.32196e-16
 5077.8902 4.76055e-16
 5081.1567 4.59052e-16
 5084.4233 4.49812e-16
 5087.6898 4.49124e-16
 5090.9563 4.51694e-16
 5094.2229 4.78058e-16
 5097.4894 4.59590e-16
 5100.7560 4.36825e-16
 5104.0225 4.26886e-16
 5107.2890 4.30550e-16
 5110.5556 4.29265e-16
 5113.8221 4.30818e-16
 5117.0887 4.44937e-16
 5120.3552 4.75952e-16
 5123.6217 4.60265e-16
 5126.8883 4.32467e-16
 5130.1548 4.46484e-16
 5133.4214 4.28263e-16
 5136.6879 4.59304e-16
 5139.9544 4.94105e-16
 5143.2210 4.80802e-16
 5146.4875 5.15631e-16
 5149.7541 5.25284e-16
 5153.0206 5.32280e-16
 5156.2871 4.88275e-16
 5159.5537 5.17290e-16
 5162.8202 5.33617e-16
 5166.0868 5.40220e-16
 5169.3533 5.12785e-16
 5172.6199 5.85929e-16
 5175.8864 6.02463e-16
 5179.1529 5.76913e-16
 5182.4195 6.29987e-16
 5185.6860 6.33350e-16
 5188.9526 6.61602e-16
 5192.2191 6.83520e-16
 5195.4856 6.71746e-16
 5198.7522 6.96768e-16
 5202.0187 7.23778e-16
 5205.2853 7.65757e-16
 5208.5518 7.34185e-16
 5211.8183 7.11136e-16
 5215.0849 7.45396e-16
 5218.3514 8.26450e-16
 5221.6180 8.30630e-16
 5224.8845 8.37436e-16
 5228.1510 8.60154e-16
 5231.4176 8.47117e-16
 5234.6841 8.55772e-16
 5237.9507 8.85842e-16
 5241.2172 8.82839e-16
 5244.4837 9.12761e-16
 5247.7503 9.59755e-16
 5251.0168 9.58052e-16
 5254.2834 9.46752e-16
 5257.5499 9.11500e-16
 5260.8165 9.48862e-16
 5264.0830 9.92467e-16
 5267.3495 9.66070e-16
 5270.6161 9.72056e-16
 5273.8826 9.63702e-16
 5277.1492 9.96745e-16
 5280.4157 1.00762e-15
 5283.6822 1.01149e-15
 5286.9488 1.03303e-15
 5290.2153 1.03244e-15
 5293.4819 9.81823e-16
 5296.7484 1.00523e-15
 5300.0149 9.97695e-16
 5303.2815 9.75023e-16
 5306.5480 9.82692e-16
 5309.8146 9.87949e-16
 5313.0811 9.90740e-16
 5316.3476 9.88857e-16
 5319.6142 9.62179e-16
 5322.8807 9.77830e-16
 5326.1473 9.88178e-16
 5329.4138 9.52857e-16
 5332.6803 9.52335e-16
 5335.9469 9.57371e-16
 5339.2134 9.44347e-16
 5342.4800 9.07089e-16
 5345.7465 8.73087e-16
 5349.0130 8.85555e-16
 5352.2796 8.74395e-16
 5355.5461 8.56667e-16
 5358.8127 9.13387e-16
 5362.0792 8.96291e-16
 5365.3458 9.04235e-16
 5368.6123 9.15789e-16
 5371.8788 8.86405e-16
 5375.1454 9.33879e-16
 5378.4119 9.46143e-16
 5381.6785 8.99731e-16
 5384.9450 8.96344e-16
 5388.2115 9.38117e-16
 5391.4781 9.13685e-16
 5394.7446 9.03935e-16
 5398.0112 9.52250e-16
 5401.2777 9.75750e-16
 5404.5442 9.46308e-16
 5407.8108 9.36907e-16
 5411.0773 9.65862e-16
 5414.3439 9.55786e-16
 5417.6104 9.57327e-16
 5420.8769 9.69026e-16
 5424.1435 9.47093e-16
 5427.4100 9.57714e-16
 5430.6766 9.22399e-16
 5433.9431 9.02260e-16
 5437.2096 9.68314e-16
 5440.4762 9.70619e-16
 5443.7427 9.14962e-16
 5447.0093 9.07853e-16
 5450.2758 9.02415e-16
 5453.5424 8.95965e-16
 5456.8089 9.01348e-16
 5460.0754 9.31352e-16
 5463.3420 9.12252e-16
 5466.6085 8.72536e-16
 5469.8751 9.45407e-16
 5473.1416 9.18571e-16
 5476.4081 8.81207e-16
 5479.6747 8.46068e-16
 5482.9412 8.21237e-16
 5486.2078 8.41925e-16
 5489.4743 8.35846e-16
 5492.7408 8.69691e-16
 5496.0074 8.61337e-16
 5499.2739 8.35948e-16
 5502.5405 8.32812e-16
 5505.8070 8.41666e-16
 5509.0735 8.18795e-16
 5512.3401 8.25686e-16
 5515.6066 8.54543e-16
 5518.8732 8.16438e-16
 5522.1397 8.05396e-16
 5525.4062 7.90765e-16
 5528.6728 7.78651e-16
 5531.9393 7.86220e-16
 5535.2059 7.73741e-16
 5538.4724 7.86749e-16
 5541.7390 7.78940e-16
 5545.0055 7.69322e-16
 5548.2720 7.57690e-16
 5551.5386 7.45760e-16
 5554.8051 7.08112e-16
 5558.0717 7.46673e-16
 5561.3382 7.58963e-16
 5564.6047 7.37487e-16
 5567.8713 6.86283e-16
 5571.1378 6.86445e-16
 5574.4044 6.79110e-16
 5577.6709 7.16839e-16
 5580.9374 6.86916e-16
 5584.2040 6.82647e-16
 5587.4705 6.73757e-16
 5590.7371 6.44032e-16
 5594.0036 6.69362e-16
 5597.2701 6.73748e-16
 5600.5367 6.69231e-16
 5603.8032 6.47994e-16
 5607.0698 6.09631e-16
 5610.3363 5.98026e-16
 5613.6028 6.00279e-16
 5616.8694 6.09758e-16
 5620.1359 6.18963e-16
 5623.4025 6.18306e-16
 5626.6690 5.91309e-16
 5629.9355 5.79542e-16
 5633.2021 5.76010e-16
 5636.4686 5.61048e-16
 5639.7352 5.70803e-16
 5643.0017 5.54859e-16
 5646.2683 5.79434e-16
 5649.5348 5.56782e-16
 5652.8013 5.69352e-16
 5656.0679 5.65191e-16
 5659.3344 5.31982e-16
 5662.6010 5.08632e-16
 5665.8675 5.22921e-16
 5669.1340 5.02269e-16
 5672.4006 5.01522e-16
 5675.6671 5.10050e-16
 5678.9337 5.13882e-16
 5682.2002 4.96638e-16
 5685.4667 4.73344e-16
 5688.7333 4.84894e-16
 5691.9998 4.98975e-16
 5695.2664 4.65392e-16
 5698.5329 4.67967e-16
 5701.7994 4.70568e-16
 5705.0660 4.58982e-16
 5708.3325 4.45730e-16
 5711.5991 4.83682e-16
 5714.8656 4.63211e-16
 5718.1321 4.25888e-16
 5721.3987 4.39674e-16
 5724.6652 4.44925e-16
 5727.9318 4.46994e-16
 5731.1983 4.86033e-16
 5734.4649 4.74254e-16
 5737.7314 4.82802e-16
 5740.9979 4.76222e-16
 5744.2645 4.66955e-16
 5747.5310 4.65899e-16
 5750.7975 5.02764e-16
 5754.0641 5.07150e-16
 5757.3306 4.98302e-16
 5760.5972 4.84845e-16
 5763.8637 4.84611e-16
 5767.1303 5.35016e-16
 5770.3968 5.27384e-16
 5773.6633 5.25187e-16
 5776.9299 5.37501e-16
 5780.1964 5.25306e-16
 5783.4630 5.36121e-16
 5786.7295 5.64365e-16
 5789.9960 5.65757e-16
 5793.2626 5.41955e-16
 5796.5291 5.53706e-16
 5799.7957 5.39915e-16
 5803.0622 5.85767e-16
 5806.3287 6.10230e-16
 5809.5953 6.31351e-16
 5812.8618 6.07669e-16
 5816.1284 6.49001e-16
 5819.3949 6.37906e-16
 5822.6615 6.43318e-16
 5825.9280 6.87372e-16
 5829.1945 7.12982e-16
 5832.4611 6.95325e-16
 5835.7276 6.92314e-16
 5838.9941 7.51852e-16
 5842.2607 7.25034e-16
 5845.5272 7.32416e-16
 5848.7938 7.51999e-16
 5852.0603 7.77339e-16
 5855.3269 8.06144e-16
 5858.5934 7.80826e-16
 5861.8599 7.98869e-16
 5865.1265 8.02422e-16
 5868.3930 8.00903e-16
 5871.6596 7.99964e-16
 5874.9261 7.88079e-16
 5878.1926 8.23143e-16
 5881.4592 8.17275e-16
 5884.7257 7.81100e-16
 5887.9923 7.68085e-16
 5891.2588 7.44331e-16
 5894.5253 7.26937e-16
 5897.7919 7.32975e-16
 5901.0584 7.61345e-16
 5904.3250 7.83820e-16
 5907.5915 7.81501e-16
 5910.8580 7.78778e-16
 5914.1246 8.04959e-16
 5917.3911 8.07365e-16
 5920.6577 7.61993e-16
 5923.9242 7.52777e-16
 5927.1907 7.17624e-16
 5930.4573 7.09393e-16
 5933.7238 7.20514e-16
 5936.9904 6.91145e-16
 5940.2569 7.06838e-16
 5943.5235 6.94054e-16
 5946.7900 6.69277e-16
 5950.0565 6.54447e-16
 5953.3231 6.75991e-16
 5956.5896 6.66958e-16
 5959.8562 6.91855e-16
 5963.1227 6.70402e-16
 5966.3892 6.60844e-16
 5969.6558 6.43676e-16
 5972.9223 6.21836e-16
 5976.1889 6.47918e-16
 5979.4554 6.13952e-16
 5982.7219 5.81043e-16
 5985.9885 6.04131e-16
 5989.2550 5.80141e-16
 5992.5216 5.75179e-16
 5995.7881 6.12767e-16
 5999.0546 5.96481e-16
 6002.3212 5.75656e-16
 6005.5877 5.53702e-16
 6008.8543 5.34322e-16
 6012.1208 5.54819e-16
 6015.3873 5.38713e-16
 6018.6539 5.11421e-16
 6021.9204 4.95389e-16
 6025.1870 5.20474e-16
 6028.4535 5.57741e-16
 6031.7200 5.38074e-16
 6034.9866 5.17187e-16
 6038.2531 5.20675e-16
 6041.5197 5.15739e-16
 6044.7862 5.27416e-16
 6048.0528 4.99911e-16
 6051.3193 5.03229e-16
 6054.5858 5.19147e-16
 6057.8524 5.05160e-16
 6061.1189 4.89048e-16
 6064.3855 4.67090e-16
 6067.6520 4.33489e-16
 6070.9185 4.63116e-16
 6074.1851 4.66983e-16
 6077.4516 4.49790e-16
 6080.7182 4.38272e-16
 6083.9847 4.21987e-16
 6087.2512 3.99609e-16
 6090.5178 3.92670e-16
 6093.7843 3.62980e-16
 6097.0509 3.91579e-16
 6100.3174 3.93270e-16
 6103.5840 3.63472e-16
 6106.8505 3.62794e-16
 6110.1170 3.53720e-16
 6113.3836 3.36957e-16
 6116.6501 3.30253e-16
 6119.9166 3.34666e-16
 6123.1832 3.30225e-16
 6126.4497 3.45599e-16
 6129.7163 3.32015e-16
 6132.9828 3.28146e-16
 6136.2494 3.30215e-16
 6139.5159 3.30630e-16
 6142.7824 3.40101e-16
 6146.0490 3.20708e-16
 6149.3155 3.22526e-16
 6152.5821 3.25961e-16
 6155.8486 3.14348e-16
 6159.1151 3.42085e-16
 6162.3817 3.44951e-16
 6165.6482 3.30775e-16
 6168.9148 3.24962e-16
 6172.1813 3.28945e-16
 6175.4478 3.33562e-16
 6178.7144 3.41005e-16
 6181.9809 3.42797e-16
 6185.2475 3.54331e-16
 6188.5140 3.66715e-16
 6191.7805 3.28039e-16
 6195.0471 3.47853e-16
 6198.3136 3.61774e-16
 6201.5802 3.68521e-16
 6204.8467 3.84895e-16
 6208.1132 3.97233e-16
 6211.3798 3.91065e-16
 6214.6463 4.02061e-16
 6217.9129 4.23351e-16
 6221.1794 4.20821e-16
 6224.4460 4.34638e-16
 6227.7125 4.25621e-16
 6230.9790 4.33692e-16
 6234.2456 4.42025e-16
 6237.5121 4.49301e-16
 6240.7787 4.55538e-16
 6244.0452 4.77882e-16
 6247.3117 4.71135e-16
 6250.5783 4.70029e-16
 6253.8448 4.67502e-16
 6257.1114 4.89231e-16
 6260.3779 5.13275e-16
 6263.6444 5.14269e-16
 6266.9110 5.41908e-16
 6270.1775 5.42467e-16
 6273.4441 5.07089e-16
 6276.7106 5.16330e-16
 6279.9771 5.46177e-16
 6283.2437 5.44420e-16
 6286.5102 5.33862e-16
 6289.7768 5.65531e-16
 6293.0433 5.58665e-16
 6296.3098 5.68681e-16
 6299.5764 5.83631e-16
 6302.8429 5.79528e-16
 6306.1095 5.94900e-16
 6309.3760 6.19477e-16
 6312.6425 6.06311e-16
 6315.9091 6.03057e-16
 6319.1756 6.23676e-16
 6322.4422 6.37778e-16
 6325.7087 6.20932e-16
 6328.9753 6.22366e-16
 6332.2418 6.13225e-16
 6335.5083 6.20066e-16
 6338.7749 6.59679e-16
 6342.0414 6.60909e-16
 6345.3080 6.62839e-16
 6348.5745 6.54714e-16
 6351.8410 6.66579e-16
 6355.1076 6.84337e-16
 6358.3741 6.59226e-16
 6361.6407 6.26833e-16
 6364.9072 6.62830e-16
 6368.1737 6.78212e-16
 6371.4403 6.63878e-16
 6374.7068 6.69892e-16
 6377.9734 6.83477e-16
 6381.2399 6.81017e-16
 6384.5064 6.88725e-16
 6387.7730 6.85272e-16
 6391.0395 6.87076e-16
 6394.3061 7.05251e-16
 6397.5726 7.10374e-16
 6400.8391 7.09646e-16
 6404.1057 6.77185e-16
 6407.3722 6.56546e-16
 6410.6388 6.79557e-16
 6413.9053 7.19093e-16
 6417.1719 7.07461e-16
 6420.4384 6.94170e-16
 6423.7049 7.63574e-16
 6426.9715 7.61363e-16
 6430.2380 6.88879e-16
 6433.5046 7.02264e-16
 6436.7711 7.02283e-16
 6440.0376 6.93993e-16
 6443.3042 6.79003e-16
 6446.5707 6.77921e-16
 6449.8373 6.79584e-16
 6453.1038 6.91553e-16
 6456.3703 6.91418e-16
 6459.6369 6.67522e-16
 6462.9034 6.80431e-16
 6466.1700 7.07427e-16
 6469.4365 7.08857e-16
 6472.7030 7.19397e-16
 6475.9696 7.20285e-16
 6479.2361 7.16014e-16
 6482.5027 7.11051e-16
 6485.7692 6.88328e-16
 6489.0357 6.72000e-16
 6492.3023 6.77100e-16
 6495.5688 7.11063e-16
 6498.8354 6.78312e-16
 6502.1019 6.73239e-16
 6505.3685 7.05325e-16
 6508.6350 7.06735e-16
 6511.9015 6.68739e-16
 6515.1681 6.92485e-16
 6518.4346 6.94762e-16
 6521.7012 7.15501e-16
 6524.9677 7.12298e-16
 6528.2342 6.73902e-16
 6531.5008 6.81872e-16
 6534.7673 6.78294e-16
 6538.0339 6.44005e-16
 6541.3004 6.39369e-16
 6544.5669 6.55570e-16
 6547.8335 6.80700e-16
 6551.1000 6.55144e-16
 6554.3666 6.52369e-16
 6557.6331 6.44131e-16
 6560.8996 6.58672e-16
 6564.1662 7.15960e-16
 6567.4327 6.91598e-16
 6570.6993 6.61355e-16
 6573.9658 6.00543e-16
 6577.2323 5.70617e-16
 6580.4989 5.85111e-16
 6583.7654 6.26271e-16
 6587.0320 6.37608e-16
 6590.2985 6.10086e-16
 6593.5650 5.79735e-16
 6596.8316 5.64532e-16
 6600.0981 5.64716e-16
 6603.3647 5.56541e-16
 6606.6312 5.31674e-16
 6609.8978 5.30889e-16
 6613.1643 5.31244e-16
 6616.4308 5.36309e-16
 6619.6974 5.18500e-16
 6622.9639 5.04233e-16
 6626.2305 5.27851e-16
 6629.4970 5.00347e-16
 6632.7635 4.87248e-16
 6636.0301 4.63990e-16
 6639.2966 4.95367e-16
 6642.5632 4.65125e-16
 6645.8297 4.81971e-16
 6649.0962 4.77851e-16
 6652.3628 4.69083e-16
 6655.6293 4.38713e-16
 6658.8959 4.46089e-16
 6662.1624 4.60503e-16
 6665.4289 4.57070e-16
 6668.6955 4.47690e-16
 6671.9620 4.68960e-16
 6675.2286 4.29960e-16
 6678.4951 4.04293e-16
 6681.7616 3.84600e-16
 6685.0282 4.00575e-16
 6688.2947 4.17216e-16
 6691.5613 4.01410e-16
 6694.8278 3.95614e-16
 6698.0944 3.94140e-16
 6701.3609 3.94166e-16
 6704.6274 3.98994e-16
 6707.8940 4.10708e-16
 6711.1605 4.04865e-16
 6714.4271 3.87101e-16
 6717.6936 3.91835e-16
 6720.9601 4.20248e-16
 6724.2267 4.10976e-16
 6727.4932 3.77950e-16
 6730.7598 3.89505e-16
 6734.0263 3.93718e-16
 6737.2928 3.69633e-16
 6740.5594 3.68359e-16
 6743.8259 3.76014e-16
 6747.0925 3.32371e-16
 6750.3590 3.39591e-16
 6753.6255 3.16327e-16
 6756.8921 3.20967e-16
 6760.1586 3.45678e-16
 6763.4252 3.37967e-16
 6766.6917 3.34791e-16
 6769.9582 3.03214e-16
 6773.2248 3.08658e-16
 6776.4913 3.01615e-16
 6779.7579 3.14756e-16
 6783.0244 3.20567e-16
 6786.2910 3.20186e-16
 6789.5575 3.46300e-16
 6792.8240 3.22335e-16
 6796.0906 3.24190e-16
 6799.3571 3.35009e-16
 6802.6237 3.14698e-16
 6805.8902 3.16328e-16
 6809.1567 3.33001e-16
 6812.4233 3.14179e-16
 6815.6898 3.28991e-16
 6818.9564 3.22795e-16
 6822.2229 2.94459e-16
 6825.4894 3.04407e-16
 6828.7560 3.18646e-16
 6832.0225 3.21466e-16
 6835.2891 3.10027e-16
 6838.5556 3.14066e-16
 6841.8221 3.24107e-16
 6845.0887 3.06736e-16
 6848.3552 3.23105e-16
 6851.6218 3.18837e-16
 6854.8883 2.97549e-16
 6858.1548 3.01725e-16
 6861.4214 3.23758e-16
 6864.6879 3.17138e-16
 6867.9545 3.26836e-16
 6871.2210 3.20497e-16
 6874.4875 3.15059e-16
 6877.7541 3.11066e-16
 6881.0206 3.16135e-16
 6884.2872 3.20579e-16
 6887.5537 2.89864e-16
 6890.8203 3.16873e-16
 6894.0868 3.25396e-16
 6897.3533 3.25583e-16
 6900.6199 3.29986e-16
 6903.8864 3.27984e-16
 6907.1529 3.16661e-16
 6910.4195 3.12874e-16
 6913.6860 3.19130e-16
 6916.9526 3.33097e-16
 6920.2191 3.29332e-16
 6923.4857 2.96350e-16
 6926.7522 2.82723e-16
 6930.0187 2.97372e-16
 6933.2853 3.23693e-16
 6936.5518 3.06121e-16
 6939.8184 2.98249e-16
 6943.0849 3.10022e-16
 6946.3514 3.06192e-16
 6949.6180 3.18054e-16
 6952.8845 3.20608e-16
 6956.1511 3.11422e-16
 6959.4176 3.02673e-16
 6962.6841 3.12516e-16
 6965.9507 2.98573e-16
 6969.2172 3.08737e-16
 6972.4838 3.17079e-16
 6975.7503 3.09558e-16
 6979.0169 2.96410e-16
 6982.2834 3.06293e-16
 6985.5499 3.29297e-16
 6988.8165 3.11857e-16
 6992.0830 2.80777e-16
 6995.3495 3.02246e-16
 6998.6161 3.08374e-16
 7001.8826 2.97631e-16
 7005.1492 3.19627e-16
 7008.4157 2.95319e-16
 7011.6823 2.89752e-16
 7014.9488 3.15126e-16
 7018.2153 2.90475e-16
 7021.4819 2.80799e-16
 7024.7484 2.99993e-16
 7028.0150 2.93889e-16
 7031.2815 2.82629e-16
 7034.5480 2.77582e-16
 7037.8146 3.00655e-16
 7041.0811 2.94366e-16
 7044.3477 2.84957e-16
 7047.6142 2.99293e-16
 7050.8807 2.70733e-16
 7054.1473 2.74737e-16
 7057.4138 3.06079e-16
 7060.6804 3.06748e-16
 7063.9469 2.92356e-16
 7067.2135 2.98688e-16
 7070.4800 2.97900e-16
 7073.7465 2.76268e-16
 7077.0131 2.86766e-16
 7080.2796 2.77815e-16
 7083.5461 2.65440e-16
 7086.8127 2.89136e-16
 7090.0792 2.71882e-16
 7093.3458 2.86180e-16
 7096.6123 3.19467e-16
 7099.8789 2.99118e-16
 7103.1454 3.04353e-16
 7106.4119 3.23246e-16
 7109.6785 3.16740e-16
 7112.9450 2.99344e-16
 7116.2116 2.95743e-16
 7119.4781 3.00819e-16
 7122.7446 3.10524e-16
 7126.0112 3.15021e-16
 7129.2777 2.91500e-16
 7132.5443 2.88636e-16
 7135.8108 3.19848e-16
 7139.0773 3.04362e-16
 7142.3439 3.17902e-16
 7145.6104 2.92220e-16
 7148.8770 2.44645e-16
 7152.1435 2.94935e-16
 7155.4100 2.87954e-16
 7158.6766 2.94388e-16
 7161.9431 2.89517e-16
 7165.2097 2.80579e-16
 7168.4762 2.99129e-16
 7171.7427 2.95895e-16
 7175.0093 2.96237e-16
 7178.2758 3.05022e-16
 7181.5424 2.99263e-16
 7184.8089 2.98635e-16
 7188.0754 3.09706e-16
 7191.3420 3.21359e-16
 7194.6085 2.89448e-16
 7197.8751 3.03895e-16
 7201.1416 3.14285e-16
 7204.4082 2.86670e-16
 7207.6747 2.94849e-16
 7210.9412 3.07795e-16
 7214.2078 2.61104e-16
 7217.4743 3.06665e-16
 7220.7409 3.28893e-16
 7224.0074 3.25932e-16
 7227.2739 3.08453e-16
 7230.5405 3.02444e-16
 7233.8070 3.20482e-16
 7237.0736 3.30795e-16
 7240.3401 3.23929e-16
 7243.6066 3.29032e-16
 7246.8732 3.05234e-16
 7250.1397 3.14650e-16
 7253.4063 3.20200e-16
 7256.6728 3.14104e-16
 7259.9394 3.11191e-16
 7263.2059 3.37951e-16
 7266.4724 3.17509e-16
 7269.7390 3.24414e-16
 7273.0055 3.39484e-16
 7276.2720 3.45812e-16
 7279.5386 3.41134e-16
 7282.8051 3.34108e-16
 7286.0717 3.25997e-16
 7289.3382 3.26068e-16
 7292.6048 3.04609e-16
 7295.8713 3.28132e-16
 7299.1378 3.18524e-16
 7302.4044 3.17635e-16
 7305.6709 3.32610e-16
 7308.9375 3.26772e-16
 7312.2040 3.42224e-16
 7315.4705 3.33029e-16
 7318.7371 3.23124e-16
 7322.0036 3.34295e-16
 7325.2702 3.54820e-16
 7328.5367 3.57502e-16
 7331.8032 3.15415e-16
 7335.0698 3.17828e-16
 7338.3363 3.31485e-16
 7341.6029 3.33069e-16
 7344.8694 3.43513e-16
 7348.1360 3.16132e-16
 7351.4025 3.25069e-16
 7354.6690 3.23104e-16
 7357.9356 3.28846e-16
 7361.2021 3.11408e-16
 7364.4686 3.26107e-16
 7367.7352 3.41803e-16
 7371.0017 3.30207e-16
 7374.2683 3.42775e-16
 7377.5348 3.43391e-16
 7380.8014 3.18486e-16
 7384.0679 3.21329e-16
 7387.3344 3.11074e-16
 7390.6010 3.22367e-16
 7393.8675 3.22138e-16
 7397.1341 3.15280e-16
 7400.4006 3.08433e-16
 7403.6671 3.23329e-16
 7406.9337 3.12215e-16
 7410.2002 3.21668e-16
 7413.4668 3.20034e-16
 7416.7333 3.17623e-16
 7419.9998 3.11149e-16
 7423.2664 2.90340e-16
 7426.5329 3.09444e-16
 7429.7995 3.12219e-16
 7433.0660 3.21217e-16
 7436.3325 2.97440e-16
 7439.5991 3.05078e-16
 7442.8656 2.90842e-16
 7446.1322 2.84895e-16
 7449.3987 3.01219e-16
 7452.6652 3.07095e-16
 7455.9318 2.98942e-16
 7459.1983 3.06932e-16
 7462.4649 2.83604e-16
 7465.7314 2.60293e-16
 7468.9979 2.69495e-16
 7472.2645 2.32118e-16
 7475.5310 2.01637e-16
 7478.7976 2.18602e-16
 7482.0641 2.05790e-16
 7485.3307 2.67784e-16
 7488.5972 2.60153e-16
 7491.8637 2.65741e-16
 7495.1303 2.72650e-16
 7498.3968 2.45961e-16
 7501.6634 2.47098e-16
 7504.9299 2.26036e-16
 7508.1964 2.66888e-16
 7511.4630 2.70034e-16
 7514.7295 2.50736e-16
 7517.9961 2.92316e-16
 7521.2626 2.81077e-16
 7524.5291 2.81735e-16
 7527.7957 2.73225e-16
 7531.0622 2.83442e-16
 7534.3288 3.18837e-16
 7537.5953 3.13647e-16
 7540.8618 2.85952e-16
 7544.1284 2.91528e-16
 7547.3949 2.81232e-16
 7550.6615 2.82846e-16
 7553.9280 3.07571e-16
 7557.1945 2.94752e-16
 7560.4611 2.94227e-16
 7563.7276 2.85016e-16
 7566.9942 2.83533e-16
 7570.2607 2.89906e-16
 7573.5273 3.01901e-16
 7576.7938 2.79158e-16
 7580.0603 2.91008e-16
 7583.3269 2.89408e-16
 7586.5934 2.85440e-16
 7589.8600 2.80509e-16
 7593.1265 2.85609e-16
 7596.3930 2.99250e-16
 7599.6596 2.96514e-16
 7602.9261 2.91684e-16
 7606.1927 2.88482e-16
 7609.4592 2.96204e-16
 7612.7257 3.08528e-16
 7615.9923 2.91436e-16
 7619.2588 2.97378e-16
 7622.5254 2.86337e-16
 7625.7919 2.97842e-16
 7629.0584 2.93691e-16
 7632.3250 3.16542e-16
 7635.5915 3.04635e-16
 7638.8581 2.99439e-16
 7642.1246 3.08618e-16
 7645.3911 2.92453e-16
 7648.6577 3.02422e-16
 7651.9242 3.05015e-16
 7655.1908 2.91267e-16
 7658.4573 2.92507e-16
 7661.7239 2.84952e-16
 7664.9904 2.66087e-16
 7668.2569 2.64177e-16
 7671.5235 2.85705e-16
 7674.7900 2.92501e-16
 7678.0566 2.94970e-16
 7681.3231 2.93775e-16
 7684.5896 2.92850e-16
 7687.8562 2.87360e-16
 7691.1227 2.94273e-16
 7694.3893 2.97992e-16
 7697.6558 2.80285e-16
 7700.9223 2.82254e-16
 7704.1889 2.89555e-16
 7707.4554 2.90420e-16
 7710.7220 2.71832e-16
 7713.9885 2.89486e-16
 7717.2550 2.78650e-16
 7720.5216 2.76694e-16
 7723.7881 2.80297e-16
 7727.0547 2.74277e-16
 7730.3212 2.82852e-16
 7733.5877 2.90609e-16
 7736.8543 2.79689e-16
 7740.1208 2.82891e-16
 7743.3874 2.70725e-16
 7746.6539 2.69602e-16
 7749.9204 2.81700e-16
 7753.1870 2.74919e-16
 7756.4535 2.73401e-16
 7759.7201 2.98501e-16
 7762.9866 2.63421e-16
 7766.2532 2.66407e-16
 7769.5197 2.78605e-16
 7772.7862 2.76919e-16
 7776.0528 2.77173e-16
 7779.3193 2.82649e-16
 7782.5859 2.83533e-16
 7785.8524 2.67661e-16
 7789.1189 2.74665e-16
 7792.3855 2.87907e-16
 7795.6520 2.94410e-16
 7798.9186 2.83611e-16
 7802.1851 2.80852e-16
 7805.4516 2.82308e-16
 7808.7182 2.73966e-16
 7811.9847 2.79669e-16
 7815.2513 2.90268e-16
 7818.5178 2.68035e-16
 7821.7843 2.86974e-16
 7825.0509 2.89713e-16
 7828.3174 2.97118e-16
 7831.5840 2.86755e-16
 7834.8505 3.09319e-16
 7838.1170 2.90246e-16
 7841.3836 2.74069e-16
 7844.6501 2.64832e-16
 7847.9167 2.83738e-16
 7851.1832 2.93695e-16
 7854.4498 2.67351e-16
 7857.7163 2.89238e-16
 7860.9828 2.83156e-16
 7864.2494 2.60806e-16
 7867.5159 2.72358e-16
 7870.7825 2.69157e-16
 7874.0490 2.70155e-16
 7877.3155 2.60172e-16
 7880.5821 2.50604e-16
 7883.8486 2.71716e-16
 7887.1152 2.63113e-16
 7890.3817 2.78899e-16
 7893.6482 2.72993e-16
 7896.9148 2.51203e-16
 7900.1813 2.60900e-16
 7903.4479 2.71574e-16
 7906.7144 2.72938e-16
 7909.9809 2.86401e-16
 7913.2475 2.44178e-16
 7916.5140 2.48380e-16
 7919.7806 2.73154e-16
 7923.0471 2.60811e-16
 7926.3136 2.62651e-16
 7929.5802 2.44854e-16
 7932.8467 2.38005e-16
 7936.1133 2.44327e-16
 7939.3798 2.34976e-16
 7942.6464 2.49171e-16
 7945.9129 2.44254e-16
 7949.1794 2.50307e-16
 7952.4460 2.67143e-16
 7955.7125 2.52740e-16
 7958.9791 2.54964e-16
 7962.2456 2.27000e-16
 7965.5121 2.46815e-16
 7968.7787 2.44326e-16
 7972.0452 2.65808e-16
 7975.3118 2.31422e-16
 7978.5783 2.47650e-16
 7981.8448 2.40312e-16
 7985.1114 2.36180e-16
 7988.3779 2.42621e-16
 7991.6445 2.65301e-16
 7994.9110 2.22788e-16
 7998.1775 2.45933e-16
 8001.4441 2.29527e-16
 8004.7106 2.11951e-16
 8007.9772 2.13637e-16
 8011.2437 2.41261e-16
 8014.5102 1.98755e-16
 8017.7768 2.25305e-16
 8021.0433 2.18030e-16
 8024.3099 2.10581e-16
 8027.5764 2.21261e-16
 8030.8429 2.18744e-16
 8034.1095 2.27491e-16
 8037.3760 2.18133e-16
 8040.6426 2.14849e-16
 8043.9091 2.09076e-16
 8047.1757 1.84769e-16
 8050.4422 1.93032e-16
 8053.7087 2.02249e-16
 8056.9753 2.18928e-16
 8060.2418 2.07811e-16
 8063.5084 2.10871e-16
 8066.7749 2.16008e-16
 8070.0414 2.19925e-16
 8073.3080 2.16022e-16
 8076.5745 1.96460e-16
 8079.8411 2.04832e-16
 8083.1076 2.12758e-16
 8086.3741 1.99767e-16
 8089.6407 1.88441e-16
 8092.9072 1.65539e-16
 8096.1738 1.67683e-16
 8099.4403 2.00711e-16
 8102.7068 2.06272e-16
 8105.9734 1.89207e-16
 8109.2399 1.86741e-16
 8112.5065 1.76283e-16
 8115.7730 1.71719e-16
 8119.0395 1.78507e-16
 8122.3061 1.78566e-16
 8125.5726 1.70160e-16
 8128.8392 1.73647e-16
 8132.1057 1.62646e-16
 8135.3723 1.57709e-16
 8138.6388 1.44172e-16
 8141.9053 1.48186e-16
 8145.1719 1.56324e-16
 8148.4384 1.39037e-16
 8151.7049 1.18521e-16
 8154.9715 1.24965e-16
 8158.2380 1.22419e-16
 8161.5046 1.35642e-16
 8164.7711 1.45109e-16
 8168.0377 1.21333e-16
 8171.3042 1.33520e-16
 8174.5707 1.46054e-16
 8177.8373 1.39344e-16
 8181.1038 1.35339e-16
 8184.3704 1.31520e-16
 8187.6369 1.45558e-16
 8190.9034 1.22622e-16
 8194.1700 1.11755e-16
 8197.4365 1.16327e-16
 8200.7031 1.09761e-16
 8203.9696 1.38224e-16
 8207.2361 1.26865e-16
 8210.5027 1.25150e-16
 8213.7692 1.18385e-16
 8217.0358 1.21752e-16
 8220.3023 1.33230e-16
 8223.5689 1.44249e-16
 8226.8354 1.44147e-16
 8230.1019 1.24940e-16
 8233.3685 1.10359e-16
 8236.6350 1.35756e-16
 8239.9015 1.19942e-16
 8243.1681 1.47367e-16
 8246.4346 1.42180e-16
 8249.7012 1.28799e-16
 8252.9677 1.33987e-16
 8256.2343 1.28946e-16
 8259.5008 1.45574e-16
 8262.7673 1.55792e-16
 8266.0339 1.37994e-16
 8269.3004 1.32519e-16
 8272.5670 1.33616e-16
 8275.8335 1.20267e-16
 8279.1000 1.37547e-16
 8282.3666 1.43527e-16
 8285.6331 1.41485e-16
 8288.8997 1.45857e-16
 8292.1662 1.35965e-16
 8295.4327 1.24627e-16
 8298.6993 1.36008e-16
 8301.9658 1.35380e-16
 8305.2324 1.38624e-16
 8308.4989 1.24568e-16
 8311.7654 1.40912e-16
 8315.0320 1.53934e-16
 8318.2985 1.33986e-16
 8321.5651 1.51196e-16
 8324.8316 1.45198e-16
 8328.0982 1.41122e-16
 8331.3647 1.38851e-16
 8334.6312 1.41444e-16
 8337.8978 1.45398e-16
 8341.1643 1.50398e-16
 8344.4309 1.28283e-16
 8347.6974 1.45702e-16
 8350.9639 1.46429e-16
 8354.2305 1.29741e-16
 8357.4970 1.43227e-16
 8360.7636 1.60330e-16
 8364.0301 1.49863e-16
 8367.2966 1.59568e-16
 8370.5632 1.56733e-16
 8373.8297 1.56132e-16
 8377.0963 1.57501e-16
 8380.3628 1.56761e-16
 8383.6293 1.56817e-16
 8386.8959 1.70483e-16
 8390.1624 1.65806e-16
 8393.4290 1.75226e-16
 8396.6955 1.80220e-16
 8399.9620 1.91109e-16
 8403.2286 1.71915e-16
 8406.4951 1.78081e-16
 8409.7617 1.73426e-16
 8413.0282 1.81319e-16
 8416.2948 1.92842e-16
 8419.5613 1.90177e-16
 8422.8278 1.76763e-16
 8426.0944 1.63270e-16
 8429.3609 1.81072e-16
 8432.6274 2.03369e-16
 8435.8940 2.05032e-16
 8439.1605 1.88316e-16
 8442.4271 1.94527e-16
 8445.6936 2.19348e-16
 8448.9602 2.15504e-16
 8452.2267 2.03203e-16
 8455.4932 2.18189e-16
 8458.7598 2.21076e-16
 8462.0263 2.36865e-16
 8465.2929 2.59834e-16
 8468.5594 2.50074e-16
 8471.8259 2.41397e-16
 8475.0925 2.40995e-16
 8478.3590 2.32559e-16
 8481.6256 2.36309e-16
 8484.8921 2.54416e-16
 8488.1586 2.58691e-16
 8491.4252 2.76618e-16
 8494.6917 2.77625e-16
 8497.9583 2.95013e-16
 8501.2248 2.68831e-16
 8504.4914 2.73626e-16
 8507.7579 3.08356e-16
 8511.0244 2.96929e-16
 8514.2910 3.16762e-16
 8517.5575 2.97949e-16
 8520.8240 2.82516e-16
 8524.0906 3.12188e-16
 8527.3571 2.88066e-16
 8530.6237 3.10061e-16
 8533.8902 3.10786e-16
 8537.1568 2.89566e-16
 8540.4233 3.15649e-16
 8543.6898 3.20555e-16
 8546.9564 3.10448e-16
 8550.2229 3.18578e-16
 8553.4895 3.42755e-16
 8556.7560 3.31146e-16
 8560.0225 3.41500e-16
 8563.2891 3.53508e-16
 8566.5556 3.49972e-16
 8569.8222 3.57414e-16
 8573.0887 3.45251e-16
 8576.3552 3.61295e-16
 8579.6218 3.15075e-16
 8582.8883 3.40504e-16
 8586.1549 3.56438e-16
 8589.4214 3.27540e-16
 8592.6879 3.56303e-16
 8595.9545 3.51540e-16
 8599.2210 3.61532e-16
 8602.4876 3.39914e-16
 8605.7541 3.46770e-16
 8609.0206 3.70712e-16
 8612.2872 3.75687e-16
 8615.5537 3.34118e-16
 8618.8203 3.43407e-16
 8622.0868 3.69875e-16
 8625.3534 3.50203e-16
 8628.6199 3.47603e-16
 8631.8864 3.61509e-16
 8635.1530 3.86326e-16
 8638.4195 3.86277e-16
 8641.6861 3.84775e-16
 8644.9526 3.85248e-16
 8648.2191 3.68423e-16
 8651.4857 3.34041e-16
 8654.7522 3.40490e-16
 8658.0188 3.56730e-16
 8661.2853 3.71156e-16
 8664.5518 3.66983e-16
 8667.8184 3.78947e-16
 8671.0849 3.68506e-16
 8674.3515 3.53993e-16
 8677.6180 3.54959e-16
 8680.8845 3.71428e-16
 8684.1511 3.83326e-16
 8687.4176 3.63324e-16
 8690.6842 3.59382e-16
 8693.9507 3.65560e-16
 8697.2172 3.67402e-16
 8700.4838 3.86083e-16
 8703.7503 3.90668e-16
 8707.0169 3.85600e-16
 8710.2834 3.86710e-16
 8713.5499 3.61752e-16
 8716.8165 3.33359e-16
 8720.0830 3.42543e-16
 8723.3496 3.68025e-16
 8726.6161 3.90792e-16
 8729.8827 3.65617e-16
 8733.1492 3.68976e-16
 8736.4157 3.80426e-16
 8739.6823 3.58092e-16
 8742.9488 3.75287e-16
 8746.2154 3.77493e-16
 8749.4819 3.67461e-16
 8752.7484 3.54128e-16
 8756.0150 3.58210e-16
 8759.2815 3.72060e-16
 8762.5481 3.74030e-16
 8765.8146 3.67730e-16
 8769.0811 3.88204e-16
 8772.3477 3.37363e-16
 8775.6142 3.25089e-16
 8778.8808 3.64626e-16
 8782.1473 3.49662e-16
 8785.4138 3.47296e-16
 8788.6804 3.69106e-16
 8791.9469 3.40261e-16
 8795.2135 3.48039e-16
 8798.4800 3.59715e-16
 8801.7465 3.09481e-16
 8805.0131 3.22236e-16
 8808.2796 3.22615e-16
 8811.5462 3.12647e-16
 8814.8127 2.97194e-16
 8818.0793 3.09164e-16
 8821.3458 2.95348e-16
 8824.6123 3.01447e-16
 8827.8789 3.11449e-16
 8831.1454 3.01020e-16
 8834.4120 2.97001e-16
 8837.6785 2.89785e-16
 8840.9450 2.45707e-16
 8844.2116 3.04371e-16
 8847.4781 3.06983e-16
 8850.7447 3.01773e-16
 8854.0112 2.95662e-16
 8857.2777 2.78785e-16
 8860.5443 2.56765e-16
 8863.8108 2.77660e-16
 8867.0774 2.47512e-16
 8870.3439 2.60968e-16
 8873.6104 2.47942e-16
 8876.8770 2.78911e-16
 8880.1435 2.76879e-16
 8883.4101 2.57904e-16
 8886.6766 2.81481e-16
 8889.9431 2.79487e-16
 8893.2097 2.65945e-16
 8896.4762 2.59171e-16
 8899.7428 2.77425e-16
 8903.0093 2.52782e-16
 8906.2758 2.47915e-16
 8909.5424 2.51320e-16
 8912.8089 2.39973e-16
 8916.0755 2.49632e-16
 8919.3420 2.51304e-16
 8922.6086 2.26073e-16
 8925.8751 2.27389e-16
 8929.1416 2.21043e-16
 8932.4082 2.25771e-16
 8935.6747 2.30134e-16
 8938.9413 2.15179e-16
 8942.2078 2.14261e-16
 8945.4743 2.19835e-16
 8948.7409 2.29462e-16
 8952.0074 2.14339e-16
 8955.2740 2.17635e-16
 8958.5405 2.34370e-16
 8961.8070 2.30765e-16
 8965.0736 2.14884e-16
 8968.3401 2.24601e-16
 8971.6067 2.20819e-16
 8974.8732 1.96455e-16
 8978.1397 1.93321e-16
 8981.4063 2.13917e-16
 8984.6728 2.04347e-16
 8987.9394 2.02678e-16
 8991.2059 2.11920e-16
 8994.4724 1.85152e-16
 8997.7390 1.96989e-16
 9001.0055 1.94602e-16
 9004.2721 2.00590e-16
 9007.5386 1.90760e-16
 9010.8052 2.06374e-16
 9014.0717 1.86561e-16
 9017.3382 1.81232e-16
 9020.6048 1.96310e-16
 9023.8713 2.23041e-16
 9027.1379 1.90445e-16
 9030.4044 2.05388e-16
 9033.6709 1.97395e-16
 9036.9375 1.88423e-16
 9040.2040 1.88664e-16
 9043.4706 1.93747e-16
 9046.7371 1.85657e-16
 9050.0036 2.06329e-16
 9053.2702 1.83400e-16
 9056.5367 1.90247e-16
 9059.8033 1.84570e-16
 9063.0698 1.82151e-16
 9066.3363 1.89208e-16
 9069.6029 1.84173e-16
 9072.8694 2.00936e-16
 9076.1360 1.88626e-16
 9079.4025 1.56902e-16
 9082.6690 1.72632e-16
 9085.9356 1.80717e-16
 9089.2021 1.63549e-16
 9092.4687 1.77278e-16
 9095.7352 1.80298e-16
 9099.0018 1.89960e-16
 9102.2683 1.83075e-16
 9105.5348 1.65663e-16
 9108.8014 1.71856e-16
 9112.0679 1.69050e-16
 9115.3345 1.74998e-16
 9118.6010 1.69958e-16
 9121.8675 1.73346e-16
 9125.1341 1.53303e-16
 9128.4006 1.45617e-16
 9131.6672 1.59964e-16
 9134.9337 1.48271e-16
 9138.2002 1.60282e-16
 9141.4668 1.49775e-16
 9144.7333 1.36504e-16
 9147.9999 1.19467e-16
 9151.2664 1.28232e-16
 9154.5329 1.39575e-16
 9157.7995 1.38754e-16
 9161.0660 1.28027e-16
 9164.3326 1.26430e-16
 9167.5991 1.44015e-16
 9170.8656 1.37937e-16
 9174.1322 1.20755e-16
 9177.3987 1.33158e-16
 9180.6653 1.22496e-16
 9183.9318 1.10569e-16
 9187.1983 1.25517e-16
 9190.4649 1.39003e-16
 9193.7314 1.47049e-16
 9196.9980 1.45031e-16
 9200.2645 1.46387e-16
 9203.5311 1.34518e-16
 9206.7976 1.08126e-16
 9210.0641 9.94099e-17
 9213.3307 9.64330e-17
 9216.5972 7.84482e-17
 9219.8638 1.33641e-16
 9223.1303 1.34065e-16
 9226.3968 1.00941e-16
 9229.6634 1.13014e-16
 9232.9299 9.54647e-17
 9236.1965 1.33171e-16
 9239.4630 1.50997e-16
 9242.7295 1.28578e-16
 9245.9961 1.23357e-16
 9249.2626 1.23675e-16
 9252.5292 1.17494e-16
 9255.7957 1.23242e-16
 9259.0622 1.40043e-16
 9262.3288 1.25033e-16
 9265.5953 1.21139e-16
 9268.8619 1.43926e-16
 9272.1284 1.27006e-16
 9275.3949 1.11721e-16
 9278.6615 1.13579e-16
 9281.9280 1.09293e-16
 9285.1946 1.33626e-16
 9288.4611 1.69426e-16
 9291.7277 1.22877e-16
 9294.9942 1.02332e-16
 9298.2607 9.64635e-17
 9301.5273 1.01412e-16
 9304.7938 1.33402e-16
 9308.0603 1.18395e-16
 9311.3269 1.23778e-16
 9314.5934 1.21226e-16
 9317.8600 1.09217e-16
 9321.1265 1.28549e-16
 9324.3931 1.46512e-16
 9327.6596 1.37611e-16
 9330.9261 1.13381e-16
 9334.1927 1.12692e-16
 9337.4592 1.33247e-16
 9340.7258 1.07852e-16
 9343.9923 1.09443e-16
 9347.2588 1.20009e-16
 9350.5254 1.20240e-16
 9353.7919 1.29000e-16
 9357.0585 1.14653e-16
 9360.3250 1.05067e-16
 9363.5915 1.25855e-16
 9366.8581 1.03184e-16
 9370.1246 1.13430e-16
 9373.3912 1.34239e-16
 9376.6577 1.13819e-16
 9379.9243 9.52412e-17
 9383.1908 1.25048e-16
 9386.4573 1.15578e-16
 9389.7239 9.41535e-17
 9392.9904 9.66395e-17
 9396.2569 1.16807e-16
 9399.5235 1.31585e-16
 9402.7900 1.28169e-16
 9406.0566 9.59681e-17
 9409.3231 8.19654e-17
 9412.5897 1.12166e-16
 9415.8562 1.25081e-16
 9419.1227 1.11059e-16
 9422.3893 1.27491e-16
 9425.6558 1.09822e-16
 9428.9224 8.65665e-17
 9432.1889 7.38861e-17
 9435.4554 9.77672e-17
 9438.7220 9.33355e-17
 9441.9885 1.13323e-16
 9445.2551 9.75077e-17
 9448.5216 1.24912e-16
 9451.7881 1.26034e-16
 9455.0547 1.38299e-16
 9458.3212 1.39231e-16
 9461.5878 1.15378e-16
 9464.8543 1.25167e-16
 9468.1208 1.17573e-16
 9471.3874 1.23260e-16
 9474.6539 1.53879e-16
 9477.9205 1.26214e-16
 9481.1870 1.23626e-16
 9484.4536 1.21167e-16
 9487.7201 1.15940e-16
 9490.9866 1.25458e-16
 9494.2532 1.26666e-16
 9497.5197 1.27572e-16
 9500.7863 1.28575e-16
 9504.0528 1.47558e-16
 9507.3193 1.40254e-16
 9510.5859 1.24354e-16
 9513.8524 1.34874e-16
 9517.1190 1.49142e-16
 9520.3855 1.50793e-16
 9523.6520 1.33444e-16
 9526.9186 1.37439e-16
 9530.1851 1.13406e-16
 9533.4517 1.08434e-16
 9536.7182 1.44024e-16
 9539.9847 1.44890e-16
 9543.2513 1.41302e-16
 9546.5178 1.32330e-16
 9549.7844 1.27402e-16
 9553.0509 1.64457e-16
 9556.3174 1.55355e-16
 9559.5840 1.35132e-16
 9562.8505 1.43636e-16
 9566.1171 1.60135e-16
 9569.3836 1.41146e-16
 9572.6502 1.42043e-16
 9575.9167 1.05648e-16
 9579.1832 1.25499e-16
 9582.4498 1.12873e-16
 9585.7163 1.35466e-16
 9588.9828 1.45547e-16
 9592.2494 1.45406e-16
 9595.5159 1.38966e-16
 9598.7825 1.65324e-16
 9602.0490 1.35447e-16
 9605.3156 1.52725e-16
 9608.5821 1.60942e-16
 9611.8486 1.51452e-16
 9615.1152 1.16719e-16
 9618.3817 9.62008e-17
 9621.6483 1.29299e-16
 9624.9148 1.73869e-16
 9628.1813 1.34237e-16
 9631.4479 1.51727e-16
 9634.7144 1.92734e-16
 9637.9810 1.68682e-16
 9641.2475 1.52529e-16
 9644.5140 1.94221e-16
 9647.7806 1.38857e-16
 9651.0471 1.54483e-16
 9654.3137 1.53925e-16
 9657.5802 1.70407e-16
 9660.8468 1.65446e-16
 9664.1133 1.27329e-16
 9667.3798 1.19855e-16
 9670.6464 1.34094e-16
 9673.9129 2.01744e-16
 9677.1794 1.45616e-16
 9680.4460 1.67837e-16
 9683.7125 1.41600e-16
 9686.9791 1.48875e-16
 9690.2456 1.35584e-16
 9693.5122 1.11031e-16
 9696.7787 1.58373e-16
 9700.0452 1.76734e-16
 9703.3118 1.50266e-16
 9706.5783 1.68503e-16
 9709.8449 1.10560e-16
 9713.1114 1.44827e-16
 9716.3779 1.37267e-16
 9719.6445 1.28148e-16
 9722.9110 1.20450e-16
 9726.1776 1.32250e-16
 9729.4441 1.32083e-16
 9732.7106 1.14571e-16
 9735.9772 1.47730e-16
 9739.2437 1.69148e-16
 9742.5103 1.53318e-16
 9745.7768 1.31091e-16
 9749.0433 1.17690e-16
 9752.3099 9.25261e-17
 9755.5764 8.81494e-17
 9758.8430 1.44718e-16
 9762.1095 1.35702e-16
 9765.3760 1.66320e-16
 9768.6426 1.56522e-16
 9771.9091 1.17127e-16
 9775.1757 1.47110e-16
 9778.4422 1.33186e-16
 9781.7088 1.12914e-16
 9784.9753 1.04979e-16
 9788.2418 8.99608e-17
 9791.5084 4.68109e-17
 9794.7749 1.13913e-16
 9798.0415 1.77140e-16
 9801.3080 1.34115e-16
 9804.5745 1.18525e-16
 9807.8411 1.18462e-16
 9811.1076 1.57653e-16
 9814.3742 1.06189e-16
 9817.6407 5.98742e-17
 9820.9072 1.11092e-16
 9824.1738 1.17283e-16
 9827.4403 1.19196e-16
 9830.7069 1.40936e-16
 9833.9734 1.14190e-16
 9837.2399 1.48675e-16
 9840.5065 1.74944e-16
 9843.7730 1.38011e-16
 9847.0396 5.64344e-17
 9850.3061 1.23989e-17
 9853.5726 1.03467e-16
 9856.8392 1.39856e-16
 9860.1057 8.96672e-17
 9863.3723 1.13946e-16
 9866.6388 1.38484e-16
 9869.9053 1.06801e-16
 9873.1719 9.46118e-17
 9876.4384 6.85756e-17
 9879.7050 3.58449e-17
 9882.9715 8.28287e-17
 9886.2381 1.12313e-16
 9889.5046 1.34625e-16
 9892.7711 9.56133e-17
 9896.0377 4.93625e-17
 9899.3042 6.39028e-17
 9902.5708 6.45068e-17
 9905.8373 7.01775e-17
 9909.1038 7.66624e-17
 9912.3704 4.75458e-17
 9915.6369 5.27662e-17
 9918.9035 5.66869e-17
 9922.1700 6.79760e-17
 9925.4365 6.85301e-17
 9928.7031 5.94421e-17
 9931.9696 8.38804e-17
 9935.2362 7.18435e-17
 9938.5027 8.03957e-17
 9941.7692 5.24458e-17
 9945.0358 6.76713e-17
 9948.3023 7.65647e-17
 9951.5689 4.64817e-17
 9954.8354 6.01347e-17
 9958.1019 6.85978e-17
 9961.3685 3.14629e-17
 9964.6350 3.76500e-17
 9967.9016 4.38516e-17
 9971.1681 3.49183e-17
 9974.4347 4.60184e-17
 9977.7012 4.84350e-17
 9980.9677 6.40677e-17
 9984.2343 4.15237e-17
 9987.5008 4.41838e-17
 9990.7674 2.88416e-17
 9994.0339 1.88165e-17
 9997.3004 1.91159e-17
10000.5670 2.64408e-17
10003.8335 4.50835e-17
10007.1001 2.44394e-17
10010.3666 1.72896e-17
10013.6331 3.12143e-17
10016.8997 2.48125e-17
10020.1662 1.15964e-17
10023.4328 1.17429e-17
10026.6993 1.69247e-17
10029.9658 4.67660e-18
10033.2324 8.25555e-18
