#Object:               SN2008ia
#FITS_file:            SN08ia_b01_CLA_LD_22jan09.fits
#Redshift:             0.02171
#JDate_of_max:         2454812.86
#JDate_of_observation: 2454853.78
#Epoch:                40.05     
#
 3619.9997 -1.18279e-17
 3621.9930 3.93467e-17
 3623.9863 1.31621e-17
 3625.9796 -1.22558e-17
 3627.9728 2.83786e-18
 3629.9661 1.79296e-17
 3631.9594 3.30232e-17
 3633.9527 4.81150e-17
 3635.9459 6.32086e-17
 3637.9392 7.83003e-17
 3639.9325 3.38641e-17
 3641.9258 2.88294e-17
 3643.9190 2.37946e-17
 3645.9123 3.30991e-17
 3647.9056 -1.39929e-17
 3649.8989 -6.10906e-17
 3651.8921 1.44447e-17
 3653.8854 7.68759e-17
 3655.8787 -5.71567e-17
 3657.8720 -7.87626e-17
 3659.8652 -7.00481e-18
 3661.8585 6.24856e-17
 3663.8518 1.15807e-16
 3665.8451 1.97754e-17
 3667.8383 -2.23117e-17
 3669.8316 -1.71959e-17
 3671.8249 -3.81561e-17
 3673.8181 1.04609e-17
 3675.8114 -6.40943e-17
 3677.8047 -6.59822e-17
 3679.7980 7.19982e-17
 3681.7912 4.43013e-17
 3683.7845 2.45058e-17
 3685.7778 -4.24995e-18
 3687.7711 -2.12482e-17
 3689.7643 -3.90060e-18
 3691.7576 1.36361e-17
 3693.7509 -2.86439e-17
 3695.7442 -8.74196e-18
 3697.7374 6.09673e-17
 3699.7307 -1.41260e-17
 3701.7240 6.51732e-18
 3703.7173 1.00823e-16
 3705.7105 2.68040e-17
 3707.7038 6.35231e-17
 3709.6971 -1.18529e-18
 3711.6904 1.84668e-17
 3713.6836 5.37152e-17
 3715.6769 1.66902e-17
 3717.6702 4.08894e-18
 3719.6635 4.19349e-17
 3721.6567 2.18791e-17
 3723.6500 4.26493e-17
 3725.6433 1.98590e-17
 3727.6366 -5.18027e-18
 3729.6298 -3.16919e-18
 3731.6231 7.80448e-18
 3733.6164 3.19299e-17
 3735.6097 -6.00613e-18
 3737.6029 1.49318e-17
 3739.5962 -7.25201e-18
 3741.5895 4.00771e-17
 3743.5828 4.40766e-17
 3745.5760 1.62469e-17
 3747.5693 1.32921e-17
 3749.5626 3.81122e-17
 3751.5558 -8.18769e-19
 3753.5491 2.92149e-17
 3755.5424 5.14009e-18
 3757.5357 2.25486e-17
 3759.5289 2.85290e-17
 3761.5222 1.01815e-17
 3763.5155 1.51090e-17
 3765.5088 8.13734e-18
 3767.5020 4.52540e-17
 3769.4953 3.41971e-17
 3771.4886 3.31998e-17
 3773.4819 2.94259e-17
 3775.4751 3.06270e-17
 3777.4684 -1.24708e-17
 3779.4617 2.46335e-17
 3781.4550 2.59594e-17
 3783.4482 1.88922e-17
 3785.4415 2.35859e-17
 3787.4348 2.51734e-17
 3789.4281 3.50295e-17
 3791.4213 4.66312e-18
 3793.4146 3.82597e-17
 3795.4079 4.18969e-17
 3797.4012 4.24066e-18
 3799.3944 1.16993e-17
 3801.3877 6.33423e-17
 3803.3810 2.10409e-17
 3805.3743 2.00776e-17
 3807.3675 2.44664e-17
 3809.3608 2.81496e-17
 3811.3541 1.17447e-17
 3813.3474 1.42677e-18
 3815.3406 2.74980e-17
 3817.3339 3.90963e-17
 3819.3272 3.79056e-17
 3821.3205 3.56754e-17
 3823.3137 3.04879e-17
 3825.3070 1.18113e-17
 3827.3003 1.68765e-17
 3829.2936 2.94521e-17
 3831.2868 2.22891e-17
 3833.2801 5.34105e-18
 3835.2734 3.78998e-17
 3837.2666 2.85994e-17
 3839.2599 2.03659e-17
 3841.2532 3.45017e-17
 3843.2465 1.02832e-17
 3845.2397 2.90456e-17
 3847.2330 1.75039e-17
 3849.2263 1.02005e-17
 3851.2196 2.82480e-17
 3853.2128 3.02313e-17
 3855.2061 2.34911e-17
 3857.1994 2.52505e-17
 3859.1927 3.91356e-17
 3861.1859 8.78635e-18
 3863.1792 2.25539e-17
 3865.1725 2.61530e-17
 3867.1658 1.11254e-17
 3869.1590 1.64781e-17
 3871.1523 8.07669e-18
 3873.1456 6.40954e-18
 3875.1389 1.18249e-17
 3877.1321 1.85259e-17
 3879.1254 1.56653e-17
 3881.1187 5.28388e-18
 3883.1120 6.21866e-18
 3885.1052 1.62850e-17
 3887.0985 9.50349e-18
 3889.0918 1.39975e-17
 3891.0851 1.18028e-17
 3893.0783 1.36469e-17
 3895.0716 1.72951e-17
 3897.0649 1.66697e-17
 3899.0582 1.73833e-17
 3901.0514 4.68098e-18
 3903.0447 1.97193e-17
 3905.0380 1.90611e-17
 3907.0313 2.48325e-17
 3909.0245 1.84261e-17
 3911.0178 2.56422e-17
 3913.0111 1.10552e-17
 3915.0044 1.88161e-17
 3916.9976 2.54629e-17
 3918.9909 1.88261e-17
 3920.9842 1.03707e-17
 3922.9775 1.59553e-17
 3924.9707 1.42534e-17
 3926.9640 1.78984e-17
 3928.9573 8.88890e-18
 3930.9506 1.66925e-17
 3932.9438 1.70176e-17
 3934.9371 7.11722e-18
 3936.9304 1.24537e-17
 3938.9237 2.26923e-17
 3940.9169 3.60678e-17
 3942.9102 1.89220e-17
 3944.9035 6.10176e-18
 3946.8968 1.93699e-17
 3948.8900 2.18103e-17
 3950.8833 3.27304e-17
 3952.8766 1.94558e-17
 3954.8698 2.53196e-17
 3956.8631 2.32942e-17
 3958.8564 2.32819e-17
 3960.8497 3.12337e-17
 3962.8429 3.33547e-17
 3964.8362 3.51175e-17
 3966.8295 3.05250e-17
 3968.8228 3.79186e-17
 3970.8160 3.73888e-17
 3972.8093 3.08765e-17
 3974.8026 2.91711e-17
 3976.7959 4.10929e-17
 3978.7891 3.50917e-17
 3980.7824 3.33616e-17
 3982.7757 4.87696e-17
 3984.7690 3.59112e-17
 3986.7622 4.42086e-17
 3988.7555 4.30512e-17
 3990.7488 3.58448e-17
 3992.7421 3.69765e-17
 3994.7353 3.14122e-17
 3996.7286 3.48019e-17
 3998.7219 4.20269e-17
 4000.7152 3.86294e-17
 4002.7084 4.71419e-17
 4004.7017 4.04644e-17
 4006.6950 3.35564e-17
 4008.6883 5.40655e-17
 4010.6815 4.55149e-17
 4012.6748 4.34664e-17
 4014.6681 3.38034e-17
 4016.6614 3.74837e-17
 4018.6546 4.36690e-17
 4020.6479 4.58728e-17
 4022.6412 4.63017e-17
 4024.6345 5.09866e-17
 4026.6277 5.21497e-17
 4028.6210 5.78407e-17
 4030.6143 4.55339e-17
 4032.6076 5.25892e-17
 4034.6008 5.31660e-17
 4036.5941 4.68528e-17
 4038.5874 4.80341e-17
 4040.5806 5.70449e-17
 4042.5739 5.35800e-17
 4044.5672 4.41878e-17
 4046.5605 4.55466e-17
 4048.5537 4.73783e-17
 4050.5470 5.00227e-17
 4052.5403 4.78492e-17
 4054.5336 4.54532e-17
 4056.5268 5.56096e-17
 4058.5201 5.12680e-17
 4060.5134 4.77379e-17
 4062.5067 5.09337e-17
 4064.4999 4.16418e-17
 4066.4932 4.98049e-17
 4068.4865 5.33779e-17
 4070.4798 4.53832e-17
 4072.4730 4.34617e-17
 4074.4663 5.63254e-17
 4076.4596 4.28128e-17
 4078.4529 4.24687e-17
 4080.4461 5.08150e-17
 4082.4394 4.34426e-17
 4084.4327 4.43051e-17
 4086.4260 4.37029e-17
 4088.4192 4.60999e-17
 4090.4125 4.80599e-17
 4092.4058 4.03838e-17
 4094.3991 4.02169e-17
 4096.3923 3.23681e-17
 4098.3856 3.38450e-17
 4100.3789 4.55933e-17
 4102.3722 5.05425e-17
 4104.3654 4.28633e-17
 4106.3587 3.53985e-17
 4108.3520 3.26598e-17
 4110.3453 3.12653e-17
 4112.3385 2.83585e-17
 4114.3318 2.72452e-17
 4116.3251 3.21626e-17
 4118.3184 2.39451e-17
 4120.3116 3.28773e-17
 4122.3049 3.00252e-17
 4124.2982 2.81740e-17
 4126.2914 3.52778e-17
 4128.2847 3.28827e-17
 4130.2780 3.81811e-17
 4132.2713 3.77633e-17
 4134.2645 2.69714e-17
 4136.2578 2.99300e-17
 4138.2511 4.16633e-17
 4140.2444 3.96401e-17
 4142.2376 4.03029e-17
 4144.2309 4.65233e-17
 4146.2242 4.00833e-17
 4148.2175 3.94078e-17
 4150.2107 4.71446e-17
 4152.2040 2.62097e-17
 4154.1973 3.55108e-17
 4156.1906 3.74608e-17
 4158.1838 3.93082e-17
 4160.1771 4.51519e-17
 4162.1704 4.77685e-17
 4164.1637 3.26292e-17
 4166.1569 3.17255e-17
 4168.1502 3.57222e-17
 4170.1435 2.70993e-17
 4172.1368 3.38264e-17
 4174.1300 3.36482e-17
 4176.1233 3.20380e-17
 4178.1166 3.74577e-17
 4180.1099 4.03730e-17
 4182.1031 2.61223e-17
 4184.0964 3.21537e-17
 4186.0897 3.65183e-17
 4188.0830 3.54876e-17
 4190.0762 3.77045e-17
 4192.0695 3.46202e-17
 4194.0628 3.35845e-17
 4196.0561 4.04371e-17
 4198.0493 3.31301e-17
 4200.0426 3.12088e-17
 4202.0359 3.19989e-17
 4204.0292 3.34461e-17
 4206.0224 3.05521e-17
 4208.0157 3.08220e-17
 4210.0090 3.28801e-17
 4212.0023 3.43759e-17
 4213.9955 4.19904e-17
 4215.9888 3.78049e-17
 4217.9821 3.38682e-17
 4219.9754 3.24595e-17
 4221.9686 2.82433e-17
 4223.9619 2.88856e-17
 4225.9552 3.45605e-17
 4227.9484 2.95813e-17
 4229.9417 3.42440e-17
 4231.9350 2.91368e-17
 4233.9283 3.16160e-17
 4235.9215 3.34437e-17
 4237.9148 3.77235e-17
 4239.9081 3.68107e-17
 4241.9014 2.96391e-17
 4243.8946 3.14232e-17
 4245.8879 2.85933e-17
 4247.8812 3.56264e-17
 4249.8745 2.99829e-17
 4251.8677 3.11361e-17
 4253.8610 2.95086e-17
 4255.8543 3.37569e-17
 4257.8476 4.33992e-17
 4259.8408 3.98190e-17
 4261.8341 3.69383e-17
 4263.8274 4.18269e-17
 4265.8207 3.67204e-17
 4267.8139 3.88446e-17
 4269.8072 3.42583e-17
 4271.8005 3.31069e-17
 4273.7938 3.63315e-17
 4275.7870 3.40890e-17
 4277.7803 3.59458e-17
 4279.7736 3.91728e-17
 4281.7669 4.39668e-17
 4283.7601 3.81500e-17
 4285.7534 3.67236e-17
 4287.7467 3.98983e-17
 4289.7400 3.69456e-17
 4291.7332 3.63641e-17
 4293.7265 4.57008e-17
 4295.7198 3.64160e-17
 4297.7131 3.21677e-17
 4299.7063 3.56457e-17
 4301.6996 3.34240e-17
 4303.6929 3.20564e-17
 4305.6862 3.30688e-17
 4307.6794 3.21351e-17
 4309.6727 3.04131e-17
 4311.6660 3.03701e-17
 4313.6593 3.27176e-17
 4315.6525 3.38532e-17
 4317.6458 3.18885e-17
 4319.6391 3.14849e-17
 4321.6324 3.76372e-17
 4323.6256 3.54538e-17
 4325.6189 4.02349e-17
 4327.6122 4.39246e-17
 4329.6054 3.93512e-17
 4331.5987 3.58261e-17
 4333.5920 3.94576e-17
 4335.5853 4.09109e-17
 4337.5785 4.04870e-17
 4339.5718 4.69227e-17
 4341.5651 3.91180e-17
 4343.5584 3.48303e-17
 4345.5516 3.17133e-17
 4347.5449 4.39620e-17
 4349.5382 4.71005e-17
 4351.5315 3.75386e-17
 4353.5247 4.62222e-17
 4355.5180 3.68801e-17
 4357.5113 4.21636e-17
 4359.5046 3.92414e-17
 4361.4978 4.14199e-17
 4363.4911 4.23368e-17
 4365.4844 4.39920e-17
 4367.4777 3.57534e-17
 4369.4709 4.20270e-17
 4371.4642 4.35617e-17
 4373.4575 3.90850e-17
 4375.4508 4.04461e-17
 4377.4440 4.55483e-17
 4379.4373 4.39627e-17
 4381.4306 4.50964e-17
 4383.4239 4.03055e-17
 4385.4171 4.40900e-17
 4387.4104 4.58144e-17
 4389.4037 4.40716e-17
 4391.3970 4.13964e-17
 4393.3902 4.47218e-17
 4395.3835 4.33664e-17
 4397.3768 4.29619e-17
 4399.3701 4.67472e-17
 4401.3633 4.26084e-17
 4403.3566 4.51091e-17
 4405.3499 4.59616e-17
 4407.3431 4.59636e-17
 4409.3364 5.08896e-17
 4411.3297 4.83440e-17
 4413.3230 4.43638e-17
 4415.3162 4.67533e-17
 4417.3095 4.79054e-17
 4419.3028 5.11093e-17
 4421.2961 4.93468e-17
 4423.2893 4.84488e-17
 4425.2826 5.06846e-17
 4427.2759 4.77640e-17
 4429.2692 4.52093e-17
 4431.2624 4.80293e-17
 4433.2557 4.18633e-17
 4435.2490 5.01501e-17
 4437.2423 4.28997e-17
 4439.2355 3.51642e-17
 4441.2288 4.44497e-17
 4443.2221 4.27448e-17
 4445.2154 4.24952e-17
 4447.2086 4.20956e-17
 4449.2019 4.02361e-17
 4451.1952 3.95603e-17
 4453.1885 3.77348e-17
 4455.1817 3.60054e-17
 4457.1750 3.36507e-17
 4459.1683 3.27540e-17
 4461.1616 3.46959e-17
 4463.1548 3.93978e-17
 4465.1481 3.55547e-17
 4467.1414 3.40532e-17
 4469.1347 3.43165e-17
 4471.1279 3.43276e-17
 4473.1212 2.89019e-17
 4475.1145 3.16440e-17
 4477.1078 2.78910e-17
 4479.1010 2.77041e-17
 4481.0943 3.22373e-17
 4483.0876 3.13709e-17
 4485.0809 2.61941e-17
 4487.0741 2.69706e-17
 4489.0674 2.22409e-17
 4491.0607 2.62593e-17
 4493.0540 3.00484e-17
 4495.0472 3.14278e-17
 4497.0405 2.95011e-17
 4499.0338 3.01135e-17
 4501.0270 2.69300e-17
 4503.0203 2.40837e-17
 4505.0136 2.58285e-17
 4507.0069 3.09252e-17
 4509.0001 3.10562e-17
 4510.9934 2.14139e-17
 4512.9867 2.99989e-17
 4514.9800 2.90682e-17
 4516.9732 2.18881e-17
 4518.9665 2.51649e-17
 4520.9598 2.61929e-17
 4522.9531 3.43352e-17
 4524.9463 3.09730e-17
 4526.9396 2.84406e-17
 4528.9329 2.91034e-17
 4530.9262 2.38004e-17
 4532.9194 2.92635e-17
 4534.9127 2.94465e-17
 4536.9060 2.82531e-17
 4538.8993 3.05070e-17
 4540.8925 3.05065e-17
 4542.8858 2.94492e-17
 4544.8791 3.42057e-17
 4546.8724 2.81784e-17
 4548.8656 3.15193e-17
 4550.8589 3.00821e-17
 4552.8522 2.93975e-17
 4554.8455 3.13187e-17
 4556.8387 3.28842e-17
 4558.8320 2.75201e-17
 4560.8253 3.40596e-17
 4562.8186 3.24369e-17
 4564.8118 2.85068e-17
 4566.8051 3.46247e-17
 4568.7984 3.38273e-17
 4570.7917 3.66139e-17
 4572.7849 3.42903e-17
 4574.7782 3.24578e-17
 4576.7715 3.44335e-17
 4578.7648 4.21377e-17
 4580.7580 3.91232e-17
 4582.7513 3.55079e-17
 4584.7446 3.79595e-17
 4586.7379 3.78582e-17
 4588.7311 4.02984e-17
 4590.7244 4.65168e-17
 4592.7177 3.96485e-17
 4594.7110 4.21377e-17
 4596.7042 4.31606e-17
 4598.6975 4.53286e-17
 4600.6908 4.44295e-17
 4602.6841 4.26855e-17
 4604.6773 4.27657e-17
 4606.6706 4.75256e-17
 4608.6639 4.41941e-17
 4610.6572 4.36617e-17
 4612.6504 4.36534e-17
 4614.6437 5.13430e-17
 4616.6370 5.65256e-17
 4618.6302 5.16557e-17
 4620.6235 5.10799e-17
 4622.6168 5.71773e-17
 4624.6101 5.04721e-17
 4626.6033 5.28205e-17
 4628.5966 5.14813e-17
 4630.5899 5.93326e-17
 4632.5832 6.12767e-17
 4634.5764 6.14678e-17
 4636.5697 6.30422e-17
 4638.5630 6.57259e-17
 4640.5563 6.65834e-17
 4642.5495 6.49227e-17
 4644.5428 6.95367e-17
 4646.5361 6.71012e-17
 4648.5294 7.27670e-17
 4650.5226 7.79933e-17
 4652.5159 7.79306e-17
 4654.5092 7.43276e-17
 4656.5025 7.34996e-17
 4658.4957 7.40846e-17
 4660.4890 7.82460e-17
 4662.4823 7.38241e-17
 4664.4756 8.48862e-17
 4666.4688 8.10824e-17
 4668.4621 8.86198e-17
 4670.4554 8.73629e-17
 4672.4487 8.44389e-17
 4674.4419 8.82845e-17
 4676.4352 8.73966e-17
 4678.4285 9.08096e-17
 4680.4218 7.88432e-17
 4682.4150 8.55127e-17
 4684.4083 9.25696e-17
 4686.4016 8.78520e-17
 4688.3949 8.94326e-17
 4690.3881 9.56157e-17
 4692.3814 9.47446e-17
 4694.3747 9.07270e-17
 4696.3679 9.42656e-17
 4698.3612 9.51664e-17
 4700.3545 9.00530e-17
 4702.3478 9.09962e-17
 4704.3410 9.78872e-17
 4706.3343 9.45781e-17
 4708.3276 9.53726e-17
 4710.3209 9.62833e-17
 4712.3141 9.86534e-17
 4714.3074 1.02040e-16
 4716.3007 9.87625e-17
 4718.2940 1.02065e-16
 4720.2872 9.95468e-17
 4722.2805 1.00716e-16
 4724.2738 1.04640e-16
 4726.2671 1.00480e-16
 4728.2603 1.06652e-16
 4730.2536 1.02946e-16
 4732.2469 1.02231e-16
 4734.2402 1.04754e-16
 4736.2334 1.02821e-16
 4738.2267 1.04097e-16
 4740.2200 1.05013e-16
 4742.2133 9.94351e-17
 4744.2065 9.29399e-17
 4746.1998 9.51241e-17
 4748.1931 9.33715e-17
 4750.1864 9.07094e-17
 4752.1796 8.67671e-17
 4754.1729 9.05604e-17
 4756.1662 8.57039e-17
 4758.1595 8.13180e-17
 4760.1527 7.78640e-17
 4762.1460 7.87225e-17
 4764.1393 7.46590e-17
 4766.1326 7.06368e-17
 4768.1258 7.13664e-17
 4770.1191 6.61334e-17
 4772.1124 6.43057e-17
 4774.1057 6.50707e-17
 4776.0989 6.31595e-17
 4778.0922 6.10044e-17
 4780.0855 5.93864e-17
 4782.0787 6.02376e-17
 4784.0720 5.82523e-17
 4786.0653 5.55895e-17
 4788.0586 5.36456e-17
 4790.0518 5.54634e-17
 4792.0451 5.45756e-17
 4794.0384 5.49667e-17
 4796.0317 4.94104e-17
 4798.0249 5.16021e-17
 4800.0182 5.03406e-17
 4802.0115 5.21607e-17
 4804.0048 5.09379e-17
 4805.9980 4.89312e-17
 4807.9913 4.89623e-17
 4809.9846 4.75418e-17
 4811.9779 4.78171e-17
 4813.9711 4.87548e-17
 4815.9644 4.69611e-17
 4817.9577 4.65884e-17
 4819.9510 4.64450e-17
 4821.9442 4.46090e-17
 4823.9375 4.43225e-17
 4825.9308 4.12187e-17
 4827.9241 4.15812e-17
 4829.9173 4.76250e-17
 4831.9106 4.66800e-17
 4833.9039 4.10370e-17
 4835.8972 4.82749e-17
 4837.8904 5.01532e-17
 4839.8837 4.04588e-17
 4841.8770 4.15044e-17
 4843.8703 4.43617e-17
 4845.8635 4.81718e-17
 4847.8568 4.41909e-17
 4849.8501 4.44401e-17
 4851.8434 4.42939e-17
 4853.8366 3.97197e-17
 4855.8299 4.11217e-17
 4857.8232 4.36222e-17
 4859.8165 3.87599e-17
 4861.8097 4.06481e-17
 4863.8030 4.55449e-17
 4865.7963 4.79314e-17
 4867.7896 4.33912e-17
 4869.7828 4.29558e-17
 4871.7761 4.45963e-17
 4873.7694 4.46869e-17
 4875.7627 4.49444e-17
 4877.7559 4.25124e-17
 4879.7492 5.00384e-17
 4881.7425 4.87954e-17
 4883.7358 5.01207e-17
 4885.7290 5.05105e-17
 4887.7223 4.66493e-17
 4889.7156 5.22638e-17
 4891.7089 5.27247e-17
 4893.7021 5.50483e-17
 4895.6954 5.61706e-17
 4897.6887 5.64075e-17
 4899.6820 5.59512e-17
 4901.6752 5.94048e-17
 4903.6685 5.97236e-17
 4905.6618 6.43316e-17
 4907.6550 6.29873e-17
 4909.6483 6.04376e-17
 4911.6416 6.19616e-17
 4913.6349 6.26114e-17
 4915.6281 6.86689e-17
 4917.6214 6.63260e-17
 4919.6147 6.85516e-17
 4921.6080 6.10877e-17
 4923.6012 6.02502e-17
 4925.5945 6.33862e-17
 4927.5878 6.70565e-17
 4929.5811 6.36461e-17
 4931.5743 5.94341e-17
 4933.5676 6.04473e-17
 4935.5609 5.44548e-17
 4937.5542 5.53092e-17
 4939.5474 5.60705e-17
 4941.5407 5.68301e-17
 4943.5340 5.66610e-17
 4945.5273 5.76443e-17
 4947.5205 6.09653e-17
 4949.5138 6.11469e-17
 4951.5071 5.84313e-17
 4953.5004 5.51140e-17
 4955.4936 4.90140e-17
 4957.4869 5.04509e-17
 4959.4802 5.30400e-17
 4961.4735 4.90083e-17
 4963.4667 6.08483e-17
 4965.4600 5.51789e-17
 4967.4533 5.63572e-17
 4969.4466 5.73648e-17
 4971.4398 5.67470e-17
 4973.4331 5.89902e-17
 4975.4264 6.16744e-17
 4977.4197 6.07940e-17
 4979.4129 5.89424e-17
 4981.4062 6.27202e-17
 4983.3995 6.01660e-17
 4985.3927 6.10187e-17
 4987.3860 6.19998e-17
 4989.3793 6.19534e-17
 4991.3726 6.39155e-17
 4993.3658 5.81449e-17
 4995.3591 6.33398e-17
 4997.3524 7.06212e-17
 4999.3457 7.11964e-17
 5001.3389 7.34404e-17
 5003.3322 6.76911e-17
 5005.3255 7.22497e-17
 5007.3188 7.77948e-17
 5009.3120 7.64282e-17
 5011.3053 7.41396e-17
 5013.2986 7.95494e-17
 5015.2919 8.05039e-17
 5017.2851 8.16563e-17
 5019.2784 7.94639e-17
 5021.2717 8.41011e-17
 5023.2650 8.55707e-17
 5025.2582 8.14520e-17
 5027.2515 8.73153e-17
 5029.2448 8.59619e-17
 5031.2381 8.65591e-17
 5033.2313 8.87328e-17
 5035.2246 8.88339e-17
 5037.2179 9.56377e-17
 5039.2112 9.41336e-17
 5041.2044 9.25860e-17
 5043.1977 9.55062e-17
 5045.1910 9.92805e-17
 5047.1843 9.67562e-17
 5049.1775 9.50491e-17
 5051.1708 9.50208e-17
 5053.1641 9.47453e-17
 5055.1574 9.68709e-17
 5057.1506 9.28355e-17
 5059.1439 9.04620e-17
 5061.1372 9.27788e-17
 5063.1305 9.48786e-17
 5065.1237 9.47861e-17
 5067.1170 9.52088e-17
 5069.1103 9.51516e-17
 5071.1035 8.82665e-17
 5073.0968 8.44888e-17
 5075.0901 8.39100e-17
 5077.0834 8.40019e-17
 5079.0766 8.10754e-17
 5081.0699 7.70979e-17
 5083.0632 7.39343e-17
 5085.0565 7.29965e-17
 5087.0497 7.29187e-17
 5089.0430 6.89695e-17
 5091.0363 6.46490e-17
 5093.0296 6.74185e-17
 5095.0228 6.18914e-17
 5097.0161 6.48546e-17
 5099.0094 6.35735e-17
 5101.0027 6.48833e-17
 5102.9959 5.82283e-17
 5104.9892 5.80968e-17
 5106.9825 5.74312e-17
 5108.9758 5.84085e-17
 5110.9690 5.66787e-17
 5112.9623 5.24624e-17
 5114.9556 5.18819e-17
 5116.9489 5.67555e-17
 5118.9421 5.41417e-17
 5120.9354 5.62084e-17
 5122.9287 5.84511e-17
 5124.9220 5.59099e-17
 5126.9152 5.43902e-17
 5128.9085 5.34828e-17
 5130.9018 5.58797e-17
 5132.8951 5.48265e-17
 5134.8883 5.30246e-17
 5136.8816 5.39541e-17
 5138.8749 5.71231e-17
 5140.8682 5.33153e-17
 5142.8614 5.14630e-17
 5144.8547 5.39007e-17
 5146.8480 5.47609e-17
 5148.8413 5.74250e-17
 5150.8345 5.71068e-17
 5152.8278 5.18590e-17
 5154.8211 5.15127e-17
 5156.8144 5.35131e-17
 5158.8076 4.77470e-17
 5160.8009 5.04614e-17
 5162.7942 5.24217e-17
 5164.7875 5.36122e-17
 5166.7807 4.81622e-17
 5168.7740 5.04141e-17
 5170.7673 5.26404e-17
 5172.7606 5.24500e-17
 5174.7538 4.98676e-17
 5176.7471 5.35119e-17
 5178.7404 5.07336e-17
 5180.7336 5.02632e-17
 5182.7269 5.04085e-17
 5184.7202 5.11714e-17
 5186.7135 4.94008e-17
 5188.7067 5.11819e-17
 5190.7000 5.54338e-17
 5192.6933 4.93730e-17
 5194.6866 4.86591e-17
 5196.6798 5.22880e-17
 5198.6731 4.95623e-17
 5200.6664 4.48170e-17
 5202.6597 4.97510e-17
 5204.6529 5.06554e-17
 5206.6462 4.60185e-17
 5208.6395 4.96074e-17
 5210.6328 4.88183e-17
 5212.6260 4.89371e-17
 5214.6193 5.06313e-17
 5216.6126 4.92219e-17
 5218.6059 4.92074e-17
 5220.5991 4.85101e-17
 5222.5924 4.87117e-17
 5224.5857 5.02638e-17
 5226.5790 4.91904e-17
 5228.5722 4.68962e-17
 5230.5655 4.65176e-17
 5232.5588 4.88278e-17
 5234.5521 4.66464e-17
 5236.5453 4.71908e-17
 5238.5386 5.18199e-17
 5240.5319 4.70577e-17
 5242.5252 4.53137e-17
 5244.5184 4.37112e-17
 5246.5117 4.43294e-17
 5248.5050 5.09816e-17
 5250.4983 5.12888e-17
 5252.4915 4.43008e-17
 5254.4848 4.66686e-17
 5256.4781 5.00013e-17
 5258.4714 5.16614e-17
 5260.4646 4.95404e-17
 5262.4579 4.62472e-17
 5264.4512 4.89890e-17
 5266.4445 5.12311e-17
 5268.4377 5.12581e-17
 5270.4310 5.09231e-17
 5272.4243 4.99249e-17
 5274.4175 5.06522e-17
 5276.4108 5.09793e-17
 5278.4041 5.21970e-17
 5280.3974 4.98254e-17
 5282.3906 6.10266e-17
 5284.3839 7.05492e-17
 5286.3772 5.55026e-17
 5288.3705 5.59677e-17
 5290.3637 5.26253e-17
 5292.3570 5.72691e-17
 5294.3503 5.84836e-17
 5296.3436 5.67813e-17
 5298.3368 5.94299e-17
 5300.3301 6.06927e-17
 5302.3234 6.06747e-17
 5304.3167 5.96641e-17
 5306.3099 6.02015e-17
 5308.3032 5.96261e-17
 5310.2965 6.65755e-17
 5312.2898 6.87200e-17
 5314.2830 6.72583e-17
 5316.2763 7.06264e-17
 5318.2696 6.55199e-17
 5320.2629 6.87505e-17
 5322.2561 7.30303e-17
 5324.2494 7.25966e-17
 5326.2427 7.37321e-17
 5328.2360 7.59209e-17
 5330.2292 7.37632e-17
 5332.2225 7.54411e-17
 5334.2158 7.62957e-17
 5336.2091 7.54787e-17
 5338.2023 7.75922e-17
 5340.1956 7.51839e-17
 5342.1889 7.73285e-17
 5344.1822 7.87902e-17
 5346.1754 7.84015e-17
 5348.1687 8.23850e-17
 5350.1620 8.04447e-17
 5352.1552 7.93523e-17
 5354.1485 8.22087e-17
 5356.1418 8.17728e-17
 5358.1351 7.97557e-17
 5360.1283 8.37526e-17
 5362.1216 8.50780e-17
 5364.1149 8.50881e-17
 5366.1082 8.45506e-17
 5368.1014 8.23949e-17
 5370.0947 8.62519e-17
 5372.0880 8.75226e-17
 5374.0813 8.36691e-17
 5376.0745 8.63453e-17
 5378.0678 8.73350e-17
 5380.0611 9.02686e-17
 5382.0544 9.43550e-17
 5384.0476 9.54780e-17
 5386.0409 9.65277e-17
 5388.0342 9.75489e-17
 5390.0275 9.81547e-17
 5392.0207 1.00202e-16
 5394.0140 9.93604e-17
 5396.0073 9.28338e-17
 5398.0006 9.09671e-17
 5399.9938 1.04142e-16
 5401.9871 1.04274e-16
 5403.9804 1.01991e-16
 5405.9737 1.01300e-16
 5407.9669 1.05398e-16
 5409.9602 1.02331e-16
 5411.9535 9.77137e-17
 5413.9468 9.39352e-17
 5415.9400 1.02767e-16
 5417.9333 1.02979e-16
 5419.9266 1.01046e-16
 5421.9199 9.89751e-17
 5423.9131 9.68496e-17
 5425.9064 1.03273e-16
 5427.8997 1.01210e-16
 5429.8930 9.87760e-17
 5431.8862 9.90900e-17
 5433.8795 1.00865e-16
 5435.8728 9.71055e-17
 5437.8661 9.66578e-17
 5439.8593 9.76357e-17
 5441.8526 9.52244e-17
 5443.8459 9.35430e-17
 5445.8392 9.41001e-17
 5447.8324 9.07022e-17
 5449.8257 9.16034e-17
 5451.8190 8.77311e-17
 5453.8122 9.12303e-17
 5455.8055 9.46691e-17
 5457.7988 9.54899e-17
 5459.7921 9.33489e-17
 5461.7853 9.43427e-17
 5463.7786 9.11097e-17
 5465.7719 9.35946e-17
 5467.7652 9.35802e-17
 5469.7584 9.51538e-17
 5471.7517 9.05836e-17
 5473.7450 9.35576e-17
 5475.7383 9.67781e-17
 5477.7315 9.34253e-17
 5479.7248 9.69288e-17
 5481.7181 9.51706e-17
 5483.7114 9.74962e-17
 5485.7046 9.63014e-17
 5487.6979 9.63793e-17
 5489.6912 9.93117e-17
 5491.6845 1.02400e-16
 5493.6777 1.04218e-16
 5495.6710 1.09288e-16
 5497.6643 1.09296e-16
 5499.6576 1.06337e-16
 5501.6508 1.08361e-16
 5503.6441 1.13214e-16
 5505.6374 1.11570e-16
 5507.6307 1.10061e-16
 5509.6239 1.06694e-16
 5511.6172 1.06599e-16
 5513.6105 1.18416e-16
 5515.6038 1.16085e-16
 5517.5970 1.14073e-16
 5519.5903 1.13672e-16
 5521.5836 1.16691e-16
 5523.5769 1.11959e-16
 5525.5701 1.13466e-16
 5527.5634 1.14374e-16
 5529.5567 1.15077e-16
 5531.5500 1.14657e-16
 5533.5432 1.15638e-16
 5535.5365 1.21056e-16
 5537.5298 1.16561e-16
 5539.5231 1.17076e-16
 5541.5163 1.25519e-16
 5543.5096 1.19662e-16
 5545.5029 1.21608e-16
 5547.4962 1.22242e-16
 5549.4894 1.23624e-16
 5551.4827 1.28736e-16
 5553.4760 1.30627e-16
 5555.4693 1.22379e-16
 5557.4625 1.25528e-16
 5559.4558 1.31117e-16
 5561.4491 1.32007e-16
 5563.4423 1.28741e-16
 5565.4356 1.37199e-16
 5567.4289 1.31146e-16
 5569.4222 1.27648e-16
 5571.4154 1.29701e-16
 5573.4087 1.34872e-16
 5575.4020 1.38351e-16
 5577.3953 1.31013e-16
 5579.3885 1.25790e-16
 5581.3818 1.35179e-16
 5583.3751 1.37117e-16
 5585.3684 1.38847e-16
 5587.3616 1.42495e-16
 5589.3549 1.40795e-16
 5591.3482 1.38795e-16
 5593.3415 1.38567e-16
 5595.3347 1.39880e-16
 5597.3280 1.42114e-16
 5599.3213 1.39576e-16
 5601.3146 1.39779e-16
 5603.3078 1.44419e-16
 5605.3011 1.46906e-16
 5607.2944 1.45184e-16
 5609.2877 1.46191e-16
 5611.2809 1.47473e-16
 5613.2742 1.36067e-16
 5615.2675 1.47838e-16
 5617.2608 1.53836e-16
 5619.2540 1.49408e-16
 5621.2473 1.47919e-16
 5623.2406 1.52448e-16
 5625.2339 1.46153e-16
 5627.2271 1.54537e-16
 5629.2204 1.51010e-16
 5631.2137 1.55248e-16
 5633.2070 1.55505e-16
 5635.2002 1.54462e-16
 5637.1935 1.53205e-16
 5639.1868 1.50960e-16
 5641.1800 1.52992e-16
 5643.1733 1.45687e-16
 5645.1666 1.52852e-16
 5647.1599 1.57999e-16
 5649.1531 1.60185e-16
 5651.1464 1.55263e-16
 5653.1397 1.51884e-16
 5655.1330 1.55209e-16
 5657.1262 1.64345e-16
 5659.1195 1.60064e-16
 5661.1128 1.54235e-16
 5663.1061 1.53854e-16
 5665.0993 1.51945e-16
 5667.0926 1.51012e-16
 5669.0859 1.54999e-16
 5671.0792 1.54733e-16
 5673.0724 1.50842e-16
 5675.0657 1.57005e-16
 5677.0590 1.54999e-16
 5679.0523 1.55356e-16
 5681.0455 1.55691e-16
 5683.0388 1.52176e-16
 5685.0321 1.52568e-16
 5687.0254 1.48848e-16
 5689.0186 1.50703e-16
 5691.0119 1.51179e-16
 5693.0052 1.50849e-16
 5694.9985 1.44956e-16
 5696.9917 1.45376e-16
 5698.9850 1.47501e-16
 5700.9783 1.43819e-16
 5702.9716 1.47033e-16
 5704.9648 1.50479e-16
 5706.9581 1.49697e-16
 5708.9514 1.48962e-16
 5710.9447 1.42143e-16
 5712.9379 1.41158e-16
 5714.9312 1.40751e-16
 5716.9245 1.38604e-16
 5718.9178 1.41038e-16
 5720.9110 1.39032e-16
 5722.9043 1.37140e-16
 5724.8976 1.35879e-16
 5726.8908 1.31542e-16
 5728.8841 1.34060e-16
 5730.8774 1.34770e-16
 5732.8707 1.32035e-16
 5734.8639 1.33327e-16
 5736.8572 1.31518e-16
 5738.8505 1.29342e-16
 5740.8438 1.27911e-16
 5742.8370 1.25818e-16
 5744.8303 1.25452e-16
 5746.8236 1.26447e-16
 5748.8169 1.25392e-16
 5750.8101 1.16975e-16
 5752.8034 1.16681e-16
 5754.7967 1.12786e-16
 5756.7900 1.12756e-16
 5758.7832 1.15689e-16
 5760.7765 1.08876e-16
 5762.7698 1.07999e-16
 5764.7631 1.06007e-16
 5766.7563 1.06100e-16
 5768.7496 1.01832e-16
 5770.7429 1.01141e-16
 5772.7362 1.03634e-16
 5774.7294 9.87396e-17
 5776.7227 9.85732e-17
 5778.7160 9.81407e-17
 5780.7093 9.50720e-17
 5782.7025 9.05278e-17
 5784.6958 9.48889e-17
 5786.6891 9.75584e-17
 5788.6824 9.43125e-17
 5790.6756 9.03957e-17
 5792.6689 9.05175e-17
 5794.6622 9.24188e-17
 5796.6555 9.01558e-17
 5798.6487 9.29109e-17
 5800.6420 8.72098e-17
 5802.6353 8.73206e-17
 5804.6286 8.66765e-17
 5806.6218 8.78393e-17
 5808.6151 8.61935e-17
 5810.6084 8.67830e-17
 5812.6017 8.67042e-17
 5814.5949 8.01901e-17
 5816.5882 8.79116e-17
 5818.5815 8.61240e-17
 5820.5748 8.79395e-17
 5822.5680 8.60328e-17
 5824.5613 8.38048e-17
 5826.5546 8.38535e-17
 5828.5479 8.34445e-17
 5830.5411 8.57469e-17
 5832.5344 8.54889e-17
 5834.5277 8.76995e-17
 5836.5210 8.67062e-17
 5838.5142 8.69201e-17
 5840.5075 8.64378e-17
 5842.5008 8.69130e-17
 5844.4941 8.65622e-17
 5846.4873 8.68140e-17
 5848.4806 8.66299e-17
 5850.4739 8.74735e-17
 5852.4671 8.71912e-17
 5854.4604 8.87539e-17
 5856.4537 9.72807e-17
 5858.4470 9.70040e-17
 5860.4402 9.61633e-17
 5862.4335 9.65230e-17
 5864.4268 9.95896e-17
 5866.4201 9.63906e-17
 5868.4133 9.50168e-17
 5870.4066 1.01921e-16
 5872.3999 1.02230e-16
 5874.3932 1.03134e-16
 5876.3864 1.04857e-16
 5878.3797 1.08825e-16
 5880.3730 1.08049e-16
 5882.3663 1.04265e-16
 5884.3595 1.05210e-16
 5886.3528 1.04616e-16
 5888.3461 1.04242e-16
 5890.3394 1.03777e-16
 5892.3326 1.03414e-16
 5894.3259 1.02604e-16
 5896.3192 1.04820e-16
 5898.3125 1.08651e-16
 5900.3057 1.11985e-16
 5902.2990 1.18422e-16
 5904.2923 1.18466e-16
 5906.2856 1.22121e-16
 5908.2788 1.21630e-16
 5910.2721 1.25894e-16
 5912.2654 1.24297e-16
 5914.2587 1.18067e-16
 5916.2519 1.25172e-16
 5918.2452 1.28401e-16
 5920.2385 1.30251e-16
 5922.2318 1.32065e-16
 5924.2250 1.32238e-16
 5926.2183 1.36002e-16
 5928.2116 1.33809e-16
 5930.2048 1.36538e-16
 5932.1981 1.40639e-16
 5934.1914 1.39475e-16
 5936.1847 1.37515e-16
 5938.1779 1.37195e-16
 5940.1712 1.40061e-16
 5942.1645 1.42305e-16
 5944.1578 1.41321e-16
 5946.1510 1.39117e-16
 5948.1443 1.43197e-16
 5950.1376 1.43980e-16
 5952.1309 1.45205e-16
 5954.1241 1.48078e-16
 5956.1174 1.44959e-16
 5958.1107 1.45615e-16
 5960.1040 1.48560e-16
 5962.0972 1.46868e-16
 5964.0905 1.43165e-16
 5966.0838 1.46431e-16
 5968.0771 1.44849e-16
 5970.0703 1.41365e-16
 5972.0636 1.41817e-16
 5974.0569 1.42676e-16
 5976.0502 1.46734e-16
 5978.0434 1.42111e-16
 5980.0367 1.41536e-16
 5982.0300 1.43981e-16
 5984.0233 1.45222e-16
 5986.0165 1.43929e-16
 5988.0098 1.44158e-16
 5990.0031 1.40168e-16
 5991.9964 1.38414e-16
 5993.9896 1.39214e-16
 5995.9829 1.36067e-16
 5997.9762 1.33837e-16
 5999.9695 1.34194e-16
 6001.9627 1.33868e-16
 6003.9560 1.33276e-16
 6005.9493 1.36333e-16
 6007.9426 1.36286e-16
 6009.9358 1.32126e-16
 6011.9291 1.31796e-16
 6013.9224 1.29624e-16
 6015.9156 1.34637e-16
 6017.9089 1.33112e-16
 6019.9022 1.29874e-16
 6021.8955 1.29898e-16
 6023.8887 1.21622e-16
 6025.8820 1.26378e-16
 6027.8753 1.28243e-16
 6029.8686 1.24663e-16
 6031.8618 1.25180e-16
 6033.8551 1.29219e-16
 6035.8484 1.25517e-16
 6037.8417 1.25140e-16
 6039.8349 1.19300e-16
 6041.8282 1.21493e-16
 6043.8215 1.21858e-16
 6045.8148 1.16454e-16
 6047.8080 1.16463e-16
 6049.8013 1.17210e-16
 6051.7946 1.15637e-16
 6053.7879 1.12611e-16
 6055.7811 1.16412e-16
 6057.7744 1.09805e-16
 6059.7677 1.08764e-16
 6061.7610 1.13501e-16
 6063.7542 1.11060e-16
 6065.7475 1.09815e-16
 6067.7408 1.06867e-16
 6069.7341 1.05479e-16
 6071.7273 1.05156e-16
 6073.7206 1.06308e-16
 6075.7139 1.02790e-16
 6077.7072 9.79944e-17
 6079.7004 9.99993e-17
 6081.6937 9.83862e-17
 6083.6870 9.59211e-17
 6085.6803 9.73402e-17
 6087.6735 9.36038e-17
 6089.6668 9.11719e-17
 6091.6601 9.35212e-17
 6093.6534 9.37582e-17
 6095.6466 9.32606e-17
 6097.6399 9.33468e-17
 6099.6332 9.50516e-17
 6101.6265 9.00863e-17
 6103.6197 8.79436e-17
 6105.6130 8.38061e-17
 6107.6063 8.59165e-17
 6109.5996 8.72934e-17
 6111.5928 8.64089e-17
 6113.5861 8.45408e-17
 6115.5794 8.58667e-17
 6117.5727 8.92222e-17
 6119.5659 8.68214e-17
 6121.5592 8.84470e-17
 6123.5525 8.79818e-17
 6125.5458 8.33986e-17
 6127.5390 7.90310e-17
 6129.5323 7.99616e-17
 6131.5256 8.00976e-17
 6133.5188 7.96375e-17
 6135.5121 8.36979e-17
 6137.5054 8.26420e-17
 6139.4987 8.09486e-17
 6141.4919 7.88354e-17
 6143.4852 8.27832e-17
 6145.4785 7.61161e-17
 6147.4718 8.02149e-17
 6149.4650 7.91640e-17
 6151.4583 7.91743e-17
 6153.4516 7.39589e-17
 6155.4449 7.45441e-17
 6157.4381 7.36569e-17
 6159.4314 7.58606e-17
 6161.4247 7.61092e-17
 6163.4180 7.50602e-17
 6165.4112 7.05849e-17
 6167.4045 7.12618e-17
 6169.3978 6.92681e-17
 6171.3911 7.30665e-17
 6173.3843 6.87973e-17
 6175.3776 7.22316e-17
 6177.3709 7.62609e-17
 6179.3642 7.32545e-17
 6181.3574 6.91975e-17
 6183.3507 7.12654e-17
 6185.3440 7.11252e-17
 6187.3373 7.34844e-17
 6189.3305 7.37044e-17
 6191.3238 7.00955e-17
 6193.3171 6.99010e-17
 6195.3104 7.23690e-17
 6197.3036 7.11761e-17
 6199.2969 7.19448e-17
 6201.2902 7.49703e-17
 6203.2835 7.45423e-17
 6205.2767 7.75997e-17
 6207.2700 7.60356e-17
 6209.2633 7.49408e-17
 6211.2566 7.46692e-17
 6213.2498 7.67973e-17
 6215.2431 7.67475e-17
 6217.2364 7.91259e-17
 6219.2296 7.21700e-17
 6221.2229 8.00412e-17
 6223.2162 8.01040e-17
 6225.2095 7.73467e-17
 6227.2027 8.11654e-17
 6229.1960 7.96399e-17
 6231.1893 7.76794e-17
 6233.1826 7.45116e-17
 6235.1758 7.68359e-17
 6237.1691 7.70223e-17
 6239.1624 7.12774e-17
 6241.1557 7.53023e-17
 6243.1489 7.93773e-17
 6245.1422 7.75442e-17
 6247.1355 7.61993e-17
 6249.1288 7.68753e-17
 6251.1220 7.58011e-17
 6253.1153 7.50860e-17
 6255.1086 7.50707e-17
 6257.1019 6.96197e-17
 6259.0951 6.80478e-17
 6261.0884 6.75403e-17
 6263.0817 6.35440e-17
 6265.0750 6.98186e-17
 6267.0682 6.97876e-17
 6269.0615 6.48160e-17
 6271.0548 6.73816e-17
 6273.0481 7.01494e-17
 6275.0413 6.85961e-17
 6277.0346 6.62564e-17
 6279.0279 6.51550e-17
 6281.0212 6.24491e-17
 6283.0144 6.73780e-17
 6285.0077 6.26524e-17
 6287.0010 6.29968e-17
 6288.9943 6.55962e-17
 6290.9875 6.66780e-17
 6292.9808 7.01996e-17
 6294.9741 7.20752e-17
 6296.9673 6.42959e-17
 6298.9606 6.69549e-17
 6300.9539 6.88466e-17
 6302.9472 6.55993e-17
 6304.9404 6.83457e-17
 6306.9337 7.28531e-17
 6308.9270 7.15751e-17
 6310.9203 7.29682e-17
 6312.9135 7.58134e-17
 6314.9068 7.87612e-17
 6316.9001 7.62390e-17
 6318.8934 7.29419e-17
 6320.8866 7.82594e-17
 6322.8799 8.16527e-17
 6324.8732 7.98763e-17
 6326.8665 8.35633e-17
 6328.8597 8.41549e-17
 6330.8530 8.09854e-17
 6332.8463 8.28655e-17
 6334.8396 8.70970e-17
 6336.8328 8.59379e-17
 6338.8261 8.26008e-17
 6340.8194 8.27994e-17
 6342.8127 8.48976e-17
 6344.8059 8.33932e-17
 6346.7992 8.18030e-17
 6348.7925 8.25033e-17
 6350.7858 8.12271e-17
 6352.7790 8.31247e-17
 6354.7723 8.40205e-17
 6356.7656 8.44036e-17
 6358.7589 8.31640e-17
 6360.7521 7.98763e-17
 6362.7454 8.01246e-17
 6364.7387 8.42205e-17
 6366.7320 8.15940e-17
 6368.7252 8.03094e-17
 6370.7185 8.16332e-17
 6372.7118 7.91914e-17
 6374.7051 7.89894e-17
 6376.6983 8.08137e-17
 6378.6916 7.55039e-17
 6380.6849 7.68170e-17
 6382.6782 7.84392e-17
 6384.6714 8.00186e-17
 6386.6647 7.76888e-17
 6388.6580 7.73927e-17
 6390.6513 7.90381e-17
 6392.6445 7.69349e-17
 6394.6378 7.65424e-17
 6396.6311 7.45393e-17
 6398.6244 7.33835e-17
 6400.6176 7.27925e-17
 6402.6109 7.22760e-17
 6404.6042 7.26437e-17
 6406.5974 7.48902e-17
 6408.5907 7.42696e-17
 6410.5840 7.20825e-17
 6412.5773 7.39087e-17
 6414.5705 7.43295e-17
 6416.5638 7.24514e-17
 6418.5571 7.43597e-17
 6420.5504 7.56423e-17
 6422.5436 7.29828e-17
 6424.5369 7.51528e-17
 6426.5302 7.59134e-17
 6428.5235 7.40901e-17
 6430.5167 7.28883e-17
 6432.5100 7.23759e-17
 6434.5033 7.39596e-17
 6436.4966 7.41847e-17
 6438.4898 7.59368e-17
 6440.4831 7.70503e-17
 6442.4764 7.71386e-17
 6444.4697 7.86081e-17
 6446.4629 7.80732e-17
 6448.4562 7.63347e-17
 6450.4495 7.42028e-17
 6452.4428 7.64321e-17
 6454.4360 7.73679e-17
 6456.4293 7.99813e-17
 6458.4226 8.01718e-17
 6460.4159 7.88231e-17
 6462.4091 8.03057e-17
 6464.4024 7.64121e-17
 6466.3957 7.88456e-17
 6468.3890 8.12908e-17
 6470.3822 8.67742e-17
 6472.3755 8.27977e-17
 6474.3688 7.88954e-17
 6476.3621 8.28100e-17
 6478.3553 8.56436e-17
 6480.3486 8.65668e-17
 6482.3419 8.37429e-17
 6484.3352 8.68302e-17
 6486.3284 9.04229e-17
 6488.3217 8.81366e-17
 6490.3150 8.59785e-17
 6492.3083 8.63260e-17
 6494.3015 8.80364e-17
 6496.2948 9.03010e-17
 6498.2881 9.11524e-17
 6500.2814 9.47508e-17
 6502.2746 9.45773e-17
 6504.2679 9.24556e-17
 6506.2612 9.51653e-17
 6508.2544 9.42613e-17
 6510.2477 9.60888e-17
 6512.2410 9.75491e-17
 6514.2343 9.69619e-17
 6516.2275 9.84485e-17
 6518.2208 1.01510e-16
 6520.2141 9.95461e-17
 6522.2074 1.06710e-16
 6524.2006 1.05182e-16
 6526.1939 1.04049e-16
 6528.1872 1.04731e-16
 6530.1805 1.03703e-16
 6532.1737 1.06548e-16
 6534.1670 1.05657e-16
 6536.1603 1.04993e-16
 6538.1536 1.08378e-16
 6540.1468 1.08963e-16
 6542.1401 1.08996e-16
 6544.1334 1.10808e-16
 6546.1267 1.11625e-16
 6548.1199 1.11556e-16
 6550.1132 1.14746e-16
 6552.1065 1.17650e-16
 6554.0998 1.17518e-16
 6556.0930 1.15328e-16
 6558.0863 1.19808e-16
 6560.0796 1.20248e-16
 6562.0729 1.19345e-16
 6564.0661 1.18503e-16
 6566.0594 1.21407e-16
 6568.0527 1.22070e-16
 6570.0460 1.23308e-16
 6572.0392 1.23458e-16
 6574.0325 1.26786e-16
 6576.0258 1.27476e-16
 6578.0191 1.28557e-16
 6580.0123 1.29971e-16
 6582.0056 1.29880e-16
 6583.9989 1.29252e-16
 6585.9921 1.29689e-16
 6587.9854 1.31774e-16
 6589.9787 1.33238e-16
 6591.9720 1.36385e-16
 6593.9652 1.31148e-16
 6595.9585 1.31414e-16
 6597.9518 1.30073e-16
 6599.9451 1.28357e-16
 6601.9383 1.34824e-16
 6603.9316 1.35254e-16
 6605.9249 1.36823e-16
 6607.9182 1.36142e-16
 6609.9114 1.36960e-16
 6611.9047 1.35399e-16
 6613.8980 1.36176e-16
 6615.8913 1.38826e-16
 6617.8845 1.40400e-16
 6619.8778 1.40079e-16
 6621.8711 1.41899e-16
 6623.8644 1.43067e-16
 6625.8576 1.43408e-16
 6627.8509 1.42702e-16
 6629.8442 1.43388e-16
 6631.8375 1.35410e-16
 6633.8307 1.39568e-16
 6635.8240 1.44374e-16
 6637.8173 1.41256e-16
 6639.8106 1.48545e-16
 6641.8038 1.44984e-16
 6643.7971 1.40680e-16
 6645.7904 1.40959e-16
 6647.7837 1.46065e-16
 6649.7769 1.46138e-16
 6651.7702 1.41495e-16
 6653.7635 1.40043e-16
 6655.7568 1.42327e-16
 6657.7500 1.42123e-16
 6659.7433 1.41620e-16
 6661.7366 1.44207e-16
 6663.7299 1.44679e-16
 6665.7231 1.46309e-16
 6667.7164 1.42583e-16
 6669.7097 1.43110e-16
 6671.7030 1.48449e-16
 6673.6962 1.45405e-16
 6675.6895 1.40670e-16
 6677.6828 1.41637e-16
 6679.6760 1.40130e-16
 6681.6693 1.45127e-16
 6683.6626 1.44577e-16
 6685.6559 1.42620e-16
 6687.6491 1.37724e-16
 6689.6424 1.42147e-16
 6691.6357 1.37488e-16
 6693.6290 1.37967e-16
 6695.6222 1.33559e-16
 6697.6155 1.36200e-16
 6699.6088 1.38014e-16
 6701.6021 1.34819e-16
 6703.5953 1.36253e-16
 6705.5886 1.31575e-16
 6707.5819 1.32279e-16
 6709.5752 1.30722e-16
 6711.5684 1.26926e-16
 6713.5617 1.28378e-16
 6715.5550 1.29182e-16
 6717.5483 1.32535e-16
 6719.5415 1.29819e-16
 6721.5348 1.27063e-16
 6723.5281 1.26050e-16
 6725.5214 1.25274e-16
 6727.5146 1.22678e-16
 6729.5079 1.19449e-16
 6731.5012 1.20184e-16
 6733.4945 1.18848e-16
 6735.4877 1.15311e-16
 6737.4810 1.16402e-16
 6739.4743 1.15612e-16
 6741.4676 1.19895e-16
 6743.4608 1.22085e-16
 6745.4541 1.15935e-16
 6747.4474 1.11084e-16
 6749.4407 1.15719e-16
 6751.4339 1.11626e-16
 6753.4272 1.11309e-16
 6755.4205 1.09388e-16
 6757.4138 1.06633e-16
 6759.4070 1.09096e-16
 6761.4003 1.05728e-16
 6763.3936 1.04507e-16
 6765.3869 1.02580e-16
 6767.3801 1.00358e-16
 6769.3734 1.01879e-16
 6771.3667 1.04049e-16
 6773.3600 9.96434e-17
 6775.3532 9.86405e-17
 6777.3465 9.59036e-17
 6779.3398 9.18618e-17
 6781.3331 9.45883e-17
 6783.3263 9.45736e-17
 6785.3196 9.64123e-17
 6787.3129 9.28044e-17
 6789.3062 9.27405e-17
 6791.2994 9.08751e-17
 6793.2927 8.87024e-17
 6795.2860 8.84546e-17
 6797.2792 9.36426e-17
 6799.2725 8.90954e-17
 6801.2658 8.57581e-17
 6803.2591 8.41022e-17
 6805.2523 8.31494e-17
 6807.2456 8.11109e-17
 6809.2389 7.99116e-17
 6811.2322 8.02457e-17
 6813.2254 7.95979e-17
 6815.2187 7.84842e-17
 6817.2120 7.52117e-17
 6819.2053 7.69280e-17
 6821.1985 7.60820e-17
 6823.1918 7.57759e-17
 6825.1851 7.68178e-17
 6827.1784 7.12389e-17
 6829.1716 7.34084e-17
 6831.1649 7.38193e-17
 6833.1582 7.01372e-17
 6835.1515 6.81537e-17
 6837.1447 6.84538e-17
 6839.1380 6.58275e-17
 6841.1313 6.59510e-17
 6843.1246 6.77563e-17
 6845.1178 6.67153e-17
 6847.1111 6.51532e-17
 6849.1044 6.46713e-17
 6851.0977 6.25844e-17
 6853.0909 6.34610e-17
 6855.0842 6.10297e-17
 6857.0775 5.85045e-17
 6859.0708 6.01735e-17
 6861.0640 6.16280e-17
 6863.0573 6.04182e-17
 6865.0506 5.62811e-17
 6867.0439 5.77595e-17
 6869.0371 5.87424e-17
 6871.0304 5.88529e-17
 6873.0237 5.56132e-17
 6875.0169 5.21466e-17
 6877.0102 5.29233e-17
 6879.0035 5.19581e-17
 6880.9968 5.45201e-17
 6882.9900 5.50178e-17
 6884.9833 5.17036e-17
 6886.9766 5.08416e-17
 6888.9699 5.02419e-17
 6890.9631 5.51244e-17
 6892.9564 4.84741e-17
 6894.9497 4.67632e-17
 6896.9430 5.09438e-17
 6898.9362 4.81016e-17
 6900.9295 4.81881e-17
 6902.9228 4.86266e-17
 6904.9161 4.89939e-17
 6906.9093 4.74181e-17
 6908.9026 4.76969e-17
 6910.8959 4.75481e-17
 6912.8892 4.77016e-17
 6914.8824 4.66085e-17
 6916.8757 5.14223e-17
 6918.8690 5.11601e-17
 6920.8623 4.67454e-17
 6922.8555 4.44274e-17
 6924.8488 4.53179e-17
 6926.8421 4.93415e-17
 6928.8354 4.90566e-17
 6930.8286 4.68332e-17
 6932.8219 4.51962e-17
 6934.8152 4.61727e-17
 6936.8085 4.58211e-17
 6938.8017 4.57372e-17
 6940.7950 4.46228e-17
 6942.7883 4.57008e-17
 6944.7816 4.80924e-17
 6946.7748 4.77054e-17
 6948.7681 4.47569e-17
 6950.7614 4.66986e-17
 6952.7546 4.59245e-17
 6954.7479 4.31202e-17
 6956.7412 4.28879e-17
 6958.7345 4.26556e-17
 6960.7277 4.24233e-17
 6962.7210 4.21909e-17
 6964.7143 4.19586e-17
 6966.7076 4.45927e-17
 6968.7008 4.40301e-17
 6970.6941 4.52469e-17
 6972.6874 4.50500e-17
 6974.6807 4.81827e-17
 6976.6739 4.96983e-17
 6978.6672 4.86067e-17
 6980.6605 4.61154e-17
 6982.6538 4.39406e-17
 6984.6470 4.71272e-17
 6986.6403 4.68848e-17
 6988.6336 4.62817e-17
 6990.6269 4.64258e-17
 6992.6201 4.65793e-17
 6994.6134 4.89487e-17
 6996.6067 4.82338e-17
 6998.6000 4.78960e-17
 7000.5932 4.80479e-17
 7002.5865 4.84086e-17
 7004.5798 4.82813e-17
 7006.5731 4.92232e-17
 7008.5663 4.77018e-17
 7010.5596 4.85145e-17
 7012.5529 5.22230e-17
 7014.5462 5.28109e-17
 7016.5394 4.88443e-17
 7018.5327 5.04888e-17
 7020.5260 5.13589e-17
 7022.5193 4.89911e-17
 7024.5125 4.73706e-17
 7026.5058 5.03009e-17
 7028.4991 5.13702e-17
 7030.4924 4.92012e-17
 7032.4856 4.48283e-17
 7034.4789 5.09845e-17
 7036.4722 5.35631e-17
 7038.4655 5.52883e-17
 7040.4587 5.15675e-17
 7042.4520 5.23002e-17
 7044.4453 5.51659e-17
 7046.4386 5.32498e-17
 7048.4318 5.52522e-17
 7050.4251 5.45521e-17
 7052.4184 5.47778e-17
 7054.4117 5.25138e-17
 7056.4049 5.54021e-17
 7058.3982 5.44004e-17
 7060.3915 5.27729e-17
 7062.3848 5.44876e-17
 7064.3780 5.74464e-17
 7066.3713 5.56733e-17
 7068.3646 5.60856e-17
 7070.3579 5.78301e-17
 7072.3511 5.65820e-17
 7074.3444 5.45282e-17
 7076.3377 5.51116e-17
 7078.3310 5.37876e-17
 7080.3242 5.51458e-17
 7082.3175 5.72908e-17
 7084.3108 5.66440e-17
 7086.3040 5.78589e-17
 7088.2973 5.67529e-17
 7090.2906 5.49782e-17
 7092.2839 5.41557e-17
 7094.2771 5.58028e-17
 7096.2704 5.71339e-17
 7098.2637 5.40415e-17
 7100.2570 5.41602e-17
 7102.2502 5.84732e-17
 7104.2435 5.37739e-17
 7106.2368 5.61854e-17
 7108.2301 5.69694e-17
 7110.2233 5.26050e-17
 7112.2166 5.39698e-17
 7114.2099 5.53668e-17
 7116.2032 5.62389e-17
 7118.1964 5.35159e-17
 7120.1897 5.00033e-17
 7122.1830 5.39422e-17
 7124.1763 5.25807e-17
 7126.1695 5.18044e-17
 7128.1628 5.30323e-17
 7130.1561 5.39964e-17
 7132.1494 5.54657e-17
 7134.1426 5.60077e-17
 7136.1359 5.55788e-17
 7138.1292 5.37613e-17
 7140.1225 5.24804e-17
 7142.1157 5.24605e-17
 7144.1090 5.27279e-17
 7146.1023 5.35936e-17
 7148.0956 5.25607e-17
 7150.0888 5.11359e-17
 7152.0821 5.09941e-17
 7154.0754 4.94837e-17
 7156.0687 4.99219e-17
 7158.0619 5.28527e-17
 7160.0552 5.20705e-17
 7162.0485 5.49421e-17
 7164.0417 5.23088e-17
 7166.0350 5.05138e-17
 7168.0283 5.04104e-17
 7170.0216 5.55450e-17
 7172.0148 5.18002e-17
 7174.0081 5.19482e-17
 7176.0014 5.19390e-17
 7177.9947 5.29267e-17
 7179.9879 5.61948e-17
 7181.9812 5.19471e-17
 7183.9745 5.39527e-17
 7185.9678 5.31186e-17
 7187.9610 5.18583e-17
 7189.9543 5.42380e-17
 7191.9476 5.29927e-17
 7193.9409 5.02717e-17
 7195.9341 5.17948e-17
 7197.9274 5.63556e-17
 7199.9207 5.49119e-17
 7201.9140 5.43725e-17
 7203.9072 5.30671e-17
 7205.9005 5.40255e-17
 7207.8938 5.28254e-17
 7209.8871 5.29755e-17
 7211.8803 5.49133e-17
 7213.8736 5.43647e-17
 7215.8669 4.89535e-17
 7217.8602 4.92746e-17
 7219.8534 5.23817e-17
 7221.8467 5.41280e-17
 7223.8400 5.25975e-17
 7225.8333 4.97396e-17
 7227.8265 5.20586e-17
 7229.8198 5.20232e-17
 7231.8131 5.13730e-17
 7233.8064 5.19063e-17
 7235.7996 5.40234e-17
 7237.7929 5.51587e-17
 7239.7862 5.09858e-17
 7241.7794 5.49703e-17
 7243.7727 5.22322e-17
 7245.7660 5.18220e-17
 7247.7593 5.29566e-17
 7249.7525 5.28135e-17
 7251.7458 5.10193e-17
 7253.7391 5.58178e-17
 7255.7324 5.56039e-17
 7257.7256 5.45062e-17
 7259.7189 5.88941e-17
 7261.7122 5.44411e-17
 7263.7055 5.84724e-17
 7265.6987 5.38305e-17
 7267.6920 5.42617e-17
 7269.6853 5.60092e-17
 7271.6786 6.19701e-17
 7273.6718 5.97351e-17
 7275.6651 5.57834e-17
 7277.6584 6.25092e-17
 7279.6517 5.42145e-17
 7281.6449 5.42565e-17
 7283.6382 5.60186e-17
 7285.6315 6.24734e-17
 7287.6248 5.90488e-17
 7289.6180 6.11335e-17
 7291.6113 6.41948e-17
 7293.6046 6.03072e-17
 7295.5979 6.01603e-17
 7297.5911 6.16748e-17
 7299.5844 6.09732e-17
 7301.5777 6.24100e-17
 7303.5710 6.19590e-17
 7305.5642 6.10266e-17
 7307.5575 6.30802e-17
 7309.5508 6.51865e-17
 7311.5441 6.54411e-17
 7313.5373 6.19888e-17
 7315.5306 6.23034e-17
 7317.5239 6.45215e-17
 7319.5172 5.75294e-17
 7321.5104 5.79260e-17
 7323.5037 6.54068e-17
 7325.4970 6.44033e-17
 7327.4903 6.55602e-17
 7329.4835 6.32286e-17
 7331.4768 6.39665e-17
 7333.4701 6.65200e-17
 7335.4634 6.54919e-17
 7337.4566 6.65270e-17
 7339.4499 6.67079e-17
 7341.4432 6.24544e-17
 7343.4365 6.71478e-17
 7345.4297 6.84990e-17
 7347.4230 6.85816e-17
 7349.4163 7.03951e-17
 7351.4096 6.77212e-17
 7353.4028 7.00656e-17
 7355.3961 6.95182e-17
 7357.3894 6.93663e-17
 7359.3826 7.03762e-17
 7361.3759 7.08645e-17
 7363.3692 7.15959e-17
 7365.3625 7.02275e-17
 7367.3557 7.27692e-17
 7369.3490 6.74467e-17
 7371.3423 6.59049e-17
 7373.3356 7.00459e-17
 7375.3288 7.09668e-17
 7377.3221 6.85863e-17
 7379.3154 6.84284e-17
 7381.3087 7.11541e-17
 7383.3019 6.96854e-17
 7385.2952 7.02492e-17
 7387.2885 7.03400e-17
 7389.2818 7.22130e-17
 7391.2750 7.15527e-17
 7393.2683 6.72303e-17
 7395.2616 7.57393e-17
 7397.2549 7.47335e-17
 7399.2481 7.11166e-17
 7401.2414 7.53544e-17
 7403.2347 6.98351e-17
 7405.2280 7.35303e-17
 7407.2212 6.90035e-17
 7409.2145 7.14793e-17
 7411.2078 7.41305e-17
 7413.2011 7.87017e-17
 7415.1943 7.72349e-17
 7417.1876 7.87261e-17
 7419.1809 7.64873e-17
 7421.1742 7.82980e-17
 7423.1674 7.82488e-17
 7425.1607 7.70303e-17
 7427.1540 7.37206e-17
 7429.1473 7.34814e-17
 7431.1405 7.79187e-17
 7433.1338 7.71603e-17
 7435.1271 7.31915e-17
 7437.1204 7.16953e-17
 7439.1136 7.27827e-17
 7441.1069 7.83511e-17
 7443.1002 7.88382e-17
 7445.0935 7.75620e-17
 7447.0867 7.70442e-17
 7449.0800 7.60926e-17
 7451.0733 7.44678e-17
 7453.0665 7.52851e-17
 7455.0598 7.18261e-17
 7457.0531 7.13211e-17
 7459.0464 7.56686e-17
 7461.0396 7.16539e-17
 7463.0329 7.02890e-17
 7465.0262 7.38999e-17
 7467.0195 7.40448e-17
 7469.0127 7.39869e-17
 7471.0060 7.56189e-17
 7472.9993 7.54863e-17
 7474.9926 7.65400e-17
 7476.9858 7.53408e-17
 7478.9791 7.79686e-17
 7480.9724 7.59600e-17
 7482.9657 7.74617e-17
 7484.9589 7.31082e-17
 7486.9522 7.55177e-17
 7488.9455 7.95967e-17
 7490.9388 7.71192e-17
 7492.9320 7.62509e-17
 7494.9253 7.84938e-17
 7496.9186 7.60814e-17
 7498.9119 7.76656e-17
 7500.9051 7.79898e-17
 7502.8984 7.56873e-17
 7504.8917 7.65485e-17
 7506.8850 7.83034e-17
 7508.8782 7.94737e-17
 7510.8715 7.61967e-17
 7512.8648 7.43534e-17
 7514.8581 7.65069e-17
 7516.8513 7.84080e-17
 7518.8446 8.20683e-17
 7520.8379 7.90495e-17
 7522.8312 8.43937e-17
 7524.8244 8.33522e-17
 7526.8177 7.64223e-17
 7528.8110 7.56886e-17
 7530.8042 7.77889e-17
 7532.7975 7.91009e-17
 7534.7908 8.05754e-17
 7536.7841 7.72299e-17
 7538.7773 8.29522e-17
 7540.7706 8.09211e-17
 7542.7639 8.06820e-17
 7544.7572 8.18001e-17
 7546.7504 8.61076e-17
 7548.7437 8.53804e-17
 7550.7370 8.05127e-17
 7552.7303 8.27364e-17
 7554.7235 7.94805e-17
 7556.7168 8.54430e-17
 7558.7101 8.10556e-17
 7560.7034 8.22079e-17
 7562.6966 8.24120e-17
 7564.6899 8.46418e-17
 7566.6832 8.21248e-17
 7568.6765 8.45322e-17
 7570.6697 8.41887e-17
 7572.6630 7.93443e-17
 7574.6563 8.42625e-17
 7576.6496 8.36127e-17
 7578.6428 8.08501e-17
 7580.6361 8.51545e-17
 7582.6294 8.70500e-17
 7584.6227 8.63787e-17
 7586.6159 8.82989e-17
 7588.6092 8.63020e-17
 7590.6025 8.41191e-17
 7592.5958 9.20466e-17
 7594.5890 9.33552e-17
 7596.5823 9.07616e-17
 7598.5756 8.81163e-17
 7600.5689 9.43658e-17
 7602.5621 9.66292e-17
 7604.5554 8.53485e-17
 7606.5487 8.60229e-17
 7608.5420 7.78360e-17
 7610.5352 7.73105e-17
 7612.5285 7.34486e-17
 7614.5218 7.49046e-17
 7616.5151 7.30645e-17
 7618.5083 7.40001e-17
 7620.5016 7.56182e-17
 7622.4949 7.26928e-17
 7624.4882 7.77423e-17
 7626.4814 7.34685e-17
 7628.4747 7.25074e-17
 7630.4680 7.74522e-17
 7632.4612 7.16197e-17
 7634.4545 7.40318e-17
 7636.4478 7.35339e-17
 7638.4411 6.94157e-17
 7640.4343 7.17110e-17
 7642.4276 6.95666e-17
 7644.4209 6.93489e-17
 7646.4142 6.98611e-17
 7648.4074 7.14430e-17
 7650.4007 7.61501e-17
 7652.3940 7.37794e-17
 7654.3873 7.05024e-17
 7656.3805 6.70654e-17
 7658.3738 6.99820e-17
 7660.3671 7.28414e-17
 7662.3604 6.85883e-17
 7664.3536 6.83474e-17
 7666.3469 7.03902e-17
 7668.3402 7.24551e-17
 7670.3335 6.47233e-17
 7672.3267 6.36116e-17
 7674.3200 6.87685e-17
 7676.3133 6.94090e-17
 7678.3066 6.67288e-17
 7680.2998 7.13522e-17
 7682.2931 6.79504e-17
 7684.2864 6.71334e-17
 7686.2797 6.70910e-17
 7688.2729 7.09009e-17
 7690.2662 6.94264e-17
 7692.2595 6.93848e-17
 7694.2528 6.77437e-17
 7696.2460 6.84186e-17
 7698.2393 6.96444e-17
 7700.2326 6.83181e-17
 7702.2259 6.91414e-17
 7704.2191 6.51078e-17
 7706.2124 6.99970e-17
 7708.2057 7.30323e-17
 7710.1990 7.40103e-17
 7712.1922 7.22419e-17
 7714.1855 6.85493e-17
 7716.1788 6.50672e-17
 7718.1721 6.66623e-17
 7720.1653 6.59613e-17
 7722.1586 6.19667e-17
 7724.1519 7.04092e-17
 7726.1452 6.98498e-17
 7728.1384 7.23171e-17
 7730.1317 6.67941e-17
 7732.1250 6.89826e-17
 7734.1183 7.14913e-17
 7736.1115 7.32019e-17
 7738.1048 7.22238e-17
 7740.0981 6.67347e-17
 7742.0913 6.81648e-17
 7744.0846 7.46478e-17
 7746.0779 7.40280e-17
 7748.0712 7.33037e-17
 7750.0644 7.16429e-17
 7752.0577 7.13643e-17
 7754.0510 7.40370e-17
 7756.0443 7.05040e-17
 7758.0375 7.40931e-17
 7760.0308 6.76885e-17
 7762.0241 6.99034e-17
 7764.0174 6.80573e-17
 7766.0106 6.86947e-17
 7768.0039 6.88088e-17
 7769.9972 7.22347e-17
 7771.9905 6.96004e-17
 7773.9837 6.68723e-17
 7775.9770 7.34581e-17
 7777.9703 7.48381e-17
 7779.9636 7.08993e-17
 7781.9568 6.65406e-17
 7783.9501 6.92663e-17
 7785.9434 7.96223e-17
 7787.9367 7.33745e-17
 7789.9299 7.49827e-17
 7791.9232 7.67489e-17
 7793.9165 7.53493e-17
 7795.9098 7.82519e-17
 7797.9030 8.21616e-17
 7799.8963 7.52265e-17
 7801.8896 7.68885e-17
 7803.8829 7.90947e-17
 7805.8761 7.64080e-17
 7807.8694 7.30123e-17
 7809.8627 7.76232e-17
 7811.8560 8.17666e-17
 7813.8492 8.19525e-17
 7815.8425 8.03497e-17
 7817.8358 8.36064e-17
 7819.8290 7.80604e-17
 7821.8223 7.42854e-17
 7823.8156 7.36531e-17
 7825.8089 7.48049e-17
 7827.8021 7.75863e-17
 7829.7954 8.04418e-17
 7831.7887 7.99637e-17
 7833.7820 8.01984e-17
 7835.7752 8.34806e-17
 7837.7685 8.93217e-17
 7839.7618 8.28623e-17
 7841.7551 8.33609e-17
 7843.7483 8.59272e-17
 7845.7416 8.29033e-17
 7847.7349 8.58266e-17
 7849.7282 8.69474e-17
 7851.7214 8.73771e-17
 7853.7147 8.18773e-17
 7855.7080 8.60417e-17
 7857.7013 8.74978e-17
 7859.6945 8.78792e-17
 7861.6878 8.61755e-17
 7863.6811 8.59558e-17
 7865.6744 8.69005e-17
 7867.6676 9.13634e-17
 7869.6609 8.88328e-17
 7871.6542 8.60481e-17
 7873.6475 8.01292e-17
 7875.6407 8.49189e-17
 7877.6340 7.82928e-17
 7879.6273 9.07346e-17
 7881.6206 9.34374e-17
 7883.6138 8.80302e-17
 7885.6071 8.77629e-17
 7887.6004 9.51480e-17
 7889.5937 8.88493e-17
 7891.5869 9.07648e-17
 7893.5802 8.89792e-17
 7895.5735 9.20797e-17
 7897.5668 8.91113e-17
 7899.5600 8.77549e-17
 7901.5533 9.16618e-17
 7903.5466 9.06453e-17
 7905.5398 9.57604e-17
 7907.5331 8.95892e-17
 7909.5264 8.79296e-17
 7911.5197 8.59725e-17
 7913.5129 8.70534e-17
 7915.5062 9.93817e-17
 7917.4995 1.00531e-16
 7919.4928 8.67324e-17
 7921.4860 8.20542e-17
 7923.4793 8.36757e-17
 7925.4726 8.27584e-17
 7927.4659 9.22198e-17
 7929.4591 8.88763e-17
 7931.4524 8.75349e-17
 7933.4457 8.81028e-17
 7935.4390 8.11813e-17
 7937.4322 8.18660e-17
 7939.4255 8.79228e-17
 7941.4188 8.74329e-17
 7943.4121 8.79171e-17
 7945.4053 8.71394e-17
 7947.3986 8.59337e-17
 7949.3919 8.42778e-17
 7951.3852 8.11463e-17
 7953.3784 8.02146e-17
 7955.3717 8.25384e-17
 7957.3650 8.73915e-17
 7959.3583 8.80103e-17
 7961.3515 7.90106e-17
 7963.3448 8.08697e-17
 7965.3381 7.77016e-17
 7967.3314 7.78656e-17
 7969.3246 7.80277e-17
 7971.3179 7.92938e-17
 7973.3112 8.27353e-17
 7975.3045 8.38530e-17
 7977.2977 8.65598e-17
 7979.2910 8.33975e-17
 7981.2843 7.64640e-17
 7983.2776 7.72610e-17
 7985.2708 7.70428e-17
 7987.2641 7.77635e-17
 7989.2574 8.17597e-17
 7991.2507 8.10360e-17
 7993.2439 7.87959e-17
 7995.2372 7.54302e-17
 7997.2305 7.94533e-17
 7999.2238 7.72501e-17
 8001.2170 7.66941e-17
 8003.2103 7.82622e-17
 8005.2036 8.12335e-17
 8007.1969 7.68185e-17
 8009.1901 7.68062e-17
 8011.1834 7.22221e-17
 8013.1767 7.23567e-17
 8015.1700 7.44830e-17
 8017.1632 7.36258e-17
 8019.1565 7.14485e-17
 8021.1498 7.11001e-17
 8023.1431 7.85733e-17
 8025.1363 7.22304e-17
 8027.1296 7.54614e-17
 8029.1229 7.48594e-17
 8031.1161 7.01578e-17
 8033.1094 7.18094e-17
 8035.1027 7.24238e-17
 8037.0960 7.39381e-17
 8039.0892 7.22376e-17
 8041.0825 7.17977e-17
 8043.0758 7.39677e-17
 8045.0691 7.05058e-17
 8047.0623 6.93854e-17
 8049.0556 6.42084e-17
 8051.0489 6.48764e-17
 8053.0422 6.75407e-17
 8055.0354 6.68218e-17
 8057.0287 6.64725e-17
 8059.0220 6.65648e-17
 8061.0153 6.50252e-17
 8063.0085 6.11083e-17
 8065.0018 5.81031e-17
 8066.9951 6.36646e-17
 8068.9884 6.31278e-17
 8070.9816 6.54993e-17
 8072.9749 6.64268e-17
 8074.9682 5.70854e-17
 8076.9615 5.78886e-17
 8078.9547 5.90830e-17
 8080.9480 5.95052e-17
 8082.9413 5.64633e-17
 8084.9346 5.68228e-17
 8086.9278 5.72426e-17
 8088.9211 5.77625e-17
 8090.9144 6.27526e-17
 8092.9077 5.63287e-17
 8094.9009 5.57348e-17
 8096.8942 5.52523e-17
 8098.8875 5.70618e-17
 8100.8808 5.59212e-17
 8102.8740 5.22253e-17
 8104.8673 5.00071e-17
 8106.8606 5.47367e-17
 8108.8538 4.84100e-17
 8110.8471 5.09513e-17
 8112.8404 5.54613e-17
 8114.8337 5.43873e-17
 8116.8269 4.88374e-17
 8118.8202 5.36639e-17
 8120.8135 5.01243e-17
 8122.8068 4.48424e-17
 8124.8000 4.83042e-17
 8126.7933 5.03112e-17
 8128.7866 4.69254e-17
 8130.7799 4.89753e-17
 8132.7731 4.71000e-17
 8134.7664 5.00478e-17
 8136.7597 5.02224e-17
 8138.7530 4.50549e-17
 8140.7462 4.24190e-17
 8142.7395 4.59264e-17
 8144.7328 4.71163e-17
 8146.7261 4.34404e-17
 8148.7193 4.75605e-17
 8150.7126 4.94937e-17
 8152.7059 4.34186e-17
 8154.6992 4.55007e-17
 8156.6924 4.36589e-17
 8158.6857 4.20835e-17
 8160.6790 3.80089e-17
 8162.6723 3.91228e-17
 8164.6655 4.16787e-17
 8166.6588 5.00779e-17
 8168.6521 4.40703e-17
 8170.6454 4.71452e-17
 8172.6386 4.06028e-17
 8174.6319 3.90656e-17
 8176.6252 4.15149e-17
 8178.6185 4.00623e-17
 8180.6117 3.73346e-17
 8182.6050 3.79895e-17
 8184.5983 4.14840e-17
 8186.5915 4.38270e-17
 8188.5848 4.27669e-17
 8190.5781 3.82718e-17
 8192.5714 3.94322e-17
 8194.5646 4.05867e-17
 8196.5579 4.14564e-17
 8198.5512 3.88051e-17
 8200.5445 3.51815e-17
 8202.5377 4.03196e-17
 8204.5310 4.34336e-17
 8206.5243 4.10039e-17
 8208.5176 3.81026e-17
 8210.5108 3.74937e-17
 8212.5041 3.97401e-17
 8214.4974 3.92473e-17
 8216.4907 3.82446e-17
 8218.4839 3.62737e-17
 8220.4772 3.53717e-17
 8222.4705 3.45256e-17
 8224.4638 3.61906e-17
 8226.4570 3.85861e-17
 8228.4503 3.85075e-17
 8230.4436 3.93275e-17
 8232.4369 3.69203e-17
 8234.4301 3.91150e-17
 8236.4234 3.85451e-17
 8238.4167 3.92639e-17
 8240.4100 3.82016e-17
 8242.4032 3.55831e-17
 8244.3965 3.65843e-17
 8246.3898 3.81339e-17
 8248.3831 3.70737e-17
 8250.3763 3.69015e-17
 8252.3696 3.62734e-17
 8254.3629 3.74191e-17
 8256.3562 3.72591e-17
 8258.3494 3.47576e-17
 8260.3427 4.14372e-17
 8262.3360 3.76182e-17
 8264.3293 3.46201e-17
 8266.3225 3.83673e-17
 8268.3158 3.81576e-17
 8270.3091 4.10616e-17
 8272.3024 3.61207e-17
 8274.2956 4.06597e-17
 8276.2889 4.00512e-17
 8278.2822 3.79230e-17
 8280.2755 4.30629e-17
 8282.2687 4.24570e-17
 8284.2620 3.59953e-17
 8286.2553 3.43450e-17
 8288.2486 3.79156e-17
 8290.2418 3.71557e-17
 8292.2351 3.93003e-17
 8294.2284 3.82793e-17
 8296.2217 3.60467e-17
 8298.2149 3.32328e-17
 8300.2082 3.20121e-17
 8302.2015 3.89224e-17
 8304.1948 3.84839e-17
 8306.1880 3.09945e-17
 8308.1813 4.06276e-17
 8310.1746 4.49594e-17
 8312.1679 4.40316e-17
 8314.1611 3.80627e-17
 8316.1544 3.82809e-17
 8318.1477 4.00898e-17
 8320.1409 3.50232e-17
 8322.1342 3.66023e-17
 8324.1275 3.32449e-17
 8326.1208 4.40389e-17
 8328.1140 3.73121e-17
 8330.1073 3.76525e-17
 8332.1006 3.48938e-17
 8334.0939 2.76465e-17
 8336.0871 3.17811e-17
 8338.0804 3.36417e-17
 8340.0737 3.36001e-17
 8342.0670 3.25407e-17
 8344.0602 3.19025e-17
 8346.0535 2.39578e-17
 8348.0468 2.67437e-17
 8350.0401 3.06333e-17
 8352.0333 2.85206e-17
 8354.0266 2.51723e-17
 8356.0199 1.87480e-17
 8358.0132 2.33966e-17
 8360.0064 2.57554e-17
 8361.9997 2.76066e-17
 8363.9930 2.37223e-17
 8365.9863 1.78953e-17
 8367.9795 2.29862e-17
 8369.9728 2.54129e-17
 8371.9661 2.26076e-17
 8373.9594 2.08222e-17
 8375.9526 2.10776e-17
 8377.9459 1.96349e-17
 8379.9392 2.10055e-17
 8381.9325 1.40547e-17
 8383.9257 1.81275e-17
 8385.9190 2.18570e-17
 8387.9123 2.12439e-17
 8389.9056 1.85863e-17
 8391.8988 1.72599e-17
 8393.8921 2.31048e-17
 8395.8854 1.48357e-17
 8397.8786 1.55416e-17
 8399.8719 1.70958e-17
 8401.8652 1.86508e-17
 8403.8585 2.02049e-17
 8405.8517 1.83784e-17
 8407.8450 1.41336e-17
 8409.8383 1.91362e-17
 8411.8316 1.68076e-17
 8413.8248 1.61911e-17
 8415.8181 1.57984e-17
 8417.8114 1.40501e-17
 8419.8047 2.24968e-17
 8421.7979 2.36925e-17
 8423.7912 1.87470e-17
 8425.7845 1.79430e-17
 8427.7778 1.37004e-17
 8429.7710 1.38455e-17
 8431.7643 1.49423e-17
 8433.7576 2.38236e-17
 8435.7509 2.12335e-17
 8437.7441 1.83238e-17
 8439.7374 2.26062e-17
 8441.7307 1.86248e-17
 8443.7240 2.17761e-17
 8445.7172 2.30679e-17
 8447.7105 1.90883e-17
 8449.7038 1.49875e-17
 8451.6971 2.10779e-17
 8453.6903 2.62550e-17
 8455.6836 2.51194e-17
 8457.6769 2.43646e-17
 8459.6702 2.27206e-17
 8461.6634 2.50171e-17
 8463.6567 3.19616e-17
 8465.6500 2.71038e-17
 8467.6433 2.67209e-17
 8469.6365 2.84583e-17
 8471.6298 2.52051e-17
 8473.6231 2.31857e-17
 8475.6163 2.51402e-17
 8477.6096 2.69832e-17
 8479.6029 2.65030e-17
 8481.5962 2.73486e-17
 8483.5894 2.70732e-17
 8485.5827 2.89442e-17
 8487.5760 2.61189e-17
 8489.5693 2.24374e-17
 8491.5625 2.21909e-17
 8493.5558 2.62562e-17
 8495.5491 2.55832e-17
 8497.5424 2.05678e-17
 8499.5356 2.35588e-17
 8501.5289 2.25569e-17
 8503.5222 2.35837e-17
 8505.5155 2.54950e-17
 8507.5087 2.48885e-17
 8509.5020 1.85551e-17
 8511.4953 2.38547e-17
 8513.4886 2.43370e-17
 8515.4818 2.28838e-17
 8517.4751 2.02862e-17
 8519.4684 2.23956e-17
 8521.4617 2.42781e-17
 8523.4549 2.30485e-17
 8525.4482 2.80752e-17
 8527.4415 2.94020e-17
 8529.4348 2.58169e-17
 8531.4280 2.88456e-17
 8533.4213 2.32102e-17
 8535.4146 2.26196e-17
 8537.4079 2.12687e-17
 8539.4011 2.81562e-17
 8541.3944 3.05754e-17
 8543.3877 3.01276e-17
 8545.3810 2.82750e-17
 8547.3742 2.34575e-17
 8549.3675 1.93968e-17
 8551.3608 1.97436e-17
 8553.3541 2.28920e-17
 8555.3473 2.75447e-17
 8557.3406 2.34079e-17
 8559.3339 2.86799e-17
 8561.3272 2.59882e-17
 8563.3204 2.34067e-17
 8565.3137 2.70702e-17
 8567.3070 2.83616e-17
 8569.3003 2.42762e-17
 8571.2935 2.55754e-17
 8573.2868 2.57924e-17
 8575.2801 2.38609e-17
 8577.2734 2.91243e-17
 8579.2666 2.54008e-17
 8581.2599 2.45866e-17
 8583.2532 2.31371e-17
 8585.2464 2.82783e-17
 8587.2397 2.76184e-17
 8589.2330 2.98009e-17
 8591.2263 3.18529e-17
 8593.2195 2.37924e-17
 8595.2128 2.62882e-17
 8597.2061 2.61906e-17
 8599.1994 3.10414e-17
 8601.1926 3.00916e-17
 8603.1859 2.72426e-17
 8605.1792 2.21660e-17
 8607.1725 2.37903e-17
 8609.1657 2.73533e-17
 8611.1590 3.05495e-17
 8613.1523 3.33393e-17
 8615.1456 2.68338e-17
 8617.1388 3.03645e-17
 8619.1321 3.19076e-17
 8621.1254 3.02089e-17
 8623.1187 3.48190e-17
 8625.1119 3.42125e-17
 8627.1052 3.18756e-17
 8629.0985 3.78918e-17
 8631.0918 3.89079e-17
 8633.0850 4.37408e-17
 8635.0783 4.05602e-17
 8637.0716 4.35993e-17
 8639.0649 4.72278e-17
 8641.0581 3.68934e-17
 8643.0514 3.44056e-17
 8645.0447 4.82496e-17
 8647.0380 4.52480e-17
 8649.0312 4.21308e-17
 8651.0245 4.42822e-17
 8653.0178 4.88594e-17
 8655.0111 4.73040e-17
 8657.0043 4.75214e-17
 8658.9976 5.00195e-17
 8660.9909 5.08527e-17
 8662.9842 4.69259e-17
 8664.9774 5.92076e-17
 8666.9707 5.86935e-17
 8668.9640 6.05154e-17
 8670.9573 6.55640e-17
 8672.9505 5.56319e-17
 8674.9438 5.52611e-17
 8676.9371 5.80829e-17
 8678.9304 5.33920e-17
 8680.9236 5.52174e-17
 8682.9169 5.38370e-17
 8684.9102 4.90406e-17
 8686.9034 5.32482e-17
 8688.8967 5.49196e-17
 8690.8900 4.92864e-17
 8692.8833 5.64768e-17
 8694.8765 5.96998e-17
 8696.8698 6.96494e-17
 8698.8631 6.14873e-17
 8700.8564 5.66019e-17
 8702.8496 5.85719e-17
 8704.8429 6.22137e-17
 8706.8362 6.47970e-17
 8708.8295 6.52903e-17
 8710.8227 6.03022e-17
 8712.8160 6.25047e-17
 8714.8093 6.19375e-17
 8716.8026 6.23807e-17
 8718.7958 5.54641e-17
 8720.7891 5.62263e-17
 8722.7824 6.05564e-17
 8724.7757 6.50821e-17
 8726.7689 6.07273e-17
 8728.7622 5.57175e-17
 8730.7555 6.25310e-17
 8732.7488 6.34571e-17
 8734.7420 6.21239e-17
 8736.7353 5.98616e-17
 8738.7286 5.80398e-17
 8740.7219 6.91089e-17
 8742.7151 6.40292e-17
 8744.7084 5.93697e-17
 8746.7017 5.88773e-17
 8748.6950 5.58216e-17
 8750.6882 6.17048e-17
 8752.6815 5.96362e-17
 8754.6748 6.38441e-17
 8756.6681 6.82566e-17
 8758.6613 6.08090e-17
 8760.6546 5.51685e-17
 8762.6479 5.41126e-17
 8764.6411 7.00215e-17
 8766.6344 6.65102e-17
 8768.6277 5.66323e-17
 8770.6210 5.03870e-17
 8772.6142 6.60242e-17
 8774.6075 5.73785e-17
 8776.6008 5.39704e-17
 8778.5941 6.10974e-17
 8780.5873 6.17845e-17
 8782.5806 5.51560e-17
 8784.5739 6.00713e-17
 8786.5672 6.61234e-17
 8788.5604 6.19241e-17
 8790.5537 6.03949e-17
 8792.5470 5.67064e-17
 8794.5403 6.58664e-17
 8796.5335 6.99032e-17
 8798.5268 6.62814e-17
 8800.5201 6.88301e-17
 8802.5134 6.43358e-17
 8804.5066 6.78331e-17
 8806.4999 6.21859e-17
 8808.4932 6.00980e-17
 8810.4865 6.14896e-17
 8812.4797 5.72006e-17
 8814.4730 6.06485e-17
 8816.4663 5.74382e-17
 8818.4596 6.43645e-17
 8820.4528 6.97051e-17
 8822.4461 6.97160e-17
 8824.4394 5.87919e-17
 8826.4327 5.78052e-17
 8828.4259 5.61008e-17
 8830.4192 5.85975e-17
 8832.4125 5.78114e-17
 8834.4058 6.71838e-17
 8836.3990 5.69066e-17
 8838.3923 5.56875e-17
 8840.3856 6.39193e-17
 8842.3789 6.62374e-17
 8844.3721 6.02113e-17
 8846.3654 5.87431e-17
 8848.3587 5.87191e-17
 8850.3520 6.12557e-17
 8852.3452 6.68992e-17
 8854.3385 5.97222e-17
 8856.3318 6.85146e-17
 8858.3250 6.71111e-17
 8860.3183 6.83687e-17
 8862.3116 6.01719e-17
 8864.3049 6.24318e-17
 8866.2981 5.97475e-17
 8868.2914 5.77727e-17
 8870.2847 6.05264e-17
 8872.2780 5.27253e-17
 8874.2712 6.32202e-17
 8876.2645 7.31523e-17
 8878.2578 6.64808e-17
 8880.2511 7.21555e-17
 8882.2443 6.57376e-17
 8884.2376 6.56079e-17
 8886.2309 5.96318e-17
 8888.2242 6.17027e-17
 8890.2174 5.57583e-17
 8892.2107 6.48793e-17
 8894.2040 6.46332e-17
 8896.1973 6.82567e-17
 8898.1905 6.70789e-17
 8900.1838 5.91899e-17
 8902.1771 6.62863e-17
 8904.1704 7.29802e-17
 8906.1636 6.87577e-17
 8908.1569 5.67938e-17
 8910.1502 6.35403e-17
 8912.1435 5.32066e-17
 8914.1367 5.75269e-17
 8916.1300 6.00305e-17
 8918.1233 5.24046e-17
 8920.1166 5.69111e-17
 8922.1098 7.08716e-17
 8924.1031 6.37770e-17
 8926.0964 6.47187e-17
 8928.0897 6.62146e-17
 8930.0829 6.78149e-17
 8932.0762 6.45713e-17
 8934.0695 6.52712e-17
 8936.0628 6.63979e-17
 8938.0560 6.41690e-17
 8940.0493 6.46461e-17
 8942.0426 6.72536e-17
 8944.0359 6.84292e-17
 8946.0291 5.68456e-17
 8948.0224 5.42645e-17
 8950.0157 6.39988e-17
 8952.0090 5.33927e-17
 8954.0022 5.82282e-17
 8955.9955 6.02157e-17
 8957.9888 5.98708e-17
 8959.9821 6.26801e-17
 8961.9753 6.76001e-17
 8963.9686 5.69259e-17
 8965.9619 6.79985e-17
 8967.9552 7.09132e-17
 8969.9484 6.67194e-17
 8971.9417 7.21114e-17
 8973.9350 5.65885e-17
 8975.9282 5.71182e-17
 8977.9215 5.87862e-17
 8979.9148 6.22487e-17
 8981.9081 5.29553e-17
 8983.9013 5.11749e-17
 8985.8946 6.76560e-17
 8987.8879 7.02147e-17
 8989.8812 6.54770e-17
 8991.8744 6.42271e-17
 8993.8677 6.21132e-17
 8995.8610 4.79584e-17
 8997.8543 5.28039e-17
 8999.8475 5.94197e-17
 9001.8408 6.00313e-17
 9003.8341 6.78961e-17
 9005.8274 7.53049e-17
 9007.8206 7.23912e-17
 9009.8139 5.85713e-17
 9011.8072 5.79271e-17
 9013.8005 5.86506e-17
 9015.7937 5.68928e-17
 9017.7870 6.10199e-17
 9019.7803 6.07910e-17
 9021.7736 5.39274e-17
 9023.7668 6.08090e-17
 9025.7601 5.77190e-17
 9027.7534 5.82708e-17
 9029.7467 5.79167e-17
 9031.7399 5.42559e-17
 9033.7332 6.22160e-17
 9035.7265 6.48747e-17
 9037.7198 5.45326e-17
 9039.7130 5.24905e-17
 9041.7063 5.58069e-17
 9043.6996 6.14824e-17
 9045.6929 5.28349e-17
 9047.6861 5.91658e-17
 9049.6794 5.19456e-17
 9051.6727 5.39617e-17
 9053.6659 5.40567e-17
 9055.6592 5.58034e-17
 9057.6525 6.19707e-17
 9059.6458 5.69383e-17
 9061.6390 5.78697e-17
 9063.6323 6.91018e-17
 9065.6256 4.56866e-17
 9067.6189 5.38425e-17
 9069.6121 4.40071e-17
 9071.6054 4.96740e-17
 9073.5987 6.22440e-17
 9075.5920 5.40242e-17
 9077.5852 5.66277e-17
 9079.5785 5.58279e-17
 9081.5718 5.37544e-17
 9083.5651 5.44470e-17
 9085.5583 5.41500e-17
 9087.5516 6.19212e-17
 9089.5449 5.63397e-17
 9091.5382 5.89089e-17
 9093.5314 5.08399e-17
 9095.5247 4.70636e-17
 9097.5180 5.05888e-17
 9099.5113 3.56773e-17
 9101.5045 3.59145e-17
 9103.4978 5.55302e-17
 9105.4911 5.55184e-17
 9107.4844 5.38841e-17
 9109.4776 5.87858e-17
 9111.4709 4.83074e-17
 9113.4642 4.94819e-17
 9115.4575 6.00663e-17
 9117.4507 4.46114e-17
 9119.4440 4.32716e-17
 9121.4373 4.86096e-17
 9123.4306 5.36461e-17
 9125.4238 5.72441e-17
 9127.4171 5.13271e-17
 9129.4104 4.80972e-17
 9131.4036 4.90792e-17
 9133.3969 5.23105e-17
 9135.3902 7.12976e-17
 9137.3835 6.27795e-17
 9139.3767 5.61574e-17
 9141.3700 5.75030e-17
 9143.3633 5.14054e-17
 9145.3566 4.06429e-17
 9147.3498 4.44975e-17
 9149.3431 4.56333e-17
 9151.3364 4.44788e-17
 9153.3297 4.87689e-17
 9155.3229 2.91327e-17
 9157.3162 5.67231e-17
 9159.3095 5.16261e-17
 9161.3028 4.05149e-17
 9163.2960 4.87836e-17
 9165.2893 5.00896e-17
 9167.2826 4.45361e-17
 9169.2759 4.94551e-17
 9171.2691 4.62481e-17
 9173.2624 4.93067e-17
 9175.2557 4.60727e-17
 9177.2490 3.25562e-17
 9179.2422 4.01418e-17
 9181.2355 6.54214e-17
 9183.2288 4.47263e-17
 9185.2221 4.15923e-17
 9187.2153 4.35910e-17
 9189.2086 4.51510e-17
 9191.2019 3.61273e-17
 9193.1952 3.12407e-17
 9195.1884 3.97514e-17
 9197.1817 4.51914e-17
 9199.1750 3.85414e-17
 9201.1683 4.28037e-17
 9203.1615 5.25818e-17
 9205.1548 3.30185e-17
 9207.1481 4.69028e-17
 9209.1414 4.07789e-17
 9211.1346 4.14667e-17
 9213.1279 3.55560e-17
 9215.1212 3.25483e-17
 9217.1145 4.20333e-17
 9219.1077 3.95862e-17
 9221.1010 4.66481e-17
 9223.0943 3.69120e-17
 9225.0876 3.77837e-17
 9227.0808 4.60646e-17
 9229.0741 3.56626e-17
 9231.0674 3.29863e-17
 9233.0607 4.36155e-17
 9235.0539 3.80958e-17
 9237.0472 3.67287e-17
 9239.0405 3.91408e-17
 9241.0338 3.85718e-17
 9243.0270 3.70186e-17
 9245.0203 3.30025e-17
 9247.0136 3.80372e-17
 9249.0069 4.13860e-17
 9251.0001 3.81384e-17
 9252.9934 2.90182e-17
 9254.9867 4.22144e-17
 9256.9800 4.26598e-17
 9258.9732 3.05710e-17
 9260.9665 3.54092e-17
 9262.9598 4.20407e-17
 9264.9530 3.49800e-17
 9266.9463 2.99059e-17
 9268.9396 3.18206e-17
 9270.9329 4.01092e-17
 9272.9261 3.30041e-17
 9274.9194 4.24127e-17
 9276.9127 3.15050e-17
 9278.9060 3.38828e-17
 9280.8992 2.81511e-17
 9282.8925 3.63595e-17
 9284.8858 3.00407e-17
 9286.8791 3.44905e-17
 9288.8723 3.56473e-17
 9290.8656 3.08971e-17
 9292.8589 3.31619e-17
 9294.8522 2.97650e-17
 9296.8454 2.94854e-17
 9298.8387 3.82505e-17
 9300.8320 4.56755e-17
 9302.8253 4.62238e-17
 9304.8185 4.12529e-17
 9306.8118 2.31043e-17
 9308.8051 3.19983e-17
 9310.7984 2.54504e-17
 9312.7916 1.32716e-17
 9314.7849 2.82170e-17
 9316.7782 3.32601e-17
 9318.7715 3.61926e-17
 9320.7647 2.85649e-17
 9322.7580 2.40101e-17
 9324.7513 2.06898e-17
 9326.7446 2.39824e-17
 9328.7378 1.70381e-17
 9330.7311 1.00937e-17
 9332.7244 3.14940e-18
 9334.7177 -3.79833e-18
 9336.7109 1.92114e-17
 9338.7042 1.37963e-17
 9340.6975 2.60793e-17
 9342.6907 5.64599e-17
 9344.6840 1.44372e-17
 9346.6773 2.05980e-17
 9348.6706 1.97601e-17
 9350.6638 2.51509e-17
 9352.6571 1.29120e-17
 9354.6504 3.04481e-17
 9356.6437 4.31600e-17
 9358.6369 2.78005e-17
 9360.6302 3.64276e-17
 9362.6235 2.94825e-17
 9364.6168 1.16634e-17
 9366.6100 3.86296e-17
 9368.6033 4.03826e-17
 9370.5966 3.18903e-17
 9372.5899 1.48616e-18
 9374.5831 2.18098e-17
 9376.5764 4.80551e-17
 9378.5697 4.06637e-17
 9380.5630 3.34374e-17
 9382.5562 2.64772e-17
 9384.5495 5.02925e-18
 9386.5428 3.21073e-17
 9388.5361 3.89516e-17
 9390.5293 3.43573e-17
 9392.5226 4.28083e-17
 9394.5159 3.27737e-17
 9396.5092 2.12176e-17
 9398.5024 4.63710e-17
 9400.4957 4.64654e-17
 9402.4890 3.34043e-17
 9404.4823 2.81071e-17
 9406.4755 2.93575e-17
 9408.4688 5.58165e-17
 9410.4621 3.39802e-17
 9412.4554 2.45962e-17
 9414.4486 7.11153e-17
 9416.4419 5.10629e-17
 9418.4352 3.08299e-17
 9420.4284 2.29226e-17
 9422.4217 4.91009e-17
 9424.4150 4.93011e-17
 9426.4083 4.95091e-17
 9428.4015 4.51764e-17
