#Object:               SN2009ab
#FITS_file:            SN09ab_b01_DUP_WF_26feb09.fits
#Redshift:             0.01117
#JDate_of_max:         2454883.85
#JDate_of_observation: 2454888.56
#Epoch:                4.66      
#
 3758.0189 1.96672e-15
 3761.0267 1.89859e-15
 3764.0345 1.76063e-15
 3767.0423 1.66093e-15
 3770.0501 1.64964e-15
 3773.0579 1.65339e-15
 3776.0657 1.52593e-15
 3779.0735 1.47757e-15
 3782.0814 1.54264e-15
 3785.0892 1.46710e-15
 3788.0970 1.44212e-15
 3791.1048 1.42987e-15
 3794.1126 1.39734e-15
 3797.1204 1.36924e-15
 3800.1282 1.32425e-15
 3803.1360 1.32924e-15
 3806.1438 1.33603e-15
 3809.1516 1.25127e-15
 3812.1594 1.35647e-15
 3815.1673 1.33963e-15
 3818.1751 1.39507e-15
 3821.1829 1.45321e-15
 3824.1907 1.44900e-15
 3827.1985 1.48319e-15
 3830.2063 1.51827e-15
 3833.2141 1.58995e-15
 3836.2219 1.69972e-15
 3839.2297 1.73988e-15
 3842.2376 1.78171e-15
 3845.2454 1.83245e-15
 3848.2532 1.88121e-15
 3851.2610 1.97428e-15
 3854.2688 2.10899e-15
 3857.2766 2.21322e-15
 3860.2844 2.31512e-15
 3863.2922 2.37099e-15
 3866.3000 2.46683e-15
 3869.3078 2.60226e-15
 3872.3156 2.76877e-15
 3875.3235 2.83911e-15
 3878.3313 2.90234e-15
 3881.3391 2.97933e-15
 3884.3469 3.07963e-15
 3887.3547 3.15233e-15
 3890.3625 3.15554e-15
 3893.3703 3.28535e-15
 3896.3781 3.41340e-15
 3899.3859 3.39512e-15
 3902.3937 3.32754e-15
 3905.4016 3.36981e-15
 3908.4094 3.43289e-15
 3911.4172 3.41569e-15
 3914.4250 3.38940e-15
 3917.4328 3.46196e-15
 3920.4406 3.60230e-15
 3923.4484 3.51651e-15
 3926.4562 3.55752e-15
 3929.4640 3.58121e-15
 3932.4718 3.61607e-15
 3935.4796 3.57879e-15
 3938.4875 3.77295e-15
 3941.4953 3.73677e-15
 3944.5031 3.79643e-15
 3947.5109 3.85602e-15
 3950.5187 3.91668e-15
 3953.5265 3.80413e-15
 3956.5343 3.62018e-15
 3959.5421 3.56070e-15
 3962.5499 3.40244e-15
 3965.5577 3.28161e-15
 3968.5656 3.04686e-15
 3971.5734 2.94342e-15
 3974.5812 2.98732e-15
 3977.5890 3.02011e-15
 3980.5968 2.87026e-15
 3983.6046 2.85107e-15
 3986.6124 2.83504e-15
 3989.6202 2.74098e-15
 3992.6280 2.65832e-15
 3995.6358 2.62896e-15
 3998.6436 2.52595e-15
 4001.6515 2.54818e-15
 4004.6593 2.45746e-15
 4007.6671 2.44093e-15
 4010.6749 2.48702e-15
 4013.6827 2.48835e-15
 4016.6905 2.46507e-15
 4019.6983 2.51582e-15
 4022.7061 2.60305e-15
 4025.7139 2.67475e-15
 4028.7218 2.62746e-15
 4031.7296 2.70209e-15
 4034.7374 2.77313e-15
 4037.7452 2.79647e-15
 4040.7530 2.87883e-15
 4043.7608 2.96402e-15
 4046.7686 3.05659e-15
 4049.7764 3.11826e-15
 4052.7842 3.07877e-15
 4055.7920 3.11503e-15
 4058.7998 3.14988e-15
 4061.8077 3.10266e-15
 4064.8155 3.02358e-15
 4067.8233 2.99627e-15
 4070.8311 2.92428e-15
 4073.8389 2.95852e-15
 4076.8467 2.98194e-15
 4079.8545 2.97259e-15
 4082.8623 3.06471e-15
 4085.8701 3.02277e-15
 4088.8779 3.09774e-15
 4091.8858 3.10086e-15
 4094.8936 3.07036e-15
 4097.9014 3.13144e-15
 4100.9092 3.08362e-15
 4103.9170 3.00855e-15
 4106.9248 2.99583e-15
 4109.9326 3.08652e-15
 4112.9404 3.04986e-15
 4115.9482 3.02490e-15
 4118.9560 3.07375e-15
 4121.9638 2.96933e-15
 4124.9717 2.96218e-15
 4127.9795 2.90869e-15
 4130.9873 2.95303e-15
 4133.9951 2.91864e-15
 4137.0029 2.93838e-15
 4140.0107 2.89097e-15
 4143.0185 2.93901e-15
 4146.0263 2.98995e-15
 4149.0341 3.00652e-15
 4152.0419 3.03641e-15
 4155.0498 3.00686e-15
 4158.0576 3.05235e-15
 4161.0654 3.13057e-15
 4164.0732 3.16948e-15
 4167.0810 3.21249e-15
 4170.0888 3.09477e-15
 4173.0966 3.18379e-15
 4176.1044 3.13746e-15
 4179.1122 3.13439e-15
 4182.1200 3.12148e-15
 4185.1279 3.12484e-15
 4188.1357 3.17452e-15
 4191.1435 3.11618e-15
 4194.1513 3.04608e-15
 4197.1591 3.07106e-15
 4200.1669 3.04261e-15
 4203.1747 3.05404e-15
 4206.1825 3.12201e-15
 4209.1903 3.01868e-15
 4212.1981 2.95956e-15
 4215.2060 2.90380e-15
 4218.2138 2.84292e-15
 4221.2216 2.93114e-15
 4224.2294 2.91360e-15
 4227.2372 2.86838e-15
 4230.2450 2.82354e-15
 4233.2528 2.79638e-15
 4236.2606 2.76362e-15
 4239.2684 2.71865e-15
 4242.2762 2.70491e-15
 4245.2840 2.71386e-15
 4248.2919 2.68981e-15
 4251.2997 2.66280e-15
 4254.3075 2.64646e-15
 4257.3153 2.61054e-15
 4260.3231 2.56237e-15
 4263.3309 2.55129e-15
 4266.3387 2.59612e-15
 4269.3465 2.55438e-15
 4272.3543 2.51452e-15
 4275.3621 2.52104e-15
 4278.3700 2.49802e-15
 4281.3778 2.48349e-15
 4284.3856 2.42446e-15
 4287.3934 2.34466e-15
 4290.4012 2.30059e-15
 4293.4090 2.21236e-15
 4296.4168 2.13857e-15
 4299.4246 2.09791e-15
 4302.4324 2.00875e-15
 4305.4402 1.98461e-15
 4308.4480 2.02972e-15
 4311.4559 2.00246e-15
 4314.4637 1.97763e-15
 4317.4715 1.99920e-15
 4320.4793 1.93536e-15
 4323.4871 1.94600e-15
 4326.4949 1.89684e-15
 4329.5027 1.95512e-15
 4332.5105 1.91434e-15
 4335.5183 1.95901e-15
 4338.5262 1.90305e-15
 4341.5340 1.86714e-15
 4344.5418 1.90365e-15
 4347.5496 1.94149e-15
 4350.5574 1.97615e-15
 4353.5652 1.98738e-15
 4356.5730 1.96653e-15
 4359.5808 1.94967e-15
 4362.5886 1.94174e-15
 4365.5964 1.89773e-15
 4368.6042 1.89895e-15
 4371.6121 1.88728e-15
 4374.6199 1.82583e-15
 4377.6277 1.76391e-15
 4380.6355 1.81886e-15
 4383.6433 1.84737e-15
 4386.6511 1.84022e-15
 4389.6589 1.83670e-15
 4392.6667 1.84136e-15
 4395.6745 1.86983e-15
 4398.6823 1.86917e-15
 4401.6902 1.88378e-15
 4404.6980 1.91935e-15
 4407.7058 1.86102e-15
 4410.7136 1.87067e-15
 4413.7214 1.95665e-15
 4416.7292 1.98482e-15
 4419.7370 2.04106e-15
 4422.7448 2.05398e-15
 4425.7526 2.12133e-15
 4428.7604 2.14746e-15
 4431.7682 2.15819e-15
 4434.7761 2.15691e-15
 4437.7839 2.15641e-15
 4440.7917 2.20890e-15
 4443.7995 2.23963e-15
 4446.8073 2.26295e-15
 4449.8151 2.31096e-15
 4452.8229 2.37169e-15
 4455.8307 2.41151e-15
 4458.8385 2.47424e-15
 4461.8463 2.55176e-15
 4464.8542 2.57016e-15
 4467.8620 2.62734e-15
 4470.8698 2.63720e-15
 4473.8776 2.60627e-15
 4476.8854 2.67339e-15
 4479.8932 2.68910e-15
 4482.9010 2.74044e-15
 4485.9088 2.76762e-15
 4488.9166 2.81162e-15
 4491.9244 2.88962e-15
 4494.9323 2.89531e-15
 4497.9401 2.97962e-15
 4500.9479 3.02354e-15
 4503.9557 3.02049e-15
 4506.9635 3.05778e-15
 4509.9713 3.08971e-15
 4512.9791 3.09981e-15
 4515.9869 3.12489e-15
 4518.9947 3.16179e-15
 4522.0025 3.20611e-15
 4525.0104 3.23209e-15
 4528.0182 3.24781e-15
 4531.0260 3.24238e-15
 4534.0338 3.25740e-15
 4537.0416 3.29358e-15
 4540.0494 3.28613e-15
 4543.0572 3.27764e-15
 4546.0650 3.31420e-15
 4549.0728 3.25629e-15
 4552.0806 3.24305e-15
 4555.0884 3.23168e-15
 4558.0963 3.23611e-15
 4561.1041 3.17496e-15
 4564.1119 3.12256e-15
 4567.1197 3.16562e-15
 4570.1275 3.15712e-15
 4573.1353 3.17515e-15
 4576.1431 3.12966e-15
 4579.1509 3.13758e-15
 4582.1587 3.15538e-15
 4585.1665 3.22154e-15
 4588.1744 3.20855e-15
 4591.1822 3.29688e-15
 4594.1900 3.32455e-15
 4597.1978 3.31499e-15
 4600.2056 3.33613e-15
 4603.2134 3.37475e-15
 4606.2212 3.40721e-15
 4609.2290 3.38336e-15
 4612.2368 3.35244e-15
 4615.2446 3.33777e-15
 4618.2524 3.31057e-15
 4621.2603 3.28470e-15
 4624.2681 3.31481e-15
 4627.2759 3.25484e-15
 4630.2837 3.19500e-15
 4633.2915 3.15154e-15
 4636.2993 3.14002e-15
 4639.3071 3.12259e-15
 4642.3149 3.05626e-15
 4645.3227 2.99910e-15
 4648.3305 2.91274e-15
 4651.3384 2.86699e-15
 4654.3462 2.80469e-15
 4657.3540 2.73935e-15
 4660.3618 2.67391e-15
 4663.3696 2.62639e-15
 4666.3774 2.52095e-15
 4669.3852 2.47251e-15
 4672.3930 2.43401e-15
 4675.4008 2.43312e-15
 4678.4086 2.47315e-15
 4681.4165 2.46819e-15
 4684.4243 2.48641e-15
 4687.4321 2.46970e-15
 4690.4399 2.49267e-15
 4693.4477 2.48818e-15
 4696.4555 2.49205e-15
 4699.4633 2.50214e-15
 4702.4711 2.50955e-15
 4705.4789 2.52597e-15
 4708.4867 2.49336e-15
 4711.4946 2.50326e-15
 4714.5024 2.48699e-15
 4717.5102 2.37961e-15
 4720.5180 2.37966e-15
 4723.5258 2.29331e-15
 4726.5336 2.21042e-15
 4729.5414 2.14456e-15
 4732.5492 2.06068e-15
 4735.5570 2.00319e-15
 4738.5648 1.99009e-15
 4741.5726 1.96920e-15
 4744.5805 1.91980e-15
 4747.5883 1.88895e-15
 4750.5961 1.88738e-15
 4753.6039 1.87066e-15
 4756.6117 1.85640e-15
 4759.6195 1.84813e-15
 4762.6273 1.83351e-15
 4765.6351 1.83985e-15
 4768.6429 1.84669e-15
 4771.6507 1.86277e-15
 4774.6586 1.86239e-15
 4777.6664 1.88830e-15
 4780.6742 1.93568e-15
 4783.6820 1.98616e-15
 4786.6898 2.01711e-15
 4789.6976 2.09631e-15
 4792.7054 2.13879e-15
 4795.7132 2.16319e-15
 4798.7210 2.20870e-15
 4801.7288 2.24376e-15
 4804.7366 2.24426e-15
 4807.7445 2.18887e-15
 4810.7523 2.10979e-15
 4813.7601 2.08447e-15
 4816.7679 2.00144e-15
 4819.7757 1.94403e-15
 4822.7835 1.86302e-15
 4825.7913 1.81464e-15
 4828.7991 1.80111e-15
 4831.8069 1.73333e-15
 4834.8148 1.70652e-15
 4837.8226 1.68207e-15
 4840.8304 1.63681e-15
 4843.8382 1.60100e-15
 4846.8460 1.59827e-15
 4849.8538 1.56513e-15
 4852.8616 1.49663e-15
 4855.8694 1.44378e-15
 4858.8772 1.47596e-15
 4861.8850 1.45401e-15
 4864.8928 1.46127e-15
 4867.9007 1.46483e-15
 4870.9085 1.48551e-15
 4873.9163 1.49156e-15
 4876.9241 1.50340e-15
 4879.9319 1.53245e-15
 4882.9397 1.58101e-15
 4885.9475 1.61470e-15
 4888.9553 1.65241e-15
 4891.9631 1.71978e-15
 4894.9709 1.73521e-15
 4897.9788 1.79628e-15
 4900.9866 1.84737e-15
 4903.9944 1.93320e-15
 4907.0022 1.99195e-15
 4910.0100 1.99323e-15
 4913.0178 2.04612e-15
 4916.0256 2.05610e-15
 4919.0334 2.08591e-15
 4922.0412 2.15031e-15
 4925.0490 2.14708e-15
 4928.0568 2.18719e-15
 4931.0647 2.15413e-15
 4934.0725 2.19388e-15
 4937.0803 2.21098e-15
 4940.0881 2.18937e-15
 4943.0959 2.17208e-15
 4946.1037 2.19711e-15
 4949.1115 2.16958e-15
 4952.1193 2.18000e-15
 4955.1271 2.09260e-15
 4958.1349 2.04023e-15
 4961.1428 2.03675e-15
 4964.1506 1.98914e-15
 4967.1584 1.93919e-15
 4970.1662 1.90225e-15
 4973.1740 1.88491e-15
 4976.1818 1.87771e-15
 4979.1896 1.89269e-15
 4982.1974 1.86300e-15
 4985.2052 1.76921e-15
 4988.2130 1.77732e-15
 4991.2209 1.77262e-15
 4994.2287 1.78577e-15
 4997.2365 1.75245e-15
 5000.2443 1.75394e-15
 5003.2521 1.74273e-15
 5006.2599 1.77117e-15
 5009.2677 1.77117e-15
 5012.2755 1.76513e-15
 5015.2833 1.78531e-15
 5018.2911 1.81392e-15
 5021.2990 1.83026e-15
 5024.3068 1.83913e-15
 5027.3146 1.81594e-15
 5030.3224 1.80155e-15
 5033.3302 1.86535e-15
 5036.3380 1.89128e-15
 5039.3458 1.90255e-15
 5042.3536 1.93667e-15
 5045.3614 1.96066e-15
 5048.3692 1.97456e-15
 5051.3770 1.97659e-15
 5054.3849 1.94484e-15
 5057.3927 1.98005e-15
 5060.4005 1.99447e-15
 5063.4083 1.97903e-15
 5066.4161 2.02511e-15
 5069.4239 2.03724e-15
 5072.4317 2.05346e-15
 5075.4395 2.10731e-15
 5078.4473 2.15518e-15
 5081.4551 2.22003e-15
 5084.4630 2.23013e-15
 5087.4708 2.24958e-15
 5090.4786 2.28639e-15
 5093.4864 2.30979e-15
 5096.4942 2.29937e-15
 5099.5020 2.27151e-15
 5102.5098 2.25411e-15
 5105.5176 2.25315e-15
 5108.5254 2.26849e-15
 5111.5332 2.28893e-15
 5114.5410 2.28565e-15
 5117.5489 2.30953e-15
 5120.5567 2.35164e-15
 5123.5645 2.37618e-15
 5126.5723 2.42169e-15
 5129.5801 2.48080e-15
 5132.5879 2.49447e-15
 5135.5957 2.49386e-15
 5138.6035 2.51314e-15
 5141.6113 2.55340e-15
 5144.6192 2.56137e-15
 5147.6270 2.54599e-15
 5150.6348 2.52615e-15
 5153.6426 2.51004e-15
 5156.6504 2.48178e-15
 5159.6582 2.47796e-15
 5162.6660 2.52224e-15
 5165.6738 2.51450e-15
 5168.6816 2.54292e-15
 5171.6894 2.55388e-15
 5174.6973 2.59520e-15
 5177.7051 2.58397e-15
 5180.7129 2.56821e-15
 5183.7207 2.63173e-15
 5186.7285 2.63571e-15
 5189.7363 2.64380e-15
 5192.7441 2.68794e-15
 5195.7519 2.69081e-15
 5198.7597 2.69219e-15
 5201.7675 2.70193e-15
 5204.7753 2.74366e-15
 5207.7832 2.76239e-15
 5210.7910 2.80501e-15
 5213.7988 2.78328e-15
 5216.8066 2.76589e-15
 5219.8144 2.77175e-15
 5222.8222 2.78611e-15
 5225.8300 2.82183e-15
 5228.8378 2.83586e-15
 5231.8456 2.82870e-15
 5234.8534 2.74907e-15
 5237.8613 2.70417e-15
 5240.8691 2.60707e-15
 5243.8769 2.56363e-15
 5246.8847 2.57591e-15
 5249.8925 2.53351e-15
 5252.9003 2.44337e-15
 5255.9081 2.40913e-15
 5258.9159 2.38925e-15
 5261.9237 2.31711e-15
 5264.9315 2.25227e-15
 5267.9393 2.17471e-15
 5270.9472 2.14079e-15
 5273.9550 2.13473e-15
 5276.9628 2.12986e-15
 5279.9706 2.10151e-15
 5282.9784 2.07260e-15
 5285.9862 2.06150e-15
 5288.9940 2.03563e-15
 5292.0018 2.03753e-15
 5295.0096 2.03831e-15
 5298.0174 1.96168e-15
 5301.0253 1.97996e-15
 5304.0331 1.99463e-15
 5307.0409 1.99703e-15
 5310.0487 2.00630e-15
 5313.0565 2.02390e-15
 5316.0643 1.99057e-15
 5319.0721 1.99620e-15
 5322.0799 1.99521e-15
 5325.0877 2.00218e-15
 5328.0955 2.01086e-15
 5331.1034 2.01653e-15
 5334.1112 1.98132e-15
 5337.1190 1.94761e-15
 5340.1268 1.97079e-15
 5343.1346 2.00885e-15
 5346.1424 2.04748e-15
 5349.1502 2.05254e-15
 5352.1580 2.04580e-15
 5355.1658 2.03145e-15
 5358.1736 2.08491e-15
 5361.1815 2.07792e-15
 5364.1893 2.07265e-15
 5367.1971 2.12284e-15
 5370.2049 2.10033e-15
 5373.2127 2.11157e-15
 5376.2205 2.14734e-15
 5379.2283 2.12263e-15
 5382.2361 2.10722e-15
 5385.2439 2.10917e-15
 5388.2517 2.12279e-15
 5391.2595 2.11634e-15
 5394.2674 2.10857e-15
 5397.2752 2.09730e-15
 5400.2830 2.10095e-15
 5403.2908 2.07735e-15
 5406.2986 2.06624e-15
 5409.3064 2.06868e-15
 5412.3142 2.04551e-15
 5415.3220 2.06025e-15
 5418.3298 2.07682e-15
 5421.3376 2.03944e-15
 5424.3455 1.97700e-15
 5427.3533 1.94405e-15
 5430.3611 1.90891e-15
 5433.3689 1.91559e-15
 5436.3767 1.86539e-15
 5439.3845 1.82466e-15
 5442.3923 1.77205e-15
 5445.4001 1.75068e-15
 5448.4079 1.73855e-15
 5451.4157 1.72161e-15
 5454.4235 1.71850e-15
 5457.4314 1.66928e-15
 5460.4392 1.58500e-15
 5463.4470 1.59638e-15
 5466.4548 1.60691e-15
 5469.4626 1.60560e-15
 5472.4704 1.60742e-15
 5475.4782 1.60449e-15
 5478.4860 1.57197e-15
 5481.4938 1.55624e-15
 5484.5017 1.60370e-15
 5487.5095 1.62144e-15
 5490.5173 1.61574e-15
 5493.5251 1.65235e-15
 5496.5329 1.70097e-15
 5499.5407 1.70712e-15
 5502.5485 1.78273e-15
 5505.5563 1.81018e-15
 5508.5641 1.85694e-15
 5511.5719 1.89568e-15
 5514.5797 1.93769e-15
 5517.5876 1.94329e-15
 5520.5954 2.03406e-15
 5523.6032 2.04814e-15
 5526.6110 2.09948e-15
 5529.6188 2.13480e-15
 5532.6266 2.14535e-15
 5535.6344 2.18468e-15
 5538.6422 2.17505e-15
 5541.6500 2.17752e-15
 5544.6578 2.20064e-15
 5547.6657 2.23221e-15
 5550.6735 2.27150e-15
 5553.6813 2.27774e-15
 5556.6891 2.24638e-15
 5559.6969 2.29835e-15
 5562.7047 2.33489e-15
 5565.7125 2.33903e-15
 5568.7203 2.36026e-15
 5571.7281 2.38037e-15
 5574.7359 2.39163e-15
 5577.7437 2.37618e-15
 5580.7516 2.42362e-15
 5583.7594 2.44644e-15
 5586.7672 2.44082e-15
 5589.7750 2.45722e-15
 5592.7828 2.43024e-15
 5595.7906 2.43361e-15
 5598.7984 2.44403e-15
 5601.8062 2.43652e-15
 5604.8140 2.43969e-15
 5607.8218 2.45953e-15
 5610.8297 2.46709e-15
 5613.8375 2.45086e-15
 5616.8453 2.44922e-15
 5619.8531 2.44193e-15
 5622.8609 2.41799e-15
 5625.8687 2.37136e-15
 5628.8765 2.44993e-15
 5631.8843 2.44323e-15
 5634.8921 2.39703e-15
 5637.8999 2.39920e-15
 5640.9078 2.37470e-15
 5643.9156 2.36242e-15
 5646.9234 2.34386e-15
 5649.9312 2.29373e-15
 5652.9390 2.30116e-15
 5655.9468 2.29605e-15
 5658.9546 2.32062e-15
 5661.9624 2.27502e-15
 5664.9702 2.26917e-15
 5667.9780 2.31168e-15
 5670.9859 2.31662e-15
 5673.9937 2.24058e-15
 5677.0015 2.23742e-15
 5680.0093 2.22451e-15
 5683.0171 2.23460e-15
 5686.0249 2.25702e-15
 5689.0327 2.25309e-15
 5692.0405 2.23196e-15
 5695.0483 2.20666e-15
 5698.0561 2.21087e-15
 5701.0639 2.22407e-15
 5704.0718 2.18102e-15
 5707.0796 2.10804e-15
 5710.0874 2.11388e-15
 5713.0952 2.06484e-15
 5716.1030 2.01426e-15
 5719.1108 1.98341e-15
 5722.1186 2.00136e-15
 5725.1264 1.99404e-15
 5728.1342 2.00989e-15
 5731.1420 1.96225e-15
 5734.1499 1.90917e-15
 5737.1577 1.86579e-15
 5740.1655 1.87424e-15
 5743.1733 1.86425e-15
 5746.1811 1.82001e-15
 5749.1889 1.80562e-15
 5752.1967 1.79553e-15
 5755.2045 1.79841e-15
 5758.2123 1.76969e-15
 5761.2201 1.77739e-15
 5764.2279 1.77846e-15
 5767.2358 1.79251e-15
 5770.2436 1.79355e-15
 5773.2514 1.77835e-15
 5776.2592 1.78878e-15
 5779.2670 1.79888e-15
 5782.2748 1.78213e-15
 5785.2826 1.80099e-15
 5788.2904 1.82021e-15
 5791.2982 1.83807e-15
 5794.3061 1.87661e-15
 5797.3139 1.91190e-15
 5800.3217 1.91318e-15
 5803.3295 1.91169e-15
 5806.3373 1.92123e-15
 5809.3451 1.95836e-15
 5812.3529 1.98489e-15
 5815.3607 2.00532e-15
 5818.3685 2.02235e-15
 5821.3763 1.99002e-15
 5824.3841 1.96960e-15
 5827.3920 1.98479e-15
 5830.3998 1.99866e-15
 5833.4076 2.02992e-15
 5836.4154 2.11821e-15
 5839.4232 2.16883e-15
 5842.4310 2.18609e-15
 5845.4388 2.19252e-15
 5848.4466 2.22574e-15
 5851.4544 2.19534e-15
 5854.4622 2.20199e-15
 5857.4701 2.24201e-15
 5860.4779 2.28970e-15
 5863.4857 2.26541e-15
 5866.4935 2.28516e-15
 5869.5013 2.30517e-15
 5872.5091 2.28416e-15
 5875.5169 2.23434e-15
 5878.5247 2.24736e-15
 5881.5325 2.27173e-15
 5884.5403 2.29179e-15
 5887.5481 2.21034e-15
 5890.5560 2.06857e-15
 5893.5638 2.09811e-15
 5896.5716 2.12727e-15
 5899.5794 2.15479e-15
 5902.5872 2.16424e-15
 5905.5950 2.17866e-15
 5908.6028 2.17723e-15
 5911.6106 2.18777e-15
 5914.6184 2.19908e-15
 5917.6262 2.19140e-15
 5920.6341 2.18178e-15
 5923.6419 2.14080e-15
 5926.6497 2.13521e-15
 5929.6575 2.17538e-15
 5932.6653 2.17346e-15
 5935.6731 2.21527e-15
 5938.6809 2.18595e-15
 5941.6887 2.18391e-15
 5944.6965 2.18784e-15
 5947.7043 2.15497e-15
 5950.7121 2.15811e-15
 5953.7200 2.16205e-15
 5956.7278 2.17036e-15
 5959.7356 2.17747e-15
 5962.7434 2.18112e-15
 5965.7512 2.18318e-15
 5968.7590 2.19520e-15
 5971.7668 2.19588e-15
 5974.7746 2.15948e-15
 5977.7824 2.17774e-15
 5980.7903 2.12680e-15
 5983.7981 2.14898e-15
 5986.8059 2.16302e-15
 5989.8137 2.13198e-15
 5992.8215 2.12018e-15
 5995.8293 2.08511e-15
 5998.8371 2.04709e-15
 6001.8449 2.07521e-15
 6004.8527 2.06874e-15
 6007.8605 2.05958e-15
 6010.8683 2.02275e-15
 6013.8762 2.00610e-15
 6016.8840 2.03545e-15
 6019.8918 2.04858e-15
 6022.8996 2.04498e-15
 6025.9074 2.06315e-15
 6028.9152 2.06379e-15
 6031.9230 2.06998e-15
 6034.9308 2.06015e-15
 6037.9386 2.04719e-15
 6040.9464 2.03467e-15
 6043.9543 2.04290e-15
 6046.9621 1.99444e-15
 6049.9699 1.99255e-15
 6052.9777 1.98454e-15
 6055.9855 1.97319e-15
 6058.9933 1.89952e-15
 6062.0011 1.81054e-15
 6065.0089 1.70463e-15
 6068.0167 1.62804e-15
 6071.0245 1.54020e-15
 6074.0323 1.42740e-15
 6077.0402 1.33718e-15
 6080.0480 1.28085e-15
 6083.0558 1.19018e-15
 6086.0636 1.08065e-15
 6089.0714 1.03747e-15
 6092.0792 1.00096e-15
 6095.0870 9.39148e-16
 6098.0948 8.87097e-16
 6101.1026 8.52918e-16
 6104.1104 8.23431e-16
 6107.1183 7.69716e-16
 6110.1261 7.44021e-16
 6113.1339 7.26434e-16
 6116.1417 6.98290e-16
 6119.1495 6.90257e-16
 6122.1573 6.67736e-16
 6125.1651 6.64620e-16
 6128.1729 6.71935e-16
 6131.1807 6.64471e-16
 6134.1885 6.50521e-16
 6137.1964 6.55148e-16
 6140.2042 6.72841e-16
 6143.2120 6.80832e-16
 6146.2198 6.84400e-16
 6149.2276 6.94489e-16
 6152.2354 7.05837e-16
 6155.2432 7.19054e-16
 6158.2510 7.45395e-16
 6161.2588 7.56686e-16
 6164.2666 7.85047e-16
 6167.2745 8.19776e-16
 6170.2823 8.37892e-16
 6173.2901 8.54109e-16
 6176.2979 9.04146e-16
 6179.3057 9.29428e-16
 6182.3135 9.53361e-16
 6185.3213 9.81098e-16
 6188.3291 9.95640e-16
 6191.3369 1.02859e-15
 6194.3447 1.08082e-15
 6197.3525 1.10226e-15
 6200.3604 1.10561e-15
 6203.3682 1.13385e-15
 6206.3760 1.12663e-15
 6209.3838 1.13127e-15
 6212.3916 1.16571e-15
 6215.3994 1.20804e-15
 6218.4072 1.26654e-15
 6221.4150 1.34775e-15
 6224.4228 1.40417e-15
 6227.4306 1.45861e-15
 6230.4385 1.50544e-15
 6233.4463 1.57153e-15
 6236.4541 1.56632e-15
 6239.4619 1.58766e-15
 6242.4697 1.62027e-15
 6245.4775 1.65488e-15
 6248.4853 1.67785e-15
 6251.4931 1.72509e-15
 6254.5009 1.77028e-15
 6257.5087 1.76695e-15
 6260.5165 1.78273e-15
 6263.5244 1.81168e-15
 6266.5322 1.83660e-15
 6269.5400 1.85394e-15
 6272.5478 1.86018e-15
 6275.5556 1.88009e-15
 6278.5634 1.89598e-15
 6281.5712 1.90128e-15
 6284.5790 1.93745e-15
 6287.5868 1.96334e-15
 6290.5947 1.94962e-15
 6293.6025 1.95892e-15
 6296.6103 1.97314e-15
 6299.6181 1.99005e-15
 6302.6259 1.99460e-15
 6305.6337 2.01568e-15
 6308.6415 2.03334e-15
 6311.6493 2.05253e-15
 6314.6571 2.03869e-15
 6317.6649 2.03217e-15
 6320.6727 2.07701e-15
 6323.6806 2.05932e-15
 6326.6884 2.05004e-15
 6329.6962 2.06264e-15
 6332.7040 2.09362e-15
 6335.7118 2.06233e-15
 6338.7196 2.09078e-15
 6341.7274 2.05570e-15
 6344.7352 2.05734e-15
 6347.7430 2.05206e-15
 6350.7508 2.07004e-15
 6353.7587 2.01889e-15
 6356.7665 2.05806e-15
 6359.7743 2.03722e-15
 6362.7821 2.02918e-15
 6365.7899 1.99851e-15
 6368.7977 2.02512e-15
 6371.8055 2.00869e-15
 6374.8133 1.99987e-15
 6377.8211 2.00120e-15
 6380.8289 1.99509e-15
 6383.8367 1.98614e-15
 6386.8446 1.98540e-15
 6389.8524 1.97468e-15
 6392.8602 1.95575e-15
 6395.8680 1.94997e-15
 6398.8758 1.95166e-15
 6401.8836 1.92791e-15
 6404.8914 1.92074e-15
 6407.8992 1.90313e-15
 6410.9070 1.93004e-15
 6413.9148 1.91260e-15
 6416.9227 1.93782e-15
 6419.9305 1.90417e-15
 6422.9383 1.90293e-15
 6425.9461 1.90473e-15
 6428.9539 1.92703e-15
 6431.9617 1.95703e-15
 6434.9695 1.93048e-15
 6437.9773 1.90922e-15
 6440.9851 1.87762e-15
 6443.9929 1.81577e-15
 6447.0008 1.84474e-15
 6450.0086 1.86021e-15
 6453.0164 1.85826e-15
 6456.0242 1.85335e-15
 6459.0320 1.82938e-15
 6462.0398 1.82541e-15
 6465.0476 1.84581e-15
 6468.0554 1.81724e-15
 6471.0632 1.78887e-15
 6474.0710 1.79564e-15
 6477.0789 1.80251e-15
 6480.0867 1.79552e-15
 6483.0945 1.79212e-15
 6486.1023 1.79819e-15
 6489.1101 1.80845e-15
 6492.1179 1.78310e-15
 6495.1257 1.78543e-15
 6498.1335 1.75188e-15
 6501.1413 1.75933e-15
 6504.1491 1.76754e-15
 6507.1569 1.77722e-15
 6510.1648 1.77504e-15
 6513.1726 1.74010e-15
 6516.1804 1.72787e-15
 6519.1882 1.75097e-15
 6522.1960 1.70799e-15
 6525.2038 1.69041e-15
 6528.2116 1.69753e-15
 6531.2194 1.71218e-15
 6534.2272 1.70190e-15
 6537.2350 1.68304e-15
 6540.2429 1.64364e-15
 6543.2507 1.65511e-15
 6546.2585 1.65309e-15
 6549.2663 1.66662e-15
 6552.2741 1.66862e-15
 6555.2819 1.64112e-15
 6558.2897 1.65638e-15
 6561.2975 1.63327e-15
 6564.3053 1.62569e-15
 6567.3131 1.60055e-15
 6570.3209 1.60240e-15
 6573.3288 1.59445e-15
 6576.3366 1.58609e-15
 6579.3444 1.57102e-15
 6582.3522 1.57836e-15
 6585.3600 1.59768e-15
 6588.3678 1.56389e-15
 6591.3756 1.56490e-15
 6594.3834 1.57099e-15
 6597.3912 1.52682e-15
 6600.3990 1.53217e-15
 6603.4069 1.56779e-15
 6606.4147 1.54502e-15
 6609.4225 1.51088e-15
 6612.4303 1.49222e-15
 6615.4381 1.50858e-15
 6618.4459 1.49739e-15
 6621.4537 1.49699e-15
 6624.4615 1.45732e-15
 6627.4693 1.44621e-15
 6630.4771 1.45041e-15
 6633.4850 1.44544e-15
 6636.4928 1.43309e-15
 6639.5006 1.44377e-15
 6642.5084 1.42001e-15
 6645.5162 1.42267e-15
 6648.5240 1.40257e-15
 6651.5318 1.38710e-15
 6654.5396 1.38219e-15
 6657.5474 1.36214e-15
 6660.5552 1.33579e-15
 6663.5631 1.35509e-15
 6666.5709 1.36626e-15
 6669.5787 1.35789e-15
 6672.5865 1.33143e-15
 6675.5943 1.33490e-15
 6678.6021 1.33512e-15
 6681.6099 1.28878e-15
 6684.6177 1.29752e-15
 6687.6255 1.30748e-15
 6690.6333 1.29076e-15
 6693.6411 1.26982e-15
 6696.6490 1.25853e-15
 6699.6568 1.27156e-15
 6702.6646 1.26647e-15
 6705.6724 1.26111e-15
 6708.6802 1.29082e-15
 6711.6880 1.27096e-15
 6714.6958 1.28611e-15
 6717.7036 1.25223e-15
 6720.7114 1.22924e-15
 6723.7192 1.24498e-15
 6726.7271 1.24521e-15
 6729.7349 1.24611e-15
 6732.7427 1.22116e-15
 6735.7505 1.21264e-15
 6738.7583 1.22365e-15
 6741.7661 1.24205e-15
 6744.7739 1.22790e-15
 6747.7817 1.19929e-15
 6750.7895 1.18912e-15
 6753.7973 1.17663e-15
 6756.8051 1.16016e-15
 6759.8130 1.15692e-15
 6762.8208 1.12508e-15
 6765.8286 1.14508e-15
 6768.8364 1.14028e-15
 6771.8442 1.11803e-15
 6774.8520 1.12719e-15
 6777.8598 1.13268e-15
 6780.8676 1.10974e-15
 6783.8754 1.11135e-15
 6786.8833 1.09531e-15
 6789.8911 9.92617e-16
 6792.8989 9.25460e-16
 6795.9067 1.01128e-15
 6798.9145 1.07455e-15
 6801.9223 1.12024e-15
 6804.9301 1.10087e-15
 6807.9379 1.05237e-15
 6810.9457 1.02945e-15
 6813.9535 1.05035e-15
 6816.9613 1.06878e-15
 6819.9692 1.06019e-15
 6822.9770 1.04894e-15
 6825.9848 1.06209e-15
 6828.9926 1.06923e-15
 6832.0004 1.08914e-15
 6835.0082 1.08555e-15
 6838.0160 1.07074e-15
 6841.0238 1.06611e-15
 6844.0316 1.05788e-15
 6847.0394 1.07347e-15
 6850.0473 1.05904e-15
 6853.0551 1.04502e-15
 6856.0629 1.05137e-15
 6859.0707 1.05088e-15
 6862.0785 1.01807e-15
 6865.0863 1.02085e-15
 6868.0941 1.03280e-15
 6871.1019 1.02749e-15
 6874.1097 1.04340e-15
 6877.1175 1.01862e-15
 6880.1253 9.97976e-16
 6883.1332 1.01725e-15
 6886.1410 1.03668e-15
 6889.1488 1.03160e-15
 6892.1566 1.02037e-15
 6895.1644 1.01446e-15
 6898.1722 1.00080e-15
 6901.1800 9.94754e-16
 6904.1878 9.88043e-16
 6907.1956 9.78806e-16
 6910.2034 9.65392e-16
 6913.2113 9.58696e-16
 6916.2191 9.81737e-16
 6919.2269 9.66464e-16
 6922.2347 9.46553e-16
 6925.2425 9.38410e-16
 6928.2503 9.53903e-16
 6931.2581 9.64240e-16
 6934.2659 9.44304e-16
 6937.2737 9.48862e-16
 6940.2815 9.34312e-16
 6943.2894 9.36079e-16
 6946.2972 9.43004e-16
 6949.3050 9.47424e-16
 6952.3128 9.45217e-16
 6955.3206 9.48749e-16
 6958.3284 9.26569e-16
 6961.3362 9.13067e-16
 6964.3440 9.16228e-16
 6967.3518 9.37422e-16
 6970.3596 9.33441e-16
 6973.3675 9.08096e-16
 6976.3753 9.16509e-16
 6979.3831 9.06553e-16
 6982.3909 8.98143e-16
 6985.3987 9.07998e-16
 6988.4065 9.16203e-16
 6991.4143 9.23571e-16
 6994.4221 8.94316e-16
 6997.4299 8.79004e-16
 7000.4377 9.03117e-16
 7003.4455 8.95137e-16
 7006.4534 8.90882e-16
 7009.4612 9.04537e-16
 7012.4690 8.99866e-16
 7015.4768 8.85652e-16
 7018.4846 8.68500e-16
 7021.4924 8.74726e-16
 7024.5002 8.89715e-16
 7027.5080 8.64409e-16
 7030.5158 8.54987e-16
 7033.5236 8.55675e-16
 7036.5315 8.55803e-16
 7039.5393 8.61532e-16
 7042.5471 8.44919e-16
 7045.5549 8.41420e-16
 7048.5627 8.50730e-16
 7051.5705 8.55547e-16
 7054.5783 8.78650e-16
 7057.5861 8.53303e-16
 7060.5939 8.32717e-16
 7063.6017 8.38547e-16
 7066.6095 8.48882e-16
 7069.6174 8.37940e-16
 7072.6252 8.50429e-16
 7075.6330 8.46722e-16
 7078.6408 8.37444e-16
 7081.6486 8.15988e-16
 7084.6564 7.97838e-16
 7087.6642 8.06250e-16
 7090.6720 7.85522e-16
 7093.6798 7.74708e-16
 7096.6876 7.87824e-16
 7099.6955 8.03348e-16
 7102.7033 7.90382e-16
 7105.7111 7.79077e-16
 7108.7189 8.27918e-16
 7111.7267 8.05081e-16
 7114.7345 8.07421e-16
 7117.7423 7.89229e-16
 7120.7501 7.61266e-16
 7123.7579 7.95096e-16
 7126.7657 8.18972e-16
 7129.7736 8.42199e-16
 7132.7814 8.44170e-16
 7135.7892 8.33869e-16
 7138.7970 8.62565e-16
 7141.8048 8.40647e-16
 7144.8126 8.15930e-16
 7147.8204 8.04992e-16
 7150.8282 7.38147e-16
 7153.8360 7.61357e-16
 7156.8438 8.24087e-16
 7159.8517 7.86110e-16
 7162.8595 7.75630e-16
 7165.8673 8.04111e-16
 7168.8751 7.54120e-16
 7171.8829 7.62260e-16
 7174.8907 8.20547e-16
 7177.8985 7.93772e-16
 7180.9063 7.68984e-16
 7183.9141 7.77482e-16
 7186.9219 8.13381e-16
 7189.9297 7.74164e-16
 7192.9376 7.24852e-16
 7195.9454 7.36460e-16
 7198.9532 8.10758e-16
 7201.9610 8.25590e-16
 7204.9688 7.61281e-16
 7207.9766 7.33495e-16
 7210.9844 7.57305e-16
 7213.9922 7.66717e-16
 7217.0000 7.75552e-16
 7220.0078 7.43478e-16
 7223.0157 7.47039e-16
 7226.0235 7.87343e-16
 7229.0313 7.58243e-16
 7232.0391 7.69140e-16
 7235.0469 7.41228e-16
 7238.0547 7.69464e-16
 7241.0625 8.03907e-16
 7244.0703 7.80687e-16
 7247.0781 7.77564e-16
 7250.0859 7.76170e-16
 7253.0937 7.65913e-16
 7256.1016 7.88505e-16
 7259.1094 7.73610e-16
 7262.1172 7.52233e-16
 7265.1250 7.53781e-16
 7268.1328 7.52997e-16
 7271.1406 7.43045e-16
 7274.1484 7.49404e-16
 7277.1562 7.40999e-16
 7280.1640 7.39940e-16
 7283.1719 7.56765e-16
 7286.1797 7.55859e-16
 7289.1875 7.18397e-16
 7292.1953 7.38327e-16
 7295.2031 7.41383e-16
 7298.2109 7.23555e-16
 7301.2187 7.32456e-16
 7304.2265 7.34451e-16
 7307.2343 7.33373e-16
 7310.2421 7.29061e-16
 7313.2499 7.31503e-16
 7316.2578 7.12637e-16
 7319.2656 7.18406e-16
 7322.2734 7.13927e-16
 7325.2812 6.99753e-16
 7328.2890 6.86416e-16
 7331.2968 6.89766e-16
 7334.3046 6.87845e-16
 7337.3124 6.74133e-16
 7340.3202 6.47999e-16
 7343.3280 6.62368e-16
 7346.3359 6.41972e-16
 7349.3437 6.53895e-16
 7352.3515 6.35315e-16
 7355.3593 6.30294e-16
 7358.3671 6.21404e-16
 7361.3749 6.37254e-16
 7364.3827 6.41906e-16
 7367.3905 6.11945e-16
 7370.3983 6.14845e-16
 7373.4061 6.24116e-16
 7376.4139 6.11194e-16
 7379.4218 6.13116e-16
 7382.4296 6.06344e-16
 7385.4374 6.00111e-16
 7388.4452 6.20128e-16
 7391.4530 6.05404e-16
 7394.4608 5.88692e-16
 7397.4686 6.02455e-16
 7400.4764 6.16912e-16
 7403.4842 5.96415e-16
 7406.4920 6.05891e-16
 7409.4999 6.05217e-16
 7412.5077 5.82728e-16
 7415.5155 5.89917e-16
 7418.5233 6.04301e-16
 7421.5311 5.83104e-16
 7424.5389 5.78525e-16
 7427.5467 5.77451e-16
 7430.5545 5.69420e-16
 7433.5623 5.60222e-16
 7436.5702 5.31818e-16
 7439.5780 5.26268e-16
 7442.5858 5.12656e-16
 7445.5936 4.87817e-16
 7448.6014 4.73223e-16
 7451.6092 4.80232e-16
 7454.6170 4.70867e-16
 7457.6248 4.42358e-16
 7460.6326 4.29202e-16
 7463.6404 4.11076e-16
 7466.6482 4.03584e-16
 7469.6561 4.14071e-16
 7472.6639 4.17655e-16
 7475.6717 4.14482e-16
 7478.6795 4.17045e-16
 7481.6873 4.20502e-16
 7484.6951 4.10281e-16
 7487.7029 4.09507e-16
 7490.7107 4.27393e-16
 7493.7185 4.41350e-16
 7496.7263 4.35731e-16
 7499.7342 4.29157e-16
 7502.7420 4.43550e-16
 7505.7498 4.39893e-16
 7508.7576 3.88492e-16
 7511.7654 3.12689e-16
 7514.7732 2.73848e-16
 7517.7810 2.69520e-16
 7520.7888 2.95228e-16
 7523.7966 3.56827e-16
 7526.8044 3.89769e-16
 7529.8122 4.80119e-16
 7532.8201 5.07029e-16
 7535.8279 4.29635e-16
 7538.8357 3.81060e-16
 7541.8435 3.89552e-16
 7544.8513 4.17622e-16
 7547.8591 4.22571e-16
 7550.8669 4.18157e-16
 7553.8747 4.62723e-16
 7556.8825 4.68754e-16
 7559.8903 4.85042e-16
 7562.8982 5.11613e-16
 7565.9060 4.94505e-16
 7568.9138 5.10429e-16
 7571.9216 5.40724e-16
 7574.9294 5.21036e-16
 7577.9372 5.41158e-16
 7580.9450 5.41360e-16
 7583.9528 5.50455e-16
 7586.9606 5.91774e-16
 7589.9684 5.89175e-16
 7592.9763 5.79207e-16
 7595.9841 5.89627e-16
 7598.9919 5.81344e-16
 7601.9997 5.84801e-16
 7605.0075 5.86443e-16
 7608.0153 5.99252e-16
 7611.0231 6.17525e-16
 7614.0309 6.08043e-16
 7617.0387 6.04333e-16
 7620.0465 6.10428e-16
 7623.0544 6.15001e-16
 7626.0622 6.31199e-16
 7629.0700 6.27649e-16
 7632.0778 6.16675e-16
 7635.0856 6.15201e-16
 7638.0934 6.28597e-16
 7641.1012 6.19484e-16
 7644.1090 6.26777e-16
 7647.1168 6.34991e-16
 7650.1246 6.46195e-16
 7653.1324 6.32906e-16
 7656.1403 6.41194e-16
 7659.1481 6.45121e-16
 7662.1559 6.26841e-16
 7665.1637 6.50894e-16
 7668.1715 6.44710e-16
 7671.1793 6.42971e-16
 7674.1871 6.44013e-16
 7677.1949 6.46075e-16
 7680.2027 6.43663e-16
 7683.2105 6.48478e-16
 7686.2184 6.55758e-16
 7689.2262 6.53542e-16
 7692.2340 6.69373e-16
 7695.2418 6.57078e-16
 7698.2496 6.51683e-16
 7701.2574 6.59013e-16
 7704.2652 6.40811e-16
 7707.2730 6.64101e-16
 7710.2808 6.68850e-16
 7713.2886 6.70553e-16
 7716.2964 6.64984e-16
 7719.3043 6.71407e-16
 7722.3121 6.80342e-16
 7725.3199 6.82093e-16
 7728.3277 6.78982e-16
 7731.3355 6.46531e-16
 7734.3433 6.69543e-16
 7737.3511 6.70828e-16
 7740.3589 6.72931e-16
 7743.3667 7.04204e-16
 7746.3745 7.04918e-16
 7749.3824 6.96344e-16
 7752.3902 6.89596e-16
 7755.3980 7.04301e-16
 7758.4058 6.98602e-16
 7761.4136 7.11713e-16
 7764.4214 7.06638e-16
 7767.4292 7.06398e-16
 7770.4370 7.27976e-16
 7773.4448 7.20503e-16
 7776.4526 7.19796e-16
 7779.4605 7.23485e-16
 7782.4683 7.24682e-16
 7785.4761 7.34281e-16
 7788.4839 7.08406e-16
 7791.4917 7.18331e-16
 7794.4995 7.24443e-16
 7797.5073 7.22823e-16
 7800.5151 7.40802e-16
 7803.5229 7.18427e-16
 7806.5307 7.06278e-16
 7809.5386 7.31379e-16
 7812.5464 7.32309e-16
 7815.5542 7.36899e-16
 7818.5620 7.53101e-16
 7821.5698 7.52493e-16
 7824.5776 7.52801e-16
 7827.5854 7.60066e-16
 7830.5932 7.37415e-16
 7833.6010 7.49701e-16
 7836.6088 7.32709e-16
 7839.6166 7.21679e-16
 7842.6245 7.23110e-16
 7845.6323 7.36398e-16
 7848.6401 7.54184e-16
 7851.6479 7.41390e-16
 7854.6557 7.27532e-16
 7857.6635 7.35440e-16
 7860.6713 7.43907e-16
 7863.6791 7.52310e-16
 7866.6869 7.55707e-16
 7869.6947 7.29672e-16
 7872.7026 7.09450e-16
 7875.7104 7.31601e-16
 7878.7182 7.48262e-16
 7881.7260 7.20503e-16
 7884.7338 7.43018e-16
 7887.7416 7.34342e-16
 7890.7494 7.06039e-16
 7893.7572 7.21647e-16
 7896.7650 7.23410e-16
 7899.7728 7.20930e-16
 7902.7806 7.13065e-16
 7905.7885 7.14042e-16
 7908.7963 7.13700e-16
 7911.8041 7.07437e-16
 7914.8119 7.18549e-16
 7917.8197 7.45603e-16
 7920.8275 7.28363e-16
 7923.8353 7.26306e-16
 7926.8431 7.18424e-16
 7929.8509 7.20273e-16
 7932.8588 7.06596e-16
 7935.8666 7.08902e-16
 7938.8744 6.81146e-16
 7941.8822 6.77999e-16
 7944.8900 6.79478e-16
 7947.8978 6.97688e-16
 7950.9056 7.07468e-16
 7953.9134 7.16023e-16
 7956.9212 7.08559e-16
 7959.9290 7.20338e-16
 7962.9368 6.95803e-16
 7965.9447 6.79896e-16
 7968.9525 6.85508e-16
 7971.9603 7.01427e-16
 7974.9681 6.88670e-16
 7977.9759 7.04361e-16
 7980.9837 7.03974e-16
 7983.9915 6.92641e-16
 7986.9993 6.63792e-16
 7990.0071 6.78527e-16
 7993.0149 6.78658e-16
 7996.0228 6.77434e-16
 7999.0306 6.72843e-16
 8002.0384 6.69317e-16
 8005.0462 6.57222e-16
 8008.0540 6.61490e-16
 8011.0618 6.76038e-16
 8014.0696 6.62628e-16
 8017.0774 6.46303e-16
 8020.0852 6.32212e-16
 8023.0930 6.55890e-16
 8026.1008 6.49590e-16
 8029.1087 6.38653e-16
 8032.1165 6.38443e-16
 8035.1243 6.18758e-16
 8038.1321 6.07546e-16
 8041.1399 5.82896e-16
 8044.1477 5.96958e-16
 8047.1555 6.27111e-16
 8050.1633 5.96898e-16
 8053.1711 5.96025e-16
 8056.1789 5.82066e-16
 8059.1868 5.64794e-16
 8062.1946 5.71858e-16
 8065.2024 5.95465e-16
 8068.2102 5.90963e-16
 8071.2180 5.55573e-16
 8074.2258 5.91790e-16
 8077.2336 5.89462e-16
 8080.2414 6.08621e-16
 8083.2492 6.14211e-16
 8086.2570 5.37211e-16
 8089.2649 5.93205e-16
 8092.2727 5.96412e-16
 8095.2805 5.56377e-16
 8098.2883 5.53408e-16
 8101.2961 5.80194e-16
 8104.3039 5.58335e-16
 8107.3117 5.41769e-16
 8110.3195 5.62213e-16
 8113.3273 5.90244e-16
 8116.3351 5.69216e-16
 8119.3430 5.43824e-16
 8122.3508 5.62088e-16
 8125.3586 5.43711e-16
 8128.3664 5.42635e-16
 8131.3742 4.96674e-16
 8134.3820 4.67049e-16
 8137.3898 4.60457e-16
 8140.3976 5.57287e-16
 8143.4054 5.20866e-16
 8146.4132 4.95237e-16
 8149.4210 4.89457e-16
 8152.4289 4.65098e-16
 8155.4367 4.63584e-16
 8158.4445 4.62211e-16
 8161.4523 4.30491e-16
 8164.4601 4.16010e-16
 8167.4679 4.24850e-16
 8170.4757 4.04267e-16
 8173.4835 4.02341e-16
 8176.4913 3.95343e-16
 8179.4991 3.52340e-16
 8182.5070 3.31410e-16
 8185.5148 3.44210e-16
 8188.5226 3.49715e-16
 8191.5304 3.48532e-16
 8194.5382 3.10182e-16
 8197.5460 3.11229e-16
 8200.5538 3.11247e-16
 8203.5616 3.16590e-16
 8206.5694 3.29275e-16
 8209.5772 3.10648e-16
 8212.5850 3.21749e-16
 8215.5929 3.23726e-16
 8218.6007 3.15823e-16
 8221.6085 3.01578e-16
 8224.6163 2.96753e-16
 8227.6241 3.03493e-16
 8230.6319 3.09423e-16
 8233.6397 3.01429e-16
 8236.6475 3.07881e-16
 8239.6553 2.96451e-16
 8242.6632 3.08833e-16
 8245.6710 3.21323e-16
 8248.6788 3.19534e-16
 8251.6866 3.18257e-16
 8254.6944 3.30247e-16
 8257.7022 3.31544e-16
 8260.7100 3.27732e-16
 8263.7178 3.27847e-16
 8266.7256 3.41434e-16
 8269.7334 3.47242e-16
 8272.7412 3.53516e-16
 8275.7491 3.51394e-16
 8278.7569 3.45485e-16
 8281.7647 3.38706e-16
 8284.7725 3.48488e-16
 8287.7803 3.53186e-16
 8290.7881 3.46098e-16
 8293.7959 3.37424e-16
 8296.8037 3.44031e-16
 8299.8115 3.67447e-16
 8302.8193 3.48569e-16
 8305.8272 3.63085e-16
 8308.8350 3.58135e-16
 8311.8428 3.36778e-16
 8314.8506 3.47768e-16
 8317.8584 3.50188e-16
 8320.8662 3.35592e-16
 8323.8740 3.25273e-16
 8326.8818 3.58814e-16
 8329.8896 3.64013e-16
 8332.8974 3.51873e-16
 8335.9052 3.22840e-16
 8338.9131 3.48289e-16
 8341.9209 3.44931e-16
 8344.9287 3.55697e-16
 8347.9365 3.67072e-16
 8350.9443 3.58680e-16
 8353.9521 3.63717e-16
 8356.9599 3.53389e-16
 8359.9677 3.80655e-16
 8362.9755 4.14137e-16
 8365.9833 3.94301e-16
 8368.9912 3.99309e-16
 8371.9990 4.05517e-16
 8375.0068 3.93761e-16
 8378.0146 4.19434e-16
 8381.0224 4.28811e-16
 8384.0302 4.23785e-16
 8387.0380 4.09687e-16
 8390.0458 4.18837e-16
 8393.0536 4.29612e-16
 8396.0614 4.57040e-16
 8399.0692 4.44411e-16
 8402.0771 4.60750e-16
 8405.0849 5.02122e-16
 8408.0927 4.87037e-16
 8411.1005 4.90528e-16
 8414.1083 5.21735e-16
 8417.1161 5.61156e-16
 8420.1239 5.60630e-16
 8423.1317 5.66666e-16
 8426.1395 5.74420e-16
 8429.1474 5.71728e-16
 8432.1552 5.76085e-16
 8435.1630 5.77199e-16
 8438.1708 5.90334e-16
 8441.1786 6.15837e-16
 8444.1864 6.23859e-16
 8447.1942 6.20771e-16
 8450.2020 6.43853e-16
 8453.2098 6.77845e-16
 8456.2176 6.82409e-16
 8459.2254 6.78566e-16
 8462.2333 7.02452e-16
 8465.2411 6.81085e-16
 8468.2489 6.83413e-16
 8471.2567 6.89228e-16
 8474.2645 6.50067e-16
 8477.2723 6.96605e-16
 8480.2801 6.87857e-16
 8483.2879 7.09574e-16
 8486.2957 7.16758e-16
 8489.3035 7.29343e-16
 8492.3114 7.34841e-16
 8495.3192 7.16582e-16
 8498.3270 7.45759e-16
 8501.3348 7.74018e-16
 8504.3426 7.67215e-16
 8507.3504 7.66156e-16
 8510.3582 7.83725e-16
 8513.3660 7.96311e-16
 8516.3738 8.04230e-16
 8519.3816 8.06037e-16
 8522.3894 7.84318e-16
 8525.3973 7.82433e-16
 8528.4051 7.76929e-16
 8531.4129 7.71579e-16
 8534.4207 7.83776e-16
 8537.4285 8.22350e-16
 8540.4363 8.13953e-16
 8543.4441 8.41507e-16
 8546.4519 8.06645e-16
 8549.4597 8.29863e-16
 8552.4675 8.29264e-16
 8555.4754 8.16687e-16
 8558.4832 8.19817e-16
 8561.4910 7.92182e-16
 8564.4988 7.93569e-16
 8567.5066 8.17199e-16
 8570.5144 7.88782e-16
 8573.5222 7.90717e-16
 8576.5300 8.13282e-16
 8579.5378 8.48066e-16
 8582.5456 8.62144e-16
 8585.5535 8.34882e-16
 8588.5613 7.97287e-16
 8591.5691 8.04193e-16
 8594.5769 8.15710e-16
 8597.5847 8.48345e-16
 8600.5925 8.63250e-16
 8603.6003 8.63076e-16
 8606.6081 8.12114e-16
 8609.6159 8.29605e-16
 8612.6237 8.27645e-16
 8615.6316 8.19424e-16
 8618.6394 8.07795e-16
 8621.6472 7.89247e-16
 8624.6550 7.87750e-16
 8627.6628 8.33457e-16
 8630.6706 8.59087e-16
 8633.6784 8.55189e-16
 8636.6862 8.50316e-16
 8639.6940 8.40329e-16
 8642.7018 7.94652e-16
 8645.7096 7.81717e-16
 8648.7175 8.34318e-16
 8651.7253 8.28051e-16
 8654.7331 8.39253e-16
 8657.7409 8.18238e-16
 8660.7487 8.41940e-16
 8663.7565 8.33528e-16
 8666.7643 8.31688e-16
 8669.7721 8.05154e-16
 8672.7799 8.04293e-16
 8675.7877 8.29632e-16
 8678.7956 8.02695e-16
 8681.8034 8.27064e-16
 8684.8112 8.43893e-16
 8687.8190 8.07716e-16
 8690.8268 8.01667e-16
 8693.8346 8.15506e-16
 8696.8424 8.02151e-16
 8699.8502 8.03462e-16
 8702.8580 8.01985e-16
 8705.8658 8.17047e-16
 8708.8736 7.96662e-16
 8711.8815 8.09436e-16
 8714.8893 8.11152e-16
 8717.8971 8.01203e-16
 8720.9049 7.96986e-16
 8723.9127 8.02356e-16
 8726.9205 8.02537e-16
 8729.9283 7.67295e-16
 8732.9361 7.56727e-16
 8735.9439 7.43816e-16
 8738.9518 7.38980e-16
 8741.9596 7.71968e-16
 8744.9674 7.15235e-16
 8747.9752 7.45200e-16
 8750.9830 8.07847e-16
 8753.9908 7.92193e-16
 8756.9986 7.51039e-16
 8760.0064 7.41374e-16
 8763.0142 7.75490e-16
 8766.0220 7.56517e-16
 8769.0298 7.45402e-16
 8772.0377 7.41631e-16
 8775.0455 7.20039e-16
 8778.0533 7.17461e-16
 8781.0611 7.50821e-16
 8784.0689 7.45985e-16
 8787.0767 7.02190e-16
 8790.0845 7.39647e-16
 8793.0923 7.00669e-16
 8796.1001 7.19890e-16
 8799.1079 7.32749e-16
 8802.1158 7.73755e-16
 8805.1236 7.45465e-16
 8808.1314 6.96757e-16
 8811.1392 6.87589e-16
 8814.1470 6.82023e-16
 8817.1548 6.36624e-16
 8820.1626 6.94955e-16
 8823.1704 6.66567e-16
 8826.1782 5.91181e-16
 8829.1860 6.12368e-16
 8832.1938 5.96577e-16
 8835.2017 5.85344e-16
 8838.2095 6.19571e-16
 8841.2173 5.63206e-16
 8844.2251 5.55771e-16
 8847.2329 5.54291e-16
 8850.2407 5.51578e-16
 8853.2485 5.44451e-16
 8856.2563 5.51172e-16
 8859.2641 5.20098e-16
 8862.2719 4.65577e-16
 8865.2798 5.23065e-16
 8868.2876 5.11981e-16
 8871.2954 4.69683e-16
 8874.3032 4.88910e-16
 8877.3110 4.54957e-16
 8880.3188 4.38698e-16
 8883.3266 4.60384e-16
 8886.3344 4.11270e-16
 8889.3422 4.00715e-16
 8892.3500 4.68411e-16
 8895.3579 4.74914e-16
 8898.3657 4.26462e-16
 8901.3735 4.22073e-16
 8904.3813 4.67396e-16
 8907.3891 4.32523e-16
 8910.3969 4.52899e-16
 8913.4047 4.40178e-16
 8916.4125 3.91919e-16
 8919.4203 4.31579e-16
 8922.4281 3.96462e-16
 8925.4360 4.12812e-16
 8928.4438 4.51991e-16
 8931.4516 4.51383e-16
 8934.4594 4.43879e-16
 8937.4672 4.42114e-16
 8940.4750 4.05873e-16
 8943.4828 4.30032e-16
 8946.4906 4.67093e-16
 8949.4984 4.26203e-16
 8952.5062 4.61340e-16
 8955.5140 4.35242e-16
 8958.5219 3.85048e-16
 8961.5297 4.05022e-16
 8964.5375 4.49117e-16
 8967.5453 3.78088e-16
 8970.5531 4.16314e-16
 8973.5609 4.39706e-16
 8976.5687 4.07667e-16
 8979.5765 4.00132e-16
 8982.5843 4.23413e-16
 8985.5921 4.13620e-16
 8988.6000 4.15637e-16
 8991.6078 4.29116e-16
 8994.6156 4.15245e-16
 8997.6234 4.13553e-16
 9000.6312 4.00989e-16
 9003.6390 3.86563e-16
 9006.6468 4.15633e-16
 9009.6546 4.49444e-16
 9012.6624 3.93297e-16
 9015.6702 4.05509e-16
 9018.6780 4.14512e-16
 9021.6859 4.15924e-16
 9024.6937 4.11603e-16
 9027.7015 4.12835e-16
 9030.7093 4.10011e-16
 9033.7171 4.09434e-16
 9036.7249 4.59215e-16
 9039.7327 4.27350e-16
 9042.7405 4.26377e-16
 9045.7483 4.11410e-16
 9048.7561 3.84023e-16
 9051.7640 3.80009e-16
 9054.7718 4.14761e-16
 9057.7796 4.05452e-16
 9060.7874 4.17013e-16
 9063.7952 4.17347e-16
 9066.8030 3.99694e-16
 9069.8108 3.63743e-16
 9072.8186 3.88413e-16
 9075.8264 4.48061e-16
 9078.8342 3.98467e-16
 9081.8421 4.16942e-16
 9084.8499 4.55135e-16
 9087.8577 4.32480e-16
 9090.8655 3.92192e-16
 9093.8733 4.29306e-16
 9096.8811 4.46213e-16
 9099.8889 4.35028e-16
 9102.8967 4.15745e-16
 9105.9045 3.90515e-16
 9108.9123 3.88645e-16
 9111.9202 3.83439e-16
 9114.9280 3.91359e-16
 9117.9358 4.14009e-16
 9120.9436 4.10439e-16
 9123.9514 4.10845e-16
 9126.9592 4.08245e-16
 9129.9670 4.18585e-16
 9132.9748 3.99181e-16
