#Object:               SN2009ad
#FITS_file:            SN09ad_b01_DUP_WF_23feb09.fits
#Redshift:             0.02840
#JDate_of_max:         2454886.14
#JDate_of_observation: 2454885.59
#Epoch:                -0.53     
#
 3695.0614 1.22901e-15
 3698.0188 1.12596e-15
 3700.9762 1.11813e-15
 3703.9337 1.08423e-15
 3706.8911 1.08939e-15
 3709.8485 1.01388e-15
 3712.8059 9.77127e-16
 3715.7633 9.82852e-16
 3718.7208 9.40455e-16
 3721.6782 9.20947e-16
 3724.6356 9.03923e-16
 3727.5930 8.88446e-16
 3730.5504 9.24661e-16
 3733.5079 8.92922e-16
 3736.4653 9.04312e-16
 3739.4227 9.83287e-16
 3742.3801 1.06405e-15
 3745.3375 1.03337e-15
 3748.2950 1.05447e-15
 3751.2524 1.07676e-15
 3754.2098 1.02809e-15
 3757.1672 9.87746e-16
 3760.1246 9.45768e-16
 3763.0821 1.00694e-15
 3766.0395 9.40026e-16
 3768.9969 1.05453e-15
 3771.9543 9.89988e-16
 3774.9117 1.09145e-15
 3777.8692 1.04698e-15
 3780.8266 9.64907e-16
 3783.7840 1.00532e-15
 3786.7414 1.04125e-15
 3789.6989 9.68246e-16
 3792.6563 9.70159e-16
 3795.6137 1.02488e-15
 3798.5711 9.67531e-16
 3801.5285 9.21131e-16
 3804.4860 9.10355e-16
 3807.4434 1.01447e-15
 3810.4008 9.84656e-16
 3813.3582 9.43293e-16
 3816.3156 9.46905e-16
 3819.2731 1.08270e-15
 3822.2305 1.03156e-15
 3825.1879 1.02993e-15
 3828.1453 1.00330e-15
 3831.1027 1.08005e-15
 3834.0602 1.08199e-15
 3837.0176 1.11919e-15
 3839.9750 1.15224e-15
 3842.9324 1.20663e-15
 3845.8898 1.25273e-15
 3848.8473 1.26789e-15
 3851.8047 1.25857e-15
 3854.7621 1.37028e-15
 3857.7195 1.31723e-15
 3860.6769 1.38915e-15
 3863.6344 1.42672e-15
 3866.5918 1.40685e-15
 3869.5492 1.48519e-15
 3872.5066 1.57032e-15
 3875.4640 1.61112e-15
 3878.4215 1.62718e-15
 3881.3789 1.62411e-15
 3884.3363 1.61981e-15
 3887.2937 1.65947e-15
 3890.2511 1.65918e-15
 3893.2086 1.64451e-15
 3896.1660 1.60076e-15
 3899.1234 1.66277e-15
 3902.0808 1.74420e-15
 3905.0382 1.69920e-15
 3907.9957 1.76526e-15
 3910.9531 1.75684e-15
 3913.9105 1.78335e-15
 3916.8679 1.79398e-15
 3919.8253 1.82786e-15
 3922.7828 1.90594e-15
 3925.7402 1.81598e-15
 3928.6976 1.80730e-15
 3931.6550 1.85123e-15
 3934.6124 1.77968e-15
 3937.5699 1.92088e-15
 3940.5273 1.94313e-15
 3943.4847 1.98344e-15
 3946.4421 1.94168e-15
 3949.3996 1.83121e-15
 3952.3570 1.86232e-15
 3955.3144 1.91193e-15
 3958.2718 1.94413e-15
 3961.2292 1.89597e-15
 3964.1867 1.81506e-15
 3967.1441 1.74651e-15
 3970.1015 1.75945e-15
 3973.0589 1.72037e-15
 3976.0163 1.73724e-15
 3978.9738 1.70546e-15
 3981.9312 1.69453e-15
 3984.8886 1.70799e-15
 3987.8460 1.72449e-15
 3990.8034 1.62902e-15
 3993.7609 1.62808e-15
 3996.7183 1.63002e-15
 3999.6757 1.64480e-15
 4002.6331 1.68760e-15
 4005.5905 1.73036e-15
 4008.5480 1.64785e-15
 4011.5054 1.69299e-15
 4014.4628 1.77804e-15
 4017.4202 1.76339e-15
 4020.3776 1.75023e-15
 4023.3351 1.73767e-15
 4026.2925 1.76476e-15
 4029.2499 1.75492e-15
 4032.2073 1.76963e-15
 4035.1647 1.75602e-15
 4038.1222 1.82559e-15
 4041.0796 1.84619e-15
 4044.0370 1.76418e-15
 4046.9944 1.83410e-15
 4049.9518 1.84759e-15
 4052.9093 1.79526e-15
 4055.8667 1.83791e-15
 4058.8241 1.81561e-15
 4061.7815 1.85180e-15
 4064.7389 1.86852e-15
 4067.6964 1.91871e-15
 4070.6538 1.89166e-15
 4073.6112 1.86172e-15
 4076.5686 1.85645e-15
 4079.5260 1.90969e-15
 4082.4835 1.88325e-15
 4085.4409 1.84469e-15
 4088.3983 1.81699e-15
 4091.3557 1.82128e-15
 4094.3131 1.84593e-15
 4097.2706 1.81612e-15
 4100.2280 1.79122e-15
 4103.1854 1.81323e-15
 4106.1428 1.76010e-15
 4109.1003 1.73044e-15
 4112.0577 1.75845e-15
 4115.0151 1.72234e-15
 4117.9725 1.67634e-15
 4120.9299 1.66489e-15
 4123.8874 1.63966e-15
 4126.8448 1.68490e-15
 4129.8022 1.71147e-15
 4132.7596 1.65678e-15
 4135.7170 1.67243e-15
 4138.6745 1.61818e-15
 4141.6319 1.61536e-15
 4144.5893 1.60571e-15
 4147.5467 1.63925e-15
 4150.5041 1.63822e-15
 4153.4616 1.57637e-15
 4156.4190 1.60462e-15
 4159.3764 1.57955e-15
 4162.3338 1.65901e-15
 4165.2912 1.60788e-15
 4168.2487 1.55659e-15
 4171.2061 1.64475e-15
 4174.1635 1.56047e-15
 4177.1209 1.53724e-15
 4180.0783 1.55497e-15
 4183.0358 1.54622e-15
 4185.9932 1.50059e-15
 4188.9506 1.48959e-15
 4191.9080 1.45542e-15
 4194.8654 1.37859e-15
 4197.8229 1.41223e-15
 4200.7803 1.32397e-15
 4203.7377 1.34129e-15
 4206.6951 1.32696e-15
 4209.6525 1.29972e-15
 4212.6100 1.31054e-15
 4215.5674 1.25716e-15
 4218.5248 1.24586e-15
 4221.4822 1.19730e-15
 4224.4396 1.21581e-15
 4227.3971 1.14409e-15
 4230.3545 1.16599e-15
 4233.3119 1.12155e-15
 4236.2693 1.14224e-15
 4239.2267 1.11749e-15
 4242.1842 1.10072e-15
 4245.1416 1.07494e-15
 4248.0990 1.05615e-15
 4251.0564 1.07173e-15
 4254.0138 1.04955e-15
 4256.9713 1.04441e-15
 4259.9287 1.01326e-15
 4262.8861 1.00067e-15
 4265.8435 9.74501e-16
 4268.8010 1.00146e-15
 4271.7584 9.56483e-16
 4274.7158 9.55450e-16
 4277.6732 9.50087e-16
 4280.6306 9.34620e-16
 4283.5881 9.59166e-16
 4286.5455 9.38668e-16
 4289.5029 9.34567e-16
 4292.4603 9.25690e-16
 4295.4177 9.48420e-16
 4298.3752 9.70936e-16
 4301.3326 9.58216e-16
 4304.2900 9.28898e-16
 4307.2474 9.50222e-16
 4310.2048 9.85726e-16
 4313.1623 9.72174e-16
 4316.1197 1.02267e-15
 4319.0771 1.06218e-15
 4322.0345 1.05230e-15
 4324.9919 1.05682e-15
 4327.9494 1.08143e-15
 4330.9068 1.11359e-15
 4333.8642 1.09066e-15
 4336.8216 1.10415e-15
 4339.7790 1.13694e-15
 4342.7365 1.10298e-15
 4345.6939 1.12526e-15
 4348.6513 1.14309e-15
 4351.6087 1.15861e-15
 4354.5661 1.18950e-15
 4357.5236 1.20213e-15
 4360.4810 1.20332e-15
 4363.4384 1.25259e-15
 4366.3958 1.25763e-15
 4369.3532 1.25191e-15
 4372.3107 1.26318e-15
 4375.2681 1.25617e-15
 4378.2255 1.26325e-15
 4381.1829 1.22571e-15
 4384.1403 1.21518e-15
 4387.0978 1.20563e-15
 4390.0552 1.22410e-15
 4393.0126 1.22214e-15
 4395.9700 1.16553e-15
 4398.9274 1.15196e-15
 4401.8849 1.13355e-15
 4404.8423 1.08852e-15
 4407.7997 1.07452e-15
 4410.7571 1.07043e-15
 4413.7145 1.08362e-15
 4416.6720 1.05210e-15
 4419.6294 1.05655e-15
 4422.5868 1.04875e-15
 4425.5442 1.02060e-15
 4428.5017 1.07414e-15
 4431.4591 1.07633e-15
 4434.4165 1.11199e-15
 4437.3739 1.12175e-15
 4440.3313 1.14879e-15
 4443.2888 1.16307e-15
 4446.2462 1.19077e-15
 4449.2036 1.22420e-15
 4452.1610 1.21009e-15
 4455.1184 1.22256e-15
 4458.0759 1.21753e-15
 4461.0333 1.23222e-15
 4463.9907 1.24979e-15
 4466.9481 1.26809e-15
 4469.9055 1.22591e-15
 4472.8630 1.25818e-15
 4475.8204 1.30458e-15
 4478.7778 1.29551e-15
 4481.7352 1.31327e-15
 4484.6926 1.27510e-15
 4487.6501 1.28530e-15
 4490.6075 1.27652e-15
 4493.5649 1.30879e-15
 4496.5223 1.31773e-15
 4499.4797 1.28690e-15
 4502.4372 1.31021e-15
 4505.3946 1.27663e-15
 4508.3520 1.28428e-15
 4511.3094 1.28232e-15
 4514.2668 1.28913e-15
 4517.2243 1.28814e-15
 4520.1817 1.28751e-15
 4523.1391 1.26832e-15
 4526.0965 1.25671e-15
 4529.0539 1.25766e-15
 4532.0114 1.32186e-15
 4534.9688 1.30301e-15
 4537.9262 1.25347e-15
 4540.8836 1.28628e-15
 4543.8410 1.28912e-15
 4546.7985 1.26342e-15
 4549.7559 1.29359e-15
 4552.7133 1.25755e-15
 4555.6707 1.30056e-15
 4558.6281 1.33005e-15
 4561.5856 1.33540e-15
 4564.5430 1.30930e-15
 4567.5004 1.31038e-15
 4570.4578 1.31104e-15
 4573.4152 1.32140e-15
 4576.3727 1.31906e-15
 4579.3301 1.32576e-15
 4582.2875 1.31796e-15
 4585.2449 1.29985e-15
 4588.2024 1.30907e-15
 4591.1598 1.33389e-15
 4594.1172 1.31148e-15
 4597.0746 1.31092e-15
 4600.0320 1.29401e-15
 4602.9895 1.32302e-15
 4605.9469 1.31426e-15
 4608.9043 1.29103e-15
 4611.8617 1.30075e-15
 4614.8191 1.29876e-15
 4617.7766 1.26375e-15
 4620.7340 1.25883e-15
 4623.6914 1.22545e-15
 4626.6488 1.22276e-15
 4629.6062 1.20746e-15
 4632.5637 1.19444e-15
 4635.5211 1.18689e-15
 4638.4785 1.14173e-15
 4641.4359 1.10711e-15
 4644.3933 1.09434e-15
 4647.3508 1.10553e-15
 4650.3082 1.10626e-15
 4653.2656 1.07576e-15
 4656.2230 1.07598e-15
 4659.1804 1.07999e-15
 4662.1379 1.08353e-15
 4665.0953 1.07050e-15
 4668.0527 1.05067e-15
 4671.0101 1.06697e-15
 4673.9675 1.05288e-15
 4676.9250 1.05622e-15
 4679.8824 1.07109e-15
 4682.8398 1.05888e-15
 4685.7972 1.05974e-15
 4688.7546 1.07362e-15
 4691.7121 1.08557e-15
 4694.6695 1.07833e-15
 4697.6269 1.07546e-15
 4700.5843 1.07040e-15
 4703.5417 1.06534e-15
 4706.4992 1.06618e-15
 4709.4566 1.08828e-15
 4712.4140 1.09146e-15
 4715.3714 1.08008e-15
 4718.3288 1.06153e-15
 4721.2863 1.08111e-15
 4724.2437 1.04924e-15
 4727.2011 1.01654e-15
 4730.1585 1.02660e-15
 4733.1159 1.04144e-15
 4736.0734 9.96329e-16
 4739.0308 1.00438e-15
 4741.9882 1.00276e-15
 4744.9456 1.00252e-15
 4747.9031 9.72394e-16
 4750.8605 9.57047e-16
 4753.8179 9.67050e-16
 4756.7753 9.79328e-16
 4759.7327 9.88590e-16
 4762.6902 9.73934e-16
 4765.6476 9.67163e-16
 4768.6050 9.74124e-16
 4771.5624 9.96537e-16
 4774.5198 9.72738e-16
 4777.4773 1.00329e-15
 4780.4347 1.00571e-15
 4783.3921 1.00440e-15
 4786.3495 9.95706e-16
 4789.3069 1.05319e-15
 4792.2644 1.01397e-15
 4795.2218 9.92500e-16
 4798.1792 1.00669e-15
 4801.1366 1.00993e-15
 4804.0940 1.00849e-15
 4807.0515 9.97437e-16
 4810.0089 9.87324e-16
 4812.9663 9.90646e-16
 4815.9237 1.00945e-15
 4818.8811 9.90040e-16
 4821.8386 9.44560e-16
 4824.7960 9.34806e-16
 4827.7534 9.32434e-16
 4830.7108 9.00696e-16
 4833.6682 8.62877e-16
 4836.6257 8.83573e-16
 4839.5831 8.51593e-16
 4842.5405 8.50882e-16
 4845.4979 8.39270e-16
 4848.4553 8.21643e-16
 4851.4128 8.04970e-16
 4854.3702 8.06161e-16
 4857.3276 8.18466e-16
 4860.2850 8.10896e-16
 4863.2424 8.14079e-16
 4866.1999 8.01686e-16
 4869.1573 7.73253e-16
 4872.1147 7.75661e-16
 4875.0721 7.74704e-16
 4878.0295 7.78891e-16
 4880.9870 7.76982e-16
 4883.9444 8.10862e-16
 4886.9018 7.99101e-16
 4889.8592 7.71327e-16
 4892.8166 7.80308e-16
 4895.7741 7.52461e-16
 4898.7315 7.45693e-16
 4901.6889 7.68941e-16
 4904.6463 7.78599e-16
 4907.6038 7.87788e-16
 4910.5612 7.43446e-16
 4913.5186 7.47840e-16
 4916.4760 7.75666e-16
 4919.4334 7.81357e-16
 4922.3909 7.83182e-16
 4925.3483 7.90134e-16
 4928.3057 7.90122e-16
 4931.2631 8.01734e-16
 4934.2205 7.71378e-16
 4937.1780 7.66054e-16
 4940.1354 7.80003e-16
 4943.0928 7.74032e-16
 4946.0502 7.59976e-16
 4949.0076 7.74089e-16
 4951.9651 7.62966e-16
 4954.9225 7.78910e-16
 4957.8799 7.49499e-16
 4960.8373 7.59920e-16
 4963.7947 7.59515e-16
 4966.7522 7.65521e-16
 4969.7096 7.61537e-16
 4972.6670 7.78773e-16
 4975.6244 7.66168e-16
 4978.5818 7.59124e-16
 4981.5393 7.40305e-16
 4984.4967 7.65244e-16
 4987.4541 7.91248e-16
 4990.4115 8.05674e-16
 4993.3689 7.66490e-16
 4996.3264 7.76531e-16
 4999.2838 8.17614e-16
 5002.2412 8.00836e-16
 5005.1986 8.34098e-16
 5008.1560 8.37427e-16
 5011.1135 8.24288e-16
 5014.0709 8.14579e-16
 5017.0283 8.18577e-16
 5019.9857 8.25668e-16
 5022.9431 8.56365e-16
 5025.9006 8.65005e-16
 5028.8580 8.70054e-16
 5031.8154 8.55299e-16
 5034.7728 8.77906e-16
 5037.7302 8.90765e-16
 5040.6877 9.00986e-16
 5043.6451 8.97424e-16
 5046.6025 8.93866e-16
 5049.5599 8.89235e-16
 5052.5173 8.90719e-16
 5055.4748 8.90687e-16
 5058.4322 9.09739e-16
 5061.3896 9.19779e-16
 5064.3470 9.37636e-16
 5067.3045 9.48844e-16
 5070.2619 9.37726e-16
 5073.2193 9.54773e-16
 5076.1767 9.89295e-16
 5079.1341 9.83358e-16
 5082.0916 9.76678e-16
 5085.0490 9.97865e-16
 5088.0064 9.89576e-16
 5090.9638 9.96110e-16
 5093.9212 9.90512e-16
 5096.8787 1.02322e-15
 5099.8361 1.03289e-15
 5102.7935 1.04539e-15
 5105.7509 1.03997e-15
 5108.7083 1.02030e-15
 5111.6658 1.03036e-15
 5114.6232 1.03539e-15
 5117.5806 1.02389e-15
 5120.5380 1.01960e-15
 5123.4954 9.95493e-16
 5126.4529 9.95853e-16
 5129.4103 9.78596e-16
 5132.3677 9.94674e-16
 5135.3251 9.96728e-16
 5138.2825 9.75635e-16
 5141.2400 9.68090e-16
 5144.1974 9.64059e-16
 5147.1548 9.76271e-16
 5150.1122 9.80567e-16
 5153.0696 9.85062e-16
 5156.0271 1.03036e-15
 5158.9845 9.98724e-16
 5161.9419 9.65017e-16
 5164.8993 9.79792e-16
 5167.8567 9.78563e-16
 5170.8142 1.00032e-15
 5173.7716 1.00145e-15
 5176.7290 9.93463e-16
 5179.6864 9.92272e-16
 5182.6438 1.00747e-15
 5185.6013 1.01212e-15
 5188.5587 9.97330e-16
 5191.5161 1.00551e-15
 5194.4735 1.00655e-15
 5197.4309 9.94322e-16
 5200.3884 9.77749e-16
 5203.3458 9.79190e-16
 5206.3032 9.68877e-16
 5209.2606 9.84454e-16
 5212.2180 9.77125e-16
 5215.1755 9.68287e-16
 5218.1329 9.41032e-16
 5221.0903 9.15025e-16
 5224.0477 8.75042e-16
 5227.0052 8.51531e-16
 5229.9626 8.44334e-16
 5232.9200 8.63596e-16
 5235.8774 8.45081e-16
 5238.8348 8.36596e-16
 5241.7923 8.27610e-16
 5244.7497 8.11875e-16
 5247.7071 7.89720e-16
 5250.6645 7.67459e-16
 5253.6219 7.66069e-16
 5256.5794 7.54569e-16
 5259.5368 7.40364e-16
 5262.4942 7.36507e-16
 5265.4516 7.16901e-16
 5268.4090 7.03360e-16
 5271.3665 7.14463e-16
 5274.3239 7.21801e-16
 5277.2813 7.03813e-16
 5280.2387 7.27095e-16
 5283.1961 7.10513e-16
 5286.1536 7.06126e-16
 5289.1110 7.14304e-16
 5292.0684 7.24897e-16
 5295.0258 7.25734e-16
 5297.9832 7.27449e-16
 5300.9407 7.32426e-16
 5303.8981 7.35102e-16
 5306.8555 6.91226e-16
 5309.8129 7.25993e-16
 5312.7703 7.64085e-16
 5315.7278 7.53474e-16
 5318.6852 7.42646e-16
 5321.6426 7.38681e-16
 5324.6000 7.19398e-16
 5327.5574 7.41527e-16
 5330.5149 7.46727e-16
 5333.4723 7.68024e-16
 5336.4297 7.96697e-16
 5339.3871 7.75379e-16
 5342.3445 7.79829e-16
 5345.3020 7.96475e-16
 5348.2594 7.79828e-16
 5351.2168 7.98655e-16
 5354.1742 8.19736e-16
 5357.1316 7.88078e-16
 5360.0891 7.92406e-16
 5363.0465 8.00790e-16
 5366.0039 7.88458e-16
 5368.9613 7.76982e-16
 5371.9187 7.99847e-16
 5374.8762 7.95972e-16
 5377.8336 7.80949e-16
 5380.7910 8.08794e-16
 5383.7484 8.00981e-16
 5386.7059 7.94121e-16
 5389.6633 7.92951e-16
 5392.6207 7.64355e-16
 5395.5781 7.82684e-16
 5398.5355 7.64496e-16
 5401.4930 7.41819e-16
 5404.4504 7.59526e-16
 5407.4078 7.68691e-16
 5410.3652 7.35913e-16
 5413.3226 7.53354e-16
 5416.2801 7.51736e-16
 5419.2375 7.41363e-16
 5422.1949 7.43117e-16
 5425.1523 7.59163e-16
 5428.1097 7.09766e-16
 5431.0672 6.96223e-16
 5434.0246 7.15253e-16
 5436.9820 6.95760e-16
 5439.9394 6.65857e-16
 5442.8968 6.88433e-16
 5445.8543 6.69074e-16
 5448.8117 6.57047e-16
 5451.7691 6.68001e-16
 5454.7265 6.59362e-16
 5457.6839 6.57440e-16
 5460.6414 6.81374e-16
 5463.5988 6.87524e-16
 5466.5562 6.95181e-16
 5469.5136 7.08050e-16
 5472.4710 7.06003e-16
 5475.4285 6.94171e-16
 5478.3859 7.18170e-16
 5481.3433 7.44411e-16
 5484.3007 7.48747e-16
 5487.2581 7.49225e-16
 5490.2156 7.35905e-16
 5493.1730 7.54723e-16
 5496.1304 7.87888e-16
 5499.0878 7.71483e-16
 5502.0452 7.66838e-16
 5505.0027 7.76003e-16
 5507.9601 8.01766e-16
 5510.9175 7.99876e-16
 5513.8749 7.94270e-16
 5516.8323 8.22609e-16
 5519.7898 8.39325e-16
 5522.7472 8.42999e-16
 5525.7046 8.34077e-16
 5528.6620 8.27348e-16
 5531.6194 8.45307e-16
 5534.5769 8.29363e-16
 5537.5343 8.52532e-16
 5540.4917 8.54044e-16
 5543.4491 8.18030e-16
 5546.4066 8.01361e-16
 5549.3640 7.94401e-16
 5552.3214 7.99790e-16
 5555.2788 8.07432e-16
 5558.2362 7.98882e-16
 5561.1937 8.15441e-16
 5564.1511 8.18083e-16
 5567.1085 8.23063e-16
 5570.0659 8.26855e-16
 5573.0233 8.23060e-16
 5575.9808 8.60265e-16
 5578.9382 8.44277e-16
 5581.8956 8.57540e-16
 5584.8530 8.77290e-16
 5587.8104 8.75087e-16
 5590.7679 8.57811e-16
 5593.7253 8.50723e-16
 5596.6827 8.46265e-16
 5599.6401 8.47125e-16
 5602.5975 8.47236e-16
 5605.5550 8.49143e-16
 5608.5124 8.30806e-16
 5611.4698 8.50742e-16
 5614.4272 8.59202e-16
 5617.3846 8.57888e-16
 5620.3421 8.51599e-16
 5623.2995 8.27912e-16
 5626.2569 8.54414e-16
 5629.2143 8.26228e-16
 5632.1717 8.39443e-16
 5635.1292 8.55054e-16
 5638.0866 8.49341e-16
 5641.0440 8.57410e-16
 5644.0014 8.61480e-16
 5646.9588 8.47889e-16
 5649.9163 8.63368e-16
 5652.8737 8.51682e-16
 5655.8311 8.63070e-16
 5658.7885 8.67341e-16
 5661.7459 8.34081e-16
 5664.7034 8.44975e-16
 5667.6608 8.51505e-16
 5670.6182 8.88504e-16
 5673.5756 8.74188e-16
 5676.5330 8.48126e-16
 5679.4905 8.49219e-16
 5682.4479 8.64688e-16
 5685.4053 8.52220e-16
 5688.3627 8.51233e-16
 5691.3201 8.46641e-16
 5694.2776 8.42681e-16
 5697.2350 8.48414e-16
 5700.1924 8.82537e-16
 5703.1498 8.52451e-16
 5706.1073 8.37035e-16
 5709.0647 8.36385e-16
 5712.0221 8.09661e-16
 5714.9795 8.23140e-16
 5717.9369 8.44626e-16
 5720.8944 8.45018e-16
 5723.8518 8.10337e-16
 5726.8092 7.46728e-16
 5729.7666 7.62881e-16
 5732.7240 7.58350e-16
 5735.6815 7.44367e-16
 5738.6389 7.72816e-16
 5741.5963 7.79104e-16
 5744.5537 7.96123e-16
 5747.5111 7.64354e-16
 5750.4686 8.04649e-16
 5753.4260 8.02978e-16
 5756.3834 7.80850e-16
 5759.3408 7.72183e-16
 5762.2982 7.77721e-16
 5765.2557 7.75696e-16
 5768.2131 7.60659e-16
 5771.1705 7.60488e-16
 5774.1279 7.55615e-16
 5777.0853 7.62665e-16
 5780.0428 7.69312e-16
 5783.0002 7.85655e-16
 5785.9576 7.73975e-16
 5788.9150 7.87438e-16
 5791.8724 7.91596e-16
 5794.8299 7.75606e-16
 5797.7873 7.72927e-16
 5800.7447 7.71115e-16
 5803.7021 7.93200e-16
 5806.6595 7.87787e-16
 5809.6170 7.58885e-16
 5812.5744 7.64085e-16
 5815.5318 7.64359e-16
 5818.4892 7.37840e-16
 5821.4466 7.76491e-16
 5824.4041 7.73768e-16
 5827.3615 7.57333e-16
 5830.3189 7.72170e-16
 5833.2763 7.57234e-16
 5836.2337 7.73782e-16
 5839.1912 7.79040e-16
 5842.1486 7.89002e-16
 5845.1060 7.54252e-16
 5848.0634 7.86080e-16
 5851.0208 7.86357e-16
 5853.9783 7.84575e-16
 5856.9357 7.83265e-16
 5859.8931 7.82476e-16
 5862.8505 7.82274e-16
 5865.8079 7.86770e-16
 5868.7654 7.85078e-16
 5871.7228 7.88645e-16
 5874.6802 7.68004e-16
 5877.6376 8.01241e-16
 5880.5951 8.19080e-16
 5883.5525 7.93591e-16
 5886.5099 7.68205e-16
 5889.4673 7.35661e-16
 5892.4247 7.30073e-16
 5895.3822 7.69182e-16
 5898.3396 7.91983e-16
 5901.2970 7.89521e-16
 5904.2544 7.92874e-16
 5907.2118 7.93220e-16
 5910.1693 7.93973e-16
 5913.1267 8.00173e-16
 5916.0841 8.14279e-16
 5919.0415 8.13257e-16
 5921.9989 7.98962e-16
 5924.9564 7.77071e-16
 5927.9138 7.71224e-16
 5930.8712 7.87231e-16
 5933.8286 7.83669e-16
 5936.7860 8.09047e-16
 5939.7435 7.94003e-16
 5942.7009 7.90212e-16
 5945.6583 8.15347e-16
 5948.6157 7.94082e-16
 5951.5731 7.85590e-16
 5954.5306 7.90337e-16
 5957.4880 8.08117e-16
 5960.4454 8.09628e-16
 5963.4028 7.87573e-16
 5966.3602 7.85699e-16
 5969.3177 8.03601e-16
 5972.2751 8.05680e-16
 5975.2325 7.74073e-16
 5978.1899 7.53732e-16
 5981.1473 7.96204e-16
 5984.1048 7.87803e-16
 5987.0622 7.68070e-16
 5990.0196 7.61062e-16
 5992.9770 7.60015e-16
 5995.9344 7.62897e-16
 5998.8919 7.71292e-16
 6001.8493 7.63856e-16
 6004.8067 7.47443e-16
 6007.7641 7.55099e-16
 6010.7215 7.40989e-16
 6013.6790 7.78029e-16
 6016.6364 7.28979e-16
 6019.5938 7.18001e-16
 6022.5512 7.19602e-16
 6025.5086 7.26343e-16
 6028.4661 7.13041e-16
 6031.4235 7.01127e-16
 6034.3809 6.89082e-16
 6037.3383 6.59827e-16
 6040.2958 6.80740e-16
 6043.2532 6.76666e-16
 6046.2106 6.80111e-16
 6049.1680 6.57512e-16
 6052.1254 6.35114e-16
 6055.0829 6.39567e-16
 6058.0403 6.24367e-16
 6060.9977 6.04789e-16
 6063.9551 6.14459e-16
 6066.9125 6.07922e-16
 6069.8700 5.75658e-16
 6072.8274 5.54175e-16
 6075.7848 5.56454e-16
 6078.7422 5.55254e-16
 6081.6996 5.29444e-16
 6084.6571 4.98296e-16
 6087.6145 5.16795e-16
 6090.5719 5.14500e-16
 6093.5293 4.86110e-16
 6096.4867 4.75446e-16
 6099.4442 4.66361e-16
 6102.4016 4.55355e-16
 6105.3590 4.17228e-16
 6108.3164 4.11002e-16
 6111.2738 4.23505e-16
 6114.2313 4.16887e-16
 6117.1887 4.03100e-16
 6120.1461 3.94226e-16
 6123.1035 3.79707e-16
 6126.0609 3.87253e-16
 6129.0184 3.91996e-16
 6131.9758 3.93075e-16
 6134.9332 3.85729e-16
 6137.8906 3.79401e-16
 6140.8480 3.65871e-16
 6143.8055 3.73909e-16
 6146.7629 3.77666e-16
 6149.7203 3.73388e-16
 6152.6777 3.92753e-16
 6155.6351 3.77668e-16
 6158.5926 3.98070e-16
 6161.5500 4.09008e-16
 6164.5074 4.14279e-16
 6167.4648 4.25978e-16
 6170.4222 4.26753e-16
 6173.3797 4.41753e-16
 6176.3371 4.42399e-16
 6179.2945 4.41572e-16
 6182.2519 4.78034e-16
 6185.2093 4.69305e-16
 6188.1668 4.76033e-16
 6191.1242 5.06518e-16
 6194.0816 5.12586e-16
 6197.0390 5.20307e-16
 6199.9965 5.19903e-16
 6202.9539 5.18259e-16
 6205.9113 5.43338e-16
 6208.8687 5.48007e-16
 6211.8261 5.44408e-16
 6214.7836 5.68770e-16
 6217.7410 5.55019e-16
 6220.6984 5.54509e-16
 6223.6558 5.66099e-16
 6226.6132 5.70358e-16
 6229.5707 5.75623e-16
 6232.5281 5.89769e-16
 6235.4855 5.90275e-16
 6238.4429 5.87771e-16
 6241.4003 5.93578e-16
 6244.3578 6.04815e-16
 6247.3152 5.99006e-16
 6250.2726 6.16783e-16
 6253.2300 6.20598e-16
 6256.1874 6.27615e-16
 6259.1449 6.31778e-16
 6262.1023 6.42704e-16
 6265.0597 6.27664e-16
 6268.0171 6.29086e-16
 6270.9745 6.43402e-16
 6273.9320 6.46724e-16
 6276.8894 6.30642e-16
 6279.8468 6.20928e-16
 6282.8042 6.44929e-16
 6285.7616 6.40263e-16
 6288.7191 6.50500e-16
 6291.6765 6.48901e-16
 6294.6339 6.53004e-16
 6297.5913 6.59619e-16
 6300.5487 6.52638e-16
 6303.5062 6.59961e-16
 6306.4636 6.51074e-16
 6309.4210 6.44540e-16
 6312.3784 6.53260e-16
 6315.3358 6.49480e-16
 6318.2933 6.32215e-16
 6321.2507 6.43280e-16
 6324.2081 6.53440e-16
 6327.1655 6.54907e-16
 6330.1229 6.56407e-16
 6333.0804 6.40348e-16
 6336.0378 6.07874e-16
 6338.9952 6.25396e-16
 6341.9526 6.33725e-16
 6344.9100 6.33230e-16
 6347.8675 6.25472e-16
 6350.8249 6.40722e-16
 6353.7823 6.33400e-16
 6356.7397 5.99944e-16
 6359.6971 6.26869e-16
 6362.6546 6.27911e-16
 6365.6120 6.24513e-16
 6368.5694 6.22421e-16
 6371.5268 6.19041e-16
 6374.4843 6.27811e-16
 6377.4417 6.40623e-16
 6380.3991 6.05282e-16
 6383.3565 5.99680e-16
 6386.3139 6.18272e-16
 6389.2714 6.16049e-16
 6392.2288 6.12123e-16
 6395.1862 6.24027e-16
 6398.1436 6.08945e-16
 6401.1010 6.08086e-16
 6404.0585 5.99576e-16
 6407.0159 6.00561e-16
 6409.9733 6.01402e-16
 6412.9307 6.12334e-16
 6415.8881 5.95759e-16
 6418.8456 5.93882e-16
 6421.8030 5.98780e-16
 6424.7604 5.71778e-16
 6427.7178 5.97371e-16
 6430.6752 5.93979e-16
 6433.6327 5.90104e-16
 6436.5901 5.92667e-16
 6439.5475 6.09536e-16
 6442.5049 6.08398e-16
 6445.4623 6.10246e-16
 6448.4198 5.77541e-16
 6451.3772 5.78129e-16
 6454.3346 5.86244e-16
 6457.2920 5.76473e-16
 6460.2494 5.71565e-16
 6463.2069 5.71301e-16
 6466.1643 5.65890e-16
 6469.1217 5.76192e-16
 6472.0791 5.78107e-16
 6475.0365 5.51348e-16
 6477.9940 5.60214e-16
 6480.9514 5.66037e-16
 6483.9088 5.61535e-16
 6486.8662 5.63163e-16
 6489.8236 5.59978e-16
 6492.7811 5.60519e-16
 6495.7385 5.47806e-16
 6498.6959 5.49902e-16
 6501.6533 5.51584e-16
 6504.6107 5.53055e-16
 6507.5682 5.32349e-16
 6510.5256 5.41856e-16
 6513.4830 5.40510e-16
 6516.4404 5.34309e-16
 6519.3978 5.29554e-16
 6522.3553 5.42747e-16
 6525.3127 5.47448e-16
 6528.2701 5.45780e-16
 6531.2275 5.34002e-16
 6534.1850 5.10747e-16
 6537.1424 5.32626e-16
 6540.0998 5.23065e-16
 6543.0572 5.33035e-16
 6546.0146 5.33161e-16
 6548.9721 5.44359e-16
 6551.9295 5.24576e-16
 6554.8869 5.20369e-16
 6557.8443 5.16160e-16
 6560.8017 5.11952e-16
 6563.7592 5.07744e-16
 6566.7166 5.03536e-16
 6569.6740 4.99328e-16
 6572.6314 4.95958e-16
 6575.5888 4.94244e-16
 6578.5463 5.13028e-16
 6581.5037 5.28062e-16
 6584.4611 5.21066e-16
 6587.4185 4.81787e-16
 6590.3759 4.85962e-16
 6593.3334 4.90414e-16
 6596.2908 4.89734e-16
 6599.2482 4.83554e-16
 6602.2056 4.80216e-16
 6605.1630 4.84555e-16
 6608.1205 4.95231e-16
 6611.0779 4.88697e-16
 6614.0353 4.78457e-16
 6616.9927 4.72105e-16
 6619.9501 4.91871e-16
 6622.9076 4.91518e-16
 6625.8650 4.71507e-16
 6628.8224 4.64363e-16
 6631.7798 4.69676e-16
 6634.7372 4.71744e-16
 6637.6947 4.53703e-16
 6640.6521 4.78880e-16
 6643.6095 4.60839e-16
 6646.5669 4.58733e-16
 6649.5243 4.62326e-16
 6652.4818 4.53510e-16
 6655.4392 4.54868e-16
 6658.3966 4.58159e-16
 6661.3540 4.53840e-16
 6664.3114 4.50742e-16
 6667.2689 4.61842e-16
 6670.2263 4.52692e-16
 6673.1837 4.35279e-16
 6676.1411 4.49367e-16
 6679.0985 4.36242e-16
 6682.0560 4.11420e-16
 6685.0134 4.37214e-16
 6687.9708 4.51984e-16
 6690.9282 4.64743e-16
 6693.8856 4.49388e-16
 6696.8431 4.35588e-16
 6699.8005 4.20654e-16
 6702.7579 4.30856e-16
 6705.7153 4.34522e-16
 6708.6728 4.15332e-16
 6711.6302 4.42293e-16
 6714.5876 4.40997e-16
 6717.5450 4.26311e-16
 6720.5024 4.20632e-16
 6723.4599 4.09075e-16
 6726.4173 4.15394e-16
 6729.3747 4.32901e-16
 6732.3321 4.22234e-16
 6735.2895 4.11998e-16
 6738.2470 4.10850e-16
 6741.2044 4.10383e-16
 6744.1618 4.21553e-16
 6747.1192 4.01914e-16
 6750.0766 4.05893e-16
 6753.0341 4.10186e-16
 6755.9915 3.98420e-16
 6758.9489 4.11962e-16
 6761.9063 4.07558e-16
 6764.8637 3.97944e-16
 6767.8212 4.01562e-16
 6770.7786 4.04668e-16
 6773.7360 3.97689e-16
 6776.6934 3.93571e-16
 6779.6508 3.99690e-16
 6782.6083 4.02322e-16
 6785.5657 3.99437e-16
 6788.5231 3.98204e-16
 6791.4805 3.84183e-16
 6794.4379 3.94072e-16
 6797.3954 4.06833e-16
 6800.3528 3.98134e-16
 6803.3102 3.88475e-16
 6806.2676 3.92555e-16
 6809.2250 3.95675e-16
 6812.1825 3.87531e-16
 6815.1399 3.81247e-16
 6818.0973 3.94527e-16
 6821.0547 3.82434e-16
 6824.0121 3.91595e-16
 6826.9696 3.86451e-16
 6829.9270 3.84594e-16
 6832.8844 3.68285e-16
 6835.8418 3.85315e-16
 6838.7992 3.77882e-16
 6841.7567 3.85130e-16
 6844.7141 3.80823e-16
 6847.6715 3.82107e-16
 6850.6289 3.91723e-16
 6853.5863 3.88187e-16
 6856.5438 3.71446e-16
 6859.5012 3.70925e-16
 6862.4586 3.79007e-16
 6865.4160 3.77865e-16
 6868.3735 3.46543e-16
 6871.3309 3.77926e-16
 6874.2883 3.81018e-16
 6877.2457 3.68504e-16
 6880.2031 3.79217e-16
 6883.1606 3.93519e-16
 6886.1180 3.87232e-16
 6889.0754 3.66004e-16
 6892.0328 3.78254e-16
 6894.9902 3.63810e-16
 6897.9477 3.58939e-16
 6900.9051 3.55103e-16
 6903.8625 3.50180e-16
 6906.8199 3.61569e-16
 6909.7773 3.72182e-16
 6912.7348 3.63888e-16
 6915.6922 3.63501e-16
 6918.6496 3.68981e-16
 6921.6070 3.78970e-16
 6924.5644 3.76480e-16
 6927.5219 3.74553e-16
 6930.4793 3.67973e-16
 6933.4367 3.60235e-16
 6936.3941 3.66664e-16
 6939.3515 3.71046e-16
 6942.3090 3.70089e-16
 6945.2664 3.64726e-16
 6948.2238 3.71025e-16
 6951.1812 3.67947e-16
 6954.1386 3.71211e-16
 6957.0961 3.69000e-16
 6960.0535 3.68044e-16
 6963.0109 3.75659e-16
 6965.9683 3.52334e-16
 6968.9257 3.47295e-16
 6971.8832 3.61055e-16
 6974.8406 3.49115e-16
 6977.7980 3.54664e-16
 6980.7554 3.65492e-16
 6983.7128 3.40785e-16
 6986.6703 3.33554e-16
 6989.6277 3.15184e-16
 6992.5851 3.54655e-16
 6995.5425 3.54788e-16
 6998.4999 3.37153e-16
 7001.4574 3.46779e-16
 7004.4148 3.45404e-16
 7007.3722 3.40174e-16
 7010.3296 3.45043e-16
 7013.2870 3.47517e-16
 7016.2445 3.41184e-16
 7019.2019 3.52028e-16
 7022.1593 3.51085e-16
 7025.1167 3.37537e-16
 7028.0741 3.39753e-16
 7031.0316 3.42719e-16
 7033.9890 3.45931e-16
 7036.9464 3.33952e-16
 7039.9038 3.32283e-16
 7042.8613 3.48477e-16
 7045.8187 3.52473e-16
 7048.7761 3.51704e-16
 7051.7335 3.73006e-16
 7054.6909 3.47514e-16
 7057.6484 3.35851e-16
 7060.6058 3.46500e-16
 7063.5632 3.38958e-16
 7066.5206 3.37251e-16
 7069.4780 3.42889e-16
 7072.4355 3.21854e-16
 7075.3929 3.48736e-16
 7078.3503 3.55033e-16
 7081.3077 3.46706e-16
 7084.2651 3.56954e-16
 7087.2226 3.39212e-16
 7090.1800 3.11621e-16
 7093.1374 3.27064e-16
 7096.0948 3.36409e-16
 7099.0522 3.37131e-16
 7102.0097 3.49934e-16
 7104.9671 3.33596e-16
 7107.9245 3.40546e-16
 7110.8819 3.36073e-16
 7113.8393 3.28740e-16
 7116.7968 3.47577e-16
 7119.7542 3.54639e-16
 7122.7116 3.45238e-16
 7125.6690 3.31518e-16
 7128.6264 3.26710e-16
 7131.5839 3.35492e-16
 7134.5413 3.32695e-16
 7137.4987 3.35599e-16
 7140.4561 3.35023e-16
 7143.4135 3.32782e-16
 7146.3710 3.38605e-16
 7149.3284 3.40177e-16
 7152.2858 3.30358e-16
 7155.2432 3.26756e-16
 7158.2006 3.34685e-16
 7161.1581 3.44839e-16
 7164.1155 3.44887e-16
 7167.0729 3.23773e-16
 7170.0303 3.31969e-16
 7172.9877 3.22725e-16
 7175.9452 3.20161e-16
 7178.9026 3.28938e-16
 7181.8600 3.40701e-16
 7184.8174 3.28737e-16
 7187.7748 3.19565e-16
 7190.7323 3.16652e-16
 7193.6897 3.25538e-16
 7196.6471 3.44544e-16
 7199.6045 3.33727e-16
 7202.5620 3.19722e-16
 7205.5194 3.47402e-16
 7208.4768 3.45515e-16
 7211.4342 3.34094e-16
 7214.3916 3.20112e-16
 7217.3491 3.38500e-16
 7220.3065 3.34754e-16
 7223.2639 3.20183e-16
 7226.2213 3.26308e-16
 7229.1787 3.37976e-16
 7232.1362 3.34043e-16
 7235.0936 3.36322e-16
 7238.0510 3.36354e-16
 7241.0084 3.30347e-16
 7243.9658 3.28095e-16
 7246.9233 2.99689e-16
 7249.8807 3.16504e-16
 7252.8381 3.14376e-16
 7255.7955 3.07587e-16
 7258.7529 3.07233e-16
 7261.7104 3.24278e-16
 7264.6678 3.30509e-16
 7267.6252 3.45390e-16
 7270.5826 3.25965e-16
 7273.5400 3.14800e-16
 7276.4975 3.04294e-16
 7279.4549 3.12925e-16
 7282.4123 3.26191e-16
 7285.3697 3.15074e-16
 7288.3271 3.09718e-16
 7291.2846 3.16137e-16
 7294.2420 3.04872e-16
 7297.1994 3.03195e-16
 7300.1568 3.12376e-16
 7303.1142 3.17325e-16
 7306.0717 3.06331e-16
 7309.0291 2.92542e-16
 7311.9865 2.99723e-16
 7314.9439 2.97764e-16
 7317.9013 3.08262e-16
 7320.8588 2.96327e-16
 7323.8162 2.91696e-16
 7326.7736 2.96296e-16
 7329.7310 3.10186e-16
 7332.6884 2.98223e-16
 7335.6459 2.96302e-16
 7338.6033 3.22548e-16
 7341.5607 3.15840e-16
 7344.5181 3.08404e-16
 7347.4755 2.99665e-16
 7350.4330 2.96586e-16
 7353.3904 2.94436e-16
 7356.3478 3.00578e-16
 7359.3052 3.00562e-16
 7362.2626 2.97253e-16
 7365.2201 2.99953e-16
 7368.1775 3.03280e-16
 7371.1349 3.05972e-16
 7374.0923 2.88468e-16
 7377.0498 2.93928e-16
 7380.0072 2.96257e-16
 7382.9646 2.96623e-16
 7385.9220 2.92893e-16
 7388.8794 2.89162e-16
 7391.8369 2.86014e-16
 7394.7943 2.89022e-16
 7397.7517 2.86938e-16
 7400.7091 2.84855e-16
 7403.6665 2.82771e-16
 7406.6240 2.80714e-16
 7409.5814 2.80637e-16
 7412.5388 2.80559e-16
 7415.4962 2.80482e-16
 7418.4536 2.80404e-16
 7421.4111 2.80327e-16
 7424.3685 2.80250e-16
 7427.3259 2.80172e-16
 7430.2833 2.80095e-16
 7433.2407 2.80017e-16
 7436.1982 2.79940e-16
 7439.1556 2.79862e-16
 7442.1130 2.79785e-16
 7445.0704 2.80847e-16
 7448.0278 2.82923e-16
 7450.9853 2.82960e-16
 7453.9427 2.76953e-16
 7456.9001 2.85074e-16
 7459.8575 2.86131e-16
 7462.8149 2.65232e-16
 7465.7724 2.75401e-16
 7468.7298 2.72121e-16
 7471.6872 2.72713e-16
 7474.6446 2.73306e-16
 7477.6020 2.73898e-16
 7480.5595 2.74491e-16
 7483.5169 2.75083e-16
 7486.4743 2.75676e-16
 7489.4317 2.76268e-16
 7492.3891 2.76860e-16
 7495.3466 2.77453e-16
 7498.3040 2.78045e-16
 7501.2614 2.78638e-16
 7504.2188 2.79230e-16
 7507.1762 2.79823e-16
 7510.1337 2.69120e-16
 7513.0911 2.66859e-16
 7516.0485 2.78924e-16
 7519.0059 2.85405e-16
 7521.9633 2.55267e-16
 7524.9208 2.53158e-16
 7527.8782 2.76260e-16
 7530.8356 2.91348e-16
 7533.7930 2.94305e-16
 7536.7505 3.10082e-16
 7539.7079 2.87911e-16
 7542.6653 2.92955e-16
 7545.6227 2.93914e-16
 7548.5801 2.68371e-16
 7551.5376 2.76775e-16
 7554.4950 2.94221e-16
 7557.4524 2.90320e-16
 7560.4098 2.78148e-16
 7563.3672 2.92539e-16
 7566.3247 2.85663e-16
 7569.2821 2.69950e-16
 7572.2395 2.78577e-16
 7575.1969 2.62365e-16
 7578.1543 2.60257e-16
 7581.1118 2.65145e-16
 7584.0692 2.85312e-16
 7587.0266 2.77165e-16
 7589.9840 2.80187e-16
 7592.9414 2.96476e-16
 7595.8989 2.89948e-16
 7598.8563 2.88789e-16
 7601.8137 2.79648e-16
 7604.7711 2.80438e-16
 7607.7285 2.74864e-16
 7610.6860 2.79196e-16
 7613.6434 2.71873e-16
 7616.6008 2.69390e-16
 7619.5582 2.88767e-16
 7622.5156 2.75099e-16
 7625.4731 2.64813e-16
 7628.4305 2.66568e-16
 7631.3879 2.95503e-16
 7634.3453 2.74031e-16
 7637.3027 3.02670e-16
 7640.2602 2.87497e-16
 7643.2176 2.66748e-16
 7646.1750 2.82297e-16
 7649.1324 2.89366e-16
 7652.0898 2.62531e-16
 7655.0473 2.82538e-16
 7658.0047 2.99699e-16
 7660.9621 2.84829e-16
 7663.9195 2.60748e-16
 7666.8769 2.64607e-16
 7669.8344 2.78501e-16
 7672.7918 2.81201e-16
 7675.7492 2.66071e-16
 7678.7066 2.67843e-16
 7681.6640 2.90516e-16
 7684.6215 3.07323e-16
 7687.5789 2.81394e-16
 7690.5363 2.90111e-16
 7693.4937 2.69275e-16
 7696.4511 2.60483e-16
 7699.4086 2.82804e-16
 7702.3660 2.97245e-16
 7705.3234 3.02637e-16
 7708.2808 2.92534e-16
 7711.2383 2.91854e-16
 7714.1957 3.08241e-16
 7717.1531 3.04271e-16
 7720.1105 2.99081e-16
 7723.0679 2.94872e-16
 7726.0254 2.95754e-16
 7728.9828 3.01558e-16
 7731.9402 2.91722e-16
 7734.8976 2.72385e-16
 7737.8550 2.90176e-16
 7740.8125 2.88809e-16
 7743.7699 3.12617e-16
 7746.7273 2.85480e-16
 7749.6847 3.00063e-16
 7752.6421 3.05460e-16
 7755.5996 2.92197e-16
 7758.5570 3.09932e-16
 7761.5144 3.09807e-16
 7764.4718 2.91445e-16
 7767.4292 2.94166e-16
 7770.3867 3.04477e-16
 7773.3441 3.16448e-16
 7776.3015 2.95133e-16
 7779.2589 2.96644e-16
 7782.2163 3.00612e-16
 7785.1738 3.14335e-16
 7788.1312 3.05946e-16
 7791.0886 2.97589e-16
 7794.0460 3.17033e-16
 7797.0034 3.28949e-16
 7799.9609 3.01392e-16
 7802.9183 2.92975e-16
 7805.8757 2.98897e-16
 7808.8331 3.10356e-16
 7811.7905 3.24088e-16
 7814.7480 3.35489e-16
 7817.7054 3.08850e-16
 7820.6628 2.99612e-16
 7823.6202 3.37676e-16
 7826.5776 3.23927e-16
 7829.5351 3.04365e-16
 7832.4925 3.14943e-16
 7835.4499 3.10481e-16
 7838.4073 2.94468e-16
 7841.3647 3.08046e-16
 7844.3222 3.01483e-16
 7847.2796 2.89267e-16
 7850.2370 2.87360e-16
 7853.1944 3.15446e-16
 7856.1518 3.24296e-16
 7859.1093 3.18904e-16
 7862.0667 2.98894e-16
 7865.0241 3.02793e-16
 7867.9815 3.06051e-16
 7870.9390 3.01536e-16
 7873.8964 3.11958e-16
 7876.8538 3.32650e-16
 7879.8112 3.16346e-16
 7882.7686 3.17695e-16
 7885.7261 3.03063e-16
 7888.6835 2.93545e-16
 7891.6409 3.03407e-16
 7894.5983 3.05514e-16
 7897.5557 2.99772e-16
 7900.5132 3.14237e-16
 7903.4706 3.11079e-16
 7906.4280 3.13650e-16
 7909.3854 3.20770e-16
 7912.3428 3.04678e-16
 7915.3003 3.10159e-16
 7918.2577 2.96762e-16
 7921.2151 2.82858e-16
 7924.1725 2.99620e-16
 7927.1299 2.90133e-16
 7930.0874 3.07207e-16
 7933.0448 2.90069e-16
 7936.0022 2.98406e-16
 7938.9596 3.04952e-16
 7941.9170 2.87061e-16
 7944.8745 2.89537e-16
 7947.8319 2.88505e-16
 7950.7893 2.88874e-16
 7953.7467 2.89286e-16
 7956.7041 2.93002e-16
 7959.6616 3.13517e-16
 7962.6190 2.91168e-16
 7965.5764 2.88589e-16
 7968.5338 2.71016e-16
 7971.4912 2.72929e-16
 7974.4487 2.68307e-16
 7977.4061 2.68713e-16
 7980.3635 2.86204e-16
 7983.3209 2.69573e-16
 7986.2783 2.99548e-16
 7989.2358 2.50522e-16
 7992.1932 2.78180e-16
 7995.1506 2.81870e-16
 7998.1080 2.67470e-16
 8001.0654 2.45690e-16
 8004.0229 2.49532e-16
 8006.9803 2.66606e-16
 8009.9377 2.68706e-16
 8012.8951 2.81281e-16
 8015.8525 2.81604e-16
 8018.8100 2.83362e-16
 8021.7674 2.69011e-16
 8024.7248 2.76465e-16
 8027.6822 2.73966e-16
 8030.6396 2.70239e-16
 8033.5971 2.92213e-16
 8036.5545 2.94534e-16
 8039.5119 2.72623e-16
 8042.4693 2.63791e-16
 8045.4268 2.53029e-16
 8048.3842 2.56471e-16
 8051.3416 2.64690e-16
 8054.2990 3.00572e-16
 8057.2564 3.07996e-16
 8060.2139 2.65882e-16
 8063.1713 2.59862e-16
 8066.1287 2.98357e-16
 8069.0861 2.73403e-16
 8072.0435 2.68222e-16
 8075.0010 2.96892e-16
 8077.9584 2.91471e-16
 8080.9158 2.69552e-16
 8083.8732 2.52597e-16
 8086.8306 2.66546e-16
 8089.7881 2.79495e-16
 8092.7455 2.72622e-16
 8095.7029 2.77212e-16
 8098.6603 2.82289e-16
 8101.6177 2.74809e-16
 8104.5752 3.09692e-16
 8107.5326 2.81913e-16
 8110.4900 2.70391e-16
 8113.4474 2.57703e-16
 8116.4048 2.54519e-16
 8119.3623 2.89139e-16
 8122.3197 2.76983e-16
 8125.2771 2.88877e-16
 8128.2345 2.78317e-16
 8131.1919 2.83259e-16
 8134.1494 2.98343e-16
 8137.1068 3.03326e-16
 8140.0642 2.69700e-16
 8143.0216 2.70957e-16
 8145.9790 2.88182e-16
 8148.9365 2.73138e-16
 8151.8939 2.77231e-16
 8154.8513 2.47242e-16
 8157.8087 2.52751e-16
 8160.7661 2.64260e-16
 8163.7236 2.77928e-16
 8166.6810 2.77867e-16
 8169.6384 2.53245e-16
 8172.5958 2.42498e-16
 8175.5532 2.61478e-16
 8178.5107 2.58369e-16
 8181.4681 2.58685e-16
 8184.4255 2.32933e-16
 8187.3829 2.69865e-16
 8190.3403 2.59108e-16
 8193.2978 2.26559e-16
 8196.2552 2.13971e-16
 8199.2126 2.38458e-16
 8202.1700 2.64727e-16
 8205.1275 2.50796e-16
 8208.0849 2.42340e-16
 8211.0423 2.58769e-16
 8213.9997 2.52658e-16
 8216.9571 2.46062e-16
 8219.9146 2.42199e-16
 8222.8720 2.33619e-16
 8225.8294 2.48590e-16
 8228.7868 2.51019e-16
 8231.7442 2.53457e-16
 8234.7017 2.72910e-16
 8237.6591 2.57043e-16
 8240.6165 2.60557e-16
 8243.5739 2.53903e-16
 8246.5313 2.38665e-16
 8249.4888 2.22699e-16
 8252.4462 2.37957e-16
 8255.4036 2.33556e-16
 8258.3610 2.38589e-16
 8261.3184 2.52976e-16
 8264.2759 2.44243e-16
 8267.2333 2.62114e-16
 8270.1907 2.37653e-16
 8273.1481 2.44557e-16
 8276.1055 2.38547e-16
 8279.0630 2.65376e-16
 8282.0204 2.50907e-16
 8284.9778 2.43991e-16
 8287.9352 2.44164e-16
 8290.8926 2.03837e-16
 8293.8501 2.36398e-16
 8296.8075 2.63958e-16
 8299.7649 2.61174e-16
 8302.7223 2.38801e-16
 8305.6797 2.50024e-16
 8308.6372 2.42189e-16
 8311.5946 2.58161e-16
 8314.5520 2.52472e-16
 8317.5094 2.49777e-16
 8320.4668 2.37657e-16
 8323.4243 2.51470e-16
 8326.3817 2.64044e-16
 8329.3391 2.54463e-16
 8332.2965 2.53577e-16
 8335.2539 2.57941e-16
 8338.2114 2.70959e-16
 8341.1688 2.36213e-16
 8344.1262 2.33243e-16
 8347.0836 2.28039e-16
 8350.0410 2.36495e-16
 8352.9985 2.39498e-16
 8355.9559 2.44148e-16
 8358.9133 2.48516e-16
 8361.8707 2.53835e-16
 8364.8281 2.44485e-16
 8367.7856 2.54296e-16
 8370.7430 2.49155e-16
 8373.7004 2.43222e-16
 8376.6578 2.39424e-16
 8379.6153 2.49128e-16
 8382.5727 2.39696e-16
 8385.5301 2.26429e-16
 8388.4875 2.27237e-16
 8391.4449 2.48877e-16
 8394.4024 2.60469e-16
 8397.3598 2.53617e-16
 8400.3172 2.37822e-16
 8403.2746 2.60651e-16
 8406.2320 2.46194e-16
 8409.1895 2.48416e-16
 8412.1469 2.65321e-16
 8415.1043 2.77813e-16
 8418.0617 2.78409e-16
 8421.0191 2.38460e-16
 8423.9766 2.54926e-16
 8426.9340 2.55694e-16
 8429.8914 2.51648e-16
 8432.8488 2.61833e-16
 8435.8062 2.72439e-16
 8438.7637 2.75614e-16
 8441.7211 2.59742e-16
 8444.6785 2.45967e-16
 8447.6359 2.56785e-16
 8450.5933 2.64891e-16
 8453.5508 2.46665e-16
 8456.5082 2.68662e-16
 8459.4656 2.63576e-16
 8462.4230 2.76046e-16
 8465.3804 2.56858e-16
 8468.3379 2.71781e-16
 8471.2953 2.64719e-16
 8474.2527 2.51855e-16
 8477.2101 2.97002e-16
 8480.1675 2.96194e-16
 8483.1250 2.33615e-16
 8486.0824 2.48043e-16
 8489.0398 2.29038e-16
 8491.9972 2.70191e-16
 8494.9546 2.81806e-16
 8497.9121 2.64625e-16
 8500.8695 2.74025e-16
 8503.8269 2.58035e-16
 8506.7843 2.42126e-16
 8509.7417 2.73443e-16
 8512.6992 2.54921e-16
 8515.6566 2.56480e-16
 8518.6140 2.74609e-16
 8521.5714 2.73295e-16
 8524.5288 2.54078e-16
 8527.4863 2.29956e-16
 8530.4437 2.37242e-16
 8533.4011 2.88946e-16
 8536.3585 2.68451e-16
 8539.3160 1.79770e-16
 8542.2734 2.05777e-16
 8545.2308 2.36762e-16
 8548.1882 2.13452e-16
 8551.1456 2.80116e-16
 8554.1031 2.38615e-16
 8557.0605 2.63415e-16
 8560.0179 2.74248e-16
 8562.9753 2.47549e-16
 8565.9327 2.59064e-16
 8568.8902 2.57320e-16
 8571.8476 2.52736e-16
 8574.8050 2.37229e-16
 8577.7624 2.28908e-16
 8580.7198 2.56953e-16
 8583.6773 2.85890e-16
 8586.6347 2.36992e-16
 8589.5921 2.38225e-16
 8592.5495 2.49871e-16
 8595.5069 2.21574e-16
 8598.4644 2.18283e-16
 8601.4218 2.56115e-16
 8604.3792 2.39352e-16
 8607.3366 2.71874e-16
 8610.2940 2.57403e-16
 8613.2515 2.49826e-16
 8616.2089 2.59385e-16
 8619.1663 2.75989e-16
 8622.1237 2.61594e-16
 8625.0811 2.41641e-16
 8628.0386 2.18076e-16
 8630.9960 2.22142e-16
 8633.9534 2.62634e-16
 8636.9108 2.41538e-16
 8639.8682 2.89300e-16
 8642.8257 2.33066e-16
 8645.7831 2.41999e-16
 8648.7405 2.86408e-16
 8651.6979 2.21056e-16
 8654.6553 2.23598e-16
 8657.6128 2.50067e-16
 8660.5702 2.38261e-16
 8663.5276 2.52394e-16
 8666.4850 2.38888e-16
 8669.4424 2.57756e-16
 8672.3999 2.55989e-16
 8675.3573 2.75880e-16
 8678.3147 2.88778e-16
 8681.2721 2.77710e-16
 8684.2295 2.28505e-16
 8687.1870 2.46890e-16
 8690.1444 2.17805e-16
 8693.1018 2.78297e-16
 8696.0592 2.32843e-16
 8699.0166 2.02031e-16
 8701.9741 2.59988e-16
 8704.9315 2.25447e-16
 8707.8889 1.99608e-16
 8710.8463 2.27154e-16
 8713.8038 2.46642e-16
 8716.7612 2.35535e-16
 8719.7186 2.47738e-16
 8722.6760 2.49975e-16
 8725.6334 2.89857e-16
 8728.5909 2.47314e-16
 8731.5483 2.19385e-16
 8734.5057 2.13297e-16
 8737.4631 2.47385e-16
 8740.4205 2.44532e-16
 8743.3780 2.26686e-16
 8746.3354 2.45904e-16
 8749.2928 2.28818e-16
 8752.2502 2.35792e-16
 8755.2076 2.54639e-16
 8758.1651 2.39300e-16
 8761.1225 2.44201e-16
 8764.0799 2.48515e-16
 8767.0373 2.45694e-16
 8769.9947 2.11091e-16
 8772.9522 2.25162e-16
 8775.9096 2.40510e-16
 8778.8670 2.33769e-16
 8781.8244 2.28430e-16
 8784.7818 2.52248e-16
 8787.7393 2.39421e-16
 8790.6967 2.23227e-16
 8793.6541 2.22103e-16
 8796.6115 2.27195e-16
 8799.5689 2.47035e-16
 8802.5264 2.36031e-16
 8805.4838 2.09943e-16
 8808.4412 2.47925e-16
 8811.3986 2.37310e-16
 8814.3560 2.05224e-16
 8817.3135 2.09481e-16
 8820.2709 2.12474e-16
 8823.2283 1.90293e-16
 8826.1857 2.13646e-16
 8829.1431 2.05754e-16
 8832.1006 2.06925e-16
 8835.0580 1.94530e-16
 8838.0154 1.99662e-16
 8840.9728 2.23829e-16
 8843.9302 2.25383e-16
 8846.8877 1.90523e-16
 8849.8451 1.90503e-16
 8852.8025 1.43120e-16
 8855.7599 1.82857e-16
 8858.7173 2.27888e-16
 8861.6748 2.14838e-16
 8864.6322 1.77853e-16
 8867.5896 1.74663e-16
 8870.5470 1.96260e-16
 8873.5045 1.99076e-16
 8876.4619 1.79876e-16
 8879.4193 1.80041e-16
 8882.3767 2.26296e-16
 8885.3341 1.81352e-16
 8888.2916 1.57360e-16
 8891.2490 1.77822e-16
 8894.2064 2.00825e-16
 8897.1638 2.08856e-16
 8900.1212 2.17508e-16
 8903.0787 2.10597e-16
 8906.0361 2.24390e-16
 8908.9935 1.92630e-16
 8911.9509 2.30757e-16
 8914.9083 2.01559e-16
 8917.8658 1.83074e-16
 8920.8232 1.57081e-16
 8923.7806 1.95980e-16
 8926.7380 1.97582e-16
 8929.6954 1.77498e-16
 8932.6529 1.83133e-16
 8935.6103 2.22742e-16
 8938.5677 1.86087e-16
 8941.5251 1.81795e-16
 8944.4825 1.92600e-16
 8947.4400 1.75363e-16
 8950.3974 2.09660e-16
 8953.3548 1.80523e-16
 8956.3122 2.06402e-16
 8959.2696 1.53602e-16
 8962.2271 1.88718e-16
 8965.1845 1.86317e-16
 8968.1419 1.80984e-16
 8971.0993 1.96215e-16
 8974.0567 1.94318e-16
 8977.0142 2.05578e-16
 8979.9716 1.88416e-16
