#Object:               SN2009Y
#FITS_file:            SN09Y_b01_DUP_WF_25feb09.fits
#Redshift:             0.00935
#JDate_of_max:         2454876.39
#JDate_of_observation: 2454887.88
#Epoch:                11.38     
#
 3764.7874 2.74865e-15
 3767.8006 2.82624e-15
 3770.8138 2.79284e-15
 3773.8271 2.82203e-15
 3776.8403 2.99668e-15
 3779.8535 3.03520e-15
 3782.8667 3.23263e-15
 3785.8800 3.31762e-15
 3788.8932 3.39764e-15
 3791.9064 3.59376e-15
 3794.9196 3.61015e-15
 3797.9329 3.81975e-15
 3800.9461 4.06612e-15
 3803.9593 4.19831e-15
 3806.9725 4.40533e-15
 3809.9858 4.37340e-15
 3812.9990 4.77612e-15
 3816.0122 4.94385e-15
 3819.0255 5.10100e-15
 3822.0387 5.32111e-15
 3825.0519 5.70191e-15
 3828.0651 5.87989e-15
 3831.0784 6.42240e-15
 3834.0916 6.13540e-15
 3837.1048 6.52918e-15
 3840.1180 7.01620e-15
 3843.1313 6.98542e-15
 3846.1445 7.10593e-15
 3849.1577 7.48497e-15
 3852.1710 7.81575e-15
 3855.1842 7.86732e-15
 3858.1974 8.03404e-15
 3861.2106 8.48102e-15
 3864.2239 8.59108e-15
 3867.2371 8.48979e-15
 3870.2503 8.54447e-15
 3873.2635 8.75266e-15
 3876.2768 8.83690e-15
 3879.2900 9.10259e-15
 3882.3032 8.95676e-15
 3885.3165 8.92639e-15
 3888.3297 9.36587e-15
 3891.3429 9.30720e-15
 3894.3561 9.09232e-15
 3897.3694 8.63020e-15
 3900.3826 8.94591e-15
 3903.3958 9.01276e-15
 3906.4090 9.20291e-15
 3909.4223 9.20165e-15
 3912.4355 8.95194e-15
 3915.4487 8.87203e-15
 3918.4620 8.98083e-15
 3921.4752 8.47830e-15
 3924.4884 8.58800e-15
 3927.5016 8.29657e-15
 3930.5149 7.99395e-15
 3933.5281 7.81771e-15
 3936.5413 7.96730e-15
 3939.5545 7.66688e-15
 3942.5678 7.49940e-15
 3945.5810 7.41838e-15
 3948.5942 7.19384e-15
 3951.6074 7.01164e-15
 3954.6207 6.73698e-15
 3957.6339 6.76465e-15
 3960.6471 6.72613e-15
 3963.6604 6.72297e-15
 3966.6736 6.36037e-15
 3969.6868 6.26781e-15
 3972.7000 6.38064e-15
 3975.7133 6.02446e-15
 3978.7265 5.85789e-15
 3981.7397 5.64803e-15
 3984.7529 5.58485e-15
 3987.7662 5.38188e-15
 3990.7794 5.27911e-15
 3993.7926 5.37794e-15
 3996.8058 5.28468e-15
 3999.8191 5.30912e-15
 4002.8323 5.21927e-15
 4005.8455 5.22841e-15
 4008.8588 5.12883e-15
 4011.8720 5.02421e-15
 4014.8852 4.86663e-15
 4017.8984 4.95247e-15
 4020.9117 5.09139e-15
 4023.9249 5.01155e-15
 4026.9381 4.91992e-15
 4029.9514 4.88066e-15
 4032.9646 4.81766e-15
 4035.9778 4.85893e-15
 4038.9910 4.64899e-15
 4042.0043 4.80748e-15
 4045.0175 4.78683e-15
 4048.0307 4.84241e-15
 4051.0439 4.94234e-15
 4054.0572 4.92248e-15
 4057.0704 5.02783e-15
 4060.0836 5.06629e-15
 4063.0968 5.22671e-15
 4066.1101 5.34864e-15
 4069.1233 5.15982e-15
 4072.1365 5.18180e-15
 4075.1498 5.29218e-15
 4078.1630 5.36787e-15
 4081.1762 5.51101e-15
 4084.1894 5.63571e-15
 4087.2027 5.47657e-15
 4090.2159 5.59313e-15
 4093.2291 5.64715e-15
 4096.2423 5.68744e-15
 4099.2556 5.73899e-15
 4102.2688 5.73722e-15
 4105.2820 5.83341e-15
 4108.2953 5.88879e-15
 4111.3085 5.83527e-15
 4114.3217 5.84257e-15
 4117.3349 6.06800e-15
 4120.3482 5.85716e-15
 4123.3614 5.99791e-15
 4126.3746 6.04098e-15
 4129.3878 5.99931e-15
 4132.4011 6.09402e-15
 4135.4143 6.26538e-15
 4138.4275 6.15447e-15
 4141.4407 6.14544e-15
 4144.4540 6.09839e-15
 4147.4672 6.09356e-15
 4150.4804 6.10051e-15
 4153.4937 6.04802e-15
 4156.5069 6.09481e-15
 4159.5201 6.05735e-15
 4162.5333 6.04315e-15
 4165.5466 6.12370e-15
 4168.5598 6.29754e-15
 4171.5730 6.27903e-15
 4174.5863 6.25316e-15
 4177.5995 6.35211e-15
 4180.6127 6.35306e-15
 4183.6259 6.46694e-15
 4186.6392 6.45554e-15
 4189.6524 6.51727e-15
 4192.6656 6.47940e-15
 4195.6788 6.32397e-15
 4198.6921 6.49486e-15
 4201.7053 6.57573e-15
 4204.7185 6.49651e-15
 4207.7317 6.53339e-15
 4210.7450 6.45922e-15
 4213.7582 6.42296e-15
 4216.7714 6.53101e-15
 4219.7847 6.49351e-15
 4222.7979 6.50033e-15
 4225.8111 6.47384e-15
 4228.8243 6.43278e-15
 4231.8376 6.34094e-15
 4234.8508 6.25379e-15
 4237.8640 6.03352e-15
 4240.8772 6.12634e-15
 4243.8905 5.84676e-15
 4246.9037 5.77132e-15
 4249.9169 5.65395e-15
 4252.9301 5.50879e-15
 4255.9434 5.41483e-15
 4258.9566 5.26361e-15
 4261.9698 5.12067e-15
 4264.9831 5.16527e-15
 4267.9963 4.93539e-15
 4271.0095 4.83374e-15
 4274.0227 4.63366e-15
 4277.0360 4.59446e-15
 4280.0492 4.53797e-15
 4283.0624 4.37115e-15
 4286.0756 4.24001e-15
 4289.0889 4.00878e-15
 4292.1021 4.02704e-15
 4295.1153 3.93230e-15
 4298.1286 3.78092e-15
 4301.1418 3.60215e-15
 4304.1550 3.50624e-15
 4307.1682 3.52656e-15
 4310.1815 3.38848e-15
 4313.1947 3.24732e-15
 4316.2079 3.30840e-15
 4319.2211 3.24750e-15
 4322.2344 3.12508e-15
 4325.2476 3.13659e-15
 4328.2608 3.07066e-15
 4331.2740 3.06048e-15
 4334.2873 2.99210e-15
 4337.3005 2.97272e-15
 4340.3137 2.96220e-15
 4343.3270 2.89271e-15
 4346.3402 2.85446e-15
 4349.3534 2.89295e-15
 4352.3666 2.85698e-15
 4355.3799 2.84841e-15
 4358.3931 2.88504e-15
 4361.4063 2.87824e-15
 4364.4196 2.83687e-15
 4367.4328 2.89767e-15
 4370.4460 2.90995e-15
 4373.4592 2.95611e-15
 4376.4725 3.00110e-15
 4379.4857 3.03639e-15
 4382.4989 3.05898e-15
 4385.5121 3.12996e-15
 4388.5254 3.22406e-15
 4391.5386 3.19237e-15
 4394.5518 3.39837e-15
 4397.5650 3.46336e-15
 4400.5783 3.58516e-15
 4403.5915 3.68104e-15
 4406.6047 3.73196e-15
 4409.6180 3.88733e-15
 4412.6312 4.03668e-15
 4415.6444 4.05310e-15
 4418.6576 4.22123e-15
 4421.6709 4.34556e-15
 4424.6841 4.59380e-15
 4427.6973 4.67420e-15
 4430.7105 4.74159e-15
 4433.7238 4.98535e-15
 4436.7370 5.08974e-15
 4439.7502 5.25935e-15
 4442.7635 5.34233e-15
 4445.7767 5.54491e-15
 4448.7899 5.78363e-15
 4451.8031 5.90364e-15
 4454.8164 6.06835e-15
 4457.8296 6.18785e-15
 4460.8428 6.32544e-15
 4463.8560 6.47264e-15
 4466.8693 6.80741e-15
 4469.8825 7.02236e-15
 4472.8957 7.15613e-15
 4475.9089 7.37879e-15
 4478.9222 7.58519e-15
 4481.9354 7.80261e-15
 4484.9486 7.86839e-15
 4487.9619 8.17831e-15
 4490.9751 8.41403e-15
 4493.9883 8.40115e-15
 4497.0015 8.52505e-15
 4500.0148 8.85710e-15
 4503.0280 8.94875e-15
 4506.0412 9.02226e-15
 4509.0545 9.15957e-15
 4512.0677 9.35056e-15
 4515.0809 9.37035e-15
 4518.0941 9.36340e-15
 4521.1074 9.54224e-15
 4524.1206 9.76856e-15
 4527.1338 9.73184e-15
 4530.1470 9.91195e-15
 4533.1603 9.96105e-15
 4536.1735 9.93216e-15
 4539.1867 9.78014e-15
 4542.1999 9.83567e-15
 4545.2132 9.94346e-15
 4548.2264 9.91247e-15
 4551.2396 9.96281e-15
 4554.2529 9.99171e-15
 4557.2661 9.97436e-15
 4560.2793 9.92910e-15
 4563.2925 9.67848e-15
 4566.3058 9.67470e-15
 4569.3190 9.72656e-15
 4572.3322 9.75742e-15
 4575.3454 9.57955e-15
 4578.3587 9.37085e-15
 4581.3719 9.34943e-15
 4584.3851 9.09949e-15
 4587.3983 9.08834e-15
 4590.4116 8.93927e-15
 4593.4248 8.73476e-15
 4596.4380 8.54711e-15
 4599.4513 8.43095e-15
 4602.4645 8.20187e-15
 4605.4777 8.01181e-15
 4608.4909 7.85082e-15
 4611.5042 7.77676e-15
 4614.5174 7.52364e-15
 4617.5306 7.27139e-15
 4620.5438 7.08846e-15
 4623.5571 6.92721e-15
 4626.5703 6.64484e-15
 4629.5835 6.44975e-15
 4632.5968 6.35574e-15
 4635.6100 6.00516e-15
 4638.6232 5.88895e-15
 4641.6364 5.83007e-15
 4644.6497 5.64178e-15
 4647.6629 5.48623e-15
 4650.6761 5.32249e-15
 4653.6893 5.17869e-15
 4656.7026 5.07028e-15
 4659.7158 4.84760e-15
 4662.7290 4.73758e-15
 4665.7423 4.64717e-15
 4668.7555 4.45893e-15
 4671.7687 4.40327e-15
 4674.7819 4.30019e-15
 4677.7952 4.19085e-15
 4680.8084 4.06277e-15
 4683.8216 3.93664e-15
 4686.8348 3.83505e-15
 4689.8481 3.71216e-15
 4692.8613 3.63825e-15
 4695.8745 3.53052e-15
 4698.8878 3.40023e-15
 4701.9010 3.34454e-15
 4704.9142 3.26376e-15
 4707.9274 3.19965e-15
 4710.9407 3.07530e-15
 4713.9539 3.05713e-15
 4716.9671 3.06447e-15
 4719.9803 2.96950e-15
 4722.9936 2.90226e-15
 4726.0068 2.90785e-15
 4729.0200 2.87501e-15
 4732.0332 2.84055e-15
 4735.0465 2.84556e-15
 4738.0597 2.82528e-15
 4741.0729 2.82522e-15
 4744.0862 2.79158e-15
 4747.0994 2.79574e-15
 4750.1126 2.84013e-15
 4753.1258 2.87959e-15
 4756.1391 2.88290e-15
 4759.1523 2.85714e-15
 4762.1655 2.86763e-15
 4765.1787 2.90160e-15
 4768.1920 2.89361e-15
 4771.2052 2.86650e-15
 4774.2184 2.89336e-15
 4777.2316 2.88603e-15
 4780.2449 2.90787e-15
 4783.2581 2.91651e-15
 4786.2713 2.91453e-15
 4789.2846 2.89987e-15
 4792.2978 2.95328e-15
 4795.3110 2.98350e-15
 4798.3242 3.01833e-15
 4801.3375 3.07134e-15
 4804.3507 3.15398e-15
 4807.3639 3.18156e-15
 4810.3771 3.27501e-15
 4813.3904 3.37747e-15
 4816.4036 3.34319e-15
 4819.4168 3.46304e-15
 4822.4301 3.56501e-15
 4825.4433 3.57232e-15
 4828.4565 3.61652e-15
 4831.4697 3.71374e-15
 4834.4830 3.69416e-15
 4837.4962 3.73185e-15
 4840.5094 3.73421e-15
 4843.5226 3.75721e-15
 4846.5359 3.76699e-15
 4849.5491 3.76798e-15
 4852.5623 3.75018e-15
 4855.5756 3.73364e-15
 4858.5888 3.72417e-15
 4861.6020 3.67585e-15
 4864.6152 3.69487e-15
 4867.6285 3.66566e-15
 4870.6417 3.70091e-15
 4873.6549 3.69292e-15
 4876.6681 3.63861e-15
 4879.6814 3.67770e-15
 4882.6946 3.67452e-15
 4885.7078 3.68608e-15
 4888.7211 3.64913e-15
 4891.7343 3.57833e-15
 4894.7475 3.57723e-15
 4897.7607 3.52837e-15
 4900.7740 3.48412e-15
 4903.7872 3.50050e-15
 4906.8004 3.48502e-15
 4909.8136 3.49078e-15
 4912.8269 3.35631e-15
 4915.8401 3.30422e-15
 4918.8533 3.35311e-15
 4921.8665 3.29924e-15
 4924.8798 3.23844e-15
 4927.8930 3.24306e-15
 4930.9062 3.18813e-15
 4933.9195 3.07405e-15
 4936.9327 3.09755e-15
 4939.9459 3.11943e-15
 4942.9591 3.10570e-15
 4945.9724 3.10961e-15
 4948.9856 3.11908e-15
 4951.9988 3.09753e-15
 4955.0120 3.12499e-15
 4958.0253 3.11593e-15
 4961.0385 3.09496e-15
 4964.0517 3.10054e-15
 4967.0649 3.16757e-15
 4970.0782 3.13876e-15
 4973.0914 3.11200e-15
 4976.1046 3.16394e-15
 4979.1179 3.17148e-15
 4982.1311 3.10542e-15
 4985.1443 3.15675e-15
 4988.1575 3.17208e-15
 4991.1708 3.13071e-15
 4994.1840 3.18614e-15
 4997.1972 3.23217e-15
 5000.2105 3.15236e-15
 5003.2237 3.16889e-15
 5006.2369 3.14980e-15
 5009.2501 3.19442e-15
 5012.2634 3.23031e-15
 5015.2766 3.18452e-15
 5018.2898 3.19210e-15
 5021.3030 3.18076e-15
 5024.3163 3.25594e-15
 5027.3295 3.22609e-15
 5030.3427 3.27791e-15
 5033.3559 3.27378e-15
 5036.3692 3.26954e-15
 5039.3824 3.32833e-15
 5042.3956 3.38712e-15
 5045.4089 3.46134e-15
 5048.4221 3.45567e-15
 5051.4353 3.49208e-15
 5054.4485 3.53613e-15
 5057.4618 3.68052e-15
 5060.4750 3.69880e-15
 5063.4882 3.70559e-15
 5066.5014 3.78410e-15
 5069.5147 3.85440e-15
 5072.5279 3.92584e-15
 5075.5411 4.00494e-15
 5078.5544 4.10996e-15
 5081.5676 4.20381e-15
 5084.5808 4.27377e-15
 5087.5940 4.38133e-15
 5090.6073 4.51189e-15
 5093.6205 4.62138e-15
 5096.6337 4.75321e-15
 5099.6469 5.00021e-15
 5102.6602 5.01307e-15
 5105.6734 5.16653e-15
 5108.6866 5.23079e-15
 5111.6998 5.42828e-15
 5114.7131 5.63797e-15
 5117.7263 5.71888e-15
 5120.7395 5.84495e-15
 5123.7528 6.03056e-15
 5126.7660 6.20695e-15
 5129.7792 6.32483e-15
 5132.7924 6.48104e-15
 5135.8057 6.64073e-15
 5138.8189 6.76578e-15
 5141.8321 6.92769e-15
 5144.8453 7.20359e-15
 5147.8586 7.26927e-15
 5150.8718 7.49162e-15
 5153.8850 7.52945e-15
 5156.8983 7.64335e-15
 5159.9115 7.70408e-15
 5162.9247 7.83282e-15
 5165.9379 7.93717e-15
 5168.9512 7.92070e-15
 5171.9644 8.10103e-15
 5174.9776 8.30755e-15
 5177.9908 8.38269e-15
 5181.0041 8.47979e-15
 5184.0173 8.55595e-15
 5187.0305 8.58000e-15
 5190.0438 8.62463e-15
 5193.0570 8.66716e-15
 5196.0702 8.67106e-15
 5199.0834 8.80593e-15
 5202.0967 8.75327e-15
 5205.1099 8.68357e-15
 5208.1231 8.71412e-15
 5211.1363 8.74766e-15
 5214.1496 8.83683e-15
 5217.1628 8.76876e-15
 5220.1760 8.69729e-15
 5223.1892 8.79200e-15
 5226.2025 8.71820e-15
 5229.2157 8.66326e-15
 5232.2289 8.59256e-15
 5235.2422 8.55472e-15
 5238.2554 8.64155e-15
 5241.2686 8.46483e-15
 5244.2818 8.49472e-15
 5247.2951 8.55361e-15
 5250.3083 8.48024e-15
 5253.3215 8.54160e-15
 5256.3347 8.60352e-15
 5259.3480 8.56018e-15
 5262.3612 8.58110e-15
 5265.3744 8.36324e-15
 5268.3877 8.42689e-15
 5271.4009 8.48595e-15
 5274.4141 8.35558e-15
 5277.4273 8.30718e-15
 5280.4406 8.31474e-15
 5283.4538 8.25191e-15
 5286.4670 8.31084e-15
 5289.4802 8.29705e-15
 5292.4935 8.21445e-15
 5295.5067 8.27351e-15
 5298.5199 8.36942e-15
 5301.5331 8.28201e-15
 5304.5464 8.12448e-15
 5307.5596 8.23939e-15
 5310.5728 8.07449e-15
 5313.5861 8.04278e-15
 5316.5993 8.07368e-15
 5319.6125 8.18426e-15
 5322.6257 8.01314e-15
 5325.6390 7.97210e-15
 5328.6522 8.02928e-15
 5331.6654 7.96457e-15
 5334.6787 7.89406e-15
 5337.6919 7.84929e-15
 5340.7051 7.89777e-15
 5343.7183 7.78744e-15
 5346.7316 7.84073e-15
 5349.7448 7.63266e-15
 5352.7580 7.68860e-15
 5355.7712 7.62764e-15
 5358.7845 7.58703e-15
 5361.7977 7.58408e-15
 5364.8109 7.44580e-15
 5367.8241 7.29256e-15
 5370.8374 7.26306e-15
 5373.8506 7.22569e-15
 5376.8638 7.18523e-15
 5379.8771 6.93453e-15
 5382.8903 6.96302e-15
 5385.9035 6.89038e-15
 5388.9167 6.86636e-15
 5391.9300 6.89169e-15
 5394.9432 6.76190e-15
 5397.9564 6.77709e-15
 5400.9696 6.63454e-15
 5403.9829 6.58403e-15
 5406.9961 6.61064e-15
 5410.0093 6.62610e-15
 5413.0225 6.60183e-15
 5416.0358 6.62486e-15
 5419.0490 6.62095e-15
 5422.0622 6.45846e-15
 5425.0755 6.37724e-15
 5428.0887 6.47675e-15
 5431.1019 6.50314e-15
 5434.1151 6.53000e-15
 5437.1284 6.47170e-15
 5440.1416 6.44824e-15
 5443.1548 6.47095e-15
 5446.1680 6.49188e-15
 5449.1813 6.42293e-15
 5452.1945 6.46803e-15
 5455.2077 6.47159e-15
 5458.2210 6.30623e-15
 5461.2342 6.35272e-15
 5464.2474 6.39026e-15
 5467.2606 6.39151e-15
 5470.2739 6.33279e-15
 5473.2871 6.29283e-15
 5476.3003 6.31047e-15
 5479.3136 6.33573e-15
 5482.3268 6.23061e-15
 5485.3400 6.27481e-15
 5488.3532 6.30700e-15
 5491.3665 6.24314e-15
 5494.3797 6.10441e-15
 5497.3929 6.11541e-15
 5500.4061 6.05143e-15
 5503.4194 6.06550e-15
 5506.4326 6.05395e-15
 5509.4458 6.04202e-15
 5512.4590 6.01717e-15
 5515.4723 6.04498e-15
 5518.4855 5.94649e-15
 5521.4987 5.94720e-15
 5524.5120 5.91882e-15
 5527.5252 5.88999e-15
 5530.5384 5.92630e-15
 5533.5516 5.84560e-15
 5536.5649 5.83242e-15
 5539.5781 5.81964e-15
 5542.5913 5.73958e-15
 5545.6045 5.74774e-15
 5548.6178 5.71547e-15
 5551.6310 5.69844e-15
 5554.6442 5.68218e-15
 5557.6574 5.69140e-15
 5560.6707 5.62427e-15
 5563.6839 5.62185e-15
 5566.6971 5.64417e-15
 5569.7104 5.56243e-15
 5572.7236 5.49127e-15
 5575.7368 5.47686e-15
 5578.7500 5.44616e-15
 5581.7633 5.45190e-15
 5584.7765 5.38128e-15
 5587.7897 5.31440e-15
 5590.8029 5.35347e-15
 5593.8162 5.25184e-15
 5596.8294 5.31270e-15
 5599.8426 5.19217e-15
 5602.8559 5.15172e-15
 5605.8691 5.06526e-15
 5608.8823 4.94777e-15
 5611.8955 4.91538e-15
 5614.9088 4.94904e-15
 5617.9220 4.95652e-15
 5620.9352 4.85380e-15
 5623.9484 4.89649e-15
 5626.9617 4.97531e-15
 5629.9749 4.93609e-15
 5632.9881 4.89720e-15
 5636.0013 4.77343e-15
 5639.0146 4.75763e-15
 5642.0278 4.71487e-15
 5645.0410 4.64219e-15
 5648.0543 4.58226e-15
 5651.0675 4.67352e-15
 5654.0807 4.60668e-15
 5657.0939 4.57398e-15
 5660.1072 4.63521e-15
 5663.1204 4.54165e-15
 5666.1336 4.66183e-15
 5669.1469 4.67962e-15
 5672.1601 4.54251e-15
 5675.1733 4.50686e-15
 5678.1865 4.57375e-15
 5681.1998 4.59678e-15
 5684.2130 4.48176e-15
 5687.2262 4.48367e-15
 5690.2394 4.53822e-15
 5693.2527 4.51763e-15
 5696.2659 4.52338e-15
 5699.2791 4.61831e-15
 5702.2923 4.53567e-15
 5705.3056 4.44259e-15
 5708.3188 4.57761e-15
 5711.3320 4.62697e-15
 5714.3453 4.52479e-15
 5717.3585 4.45940e-15
 5720.3717 4.49693e-15
 5723.3849 4.58964e-15
 5726.3982 4.56044e-15
 5729.4114 4.58093e-15
 5732.4246 4.51978e-15
 5735.4378 4.53369e-15
 5738.4511 4.67720e-15
 5741.4643 4.64548e-15
 5744.4775 4.70114e-15
 5747.4907 4.71540e-15
 5750.5040 4.75836e-15
 5753.5172 4.76937e-15
 5756.5304 4.85227e-15
 5759.5437 4.69148e-15
 5762.5569 4.71108e-15
 5765.5701 5.01740e-15
 5768.5833 4.98539e-15
 5771.5966 4.98367e-15
 5774.6098 4.95921e-15
 5777.6230 5.04916e-15
 5780.6362 5.14850e-15
 5783.6495 5.08404e-15
 5786.6627 5.13713e-15
 5789.6759 5.27326e-15
 5792.6892 5.24054e-15
 5795.7024 5.27961e-15
 5798.7156 5.30580e-15
 5801.7288 5.31821e-15
 5804.7421 5.39314e-15
 5807.7553 5.44209e-15
 5810.7685 5.49064e-15
 5813.7817 5.45856e-15
 5816.7950 5.56248e-15
 5819.8082 5.61074e-15
 5822.8214 5.57973e-15
 5825.8347 5.48191e-15
 5828.8479 5.51311e-15
 5831.8611 5.52837e-15
 5834.8743 5.46038e-15
 5837.8876 5.54161e-15
 5840.9008 5.59582e-15
 5843.9140 5.72136e-15
 5846.9272 5.81151e-15
 5849.9405 5.95903e-15
 5852.9537 5.98488e-15
 5855.9669 5.90954e-15
 5858.9802 5.91494e-15
 5861.9934 5.90670e-15
 5865.0066 5.95443e-15
 5868.0198 5.99282e-15
 5871.0331 6.02048e-15
 5874.0463 5.95758e-15
 5877.0595 5.82425e-15
 5880.0727 5.82928e-15
 5883.0860 5.83079e-15
 5886.0992 5.75073e-15
 5889.1124 5.80961e-15
 5892.1256 5.80939e-15
 5895.1389 5.75587e-15
 5898.1521 5.73351e-15
 5901.1653 5.69126e-15
 5904.1786 5.58846e-15
 5907.1918 5.59030e-15
 5910.2050 5.70056e-15
 5913.2182 5.62132e-15
 5916.2315 5.53177e-15
 5919.2447 5.47826e-15
 5922.2579 5.44752e-15
 5925.2711 5.46814e-15
 5928.2844 5.37440e-15
 5931.2976 5.29420e-15
 5934.3108 5.22457e-15
 5937.3240 5.13816e-15
 5940.3373 4.99673e-15
 5943.3505 4.99488e-15
 5946.3637 4.95331e-15
 5949.3770 4.84887e-15
 5952.3902 4.76802e-15
 5955.4034 4.56735e-15
 5958.4166 4.45782e-15
 5961.4299 4.29759e-15
 5964.4431 4.14802e-15
 5967.4563 4.00614e-15
 5970.4696 3.87106e-15
 5973.4828 3.74550e-15
 5976.4960 3.59090e-15
 5979.5092 3.44018e-15
 5982.5225 3.26254e-15
 5985.5357 3.09392e-15
 5988.5489 2.98732e-15
 5991.5621 2.85869e-15
 5994.5754 2.81198e-15
 5997.5886 2.67026e-15
 6000.6018 2.56666e-15
 6003.6150 2.46549e-15
 6006.6283 2.31287e-15
 6009.6415 2.24851e-15
 6012.6547 2.22935e-15
 6015.6680 2.16676e-15
 6018.6812 2.10847e-15
 6021.6944 2.07571e-15
 6024.7076 2.01877e-15
 6027.7209 1.98883e-15
 6030.7341 1.90920e-15
 6033.7473 1.85636e-15
 6036.7605 1.77458e-15
 6039.7738 1.72584e-15
 6042.7870 1.71464e-15
 6045.8002 1.72590e-15
 6048.8135 1.64084e-15
 6051.8267 1.61648e-15
 6054.8399 1.55391e-15
 6057.8531 1.53886e-15
 6060.8664 1.53758e-15
 6063.8796 1.51756e-15
 6066.8928 1.51497e-15
 6069.9060 1.49255e-15
 6072.9193 1.49700e-15
 6075.9325 1.54187e-15
 6078.9457 1.55413e-15
 6081.9589 1.56865e-15
 6084.9722 1.57970e-15
 6087.9854 1.62211e-15
 6090.9986 1.64353e-15
 6094.0119 1.69339e-15
 6097.0251 1.74098e-15
 6100.0383 1.79867e-15
 6103.0515 1.81354e-15
 6106.0648 1.93998e-15
 6109.0780 2.05977e-15
 6112.0912 2.14316e-15
 6115.1044 2.17950e-15
 6118.1177 2.27085e-15
 6121.1309 2.38209e-15
 6124.1441 2.45866e-15
 6127.1573 2.51300e-15
 6130.1706 2.58968e-15
 6133.1838 2.66847e-15
 6136.1970 2.72746e-15
 6139.2103 2.84107e-15
 6142.2235 2.92514e-15
 6145.2367 2.95474e-15
 6148.2499 3.05352e-15
 6151.2632 3.10037e-15
 6154.2764 3.23175e-15
 6157.2896 3.28111e-15
 6160.3029 3.27970e-15
 6163.3161 3.38783e-15
 6166.3293 3.45194e-15
 6169.3425 3.50188e-15
 6172.3558 3.56398e-15
 6175.3690 3.59113e-15
 6178.3822 3.67105e-15
 6181.3954 3.68137e-15
 6184.4087 3.78204e-15
 6187.4219 3.77383e-15
 6190.4351 3.76881e-15
 6193.4483 3.91292e-15
 6196.4616 3.98007e-15
 6199.4748 3.98286e-15
 6202.4880 3.99555e-15
 6205.5013 3.98606e-15
 6208.5145 4.06643e-15
 6211.5277 4.07839e-15
 6214.5409 4.03810e-15
 6217.5542 4.08349e-15
 6220.5674 4.10449e-15
 6223.5806 4.15423e-15
 6226.5938 4.21660e-15
 6229.6071 4.17007e-15
 6232.6203 4.19069e-15
 6235.6335 4.30171e-15
 6238.6468 4.35226e-15
 6241.6600 4.39746e-15
 6244.6732 4.39993e-15
 6247.6864 4.38049e-15
 6250.6997 4.39082e-15
 6253.7129 4.42375e-15
 6256.7261 4.40140e-15
 6259.7393 4.38604e-15
 6262.7526 4.37937e-15
 6265.7658 4.39441e-15
 6268.7790 4.41978e-15
 6271.7922 4.41470e-15
 6274.8055 4.49908e-15
 6277.8187 4.43665e-15
 6280.8319 4.44857e-15
 6283.8452 4.50215e-15
 6286.8584 4.55268e-15
 6289.8716 4.45609e-15
 6292.8848 4.42000e-15
 6295.8981 4.43206e-15
 6298.9113 4.41857e-15
 6301.9245 4.38956e-15
 6304.9378 4.38091e-15
 6307.9510 4.40995e-15
 6310.9642 4.39534e-15
 6313.9774 4.44392e-15
 6316.9907 4.46558e-15
 6320.0039 4.43297e-15
 6323.0171 4.46521e-15
 6326.0303 4.39045e-15
 6329.0436 4.33100e-15
 6332.0568 4.36247e-15
 6335.0700 4.39137e-15
 6338.0832 4.43414e-15
 6341.0965 4.32131e-15
 6344.1097 4.28971e-15
 6347.1229 4.31607e-15
 6350.1362 4.34010e-15
 6353.1494 4.34801e-15
 6356.1626 4.29211e-15
 6359.1758 4.36102e-15
 6362.1891 4.30786e-15
 6365.2023 4.29646e-15
 6368.2155 4.39701e-15
 6371.2287 4.27569e-15
 6374.2420 4.27941e-15
 6377.2552 4.25991e-15
 6380.2684 4.35807e-15
 6383.2816 4.26318e-15
 6386.2949 4.29082e-15
 6389.3081 4.29247e-15
 6392.3213 4.28872e-15
 6395.3346 4.29003e-15
 6398.3478 4.35689e-15
 6401.3610 4.32185e-15
 6404.3742 4.33030e-15
 6407.3875 4.25067e-15
 6410.4007 4.21633e-15
 6413.4139 4.22543e-15
 6416.4271 4.18231e-15
 6419.4404 4.23655e-15
 6422.4536 4.24962e-15
 6425.4668 4.20676e-15
 6428.4801 4.21141e-15
 6431.4933 4.21745e-15
 6434.5065 4.23062e-15
 6437.5197 4.26527e-15
 6440.5330 4.30989e-15
 6443.5462 4.22336e-15
 6446.5594 4.22189e-15
 6449.5726 4.18939e-15
 6452.5859 4.13506e-15
 6455.5991 4.02990e-15
 6458.6123 4.11930e-15
 6461.6256 4.17519e-15
 6464.6388 4.08672e-15
 6467.6520 4.13059e-15
 6470.6652 4.13663e-15
 6473.6785 4.08622e-15
 6476.6917 4.06771e-15
 6479.7049 4.07572e-15
 6482.7181 4.02073e-15
 6485.7314 4.06485e-15
 6488.7446 4.03568e-15
 6491.7578 3.98697e-15
 6494.7711 4.00016e-15
 6497.7843 3.93525e-15
 6500.7975 3.94358e-15
 6503.8107 3.87704e-15
 6506.8240 3.97924e-15
 6509.8372 3.91394e-15
 6512.8504 3.88915e-15
 6515.8636 3.89597e-15
 6518.8769 3.83480e-15
 6521.8901 3.79371e-15
 6524.9033 3.79268e-15
 6527.9165 3.75612e-15
 6530.9298 3.74113e-15
 6533.9430 3.73424e-15
 6536.9562 3.70021e-15
 6539.9695 3.69217e-15
 6542.9827 3.63635e-15
 6545.9959 3.61540e-15
 6549.0091 3.57349e-15
 6552.0224 3.53708e-15
 6555.0356 3.52329e-15
 6558.0488 3.54098e-15
 6561.0620 3.51741e-15
 6564.0753 3.48693e-15
 6567.0885 3.47917e-15
 6570.1017 3.44691e-15
 6573.1149 3.40030e-15
 6576.1282 3.38006e-15
 6579.1414 3.31987e-15
 6582.1546 3.30065e-15
 6585.1679 3.27138e-15
 6588.1811 3.21190e-15
 6591.1943 3.24103e-15
 6594.2075 3.17867e-15
 6597.2208 3.16787e-15
 6600.2340 3.16408e-15
 6603.2472 3.16604e-15
 6606.2604 3.11524e-15
 6609.2737 3.12913e-15
 6612.2869 3.07720e-15
 6615.3001 3.05085e-15
 6618.3134 3.08839e-15
 6621.3266 3.03454e-15
 6624.3398 2.95272e-15
 6627.3530 2.95423e-15
 6630.3663 2.95363e-15
 6633.3795 2.91138e-15
 6636.3927 2.84393e-15
 6639.4060 2.82083e-15
 6642.4192 2.81208e-15
 6645.4324 2.82591e-15
 6648.4456 2.78594e-15
 6651.4589 2.80224e-15
 6654.4721 2.79814e-15
 6657.4853 2.77351e-15
 6660.4985 2.75631e-15
 6663.5118 2.75416e-15
 6666.5250 2.70948e-15
 6669.5382 2.70557e-15
 6672.5514 2.64331e-15
 6675.5647 2.64719e-15
 6678.5779 2.60620e-15
 6681.5911 2.62011e-15
 6684.6044 2.60227e-15
 6687.6176 2.49199e-15
 6690.6308 2.53654e-15
 6693.6440 2.54973e-15
 6696.6573 2.48259e-15
 6699.6705 2.46108e-15
 6702.6837 2.43041e-15
 6705.6969 2.42377e-15
 6708.7102 2.40134e-15
 6711.7234 2.37621e-15
 6714.7366 2.36408e-15
 6717.7498 2.38039e-15
 6720.7631 2.31346e-15
 6723.7763 2.29233e-15
 6726.7895 2.25947e-15
 6729.8028 2.24627e-15
 6732.8160 2.26049e-15
 6735.8292 2.26904e-15
 6738.8424 2.25519e-15
 6741.8557 2.24787e-15
 6744.8689 2.23987e-15
 6747.8821 2.18464e-15
 6750.8953 2.17772e-15
 6753.9086 2.20590e-15
 6756.9218 2.22010e-15
 6759.9350 2.19642e-15
 6762.9483 2.16080e-15
 6765.9615 2.11043e-15
 6768.9747 2.10875e-15
 6771.9879 2.15821e-15
 6775.0012 2.12810e-15
 6778.0144 2.14699e-15
 6781.0276 2.08683e-15
 6784.0408 2.12801e-15
 6787.0541 2.11988e-15
 6790.0673 2.11638e-15
 6793.0805 2.10494e-15
 6796.0938 2.11543e-15
 6799.1070 2.10319e-15
 6802.1202 1.97183e-15
 6805.1334 1.92338e-15
 6808.1467 2.16969e-15
 6811.1599 2.23151e-15
 6814.1731 2.23881e-15
 6817.1863 2.21835e-15
 6820.1996 2.06568e-15
 6823.2128 2.01520e-15
 6826.2260 2.08988e-15
 6829.2393 2.16724e-15
 6832.2525 2.13478e-15
 6835.2657 2.05716e-15
 6838.2789 2.08576e-15
 6841.2922 2.11072e-15
 6844.3054 2.07449e-15
 6847.3186 2.11493e-15
 6850.3318 2.03388e-15
 6853.3451 1.99925e-15
 6856.3583 2.02602e-15
 6859.3715 1.99499e-15
 6862.3847 2.01174e-15
 6865.3980 1.98895e-15
 6868.4112 1.97542e-15
 6871.4244 1.98893e-15
 6874.4377 1.95321e-15
 6877.4509 1.98286e-15
 6880.4641 1.97874e-15
 6883.4773 1.92929e-15
 6886.4906 1.94063e-15
 6889.5038 1.89802e-15
 6892.5170 1.93824e-15
 6895.5302 1.93300e-15
 6898.5435 1.89271e-15
 6901.5567 1.96277e-15
 6904.5699 1.91124e-15
 6907.5831 1.86171e-15
 6910.5964 1.84202e-15
 6913.6096 1.89427e-15
 6916.6228 1.87672e-15
 6919.6361 1.84422e-15
 6922.6493 1.80732e-15
 6925.6625 1.82997e-15
 6928.6757 1.83218e-15
 6931.6890 1.78683e-15
 6934.7022 1.81918e-15
 6937.7154 1.82055e-15
 6940.7286 1.82093e-15
 6943.7419 1.77762e-15
 6946.7551 1.77115e-15
 6949.7683 1.82214e-15
 6952.7816 1.79871e-15
 6955.7948 1.77409e-15
 6958.8080 1.78670e-15
 6961.8212 1.78576e-15
 6964.8345 1.77413e-15
 6967.8477 1.77470e-15
 6970.8609 1.73837e-15
 6973.8741 1.73680e-15
 6976.8874 1.79037e-15
 6979.9006 1.75867e-15
 6982.9138 1.73966e-15
 6985.9271 1.76756e-15
 6988.9403 1.78806e-15
 6991.9535 1.72332e-15
 6994.9667 1.70121e-15
 6997.9800 1.69746e-15
 7000.9932 1.71068e-15
 7004.0064 1.72945e-15
 7007.0196 1.66174e-15
 7010.0329 1.65119e-15
 7013.0461 1.69290e-15
 7016.0593 1.69131e-15
 7019.0726 1.65927e-15
 7022.0858 1.67446e-15
 7025.0990 1.68295e-15
 7028.1122 1.67355e-15
 7031.1255 1.69757e-15
 7034.1387 1.70104e-15
 7037.1519 1.66872e-15
 7040.1651 1.67151e-15
 7043.1784 1.70294e-15
 7046.1916 1.68976e-15
 7049.2048 1.60036e-15
 7052.2180 1.62442e-15
 7055.2313 1.62857e-15
 7058.2445 1.57583e-15
 7061.2577 1.60138e-15
 7064.2710 1.61073e-15
 7067.2842 1.59551e-15
 7070.2974 1.61110e-15
 7073.3106 1.60319e-15
 7076.3239 1.64681e-15
 7079.3371 1.60236e-15
 7082.3503 1.60046e-15
 7085.3635 1.60280e-15
 7088.3768 1.56913e-15
 7091.3900 1.59727e-15
 7094.4032 1.58350e-15
 7097.4164 1.54703e-15
 7100.4297 1.54529e-15
 7103.4429 1.54064e-15
 7106.4561 1.52013e-15
 7109.4694 1.55646e-15
 7112.4826 1.62084e-15
 7115.4958 1.56794e-15
 7118.5090 1.48476e-15
 7121.5223 1.57054e-15
 7124.5355 1.58697e-15
 7127.5487 1.57569e-15
 7130.5620 1.59827e-15
 7133.5752 1.53588e-15
 7136.5884 1.59928e-15
 7139.6016 1.60108e-15
 7142.6149 1.55322e-15
 7145.6281 1.55709e-15
 7148.6413 1.54184e-15
 7151.6545 1.57372e-15
 7154.6678 1.55482e-15
 7157.6810 1.49119e-15
 7160.6942 1.50795e-15
 7163.7074 1.49092e-15
 7166.7207 1.49339e-15
 7169.7339 1.55907e-15
 7172.7471 1.49497e-15
 7175.7604 1.50682e-15
 7178.7736 1.57341e-15
 7181.7868 1.49486e-15
 7184.8000 1.47634e-15
 7187.8133 1.56839e-15
 7190.8265 1.53697e-15
 7193.8397 1.50234e-15
 7196.8529 1.49815e-15
 7199.8662 1.54166e-15
 7202.8794 1.51859e-15
 7205.8926 1.48121e-15
 7208.9059 1.47771e-15
 7211.9191 1.55002e-15
 7214.9323 1.54983e-15
 7217.9455 1.52120e-15
 7220.9588 1.50006e-15
 7223.9720 1.52114e-15
 7226.9852 1.57538e-15
 7229.9984 1.54422e-15
 7233.0117 1.47184e-15
 7236.0249 1.49279e-15
 7239.0381 1.49703e-15
 7242.0513 1.50741e-15
 7245.0646 1.54661e-15
 7248.0778 1.49020e-15
 7251.0910 1.49137e-15
 7254.1043 1.53765e-15
 7257.1175 1.49617e-15
 7260.1307 1.48969e-15
 7263.1439 1.51243e-15
 7266.1572 1.47882e-15
 7269.1704 1.52019e-15
 7272.1836 1.51208e-15
 7275.1969 1.46213e-15
 7278.2101 1.42448e-15
 7281.2233 1.52578e-15
 7284.2365 1.49260e-15
 7287.2498 1.43197e-15
 7290.2630 1.45352e-15
 7293.2762 1.44203e-15
 7296.2894 1.41914e-15
 7299.3027 1.44133e-15
 7302.3159 1.48444e-15
 7305.3291 1.43209e-15
 7308.3423 1.38306e-15
 7311.3556 1.40782e-15
 7314.3688 1.43466e-15
 7317.3820 1.39193e-15
 7320.3953 1.39360e-15
 7323.4085 1.40850e-15
 7326.4217 1.42834e-15
 7329.4349 1.41350e-15
 7332.4482 1.40195e-15
 7335.4614 1.36699e-15
 7338.4746 1.34218e-15
 7341.4878 1.36344e-15
 7344.5011 1.34757e-15
 7347.5143 1.30722e-15
 7350.5275 1.32128e-15
 7353.5407 1.36086e-15
 7356.5540 1.32769e-15
 7359.5672 1.36766e-15
 7362.5804 1.32973e-15
 7365.5937 1.34526e-15
 7368.6069 1.28928e-15
 7371.6201 1.31144e-15
 7374.6333 1.33829e-15
 7377.6466 1.31044e-15
 7380.6598 1.29376e-15
 7383.6730 1.26388e-15
 7386.6862 1.28251e-15
 7389.6995 1.28270e-15
 7392.7127 1.28135e-15
 7395.7259 1.26043e-15
 7398.7392 1.27459e-15
 7401.7524 1.25616e-15
 7404.7656 1.22388e-15
 7407.7788 1.27564e-15
 7410.7921 1.27994e-15
 7413.8053 1.25543e-15
 7416.8185 1.27641e-15
 7419.8317 1.27846e-15
 7422.8450 1.26121e-15
 7425.8582 1.19188e-15
 7428.8714 1.18992e-15
 7431.8846 1.21771e-15
 7434.8979 1.22999e-15
 7437.9111 1.22102e-15
 7440.9243 1.22834e-15
 7443.9376 1.22059e-15
 7446.9508 1.20520e-15
 7449.9640 1.24222e-15
 7452.9772 1.24263e-15
 7455.9905 1.22168e-15
 7459.0037 1.24079e-15
 7462.0169 1.21961e-15
 7465.0302 1.21833e-15
 7468.0434 1.23427e-15
 7471.0566 1.21549e-15
 7474.0698 1.25887e-15
 7477.0831 1.20325e-15
 7480.0963 1.22753e-15
 7483.1095 1.16746e-15
 7486.1227 1.15645e-15
 7489.1360 1.20221e-15
 7492.1492 1.21283e-15
 7495.1624 1.23226e-15
 7498.1756 1.18032e-15
 7501.1889 1.20040e-15
 7504.2021 1.20304e-15
 7507.2153 1.19567e-15
 7510.2286 1.19494e-15
 7513.2418 1.20199e-15
 7516.2550 1.20141e-15
 7519.2682 1.13430e-15
 7522.2815 1.05810e-15
 7525.2947 9.75772e-16
 7528.3079 1.20710e-15
 7531.3211 1.31599e-15
 7534.3344 1.48735e-15
 7537.3476 1.60565e-15
 7540.3608 1.64699e-15
 7543.3740 1.54738e-15
 7546.3873 1.46733e-15
 7549.4005 1.20247e-15
 7552.4137 1.09421e-15
 7555.4270 1.20972e-15
 7558.4402 1.26533e-15
 7561.4534 1.34464e-15
 7564.4666 1.33068e-15
 7567.4799 1.28355e-15
 7570.4931 1.25689e-15
 7573.5063 1.29909e-15
 7576.5195 1.26034e-15
 7579.5328 1.26980e-15
 7582.5460 1.25914e-15
 7585.5592 1.18990e-15
 7588.5725 1.16776e-15
 7591.5857 1.23944e-15
 7594.5989 1.14084e-15
 7597.6121 1.22281e-15
 7600.6254 1.18802e-15
 7603.6386 1.14212e-15
 7606.6518 1.15034e-15
 7609.6650 1.12291e-15
 7612.6783 1.12320e-15
 7615.6915 1.13638e-15
 7618.7047 1.15925e-15
 7621.7180 1.08529e-15
 7624.7312 1.08271e-15
 7627.7444 1.10890e-15
 7630.7576 1.14441e-15
 7633.7709 1.11010e-15
 7636.7841 1.13586e-15
 7639.7973 1.12000e-15
 7642.8105 1.13147e-15
 7645.8238 1.08859e-15
 7648.8370 1.14774e-15
 7651.8502 1.12909e-15
 7654.8635 1.11067e-15
 7657.8767 1.09119e-15
 7660.8899 1.11618e-15
 7663.9031 1.17769e-15
 7666.9164 1.18757e-15
 7669.9296 1.14490e-15
 7672.9428 1.12232e-15
 7675.9560 1.13090e-15
 7678.9693 1.14336e-15
 7681.9825 1.09459e-15
 7684.9957 1.11619e-15
 7688.0089 1.12831e-15
 7691.0222 1.13761e-15
 7694.0354 1.15719e-15
 7697.0486 1.14453e-15
 7700.0619 1.12998e-15
 7703.0751 1.18117e-15
 7706.0883 1.12240e-15
 7709.1015 1.15111e-15
 7712.1148 1.15450e-15
 7715.1280 1.13175e-15
 7718.1412 1.15295e-15
 7721.1544 1.14230e-15
 7724.1677 1.16885e-15
 7727.1809 1.18513e-15
 7730.1941 1.13223e-15
 7733.2073 1.12874e-15
 7736.2206 1.14421e-15
 7739.2338 1.15602e-15
 7742.2470 1.14358e-15
 7745.2603 1.13596e-15
 7748.2735 1.14552e-15
 7751.2867 1.15319e-15
 7754.2999 1.14685e-15
 7757.3132 1.15949e-15
 7760.3264 1.14148e-15
 7763.3396 1.15301e-15
 7766.3529 1.18230e-15
 7769.3661 1.17633e-15
 7772.3793 1.14056e-15
 7775.3925 1.12688e-15
 7778.4058 1.12914e-15
 7781.4190 1.18747e-15
 7784.4322 1.19885e-15
 7787.4454 1.15657e-15
 7790.4587 1.15832e-15
 7793.4719 1.16896e-15
 7796.4851 1.20735e-15
 7799.4984 1.20238e-15
 7802.5116 1.20413e-15
 7805.5248 1.25122e-15
 7808.5380 1.19182e-15
 7811.5513 1.19543e-15
 7814.5645 1.22412e-15
 7817.5777 1.20690e-15
 7820.5909 1.26025e-15
 7823.6042 1.25680e-15
 7826.6174 1.25856e-15
 7829.6306 1.27746e-15
 7832.6438 1.27763e-15
 7835.6571 1.24162e-15
 7838.6703 1.26787e-15
 7841.6835 1.30470e-15
 7844.6968 1.24917e-15
 7847.7100 1.27429e-15
 7850.7232 1.28208e-15
 7853.7364 1.29996e-15
 7856.7497 1.28606e-15
 7859.7629 1.27307e-15
 7862.7761 1.30238e-15
 7865.7893 1.25166e-15
 7868.8026 1.27706e-15
 7871.8158 1.26741e-15
 7874.8290 1.28204e-15
 7877.8422 1.31401e-15
 7880.8555 1.27779e-15
 7883.8687 1.23271e-15
 7886.8819 1.25101e-15
 7889.8952 1.31838e-15
 7892.9084 1.34683e-15
 7895.9216 1.30009e-15
 7898.9348 1.31615e-15
 7901.9481 1.35780e-15
 7904.9613 1.29238e-15
 7907.9745 1.27916e-15
 7910.9877 1.26125e-15
 7914.0010 1.27622e-15
 7917.0142 1.26987e-15
 7920.0274 1.29181e-15
 7923.0407 1.27796e-15
 7926.0539 1.28003e-15
 7929.0671 1.22956e-15
 7932.0803 1.19936e-15
 7935.0936 1.19182e-15
 7938.1068 1.16706e-15
 7941.1200 1.17957e-15
 7944.1332 1.18075e-15
 7947.1465 1.13898e-15
 7950.1597 1.08457e-15
 7953.1729 1.06369e-15
 7956.1862 1.07352e-15
 7959.1994 9.88283e-16
 7962.2126 1.00633e-15
 7965.2258 1.02647e-15
 7968.2391 1.00855e-15
 7971.2523 9.59269e-16
 7974.2655 9.34069e-16
 7977.2787 9.29087e-16
 7980.2920 9.03620e-16
 7983.3052 8.67143e-16
 7986.3184 8.28741e-16
 7989.3317 7.81030e-16
 7992.3449 7.86854e-16
 7995.3581 7.73975e-16
 7998.3713 7.73786e-16
 8001.3846 7.22958e-16
 8004.3978 7.49234e-16
 8007.4110 7.57951e-16
 8010.4242 6.92357e-16
 8013.4375 6.96601e-16
 8016.4507 6.79920e-16
 8019.4639 6.44033e-16
 8022.4771 6.20015e-16
 8025.4904 5.91786e-16
 8028.5036 5.74957e-16
 8031.5168 5.60972e-16
 8034.5301 5.69851e-16
 8037.5433 5.73545e-16
 8040.5565 5.48366e-16
 8043.5697 5.64751e-16
 8046.5830 5.59816e-16
 8049.5962 5.15305e-16
 8052.6094 5.08014e-16
 8055.6226 4.93519e-16
 8058.6359 4.57660e-16
 8061.6491 4.63754e-16
 8064.6623 4.51851e-16
 8067.6755 4.61692e-16
 8070.6888 4.55620e-16
 8073.7020 4.58473e-16
 8076.7152 4.29694e-16
 8079.7285 4.16920e-16
 8082.7417 4.03057e-16
 8085.7549 4.11241e-16
 8088.7681 4.23649e-16
 8091.7814 4.12595e-16
 8094.7946 3.81350e-16
 8097.8078 3.98825e-16
 8100.8211 3.72168e-16
 8103.8343 4.01262e-16
 8106.8475 3.92772e-16
 8109.8607 3.65794e-16
 8112.8740 3.50006e-16
 8115.8872 3.53069e-16
 8118.9004 3.37030e-16
 8121.9136 3.04509e-16
 8124.9269 3.33779e-16
 8127.9401 3.24718e-16
 8130.9533 3.18627e-16
 8133.9665 3.27657e-16
 8136.9798 3.25665e-16
 8139.9930 3.20647e-16
 8143.0062 3.22993e-16
 8146.0195 3.06517e-16
 8149.0327 2.82774e-16
 8152.0459 3.41308e-16
 8155.0591 3.47695e-16
 8158.0724 3.46596e-16
 8161.0856 3.24392e-16
 8164.0988 2.99519e-16
 8167.1120 3.16064e-16
 8170.1253 3.37321e-16
 8173.1385 3.15110e-16
 8176.1517 2.99789e-16
 8179.1650 3.12793e-16
 8182.1782 3.34826e-16
 8185.1914 3.45530e-16
 8188.2046 3.56928e-16
 8191.2179 3.22993e-16
 8194.2311 3.11516e-16
 8197.2443 3.20015e-16
 8200.2575 3.44255e-16
 8203.2708 3.77528e-16
 8206.2840 3.63946e-16
 8209.2972 3.41961e-16
 8212.3104 3.98976e-16
 8215.3237 3.57135e-16
 8218.3369 3.44528e-16
 8221.3501 3.51386e-16
 8224.3634 3.51430e-16
 8227.3766 3.70986e-16
 8230.3898 3.87699e-16
 8233.4030 3.73619e-16
 8236.4163 3.83246e-16
 8239.4295 4.07726e-16
 8242.4427 4.25198e-16
 8245.4559 4.20769e-16
 8248.4692 4.22883e-16
 8251.4824 4.04930e-16
 8254.4956 4.00959e-16
 8257.5089 3.98930e-16
 8260.5221 3.74159e-16
 8263.5353 3.98238e-16
 8266.5485 4.06476e-16
 8269.5618 4.21001e-16
 8272.5750 4.46339e-16
 8275.5882 4.56323e-16
 8278.6014 4.91521e-16
 8281.6147 5.07323e-16
 8284.6279 4.92543e-16
 8287.6411 5.05184e-16
 8290.6544 5.42770e-16
 8293.6676 5.31069e-16
 8296.6808 5.56886e-16
 8299.6940 5.71332e-16
 8302.7073 6.06650e-16
 8305.7205 6.16002e-16
 8308.7337 6.25668e-16
 8311.7469 6.48268e-16
 8314.7602 6.66495e-16
 8317.7734 6.91202e-16
 8320.7866 6.81208e-16
 8323.7998 7.04422e-16
 8326.8131 7.32365e-16
 8329.8263 8.01971e-16
 8332.8395 8.14645e-16
 8335.8528 7.90749e-16
 8338.8660 8.49189e-16
 8341.8792 8.75091e-16
 8344.8924 8.78338e-16
 8347.9057 8.98903e-16
 8350.9189 9.02272e-16
 8353.9321 9.28924e-16
 8356.9453 9.60513e-16
 8359.9586 9.69483e-16
 8362.9718 9.73073e-16
 8365.9850 9.47147e-16
 8368.9983 1.03597e-15
 8372.0115 1.04372e-15
 8375.0247 9.95341e-16
 8378.0379 1.04886e-15
 8381.0512 1.06873e-15
 8384.0644 1.08414e-15
 8387.0776 1.09416e-15
 8390.0908 1.12877e-15
 8393.1041 1.14848e-15
 8396.1173 1.10794e-15
 8399.1305 1.13048e-15
 8402.1437 1.17867e-15
 8405.1570 1.20089e-15
 8408.1702 1.19493e-15
 8411.1834 1.18193e-15
 8414.1967 1.20347e-15
 8417.2099 1.25502e-15
 8420.2231 1.27843e-15
 8423.2363 1.30298e-15
 8426.2496 1.37217e-15
 8429.2628 1.36237e-15
 8432.2760 1.34696e-15
 8435.2893 1.36334e-15
 8438.3025 1.43908e-15
 8441.3157 1.40977e-15
 8444.3289 1.36240e-15
 8447.3422 1.41826e-15
 8450.3554 1.46236e-15
 8453.3686 1.41100e-15
 8456.3818 1.43906e-15
 8459.3951 1.45261e-15
 8462.4083 1.41668e-15
 8465.4215 1.40530e-15
 8468.4347 1.45618e-15
 8471.4480 1.48591e-15
 8474.4612 1.51239e-15
 8477.4744 1.49997e-15
 8480.4877 1.56031e-15
 8483.5009 1.58636e-15
 8486.5141 1.51249e-15
 8489.5273 1.52550e-15
 8492.5406 1.52344e-15
 8495.5538 1.49858e-15
 8498.5670 1.50979e-15
 8501.5802 1.48032e-15
 8504.5935 1.52083e-15
 8507.6067 1.54852e-15
 8510.6199 1.54042e-15
 8513.6331 1.57149e-15
 8516.6464 1.61111e-15
 8519.6596 1.60779e-15
 8522.6728 1.68133e-15
 8525.6861 1.62587e-15
 8528.6993 1.54890e-15
 8531.7125 1.71345e-15
 8534.7257 1.68725e-15
 8537.7390 1.67927e-15
 8540.7522 1.67337e-15
 8543.7654 1.63413e-15
 8546.7786 1.65820e-15
 8549.7919 1.63764e-15
 8552.8051 1.65527e-15
 8555.8183 1.70931e-15
 8558.8316 1.72427e-15
 8561.8448 1.73412e-15
 8564.8580 1.79391e-15
 8567.8712 1.77782e-15
 8570.8845 1.76443e-15
 8573.8977 1.66682e-15
 8576.9109 1.65298e-15
 8579.9241 1.78132e-15
 8582.9374 1.74935e-15
 8585.9506 1.70943e-15
 8588.9638 1.70275e-15
 8591.9771 1.73649e-15
 8594.9903 1.76432e-15
 8598.0035 1.66523e-15
 8601.0167 1.66832e-15
 8604.0300 1.71407e-15
 8607.0432 1.70113e-15
 8610.0564 1.75900e-15
 8613.0696 1.71559e-15
 8616.0829 1.72473e-15
 8619.0961 1.80966e-15
 8622.1093 1.87916e-15
 8625.1226 1.78420e-15
 8628.1358 1.81201e-15
 8631.1490 1.73455e-15
 8634.1622 1.80964e-15
 8637.1755 1.71263e-15
 8640.1887 1.70755e-15
 8643.2019 1.82153e-15
 8646.2151 1.82469e-15
 8649.2284 1.80176e-15
 8652.2416 1.78611e-15
 8655.2548 1.80244e-15
 8658.2680 1.86697e-15
 8661.2813 1.85321e-15
 8664.2945 2.06418e-15
 8667.3077 1.87078e-15
 8670.3210 1.73665e-15
 8673.3342 1.80007e-15
 8676.3474 1.85000e-15
 8679.3606 1.83140e-15
 8682.3739 1.80114e-15
 8685.3871 1.75802e-15
 8688.4003 1.85330e-15
 8691.4135 1.86327e-15
 8694.4268 1.85770e-15
 8697.4400 1.74694e-15
 8700.4532 1.79555e-15
 8703.4664 1.83453e-15
 8706.4797 1.81379e-15
 8709.4929 1.76059e-15
 8712.5061 1.86880e-15
 8715.5194 1.85109e-15
 8718.5326 1.85029e-15
 8721.5458 1.83176e-15
 8724.5590 1.87757e-15
 8727.5723 1.82192e-15
 8730.5855 1.77175e-15
 8733.5987 1.81722e-15
 8736.6119 1.90013e-15
 8739.6252 1.86435e-15
 8742.6384 1.79698e-15
 8745.6516 1.71361e-15
 8748.6649 1.70872e-15
 8751.6781 1.65351e-15
 8754.6913 1.72176e-15
 8757.7045 1.94433e-15
 8760.7178 1.68231e-15
 8763.7310 1.60172e-15
 8766.7442 1.65562e-15
 8769.7574 1.72333e-15
 8772.7707 1.74750e-15
 8775.7839 1.65135e-15
 8778.7971 1.64748e-15
 8781.8104 1.70231e-15
 8784.8236 1.70840e-15
 8787.8368 1.63894e-15
 8790.8500 1.62776e-15
 8793.8633 1.66218e-15
 8796.8765 1.62228e-15
 8799.8897 1.54613e-15
 8802.9029 1.59496e-15
 8805.9162 1.61016e-15
 8808.9294 1.60019e-15
 8811.9426 1.58992e-15
 8814.9559 1.70385e-15
 8817.9691 1.72689e-15
 8820.9823 1.55680e-15
 8823.9955 1.53855e-15
 8827.0088 1.64129e-15
 8830.0220 1.67524e-15
 8833.0352 1.62717e-15
 8836.0484 1.60532e-15
 8839.0617 1.55629e-15
 8842.0749 1.48278e-15
 8845.0881 1.51278e-15
 8848.1013 1.47068e-15
 8851.1146 1.41609e-15
 8854.1278 1.48072e-15
 8857.1410 1.44336e-15
 8860.1543 1.39724e-15
 8863.1675 1.43305e-15
 8866.1807 1.35313e-15
 8869.1939 1.38003e-15
 8872.2072 1.42894e-15
 8875.2204 1.45212e-15
 8878.2336 1.38505e-15
 8881.2468 1.34919e-15
 8884.2601 1.42420e-15
 8887.2733 1.43023e-15
 8890.2865 1.50292e-15
 8893.2997 1.52491e-15
 8896.3130 1.42454e-15
 8899.3262 1.41747e-15
 8902.3394 1.33285e-15
 8905.3527 1.33834e-15
 8908.3659 1.67900e-15
 8911.3791 1.57383e-15
 8914.3923 1.36315e-15
 8917.4056 1.34462e-15
 8920.4188 1.39535e-15
 8923.4320 1.32143e-15
 8926.4453 1.27572e-15
 8929.4585 1.33844e-15
 8932.4717 1.34413e-15
 8935.4849 1.40168e-15
 8938.4982 1.20652e-15
 8941.5114 1.22397e-15
 8944.5246 1.34197e-15
 8947.5378 1.22554e-15
 8950.5511 1.20281e-15
 8953.5643 1.21451e-15
 8956.5775 1.19045e-15
 8959.5908 1.22825e-15
 8962.6040 1.21321e-15
 8965.6172 1.15078e-15
 8968.6304 1.11230e-15
 8971.6437 1.16162e-15
 8974.6569 1.11667e-15
 8977.6701 1.17975e-15
 8980.6833 1.22782e-15
 8983.6966 1.12463e-15
 8986.7098 1.01354e-15
 8989.7230 1.17695e-15
 8992.7362 1.16298e-15
 8995.7495 1.05346e-15
 8998.7627 1.08271e-15
 9001.7759 1.01731e-15
 9004.7892 1.11856e-15
 9007.8024 1.05819e-15
 9010.8156 9.48325e-16
 9013.8288 1.14547e-15
 9016.8421 1.11679e-15
 9019.8553 1.03297e-15
 9022.8685 1.02020e-15
 9025.8817 1.10190e-15
 9028.8950 1.01154e-15
 9031.9082 1.00597e-15
 9034.9214 1.01569e-15
 9037.9346 1.01490e-15
 9040.9479 1.08637e-15
 9043.9611 1.03745e-15
 9046.9743 1.07538e-15
 9049.9876 1.00195e-15
 9053.0008 1.05265e-15
 9056.0140 1.01219e-15
 9059.0272 9.61428e-16
 9062.0405 1.01037e-15
 9065.0537 9.83910e-16
 9068.0669 9.66160e-16
 9071.0802 1.00660e-15
 9074.0934 9.55760e-16
 9077.1066 8.59685e-16
 9080.1198 9.42155e-16
 9083.1331 9.42578e-16
 9086.1463 8.69825e-16
 9089.1595 8.66251e-16
 9092.1727 9.19363e-16
 9095.1860 9.68049e-16
 9098.1992 9.20008e-16
 9101.2124 9.34152e-16
 9104.2256 9.05103e-16
 9107.2389 9.31427e-16
 9110.2521 1.00119e-15
 9113.2653 8.96408e-16
 9116.2786 8.72059e-16
 9119.2918 8.86011e-16
 9122.3050 8.67091e-16
 9125.3182 8.74192e-16
 9128.3315 8.10930e-16
 9131.3447 8.65179e-16
 9134.3579 8.30595e-16
 9137.3711 8.43421e-16
 9140.3844 8.13276e-16
 9143.3976 8.45974e-16
 9146.4108 8.20225e-16
 9149.4241 7.93554e-16
