#Object:               SN2009D
#FITS_file:            SN09D_r01_GEM_GM_12jan09
#Redshift:             0.02501
#JDate_of_max:         2454840.67
#JDate_of_observation: 2454843.55
#Epoch:                2.81      
#
3803.0614583181  3.127168E-15
3804.38725702545  3.101686E-15
3805.7130557328  3.076408E-15
3807.03885444015  3.047888E-15
3808.3646531475  3.023475E-15
3809.69045185485  2.995369E-15
3811.0162505622  2.972247E-15
3812.34204926956  2.953611E-15
3813.66784797691  2.930732E-15
3814.99364668426  2.903763E-15
3816.31944539161  2.871781E-15
3817.64524409896  2.791295E-15
3818.97104280631  2.862029E-15
3820.29684151366  2.852121E-15
3821.62264022101  2.963918E-15
3822.94843892836  3.131670E-15
3824.27423763571  2.952857E-15
3825.60003634306  2.904813E-15
3826.92583505041  3.113375E-15
3828.25163375776  3.015496E-15
3829.57743246511  3.214983E-15
3830.90323117246  2.973093E-15
3832.22902987982  3.412948E-15
3833.55482858717  3.277240E-15
3834.88062729452  3.156395E-15
3836.20642600187  3.320131E-15
3837.53222470922  3.161676E-15
3838.85802341657  3.341780E-15
3840.18382212392  3.290439E-15
3841.50962083127  3.452937E-15
3842.83541953862  3.538056E-15
3844.16121824597  3.597469E-15
3845.48701695332  3.613335E-15
3846.81281566067  3.634593E-15
3848.13861436802  3.685124E-15
3849.46441307537  3.735602E-15
3850.79021178273  3.894417E-15
3852.11601049008  3.927414E-15
3853.44180919743  3.988641E-15
3854.76760790478  4.169311E-15
3856.09340661213  4.150105E-15
3857.41920531948  4.054360E-15
3858.74500402683  4.043069E-15
3860.07080273418  4.120072E-15
3861.39660144153  4.285675E-15
3862.72240014888  4.215340E-15
3864.04819885623  4.289651E-15
3865.37399756358  4.361108E-15
3866.69979627093  4.435254E-15
3868.02559497828  4.606619E-15
3869.35139368563  4.548157E-15
3870.67719239299  4.585143E-15
3872.00299110034  4.831914E-15
3873.32878980769  4.757672E-15
3874.65458851504  4.841264E-15
3875.98038722239  4.765626E-15
3877.30618592974  4.765872E-15
3878.63198463709  5.114105E-15
3879.95778334444  4.880607E-15
3881.28358205179  4.880613E-15
3882.60938075914  5.248330E-15
3883.93517946649  5.114849E-15
3885.26097817384  5.056690E-15
3886.58677688119  4.915053E-15
3887.91257558854  4.998977E-15
3889.2383742959  5.285137E-15
3890.56417300325  5.102263E-15
3891.8899717106  5.203180E-15
3893.21577041795  5.230307E-15
3894.5415691253  5.129875E-15
3895.86736783265  5.034465E-15
3897.19316654  5.109662E-15
3898.51896524735  5.148079E-15
3899.8447639547  5.225278E-15
3901.17056266205  5.342215E-15
3902.4963613694  5.369348E-15
3903.82216007675  5.215635E-15
3905.1479587841  5.260404E-15
3906.47375749145  5.273910E-15
3907.79955619881  5.163808E-15
3909.12535490616  5.162530E-15
3910.45115361351  5.149921E-15
3911.77695232086  5.193628E-15
3913.10275102821  5.245194E-15
3914.42854973556  5.297157E-15
3915.75434844291  5.248656E-15
3917.08014715026  5.333402E-15
3918.40594585761  5.162106E-15
3919.73174456496  5.091368E-15
3921.05754327231  5.196811E-15
3922.38334197966  5.136478E-15
3923.70914068701  5.421482E-15
3925.03493939436  5.504898E-15
3926.36073810172  5.274697E-15
3927.68653680907  5.402119E-15
3929.01233551642  5.195062E-15
3930.33813422377  5.316008E-15
3931.66393293112  5.147178E-15
3932.98973163847  5.214919E-15
3934.31553034582  5.303000E-15
3935.64132905317  5.384857E-15
3936.96712776052  5.243433E-15
3938.29292646787  5.332270E-15
3939.61872517522  5.378354E-15
3940.94452388257  5.230747E-15
3942.27032258992  5.288989E-15
3943.59612129727  5.429129E-15
3944.92192000463  5.580426E-15
3946.24771871198  5.467629E-15
3947.57351741933  5.356137E-15
3948.89931612668  5.392016E-15
3950.22511483403  5.336637E-15
3951.55091354138  5.413320E-15
3952.87671224873  5.569239E-15
3954.20251095608  5.602072E-15
3955.52830966343  5.376011E-15
3956.85410837078  5.491653E-15
3958.17990707813  5.563091E-15
3959.50570578548  5.393123E-15
3960.83150449283  5.361596E-15
3962.15730320018  5.534267E-15
3963.48310190754  5.408786E-15
3964.80890061489  5.385999E-15
3966.13469932224  5.279274E-15
3967.46049802959  5.283384E-15
3968.78629673694  5.278988E-15
3970.11209544429  5.190288E-15
3971.43789415164  4.978265E-15
3972.76369285899  5.179495E-15
3974.08949156634  5.045517E-15
3975.41529027369  5.134205E-15
3976.74108898104  5.169553E-15
3978.06688768839  4.833225E-15
3979.39268639574  4.779002E-15
3980.71848510309  4.974831E-15
3982.04428381044  4.969608E-15
3983.3700825178  4.860312E-15
3984.69588122515  4.770967E-15
3986.0216799325  4.666759E-15
3987.34747863985  4.686067E-15
3988.6732773472  4.682446E-15
3989.99907605455  4.660053E-15
3991.3248747619  4.534405E-15
3992.65067346925  4.588718E-15
3993.9764721766  4.565157E-15
3995.30227088395  4.594411E-15
3996.6280695913  4.632536E-15
3997.95386829865  4.692170E-15
3999.279667006  4.600287E-15
4000.60546571335  4.517225E-15
4001.93126442071  4.478676E-15
4003.25706312806  4.498600E-15
4004.58286183541  4.455371E-15
4005.90866054276  4.543019E-15
4007.23445925011  4.555051E-15
4008.56025795746  4.547805E-15
4009.88605666481  4.560592E-15
4011.21185537216  4.514215E-15
4012.53765407951  4.555009E-15
4013.86345278686  4.622853E-15
4015.18925149421  4.574955E-15
4016.51505020156  4.634318E-15
4017.84084890891  4.638627E-15
4019.16664761626  4.686251E-15
4020.49244632361  4.476863E-15
4021.81824503097  4.512551E-15
4023.14404373832  4.571973E-15
4024.46984244567  4.784107E-15
4025.79564115302  4.545343E-15
4027.12143986037  4.743845E-15
4028.44723856772  4.579730E-15
4029.77303727507  4.831744E-15
4031.09883598242  4.870847E-15
4032.42463468977  4.820683E-15
4033.75043339712  4.853925E-15
4035.07623210447  5.006087E-15
4036.40203081182  4.816224E-15
4037.72782951917  4.888488E-15
4039.05362822652  4.991776E-15
4040.37942693388  5.004552E-15
4041.70522564123  4.990351E-15
4043.03102434858  5.092250E-15
4044.35682305593  5.098646E-15
4045.68262176328  5.140021E-15
4047.00842047063  5.139741E-15
4048.33421917798  5.363679E-15
4049.66001788533  5.358796E-15
4050.98581659268  5.240131E-15
4052.31161530003  5.346871E-15
4053.63741400738  5.311584E-15
4054.96321271473  5.384951E-15
4056.28901142208  5.443984E-15
4057.61481012943  5.501280E-15
4058.94060883679  5.557456E-15
4060.26640754414  5.654379E-15
4061.59220625149  5.492052E-15
4062.91800495884  5.620667E-15
4064.24380366619  5.492640E-15
4065.56960237354  5.607647E-15
4066.89540108089  5.552481E-15
4068.22119978824  5.531176E-15
4069.54699849559  5.646935E-15
4070.87279720294  5.695069E-15
4072.19859591029  5.729613E-15
4073.52439461764  5.594617E-15
4074.85019332499  5.743475E-15
4076.17599203234  5.803637E-15
4077.50179073969  5.783250E-15
4078.82758944705  5.878443E-15
4080.1533881544  5.780928E-15
4081.47918686175  5.658454E-15
4082.8049855691  5.639450E-15
4084.13078427645  5.696651E-15
4085.4565829838  5.663134E-15
4086.78238169115  5.622444E-15
4088.1081803985  5.863753E-15
4089.43397910585  5.973241E-15
4090.7597778132  5.907873E-15
4092.08557652055  5.714548E-15
4093.4113752279  5.743423E-15
4094.73717393525  5.734382E-15
4096.0629726426  5.763479E-15
4097.38877134996  5.793535E-15
4098.71457005731  5.815694E-15
4100.04036876466  5.829061E-15
4101.36616747201  5.748463E-15
4102.69196617936  5.735814E-15
4104.01776488671  5.741639E-15
4105.34356359406  5.673973E-15
4106.66936230141  5.711884E-15
4107.99516100876  5.704024E-15
4109.32095971611  5.629053E-15
4110.64675842346  5.601200E-15
4111.97255713081  5.594836E-15
4113.29835583816  5.579790E-15
4114.62415454551  5.564839E-15
4115.94995325286  5.656965E-15
4117.27575196022  5.461814E-15
4118.60155066757  5.450414E-15
4119.92734937492  5.471817E-15
4121.25314808227  5.421651E-15
4122.57894678962  5.356369E-15
4123.90474549697  5.305253E-15
4125.23054420432  5.299227E-15
4126.55634291167  5.298623E-15
4127.88214161902  5.198284E-15
4129.20794032637  5.383387E-15
4130.53373903372  5.294741E-15
4131.85953774107  5.205535E-15
4133.18533644843  5.161146E-15
4134.51113515577  5.089651E-15
4135.83693386313  5.219705E-15
4137.16273257048  5.030571E-15
4138.48853127783  5.167033E-15
4139.81432998518  4.929325E-15
4141.14012869253  5.054864E-15
4142.46592739988  5.014336E-15
4143.79172610723  5.059536E-15
4145.11752481458  4.987644E-15
4146.44332352193  5.045703E-15
4147.76912222928  4.979143E-15
4149.09492093663  4.920471E-15
4150.42071964398  4.860305E-15
4151.74651835133  4.829148E-15
4153.07231705868  4.844780E-15
4154.39811576604  4.815196E-15
4155.72391447339  4.782092E-15
4157.04971318074  4.841574E-15
4158.37551188809  4.847094E-15
4159.70131059544  4.814974E-15
4161.02710930279  4.868458E-15
4162.35290801014  4.903804E-15
4163.67870671749  4.915096E-15
4165.00450542484  4.975389E-15
4166.33030413219  4.906667E-15
4167.65610283954  4.954010E-15
4168.98190154689  4.801305E-15
4170.30770025424  5.007734E-15
4171.63349896159  4.981093E-15
4172.95929766895  4.983048E-15
4174.2850963763  4.914986E-15
4175.61089508365  5.004116E-15
4176.936693791  4.871959E-15
4178.26249249835  4.929301E-15
4179.5882912057  4.837137E-15
4180.91408991305  4.871936E-15
4182.2398886204  4.987434E-15
4183.56568732775  4.903695E-15
4184.8914860351  4.818727E-15
4186.21728474245  4.797371E-15
4187.5430834498  4.872996E-15
4188.86888215715  4.691381E-15
4190.1946808645  4.660340E-15
4191.52047957186  4.699108E-15
4192.84627827921  4.596849E-15
4194.17207698656  4.598184E-15
4195.49787569391  4.549156E-15
4196.82367440126  4.580262E-15
4198.14947310861  4.633078E-15
4199.47527181596  4.568767E-15
4200.80107052331  4.518020E-15
4202.12686923066  4.493779E-15
4203.45266793801  4.399512E-15
4204.77846664536  4.283688E-15
4206.10426535271  4.347516E-15
4207.43006406006  4.348368E-15
4208.75586276741  4.313074E-15
4210.08166147476  4.287945E-15
4211.40746018212  4.255799E-15
4212.73325888947  4.247739E-15
4214.05905759682  4.213412E-15
4215.38485630417  4.205938E-15
4216.71065501152  4.113149E-15
4218.03645371887  4.017205E-15
4219.36225242622  4.192519E-15
4220.68805113357  4.185621E-15
4222.01384984092  4.093834E-15
4223.33964854827  4.123865E-15
4224.66544725562  4.017419E-15
4225.99124596297  3.970642E-15
4227.31704467032  4.058240E-15
4228.64284337768  4.023594E-15
4229.96864208503  4.023292E-15
4231.29444079238  3.951922E-15
4232.62023949973  3.858189E-15
4233.94603820708  3.796039E-15
4235.27183691443  3.892218E-15
4236.59763562178  3.880151E-15
4237.92343432913  3.808462E-15
4239.24923303648  3.757795E-15
4240.57503174383  3.667656E-15
4241.90083045118  3.671131E-15
4243.22662915853  3.645039E-15
4244.55242786588  3.598792E-15
4245.87822657323  3.599622E-15
4247.20402528058  3.605975E-15
4248.52982398794  3.578654E-15
4249.85562269529  3.524006E-15
4251.18142140264  3.507498E-15
4252.50722010999  3.437374E-15
4253.83301881734  3.419222E-15
4255.15881752469  3.446791E-15
4256.48461623204  3.398128E-15
4257.81041493939  3.341161E-15
4259.13621364674  3.331855E-15
4260.46201235409  3.331855E-15
4261.78781106144  3.362394E-15
4263.11360976879  3.292492E-15
4264.43940847614  3.297602E-15
4265.76520718349  3.252154E-15
4267.09100589085  3.214501E-15
4268.4168045982  3.222280E-15
4269.74260330555  3.196269E-15
4271.0684020129  3.166507E-15
4272.39420072025  3.197134E-15
4273.7199994276  3.137707E-15
4275.04579813495  3.088672E-15
4276.3715968423  3.074042E-15
4277.69739554965  3.062850E-15
4279.023194257  3.014387E-15
4280.34899296435  3.015347E-15
4281.6747916717  2.991957E-15
4283.00059037905  2.948483E-15
4284.3263890864  2.965802E-15
4285.65218779375  2.865615E-15
4286.9779865011  2.848477E-15
4288.30378520846  2.901840E-15
4289.62958391581  2.829032E-15
4290.95538262316  2.839713E-15
4292.28118133051  2.950095E-15
4293.60698003786  2.880618E-15
4294.93277874521  2.824513E-15
4296.25857745256  2.836314E-15
4297.58437615991  2.818164E-15
4298.91017486726  2.806891E-15
4300.23597357461  2.790490E-15
4301.56177228196  2.784138E-15
4302.88757098931  2.820078E-15
4304.21336969666  2.823863E-15
4305.53916840401  2.780495E-15
4306.86496711137  2.777286E-15
4308.19076581872  2.814481E-15
4309.51656452607  2.718273E-15
4310.84236323342  2.753321E-15
4312.16816194077  2.753958E-15
4313.49396064812  2.737472E-15
4314.81975935547  2.761176E-15
4316.14555806282  2.752695E-15
4317.47135677017  2.760882E-15
4318.79715547752  2.780701E-15
4320.12295418487  2.771527E-15
4321.44875289222  2.768947E-15
4322.77455159957  2.811062E-15
4324.10035030693  2.855782E-15
4325.42614901428  2.839592E-15
4326.75194772163  2.859921E-15
4328.07774642898  2.861146E-15
4329.40354513633  2.861015E-15
4330.72934384368  2.891618E-15
4332.05514255103  2.892825E-15
4333.38094125838  2.871833E-15
4334.70673996573  2.860407E-15
4336.03253867308  2.867711E-15
4337.35833738043  2.853864E-15
4338.68413608778  2.847007E-15
4340.00993479513  2.831933E-15
4341.33573350248  2.858473E-15
4342.66153220983  2.906131E-15
4343.98733091719  2.929829E-15
4345.31312962454  2.923162E-15
4346.63892833189  3.013221E-15
4347.96472703924  2.976549E-15
4349.29052574659  2.961656E-15
4350.61632445394  2.960895E-15
4351.94212316129  2.972254E-15
4353.26792186864  2.980495E-15
4354.59372057599  2.958400E-15
4355.91951928334  3.000089E-15
4357.24531799069  3.036189E-15
4358.57111669804  3.069290E-15
4359.89691540539  3.034466E-15
4361.22271411274  3.067038E-15
4362.5485128201  3.061456E-15
4363.87431152745  3.120041E-15
4365.2001102348  3.106473E-15
4366.52590894215  3.150665E-15
4367.8517076495  3.096715E-15
4369.17750635685  3.087079E-15
4370.5033050642  3.138917E-15
4371.82910377155  3.123738E-15
4373.1549024789  3.201993E-15
4374.48070118625  3.127473E-15
4375.8064998936  3.096379E-15
4377.13229860095  3.140290E-15
4378.4580973083  3.171182E-15
4379.78389601565  3.202251E-15
4381.10969472301  3.192201E-15
4382.43549343036  3.190772E-15
4383.76129213771  3.187529E-15
4385.08709084506  3.239419E-15
4386.41288955241  3.248372E-15
4387.73868825976  3.233750E-15
4389.06448696711  3.277406E-15
4390.39028567446  3.288634E-15
4391.71608438181  3.243091E-15
4393.04188308916  3.234211E-15
4394.36768179651  3.242227E-15
4395.69348050386  3.281623E-15
4397.01927921121  3.270482E-15
4398.34507791857  3.284724E-15
4399.67087662592  3.225008E-15
4400.99667533327  3.221299E-15
4402.32247404062  3.295440E-15
4403.64827274797  3.241708E-15
4404.97407145532  3.227568E-15
4406.29987016267  3.248139E-15
4407.62566887002  3.236611E-15
4408.95146757737  3.273543E-15
4410.27726628472  3.232469E-15
4411.60306499207  3.262588E-15
4412.92886369942  3.216168E-15
4414.25466240677  3.249756E-15
4415.58046111412  3.266501E-15
4416.90625982147  3.219958E-15
4418.23205852882  3.260140E-15
4419.55785723618  3.215558E-15
4420.88365594352  3.224522E-15
4422.20945465088  3.215155E-15
4423.53525335823  3.269250E-15
4424.86105206558  3.209358E-15
4426.18685077293  3.180227E-15
4427.51264948028  3.197672E-15
4428.83844818763  3.198968E-15
4430.16424689498  3.204738E-15
4431.49004560233  3.215542E-15
4432.81584430968  3.225534E-15
4434.14164301703  3.221896E-15
4435.46744172438  3.204550E-15
4436.79324043173  3.220912E-15
4438.11903913909  3.208085E-15
4439.44483784644  3.212964E-15
4440.77063655379  3.274565E-15
4442.09643526114  3.241717E-15
4443.42223396849  3.219045E-15
4444.74803267584  3.260255E-15
4446.07383138319  3.288165E-15
4447.39963009054  3.353358E-15
4448.72542879789  3.333039E-15
4450.05122750524  3.317484E-15
4451.37702621259  3.360545E-15
4452.70282491994  3.384965E-15
4454.02862362729  3.370020E-15
4455.35442233464  3.389867E-15
4456.680221042  3.459311E-15
4458.00601974935  3.475986E-15
4459.3318184567  3.452800E-15
4460.65761716405  3.442904E-15
4461.9834158714  3.417547E-15
4463.30921457875  3.452322E-15
4464.6350132861  3.540189E-15
4465.96081199345  3.559806E-15
4467.2866107008  3.521444E-15
4468.61240940815  3.605120E-15
4469.9382081155  3.618408E-15
4471.26400682285  3.588965E-15
4472.5898055302  3.597608E-15
4473.91560423755  3.701771E-15
4475.2414029449  3.753101E-15
4476.56720165226  3.666889E-15
4477.89300035961  3.742403E-15
4479.21879906696  3.772429E-15
4480.54459777431  3.802417E-15
4481.87039648166  3.764599E-15
4483.19619518901  3.790409E-15
4484.52199389636  3.747915E-15
4485.84779260371  3.757790E-15
4487.17359131106  3.737742E-15
4488.49939001841  3.842176E-15
4489.82518872576  3.842919E-15
4491.15098743311  3.836407E-15
4492.47678614046  3.864630E-15
4493.80258484782  3.827813E-15
4495.12838355517  3.883120E-15
4496.45418226252  3.895461E-15
4497.77998096987  3.912579E-15
4499.10577967722  3.857400E-15
4500.43157838457  3.844026E-15
4501.75737709192  3.880146E-15
4503.08317579927  3.933342E-15
4504.40897450662  3.910696E-15
4505.73477321397  3.863825E-15
4507.06057192132  3.830567E-15
4508.38637062867  3.822547E-15
4509.71216933602  3.856527E-15
4511.03796804337  3.839449E-15
4512.36376675072  3.860170E-15
4513.68956545807  3.877264E-15
4515.01536416543  3.876052E-15
4516.34116287278  3.905037E-15
4517.66696158013  3.923576E-15
4518.99276028748  3.903706E-15
4520.31855899483  3.868859E-15
4521.64435770218  3.855572E-15
4522.97015640953  3.843437E-15
4524.29595511688  3.828000E-15
4525.62175382423  3.846956E-15
4526.94755253158  3.834597E-15
4528.27335123893  3.847930E-15
4529.59914994628  3.809266E-15
4530.92494865363  3.880316E-15
4532.25074736099  3.876803E-15
4533.57654606834  3.814009E-15
4534.90234477569  3.818124E-15
4536.22814348304  3.776258E-15
4537.55394219039  3.786514E-15
4538.87974089774  3.786668E-15
4540.20553960509  3.799567E-15
4541.53133831244  3.791103E-15
4542.85713701979  3.761164E-15
4544.18293572714  3.777534E-15
4545.50873443449  3.727606E-15
4546.83453314184  3.702557E-15
4548.16033184919  3.706684E-15
4549.48613055654  3.622227E-15
4550.81192926389  3.630856E-15
4552.13772797124  3.642406E-15
4553.4635266786  3.627576E-15
4554.78932538595  3.590155E-15
4556.1151240933  3.574176E-15
4557.44092280065  3.545737E-15
4558.766721508  3.557038E-15
4560.09252021535  3.554168E-15
4561.4183189227  3.499331E-15
4562.74411763005  3.503313E-15
4564.0699163374  3.513168E-15
4565.39571504475  3.503045E-15
4566.7215137521  3.501997E-15
4568.04731245945  3.468651E-15
4569.3731111668  3.506790E-15
4570.69890987415  3.497376E-15
4572.02470858151  3.498914E-15
4573.35050728886  3.508329E-15
4574.67630599621  3.517675E-15
4576.00210470356  3.484881E-15
4577.32790341091  3.472930E-15
4578.65370211826  3.498518E-15
4579.97950082561  3.490663E-15
4581.30529953296  3.483445E-15
4582.63109824031  3.489672E-15
4583.95689694766  3.486577E-15
4585.28269565501  3.491331E-15
4586.60849436236  3.512153E-15
4587.93429306971  3.520485E-15
4589.26009177707  3.483267E-15
4590.58589048441  3.471630E-15
4591.91168919177  3.505595E-15
4593.23748789912  3.531675E-15
4594.56328660647  3.543752E-15
4595.88908531382  3.546860E-15
4597.21488402117  3.527287E-15
4598.54068272852  3.510643E-15
4599.86648143587  3.518626E-15
4601.19228014322  3.470579E-15
4602.51807885057  3.515112E-15
4603.84387755792  3.548646E-15
4605.16967626527  3.508434E-15
4606.49547497262  3.478186E-15
4607.82127367998  3.489172E-15
4609.14707238733  3.498602E-15
4610.47287109468  3.508640E-15
4611.79866980203  3.491576E-15
4613.12446850938  3.472184E-15
4614.45026721673  3.478637E-15
4615.77606592408  3.405722E-15
4617.10186463143  3.474948E-15
4618.42766333878  3.397015E-15
4619.75346204613  3.440384E-15
4621.07926075348  3.430674E-15
4622.40505946083  3.404013E-15
4623.73085816818  3.403743E-15
4625.05665687553  3.410208E-15
4626.38245558289  3.351620E-15
4627.70825429024  3.351731E-15
4629.03405299759  3.386063E-15
4630.35985170494  3.378262E-15
4631.68565041229  3.330253E-15
4633.01144911964  3.287374E-15
4634.33724782699  3.284005E-15
4635.66304653434  3.258818E-15
4636.98884524169  3.216946E-15
4638.31464394904  3.190342E-15
4639.64044265639  3.113312E-15
4640.96624136374  3.071636E-15
4642.29204007109  3.065008E-15
4643.61783877844  3.028319E-15
4644.94363748579  2.958539E-15
4646.26943619315  2.949064E-15
4647.5952349005  2.914686E-15
4648.92103360785  2.894755E-15
4650.2468323152  2.881308E-15
4651.57263102255  2.832814E-15
4652.8984297299  2.812624E-15
4654.22422843725  2.783854E-15
4655.5500271446  2.733618E-15
4656.87582585195  2.707415E-15
4658.2016245593  2.702725E-15
4659.52742326665  2.661822E-15
4660.853221974  2.634966E-15
4662.17902068135  2.647581E-15
4663.5048193887  2.610917E-15
4664.83061809606  2.582570E-15
4666.15641680341  2.608029E-15
4667.48221551076  2.600000E-15
4668.80801421811  2.585668E-15
4670.13381292546  2.593205E-15
4671.45961163281  2.592294E-15
4672.78541034016  2.603457E-15
4674.11120904751  2.564191E-15
4675.43700775486  2.569106E-15
4676.76280646221  2.570483E-15
4678.08860516956  2.576585E-15
4679.41440387691  2.547615E-15
4680.74020258426  2.493019E-15
4682.06600129161  2.520639E-15
4683.39179999896  2.495498E-15
4684.71759870632  2.488594E-15
4686.04339741367  2.498883E-15
4687.36919612102  2.475032E-15
4688.69499482837  2.502103E-15
4690.02079353572  2.493325E-15
4691.34659224307  2.474424E-15
4692.67239095042  2.492479E-15
4693.99818965777  2.462949E-15
4695.32398836512  2.491185E-15
4696.64978707247  2.479543E-15
4697.97558577982  2.434284E-15
4699.30138448717  2.454828E-15
4700.62718319452  2.496368E-15
4701.95298190187  2.499421E-15
4703.27878060923  2.503436E-15
4704.60457931658  2.453444E-15
4705.93037802393  2.482698E-15
4707.25617673128  2.492398E-15
4708.58197543863  2.512630E-15
4709.90777414598  2.490368E-15
4711.23357285333  2.475518E-15
4712.55937156068  2.502020E-15
4713.88517026803  2.509531E-15
4715.21096897538  2.485320E-15
4716.53676768273  2.509854E-15
4717.86256639008  2.492102E-15
4719.18836509743  2.459619E-15
4720.51416380478  2.444878E-15
4721.83996251213  2.447386E-15
4723.16576121949  2.452430E-15
4724.49155992684  2.427174E-15
4725.81735863419  2.457912E-15
4727.14315734154  2.457125E-15
4728.46895604889  2.461594E-15
4729.79475475624  2.452319E-15
4731.12055346359  2.435326E-15
4732.44635217094  2.435012E-15
4733.77215087829  2.419102E-15
4735.09794958564  2.381896E-15
4736.42374829299  2.374720E-15
4737.74954700034  2.365588E-15
4739.07534570769  2.330613E-15
4740.40114441504  2.306095E-15
4741.7269431224  2.298837E-15
4743.05274182975  2.268889E-15
4744.3785405371  2.261485E-15
4745.70433924445  2.251619E-15
4747.0301379518  2.208356E-15
4748.35593665915  2.190634E-15
4749.6817353665  2.186930E-15
4751.00753407385  2.162612E-15
4752.3333327812  2.131779E-15
4753.65913148855  2.144028E-15
4754.9849301959  2.138416E-15
4756.31072890325  2.103345E-15
4757.6365276106  2.097320E-15
4758.96232631795  2.091162E-15
4760.28812502531  2.095864E-15
4761.61392373266  2.059266E-15
4762.93972244001  2.064773E-15
4764.26552114736  2.072317E-15
4765.59131985471  2.077027E-15
4766.91711856206  2.079529E-15
4768.24291726941  2.062699E-15
4769.56871597676  2.090983E-15
4770.89451468411  2.077396E-15
4772.22031339146  2.079780E-15
4773.54611209881  2.097956E-15
4774.87191080616  2.116190E-15
4776.19770951351  2.125592E-15
4777.52350822087  2.135426E-15
4778.84930692822  2.124543E-15
4780.17510563557  2.137405E-15
4781.50090434292  2.143549E-15
4782.82670305027  2.144681E-15
4784.15250175762  2.165552E-15
4785.47830046497  2.188760E-15
4786.80409917232  2.144937E-15
4788.12989787967  2.216269E-15
4789.45569658702  2.200655E-15
4790.78149529437  2.186180E-15
4792.10729400172  2.172516E-15
4793.43309270907  2.220990E-15
4794.75889141642  2.243528E-15
4796.08469012377  2.263125E-15
4797.41048883113  2.266298E-15
4798.73628753848  2.267257E-15
4800.06208624583  2.274736E-15
4801.38788495318  2.293044E-15
4802.71368366053  2.282095E-15
4804.03948236788  2.300941E-15
4805.36528107523  2.315384E-15
4806.69107978258  2.306821E-15
4808.01687848993  2.310719E-15
4809.34267719728  2.310661E-15
4810.66847590463  2.321888E-15
4811.99427461198  2.320116E-15
4813.32007331933  2.308142E-15
4814.64587202668  2.291197E-15
4815.97167073403  2.306102E-15
4817.29746944139  2.315963E-15
4818.62326814874  2.299306E-15
4819.94906685609  2.262777E-15
4821.27486556344  2.250241E-15
4822.60066427079  2.232383E-15
4823.92646297814  2.223763E-15
4825.25226168549  2.216800E-15
4826.57806039284  2.179436E-15
4827.90385910019  2.156627E-15
4829.22965780754  2.159287E-15
4830.55545651489  2.153879E-15
4831.88125522224  2.116915E-15
4833.20705392959  2.084253E-15
4834.53285263695  2.085423E-15
4835.85865134429  2.054626E-15
4837.18445005165  2.030178E-15
4838.510248759  2.038472E-15
4839.83604746635  2.025203E-15
4841.1618461737  2.002154E-15
4842.48764488105  1.979407E-15
4843.8134435884  1.984957E-15
4845.13924229575  1.929374E-15
4846.4650410031  1.918302E-15
4847.79083971045  1.919805E-15
4849.1166384178  1.911376E-15
4850.44243712515  1.913983E-15
4851.7682358325  1.913968E-15
4853.09403453985  1.900077E-15
4854.4198332472  1.873645E-15
4855.74563195455  1.860530E-15
4857.07143066191  1.839942E-15
4858.39722936926  1.827003E-15
4859.72302807661  1.822732E-15
4861.04882678396  1.781914E-15
4862.37462549131  1.768268E-15
4863.70042419866  1.760407E-15
4865.02622290601  1.763654E-15
4866.35202161336  1.745140E-15
4867.67782032071  1.699027E-15
4869.00361902806  1.714725E-15
4870.32941773541  1.679549E-15
4871.65521644276  1.699857E-15
4872.98101515012  1.680164E-15
4874.30681385747  1.689218E-15
4875.63261256482  1.661215E-15
4876.95841127217  1.653084E-15
4878.28420997952  1.657633E-15
4879.61000868687  1.701985E-15
4880.93580739422  1.668447E-15
4882.26160610157  1.656341E-15
4883.58740480892  1.629883E-15
4884.91320351627  1.657103E-15
4886.23900222362  1.663823E-15
4887.56480093097  1.661850E-15
4888.89059963832  1.659706E-15
4890.21639834567  1.669016E-15
4891.54219705303  1.676794E-15
4892.86799576038  1.659663E-15
4894.19379446773  1.677709E-15
4895.51959317508  1.691730E-15
4896.84539188243  1.694402E-15
4898.17119058978  1.707602E-15
4899.49698929713  1.703158E-15
4900.82278800448  1.711290E-15
4902.14858671183  1.719159E-15
4903.47438541918  1.723547E-15
4904.80018412653  1.739558E-15
4906.12598283388  1.760869E-15
4907.45178154123  1.753947E-15
4908.77758024858  1.747951E-15
4910.10337895593  1.745823E-15
4911.42917766329  1.739204E-15
4912.75497637064  1.744626E-15
4914.08077507799  1.758179E-15
4915.40657378534  1.753444E-15
4916.73237249269  1.741214E-15
4918.05817120004  1.745023E-15
4919.38396990739  1.757126E-15
4920.70976861474  1.759693E-15
4922.03556732209  1.751195E-15
4923.36136602944  1.743462E-15
4924.68716473679  1.755550E-15
4926.01296344414  1.748454E-15
4927.33876215149  1.750313E-15
4928.66456085884  1.774789E-15
4929.9903595662  1.765643E-15
4931.31615827355  1.759534E-15
4932.6419569809  1.761640E-15
4933.96775568825  1.772735E-15
4935.2935543956  1.781066E-15
4936.61935310295  1.795297E-15
4937.9451518103  1.773541E-15
4939.27095051765  1.784565E-15
4940.596749225  1.793256E-15
4941.92254793235  1.809465E-15
4943.2483466397  1.787740E-15
4944.57414534705  1.811131E-15
4945.8999440544  1.812545E-15
4947.22574276175  1.834668E-15
4948.5515414691  1.831464E-15
4949.87734017646  1.828636E-15
4951.20313888381  1.830310E-15
4952.52893759116  1.808907E-15
4953.85473629851  1.815026E-15
4955.18053500586  1.846593E-15
4956.50633371321  1.841438E-15
4957.83213242056  1.823635E-15
4959.15793112791  1.843866E-15
4960.48372983526  1.842017E-15
4961.80952854261  1.832819E-15
4963.13532724996  1.838842E-15
4964.46112595731  1.826183E-15
4965.78692466466  1.814510E-15
4967.11272337201  1.807338E-15
4968.43852207937  1.809599E-15
4969.76432078672  1.792854E-15
4971.09011949407  1.820936E-15
4972.41591820142  1.805752E-15
4973.74171690877  1.791108E-15
4975.06751561612  1.781540E-15
4976.39331432347  1.793850E-15
4977.71911303082  1.782393E-15
4979.04491173817  1.772661E-15
4980.37071044552  1.778851E-15
4981.69650915287  1.763637E-15
4983.02230786022  1.758154E-15
4984.34810656757  1.775348E-15
4985.67390527492  1.768833E-15
4986.99970398227  1.767273E-15
4988.32550268963  1.780807E-15
4989.65130139698  1.745486E-15
4990.97710010433  1.775887E-15
4992.30289881168  1.767340E-15
4993.62869751903  1.775431E-15
4994.95449622638  1.778925E-15
4996.28029493373  1.797062E-15
4997.60609364108  1.781906E-15
4998.93189234843  1.812781E-15
5000.25769105578  1.820836E-15
5001.58348976313  1.807283E-15
5002.90928847048  1.808319E-15
5004.23508717783  1.824129E-15
5005.56088588519  1.823681E-15
5006.88668459254  1.838845E-15
5008.21248329989  1.844013E-15
5009.53828200724  1.838106E-15
5010.86408071459  1.836348E-15
5012.18987942194  1.857273E-15
5013.51567812929  1.860045E-15
5014.84147683664  1.860511E-15
5016.16727554399  1.873893E-15
5017.49307425134  1.880441E-15
5018.81887295869  1.880496E-15
5020.14467166604  1.879590E-15
5021.47047037339  1.885403E-15
5022.79626908075  1.886573E-15
5024.1220677881  1.897974E-15
5025.44786649545  1.900868E-15
5026.7736652028  1.883128E-15
5028.09946391015  1.875662E-15
5029.4252626175  1.882049E-15
5030.75106132485  1.896054E-15
5032.0768600322  1.891731E-15
5033.40265873955  1.902475E-15
5034.7284574469  1.923527E-15
5036.05425615425  1.919346E-15
5037.3800548616  1.900462E-15
5038.70585356895  1.903326E-15
5040.0316522763  1.916408E-15
5041.35745098365  1.923000E-15
5042.68324969101  1.935472E-15
5044.00904839836  1.930357E-15
5045.33484710571  1.941588E-15
5046.66064581306  1.947199E-15
5047.98644452041  1.956914E-15
5049.31224322776  1.943179E-15
5050.63804193511  1.975067E-15
5051.96384064246  1.969603E-15
5053.28963934981  1.998836E-15
5054.61543805716  2.016058E-15
5055.94123676451  1.986299E-15
5057.26703547186  2.015073E-15
5058.59283417921  2.044977E-15
5059.91863288656  2.065978E-15
5061.24443159391  2.064328E-15
5062.57023030127  2.056828E-15
5063.89602900862  2.086968E-15
5065.22182771597  2.088047E-15
5066.54762642332  2.114060E-15
5067.87342513067  2.119154E-15
5069.19922383802  2.156193E-15
5070.52502254537  2.155585E-15
5071.85082125272  2.149853E-15
5073.17661996007  2.203143E-15
5074.50241866742  2.180032E-15
5075.82821737477  2.189180E-15
5077.15401608212  2.188665E-15
5078.47981478947  2.225277E-15
5079.80561349682  2.238810E-15
5081.13141220418  2.264447E-15
5082.45721091153  2.254635E-15
5083.78300961888  2.260370E-15
5085.10880832623  2.268393E-15
5086.43460703358  2.267560E-15
5087.76040574093  2.303990E-15
5089.08620444828  2.322254E-15
5090.41200315563  2.313884E-15
5091.73780186298  2.348031E-15
5093.06360057033  2.347169E-15
5094.38939927768  2.344019E-15
5095.71519798503  2.370122E-15
5097.04099669238  2.375269E-15
5098.36679539973  2.393452E-15
5099.69259410709  2.407255E-15
5101.01839281444  2.420601E-15
5102.34419152179  2.426662E-15
5103.66999022914  2.427317E-15
5104.99578893649  2.439525E-15
5106.32158764384  2.446863E-15
5107.64738635119  2.460610E-15
5108.97318505854  2.450525E-15
5110.29898376589  2.467565E-15
5111.62478247324  2.510977E-15
5112.95058118059  2.494661E-15
5114.27637988794  2.491927E-15
5115.60217859529  2.496137E-15
5116.92797730264  2.487822E-15
5118.25377600999  2.477104E-15
5119.57957471735  2.504847E-15
5120.9053734247  2.520031E-15
5122.23117213205  2.500489E-15
5123.5569708394  2.487698E-15
5124.88276954675  2.465609E-15
5126.2085682541  2.475874E-15
5127.53436696145  2.451576E-15
5128.8601656688  2.438390E-15
5130.18596437615  2.484842E-15
5131.5117630835  2.467773E-15
5132.83756179085  2.441796E-15
5134.1633604982  2.467146E-15
5135.48915920555  2.469443E-15
5136.81495791291  2.450486E-15
5138.14075662026  2.371573E-15
5139.46655532761  2.345013E-15
5140.79235403496  2.331553E-15
5142.11815274231  2.318097E-15
5143.44395144966  2.304641E-15
5144.76975015701  2.291186E-15
5146.09554886436  2.277730E-15
5147.42134757171  2.264274E-15
5148.74714627906  2.250818E-15
5150.07294498641  2.237358E-15
5151.39874369376  2.223902E-15
5152.72454240111  2.210446E-15
5154.05034110846  2.196990E-15
5155.37613981582  2.183535E-15
5156.70193852317  2.170079E-15
5158.02773723052  2.156623E-15
5159.35353593787  2.143163E-15
5160.67933464522  2.129707E-15
5162.00513335257  2.116251E-15
5163.33093205992  2.102795E-15
5164.65673076727  2.089340E-15
5165.98252947462  2.075884E-15
5167.30832818197  2.062428E-15
5168.63412688932  2.048967E-15
5169.95992559667  2.035512E-15
5171.28572430402  2.022056E-15
5172.61152301137  2.008600E-15
5173.93732171873  1.995144E-15
5175.26312042607  1.997396E-15
5176.58891913343  1.968708E-15
5177.91471784078  2.018073E-15
5179.24051654813  2.041784E-15
5180.56631525548  2.037444E-15
5181.89211396283  2.033019E-15
5183.21791267018  2.054287E-15
5184.54371137753  2.086291E-15
5185.86951008488  2.082164E-15
5187.19530879223  2.079808E-15
5188.52110749958  2.091674E-15
5189.84690620693  2.120641E-15
5191.17270491428  2.101245E-15
5192.49850362163  2.117459E-15
5193.82430232898  2.128739E-15
5195.15010103634  2.142033E-15
5196.47589974369  2.151052E-15
5197.80169845104  2.122721E-15
5199.12749715839  2.156909E-15
5200.45329586574  2.189354E-15
5201.77909457309  2.204194E-15
5203.10489328044  2.181349E-15
5204.43069198779  2.207865E-15
5205.75649069514  2.194081E-15
5207.08228940249  2.222277E-15
5208.40808810984  2.203953E-15
5209.73388681719  2.215935E-15
5211.05968552454  2.224427E-15
5212.38548423189  2.243227E-15
5213.71128293925  2.237596E-15
5215.0370816466  2.239930E-15
5216.36288035395  2.246731E-15
5217.6886790613  2.268524E-15
5219.01447776865  2.279151E-15
5220.340276476  2.302671E-15
5221.66607518335  2.292858E-15
5222.9918738907  2.305038E-15
5224.31767259805  2.286147E-15
5225.6434713054  2.280596E-15
5226.96927001275  2.289265E-15
5228.2950687201  2.267816E-15
5229.62086742745  2.251219E-15
5230.9466661348  2.229236E-15
5232.27246484216  2.212602E-15
5233.59826354951  2.215476E-15
5234.92406225686  2.195422E-15
5236.24986096421  2.163038E-15
5237.57565967156  2.143585E-15
5238.90145837891  2.123355E-15
5240.22725708626  2.106407E-15
5241.55305579361  2.098013E-15
5242.87885450096  2.083844E-15
5244.20465320831  2.071313E-15
5245.53045191566  2.053920E-15
5246.85625062301  2.037490E-15
5248.18204933036  2.030605E-15
5249.50784803771  2.008641E-15
5250.83364674507  1.990169E-15
5252.15944545242  1.956796E-15
5253.48524415977  1.936463E-15
5254.81104286712  1.927790E-15
5256.13684157447  1.901860E-15
5257.46264028182  1.885267E-15
5258.78843898917  1.867219E-15
5260.11423769652  1.888596E-15
5261.44003640387  1.843526E-15
5262.76583511122  1.827002E-15
5264.09163381857  1.829477E-15
5265.41743252592  1.816804E-15
5266.74323123327  1.801923E-15
5268.06902994062  1.794056E-15
5269.39482864797  1.775717E-15
5270.72062735532  1.763803E-15
5272.04642606268  1.738837E-15
5273.37222477003  1.723824E-15
5274.69802347738  1.720678E-15
5276.02382218473  1.702973E-15
5277.34962089208  1.678197E-15
5278.67541959943  1.673499E-15
5280.00121830678  1.672931E-15
5281.32701701413  1.674871E-15
5282.65281572148  1.678324E-15
5283.97861442883  1.662456E-15
5285.30441313618  1.644598E-15
5286.63021184353  1.639478E-15
5287.95601055088  1.641118E-15
5289.28180925824  1.632821E-15
5290.60760796559  1.615669E-15
5291.93340667294  1.620603E-15
5293.25920538029  1.627212E-15
5294.58500408764  1.628670E-15
5295.91080279499  1.621641E-15
5297.23660150234  1.616558E-15
5298.56240020969  1.619755E-15
5299.88819891704  1.645500E-15
5301.21399762439  1.640076E-15
5302.53979633174  1.649631E-15
5303.86559503909  1.668505E-15
5305.19139374644  1.671337E-15
5306.51719245379  1.676437E-15
5307.84299116115  1.669405E-15
5309.1687898685  1.663574E-15
5310.49458857585  1.646251E-15
5311.8203872832  1.639727E-15
5313.14618599055  1.646926E-15
5314.4719846979  1.636999E-15
5315.79778340525  1.650970E-15
5317.1235821126  1.637775E-15
5318.44938081995  1.656582E-15
5319.7751795273  1.649013E-15
5321.10097823465  1.643975E-15
5322.426776942  1.647986E-15
5323.75257564935  1.620339E-15
5325.0783743567  1.631417E-15
5326.40417306405  1.636494E-15
5327.72997177141  1.644985E-15
5329.05577047876  1.640030E-15
5330.38156918611  1.647309E-15
5331.70736789346  1.638118E-15
5333.03316660081  1.633203E-15
5334.35896530816  1.658083E-15
5335.68476401551  1.665972E-15
5337.01056272286  1.665421E-15
5338.33636143021  1.666099E-15
5339.66216013756  1.678012E-15
5340.98795884491  1.693588E-15
5342.31375755226  1.700032E-15
5343.63955625961  1.707281E-15
5344.96535496696  1.713645E-15
5346.29115367432  1.706021E-15
5347.61695238167  1.729039E-15
5348.94275108902  1.738306E-15
5350.26854979637  1.739995E-15
5351.59434850372  1.764296E-15
5352.92014721107  1.768823E-15
5354.24594591842  1.785092E-15
5355.57174462577  1.788678E-15
5356.89754333312  1.788386E-15
5358.22334204047  1.792346E-15
5359.54914074782  1.795136E-15
5360.87493945517  1.774682E-15
5362.20073816252  1.793644E-15
5363.52653686987  1.779204E-15
5364.85233557723  1.778933E-15
5366.17813428458  1.785984E-15
5367.50393299193  1.783728E-15
5368.82973169928  1.777336E-15
5370.15553040663  1.780395E-15
5371.48132911398  1.767275E-15
5372.80712782133  1.770299E-15
5374.13292652868  1.767033E-15
5375.45872523603  1.765925E-15
5376.78452394338  1.776483E-15
5378.11032265073  1.765263E-15
5379.43612135808  1.764905E-15
5380.76192006543  1.762054E-15
5382.08771877279  1.769600E-15
5383.41351748014  1.758719E-15
5384.73931618749  1.772424E-15
5386.06511489484  1.752083E-15
5387.39091360219  1.766402E-15
5388.71671230954  1.762649E-15
5390.04251101689  1.754893E-15
5391.36830972424  1.765677E-15
5392.69410843159  1.762148E-15
5394.01990713894  1.765148E-15
5395.34570584629  1.758882E-15
5396.67150455364  1.750093E-15
5397.99730326099  1.754682E-15
5399.32310196834  1.739742E-15
5400.64890067569  1.724895E-15
5401.97469938304  1.729711E-15
5403.3004980904  1.721803E-15
5404.62629679775  1.719659E-15
5405.9520955051  1.711177E-15
5407.27789421245  1.697044E-15
5408.6036929198  1.665895E-15
5409.92949162715  1.668278E-15
5411.2552903345  1.665558E-15
5412.58108904185  1.652107E-15
5413.9068877492  1.637429E-15
5415.23268645655  1.627127E-15
5416.5584851639  1.616786E-15
5417.88428387125  1.611125E-15
5419.2100825786  1.589358E-15
5420.53588128595  1.586737E-15
5421.86167999331  1.589511E-15
5423.18747870066  1.594236E-15
5424.51327740801  1.590991E-15
5425.83907611536  1.577165E-15
5427.16487482271  1.557352E-15
5428.49067353006  1.541684E-15
5429.81647223741  1.537262E-15
5431.14227094476  1.527832E-15
5432.46806965211  1.521933E-15
5433.79386835946  1.512135E-15
5435.11966706681  1.503333E-15
5436.44546577416  1.490511E-15
5437.77126448151  1.466900E-15
5439.09706318886  1.448097E-15
5440.42286189622  1.434994E-15
5441.74866060357  1.418068E-15
5443.07445931092  1.410377E-15
5444.40025801827  1.393716E-15
5445.72605672562  1.379288E-15
5447.05185543297  1.370014E-15
5448.37765414032  1.362536E-15
5449.70345284767  1.342228E-15
5451.02925155502  1.337185E-15
5452.35505026237  1.323691E-15
5453.68084896972  1.307835E-15
5455.00664767707  1.300038E-15
5456.33244638442  1.294406E-15
5457.65824509177  1.277139E-15
5458.98404379912  1.273396E-15
5460.30984250647  1.270570E-15
5461.63564121383  1.249842E-15
5462.96143992118  1.242047E-15
5464.28723862853  1.238797E-15
5465.61303733588  1.237565E-15
5466.93883604323  1.247065E-15
5468.26463475058  1.237238E-15
5469.59043345793  1.228442E-15
5470.91623216528  1.237481E-15
5472.24203087263  1.235464E-15
5473.56782957998  1.227491E-15
5474.89362828733  1.231065E-15
5476.21942699468  1.232481E-15
5477.54522570204  1.237469E-15
5478.87102440938  1.248265E-15
5480.19682311674  1.249524E-15
5481.52262182409  1.250076E-15
5482.84842053144  1.253441E-15
5484.17421923879  1.265104E-15
5485.50001794614  1.264168E-15
5486.82581665349  1.276991E-15
5488.15161536084  1.302001E-15
5489.47741406819  1.310841E-15
5490.80321277554  1.315457E-15
5492.12901148289  1.315834E-15
5493.45481019024  1.331737E-15
5494.78060889759  1.329405E-15
5496.10640760495  1.338582E-15
5497.43220631229  1.355534E-15
5498.75800501965  1.367007E-15
5500.083803727  1.369601E-15
5501.40960243435  1.379029E-15
5502.7354011417  1.386424E-15
5504.06119984905  1.396200E-15
5505.3869985564  1.418973E-15
5506.71279726375  1.435597E-15
5508.0385959711  1.451100E-15
5509.36439467845  1.447545E-15
5510.6901933858  1.461091E-15
5512.01599209315  1.449154E-15
5513.3417908005  1.482472E-15
5514.66758950785  1.488143E-15
5515.9933882152  1.500215E-15
5517.31918692256  1.510702E-15
5518.64498562991  1.537780E-15
5519.97078433726  1.539923E-15
5521.29658304461  1.533328E-15
5522.62238175196  1.537891E-15
5523.94818045931  1.558485E-15
5525.27397916666  1.565499E-15
5526.59977787401  1.574841E-15
5527.92557658136  1.575755E-15
5529.25137528871  1.591198E-15
5530.57717399606  1.602735E-15
5531.90297270341  1.598661E-15
5533.22877141076  1.626347E-15
5534.55457011811  1.614973E-15
5535.88036882547  1.637847E-15
5537.20616753282  1.643279E-15
5538.53196624017  1.654759E-15
5539.85776494752  1.656847E-15
5541.18356365487  1.669578E-15
5542.50936236222  1.682147E-15
5543.83516106957  1.672459E-15
5545.16095977692  1.687090E-15
5546.48675848427  1.701808E-15
5547.81255719162  1.701080E-15
5549.13835589897  1.707817E-15
5550.46415460632  1.736818E-15
5551.78995331367  1.726885E-15
5553.11575202102  1.712205E-15
5554.44155072838  1.727301E-15
5555.76734943573  1.736183E-15
5557.09314814308  1.736546E-15
5558.41894685043  1.747944E-15
5559.74474555778  1.747266E-15
5561.07054426513  1.748380E-15
5562.39634297248  1.760327E-15
5563.72214167983  1.764997E-15
5565.04794038718  1.763278E-15
5566.37373909453  1.788392E-15
5567.69953780188  1.772155E-15
5569.02533650923  1.775407E-15
5570.35113521658  1.788883E-15
5571.67693392393  1.770531E-15
5573.00273263129  1.782054E-15
5574.32853133864  1.785401E-15
5575.65433004599  1.795213E-15
5576.98012875334  1.794895E-15
5578.30592746069  1.803744E-15
5579.63172616804  1.817072E-15
5580.95752487539  1.827207E-15
5582.28332358274  1.826373E-15
5583.60912229009  1.815943E-15
5584.93492099744  1.807648E-15
5586.26071970479  1.827584E-15
5587.58651841214  1.838318E-15
5588.91231711949  1.826110E-15
5590.23811582684  1.841517E-15
5591.56391453419  1.844139E-15
5592.88971324155  1.846629E-15
5594.2155119489  1.825002E-15
5595.54131065625  1.846023E-15
5596.8671093636  1.841131E-15
5598.19290807095  1.842098E-15
5599.5187067783  1.853071E-15
5600.84450548565  1.864458E-15
5602.170304193  1.868257E-15
5603.49610290035  1.855454E-15
5604.8219016077  1.853943E-15
5606.14770031505  1.855659E-15
5607.4734990224  1.868652E-15
5608.79929772975  1.859697E-15
5610.1250964371  1.840926E-15
5611.45089514446  1.858810E-15
5612.7766938518  1.859668E-15
5614.10249255916  1.845991E-15
5615.42829126651  1.868196E-15
5616.75408997386  1.845063E-15
5618.07988868121  1.846914E-15
5619.40568738856  1.837587E-15
5620.73148609591  1.858941E-15
5622.05728480326  1.837275E-15
5623.38308351061  1.851432E-15
5624.70888221796  1.837520E-15
5626.03468092531  1.839735E-15
5627.36047963266  1.836487E-15
5628.68627834001  1.824372E-15
5630.01207704737  1.834775E-15
5631.33787575472  1.832679E-15
5632.66367446207  1.829764E-15
5633.98947316942  1.831492E-15
5635.31527187677  1.844261E-15
5636.64107058412  1.834745E-15
5637.96686929147  1.834364E-15
5639.29266799882  1.846950E-15
5640.61846670617  1.839341E-15
5641.94426541352  1.854293E-15
5643.27006412087  1.868092E-15
5644.59586282822  1.864909E-15
5645.92166153557  1.860625E-15
5647.24746024292  1.849037E-15
5648.57325895028  1.850941E-15
5649.89905765763  1.854412E-15
5651.22485636498  1.856951E-15
5652.55065507233  1.854221E-15
5653.87645377968  1.840553E-15
5655.20225248703  1.857099E-15
5656.52805119438  1.865821E-15
5657.85384990173  1.857025E-15
5659.17964860908  1.848119E-15
5660.50544731643  1.850610E-15
5661.83124602378  1.859528E-15
5663.15704473113  1.863530E-15
5664.48284343848  1.875327E-15
5665.80864214583  1.881026E-15
5667.13444085318  1.879938E-15
5668.46023956054  1.867340E-15
5669.78603826789  1.867365E-15
5671.11183697524  1.884800E-15
5672.43763568259  1.895172E-15
5673.76343438994  1.892108E-15
5675.08923309729  1.887496E-15
5676.41503180464  1.900789E-15
5677.74083051199  1.900939E-15
5679.06662921934  1.906527E-15
5680.39242792669  1.894083E-15
5681.71822663404  1.905977E-15
5683.04402534139  1.918056E-15
5684.36982404874  1.924703E-15
5685.6956227561  1.918823E-15
5687.02142146344  1.920466E-15
5688.3472201708  1.925644E-15
5689.67301887815  1.921927E-15
5690.9988175855  1.923791E-15
5692.32461629285  1.936067E-15
5693.6504150002  1.933224E-15
5694.97621370755  1.921838E-15
5696.3020124149  1.929028E-15
5697.62781112225  1.933563E-15
5698.9536098296  1.961082E-15
5700.27940853695  1.965716E-15
5701.6052072443  1.969666E-15
5702.93100595165  1.952774E-15
5704.25680465901  1.969124E-15
5705.58260336635  1.983286E-15
5706.90840207371  1.973429E-15
5708.23420078106  1.978105E-15
5709.55999948841  1.991063E-15
5710.88579819576  1.981913E-15
5712.21159690311  1.985253E-15
5713.53739561046  1.983056E-15
5714.86319431781  1.987443E-15
5716.18899302516  1.999440E-15
5717.51479173251  2.003714E-15
5718.84059043986  2.012542E-15
5720.16638914721  2.012471E-15
5721.49218785456  2.014667E-15
5722.81798656191  2.017062E-15
5724.14378526927  2.026241E-15
5725.46958397662  2.024010E-15
5726.79538268397  2.024630E-15
5728.12118139132  2.025432E-15
5729.44698009867  2.014224E-15
5730.77277880602  2.017271E-15
5732.09857751337  2.023510E-15
5733.42437622072  2.025007E-15
5734.75017492807  2.030140E-15
5736.07597363542  2.035974E-15
5737.40177234277  2.025916E-15
5738.72757105012  2.020807E-15
5740.05336975747  2.022939E-15
5741.37916846482  2.011483E-15
5742.70496717217  2.002308E-15
5744.03076587952  1.979180E-15
5745.35656458688  1.957964E-15
5746.68236329423  1.952686E-15
5748.00816200158  1.942454E-15
5749.33396070893  1.958854E-15
5750.65975941628  1.970842E-15
5751.98555812363  1.971719E-15
5753.31135683098  1.957054E-15
5754.63715553833  1.948933E-15
5755.96295424568  1.960024E-15
5757.28875295303  1.965514E-15
5758.61455166038  1.967669E-15
5759.94035036773  1.967904E-15
5761.26614907508  1.972833E-15
5762.59194778243  1.953667E-15
5763.91774648979  1.945007E-15
5765.24354519714  1.948432E-15
5766.56934390449  1.945004E-15
5767.89514261184  1.947576E-15
5769.22094131919  1.952157E-15
5770.54674002654  1.948945E-15
5771.87253873389  1.947552E-15
5773.19833744124  1.949394E-15
5774.52413614859  1.945483E-15
5775.84993485594  1.946760E-15
5777.17573356329  1.958257E-15
5778.50153227064  1.942062E-15
5779.82733097799  1.933867E-15
5781.15312968535  1.939659E-15
5782.4789283927  1.939124E-15
5783.80472710005  1.937206E-15
5785.1305258074  1.944578E-15
5786.45632451475  1.939862E-15
5787.7821232221  1.933464E-15
5789.10792192945  1.933865E-15
5790.4337206368  1.936141E-15
5791.75951934415  1.942378E-15
5793.0853180515  1.935395E-15
5794.41111675885  1.938278E-15
5795.7369154662  1.946428E-15
5797.06271417355  1.953068E-15
5798.3885128809  1.951947E-15
5799.71431158825  1.954160E-15
5801.04011029561  1.976615E-15
5802.36590900296  2.016396E-15
5803.69170771031  1.990914E-15
5805.01750641766  1.941918E-15
5806.34330512501  1.976980E-15
5807.66910383236  1.968010E-15
5808.99490253971  1.966373E-15
5810.32070124706  1.963858E-15
5811.64649995441  1.969381E-15
5812.97229866176  1.977275E-15
5814.29809736911  1.992038E-15
5815.62389607646  1.989440E-15
5816.94969478381  1.993441E-15
5818.27549349116  1.993501E-15
5819.60129219852  1.989657E-15
5820.92709090586  1.985770E-15
5822.25288961322  1.974984E-15
5823.57868832057  1.982410E-15
5824.90448702792  1.976739E-15
5826.23028573527  1.969150E-15
5827.55608444262  1.980089E-15
5828.88188314997  1.982669E-15
5830.20768185732  1.980795E-15
5831.53348056467  1.975812E-15
5832.85927927202  1.982009E-15
5834.18507797937  1.988179E-15
5835.51087668673  1.986948E-15
5836.83667539407  1.975720E-15
5838.16247410143  1.974319E-15
5839.48827280878  1.977546E-15
5840.81407151613  1.972584E-15
5842.13987022348  1.977875E-15
5843.46566893083  1.974281E-15
5844.79146763818  1.961303E-15
5846.11726634553  1.969176E-15
5847.44306505288  1.970535E-15
5848.76886376023  1.961002E-15
5850.09466246758  1.964028E-15
5851.42046117493  1.966015E-15
5852.74625988228  1.964258E-15
5854.07205858963  1.956613E-15
5855.39785729698  1.952530E-15
5856.72365600434  1.956245E-15
5858.04945471169  1.943063E-15
5859.37525341904  1.936596E-15
5860.70105212639  1.934276E-15
5862.02685083374  1.919665E-15
5863.35264954109  1.924529E-15
5864.67844824844  1.934482E-15
5866.00424695579  1.929984E-15
5867.33004566314  1.919848E-15
5868.65584437049  1.914690E-15
5869.98164307784  1.917115E-15
5871.30744178519  1.930431E-15
5872.63324049254  1.922385E-15
5873.95903919989  1.918871E-15
5875.28483790724  1.908941E-15
5876.6106366146  1.901267E-15
5877.93643532195  1.898382E-15
5879.2622340293  1.892786E-15
5880.58803273665  1.887596E-15
5881.913831444  1.882106E-15
5883.23963015135  1.874170E-15
5884.5654288587  1.869522E-15
5885.89122756605  1.879146E-15
5887.2170262734  1.884480E-15
5888.54282498075  1.880346E-15
5889.8686236881  1.871540E-15
5891.19442239545  1.874211E-15
5892.5202211028  1.877810E-15
5893.84601981015  1.875227E-15
5895.17181851751  1.858997E-15
5896.49761722486  1.855990E-15
5897.82341593221  1.867475E-15
5899.14921463956  1.853974E-15
5900.47501334691  1.854392E-15
5901.80081205426  1.851376E-15
5903.12661076161  1.842660E-15
5904.45240946896  1.840908E-15
5905.77820817631  1.833896E-15
5907.10400688366  1.838338E-15
5908.42980559101  1.830524E-15
5909.75560429836  1.828400E-15
5911.08140300571  1.829525E-15
5912.40720171306  1.823486E-15
5913.73300042041  1.818634E-15
5915.05879912777  1.826569E-15
5916.38459783512  1.832488E-15
5917.71039654247  1.828051E-15
5919.03619524982  1.821020E-15
5920.36199395717  1.811298E-15
5921.68779266452  1.812527E-15
5923.01359137187  1.813990E-15
5924.33939007922  1.801869E-15
5925.66518878657  1.800579E-15
5926.99098749392  1.795847E-15
5928.31678620127  1.798857E-15
5929.64258490862  1.801548E-15
5930.96838361597  1.800054E-15
5932.29418232332  1.799352E-15
5933.61998103068  1.800532E-15
5934.94577973803  1.793990E-15
5936.27157844538  1.782299E-15
5937.59737715273  1.777502E-15
5938.92317586008  1.778336E-15
5940.24897456743  1.774697E-15
5941.57477327478  1.768700E-15
5942.90057198213  1.765727E-15
5944.22637068948  1.761447E-15
5945.55216939683  1.757460E-15
5946.87796810418  1.756058E-15
5948.20376681153  1.746555E-15
5949.52956551888  1.743716E-15
5950.85536422623  1.746342E-15
5952.18116293358  1.742033E-15
5953.50696164094  1.741475E-15
5954.83276034829  1.738998E-15
5956.15855905564  1.726637E-15
5957.48435776299  1.724826E-15
5958.81015647034  1.735323E-15
5960.13595517769  1.734400E-15
5961.46175388504  1.729715E-15
5962.78755259239  1.723732E-15
5964.11335129974  1.717101E-15
5965.43915000709  1.708476E-15
5966.76494871444  1.708230E-15
5968.09074742179  1.709220E-15
5969.41654612914  1.700349E-15
5970.74234483649  1.695167E-15
5972.06814354385  1.690663E-15
5973.3939422512  1.692606E-15
5974.71974095855  1.691999E-15
5976.0455396659  1.688278E-15
5977.37133837325  1.675045E-15
5978.6971370806  1.668052E-15
5980.02293578795  1.675814E-15
5981.3487344953  1.674448E-15
5982.67453320265  1.664836E-15
5984.00033191  1.651363E-15
5985.32613061735  1.652557E-15
5986.6519293247  1.651274E-15
5987.97772803206  1.632054E-15
5989.3035267394  1.627148E-15
5990.62932544676  1.635289E-15
5991.95512415411  1.635140E-15
5993.28092286146  1.629206E-15
5994.60672156881  1.624556E-15
5995.93252027616  1.621183E-15
5997.25831898351  1.605881E-15
5998.58411769086  1.598885E-15
5999.90991639821  1.604750E-15
6001.23571510556  1.593843E-15
6002.56151381291  1.595824E-15
6003.88731252026  1.591182E-15
6005.21311122761  1.579078E-15
6006.53890993496  1.588148E-15
6007.86470864231  1.582340E-15
6009.19050734966  1.562205E-15
6010.51630605702  1.561447E-15
6011.84210476437  1.562234E-15
6013.16790347172  1.541602E-15
6014.49370217907  1.534500E-15
6015.81950088642  1.537158E-15
6017.14529959377  1.533617E-15
6018.47109830112  1.530780E-15
6019.79689700847  1.522931E-15
6021.12269571582  1.521766E-15
6022.44849442317  1.511159E-15
6023.77429313052  1.495986E-15
6025.10009183787  1.495511E-15
6026.42589054523  1.492178E-15
6027.75168925258  1.483512E-15
6029.07748795993  1.478934E-15
6030.40328666728  1.472706E-15
6031.72908537463  1.455458E-15
6033.05488408198  1.447176E-15
6034.38068278933  1.446478E-15
6035.70648149668  1.440346E-15
6037.03228020403  1.428576E-15
6038.35807891138  1.428849E-15
6039.68387761873  1.417982E-15
6041.00967632608  1.402045E-15
6042.33547503343  1.400360E-15
6043.66127374078  1.403657E-15
6044.98707244813  1.406210E-15
6046.31287115549  1.394678E-15
6047.63866986284  1.374943E-15
6048.96446857019  1.368137E-15
6050.29026727754  1.366663E-15
6051.61606598489  1.360379E-15
6052.94186469224  1.343619E-15
6054.26766339959  1.332637E-15
6055.59346210694  1.322389E-15
6056.91926081429  1.309197E-15
6058.24505952164  1.304973E-15
6059.57085822899  1.287457E-15
6060.89665693634  1.273031E-15
6062.22245564369  1.268626E-15
6063.54825435104  1.255530E-15
6064.87405305839  1.247767E-15
6066.19985176575  1.228701E-15
6067.5256504731  1.212174E-15
6068.85144918045  1.202014E-15
6070.1772478878  1.202934E-15
6071.50304659515  1.189304E-15
6072.8288453025  1.179130E-15
6074.15464400985  1.170665E-15
6075.4804427172  1.151161E-15
6076.80624142455  1.142098E-15
6078.1320401319  1.131623E-15
6079.45783883925  1.118271E-15
6080.7836375466  1.108291E-15
6082.10943625395  1.089832E-15
6083.4352349613  1.076232E-15
6084.76103366865  1.070462E-15
6086.08683237601  1.063336E-15
6087.41263108336  1.053894E-15
6088.73842979071  1.044986E-15
6090.06422849806  1.029997E-15
6091.39002720541  1.014898E-15
6092.71582591276  1.009337E-15
6094.04162462011  9.981008E-16
6095.36742332746  9.868858E-16
6096.69322203481  9.706328E-16
6098.01902074216  9.723100E-16
6099.34481944951  9.585824E-16
6100.67061815686  9.370945E-16
6101.99641686421  9.198472E-16
6103.32221557157  9.167348E-16
6104.64801427892  9.153568E-16
6105.97381298627  8.973386E-16
6107.29961169362  8.827430E-16
6108.62541040097  8.717331E-16
6109.95120910832  8.605030E-16
6111.27700781567  8.588617E-16
6112.60280652302  8.369834E-16
6113.92860523037  8.279414E-16
6115.25440393772  8.171707E-16
6116.58020264507  8.057634E-16
6117.90600135242  7.943856E-16
6119.23180005977  7.858733E-16
6120.55759876712  7.826502E-16
6121.88339747448  7.545869E-16
6123.20919618183  7.400086E-16
6124.53499488918  7.248692E-16
6125.86079359653  7.187181E-16
6127.18659230388  7.211791E-16
6128.51239101123  7.281656E-16
6129.83818971858  7.266758E-16
6131.16398842593  7.276280E-16
6132.48978713328  7.222069E-16
6133.81558584063  7.154313E-16
6135.14138454798  7.189723E-16
6136.46718325533  7.104414E-16
6137.79298196268  7.057020E-16
6139.11878067003  7.037603E-16
6140.44457937738  6.952090E-16
6141.77037808474  7.000626E-16
6143.09617679208  7.083463E-16
6144.42197549944  6.956291E-16
6145.74777420679  6.981426E-16
6147.07357291414  6.970949E-16
6148.39937162149  6.987565E-16
6149.72517032884  7.102886E-16
6151.05096903619  7.134906E-16
6152.37676774354  7.220304E-16
6153.70256645089  7.158677E-16
6155.02836515824  7.173793E-16
6156.35416386559  7.349636E-16
6157.67996257294  7.398531E-16
6159.00576128029  7.382859E-16
6160.33155998765  7.441756E-16
6161.65735869499  7.411192E-16
6162.98315740235  7.471912E-16
6164.3089561097  7.474853E-16
6165.63475481705  7.543273E-16
6166.9605535244  7.621963E-16
6168.28635223175  7.669113E-16
6169.6121509391  7.750774E-16
6170.93794964645  7.882106E-16
6172.2637483538  7.871779E-16
6173.58954706115  7.984389E-16
6174.9153457685  7.987984E-16
6176.24114447585  8.146751E-16
6177.5669431832  8.107539E-16
6178.89274189056  8.162158E-16
6180.2185405979  8.242964E-16
6181.54433930526  8.307939E-16
6182.87013801261  8.315049E-16
6184.19593671996  8.502705E-16
6185.52173542731  8.472718E-16
6186.84753413466  8.571394E-16
6188.17333284201  8.640141E-16
6189.49913154936  8.819254E-16
6190.82493025671  8.861046E-16
6192.15072896406  9.063969E-16
6193.47652767141  9.124380E-16
6194.80232637876  9.169780E-16
6196.12812508611  9.331523E-16
6197.45392379347  9.403691E-16
6198.77972250082  9.710965E-16
6200.10552120817  9.765448E-16
6201.43131991552  9.823289E-16
6202.75711862287  1.000798E-15
6204.08291733022  1.004023E-15
6205.40871603757  1.010579E-15
6206.73451474492  1.019066E-15
6208.06031345227  1.031443E-15
6209.38611215962  1.049143E-15
6210.71191086697  1.056119E-15
6212.03770957432  1.076109E-15
6213.36350828167  1.087145E-15
6214.68930698902  1.094513E-15
6216.01510569637  1.095310E-15
6217.34090440373  1.121186E-15
6218.66670311108  1.131196E-15
6219.99250181843  1.142410E-15
6221.31830052578  1.153556E-15
6222.64409923313  1.170453E-15
6223.96989794048  1.175760E-15
6225.29569664783  1.195838E-15
6226.62149535518  1.188101E-15
6227.94729406253  1.212715E-15
6229.27309276988  1.200022E-15
6230.59889147723  1.216047E-15
6231.92469018458  1.228080E-15
6233.25048889193  1.235922E-15
6234.57628759928  1.242227E-15
6235.90208630664  1.260752E-15
6237.22788501399  1.276793E-15
6238.55368372134  1.279380E-15
6239.87948242869  1.294812E-15
6241.20528113604  1.296352E-15
6242.53107984339  1.301819E-15
6243.85687855074  1.324420E-15
6245.18267725809  1.338428E-15
6246.50847596544  1.340530E-15
6247.83427467279  1.345993E-15
6249.16007338014  1.351491E-15
6250.48587208749  1.362796E-15
6251.81167079484  1.372664E-15
6253.1374695022  1.337246E-15
6254.46326820955  1.345680E-15
6255.7890669169  1.402764E-15
6257.11486562425  1.400962E-15
6258.4406643316  1.395505E-15
6259.76646303895  1.417732E-15
6261.0922617463  1.419364E-15
6262.41806045365  1.430281E-15
6263.743859161  1.443577E-15
6265.06965786835  1.435216E-15
6266.3954565757  1.442359E-15
6267.72125528305  1.446235E-15
6269.0470539904  1.446968E-15
6270.37285269775  1.453783E-15
6271.6986514051  1.461600E-15
6273.02445011245  1.468906E-15
6274.3502488198  1.476607E-15
6275.67604752716  1.473154E-15
6277.00184623451  1.489733E-15
6278.32764494186  1.480917E-15
6279.65344364921  1.487574E-15
6280.97924235656  1.483206E-15
6282.30504106391  1.485572E-15
6283.63083977126  1.494669E-15
6284.95663847861  1.490975E-15
6286.28243718596  1.498544E-15
6287.60823589331  1.509623E-15
6288.93403460066  1.501961E-15
6290.25983330801  1.504543E-15
6291.58563201537  1.512432E-15
6292.91143072271  1.515550E-15
6294.23722943007  1.517144E-15
6295.56302813742  1.515412E-15
6296.88882684477  1.510149E-15
6298.21462555212  1.515187E-15
6299.54042425947  1.514161E-15
6300.86622296682  1.515662E-15
6302.19202167417  1.523347E-15
6303.51782038152  1.531553E-15
6304.84361908887  1.531851E-15
6306.16941779622  1.521462E-15
6307.49521650357  1.524668E-15
6308.82101521092  1.525029E-15
6310.14681391827  1.520980E-15
6311.47261262562  1.517570E-15
6312.79841133298  1.517582E-15
6314.12421004033  1.519653E-15
6315.45000874768  1.518697E-15
6316.77580745503  1.518078E-15
6318.10160616238  1.523815E-15
6319.42740486973  1.528124E-15
6320.75320357708  1.529285E-15
6322.07900228443  1.526653E-15
6323.40480099178  1.521306E-15
6324.73059969913  1.524357E-15
6326.05639840648  1.526879E-15
6327.38219711383  1.524625E-15
6328.70799582118  1.518600E-15
6330.03379452853  1.513755E-15
6331.35959323589  1.517280E-15
6332.68539194324  1.519887E-15
6334.01119065059  1.509545E-15
6335.33698935794  1.513646E-15
6336.66278806529  1.514643E-15
6337.98858677264  1.510660E-15
6339.31438547999  1.506349E-15
6340.64018418734  1.490576E-15
6341.96598289469  1.499978E-15
6343.29178160204  1.507340E-15
6344.61758030939  1.503311E-15
6345.94337901674  1.496134E-15
6347.26917772409  1.498940E-15
6348.59497643144  1.497194E-15
6349.9207751388  1.485421E-15
6351.24657384614  1.491072E-15
6352.5723725535  1.484304E-15
6353.89817126085  1.473836E-15
6355.2239699682  1.468919E-15
6356.54976867555  1.464985E-15
6357.8755673829  1.463466E-15
6359.20136609025  1.460218E-15
6360.5271647976  1.469655E-15
6361.85296350495  1.466233E-15
6363.1787622123  1.457199E-15
6364.50456091965  1.461602E-15
6365.830359627  1.453164E-15
6367.15615833435  1.454950E-15
6368.48195704171  1.444341E-15
6369.80775574906  1.437844E-15
6371.13355445641  1.439832E-15
6372.45935316376  1.429150E-15
6373.78515187111  1.428358E-15
6375.11095057846  1.426672E-15
6376.43674928581  1.424581E-15
6377.76254799316  1.421745E-15
6379.08834670051  1.413848E-15
6380.41414540786  1.413632E-15
6381.73994411521  1.417887E-15
6383.06574282256  1.406479E-15
6384.39154152991  1.397826E-15
6385.71734023726  1.406722E-15
6387.04313894462  1.388492E-15
6388.36893765197  1.384657E-15
6389.69473635932  1.390902E-15
6391.02053506667  1.394880E-15
6392.34633377402  1.391500E-15
6393.67213248137  1.391556E-15
6394.99793118872  1.387914E-15
6396.32372989607  1.373333E-15
6397.64952860342  1.375957E-15
6398.97532731077  1.373018E-15
6400.30112601812  1.361274E-15
6401.62692472547  1.367506E-15
6402.95272343282  1.359884E-15
6404.27852214017  1.355651E-15
6405.60432084752  1.361704E-15
6406.93011955488  1.345432E-15
6408.25591826223  1.346073E-15
6409.58171696958  1.339667E-15
6410.90751567693  1.327280E-15
6412.23331438428  1.324270E-15
6413.55911309163  1.315056E-15
6414.88491179898  1.320003E-15
6416.21071050633  1.323629E-15
6417.53650921368  1.318655E-15
6418.86230792103  1.323753E-15
6420.18810662838  1.308347E-15
6421.51390533573  1.311198E-15
6422.83970404308  1.300989E-15
6424.16550275043  1.284368E-15
6425.49130145779  1.283208E-15
6426.81710016514  1.283974E-15
6428.14289887249  1.279986E-15
6429.46869757984  1.284901E-15
6430.79449628719  1.275982E-15
6432.12029499454  1.261090E-15
6433.44609370189  1.259837E-15
6434.77189240924  1.250435E-15
6436.09769111659  1.250096E-15
6437.42348982394  1.241447E-15
6438.74928853129  1.229717E-15
6440.07508723864  1.235836E-15
6441.40088594599  1.226072E-15
6442.72668465334  1.235857E-15
6444.0524833607  1.229571E-15
6445.37828206805  1.217839E-15
6446.7040807754  1.227115E-15
6448.02987948275  1.219374E-15
6449.3556781901  1.204005E-15
6450.68147689745  1.201880E-15
6452.0072756048  1.193213E-15
6453.33307431215  1.192042E-15
6454.6588730195  1.181958E-15
6455.98467172685  1.189282E-15
6457.3104704342  1.179102E-15
6458.63626914155  1.181992E-15
6459.9620678489  1.185569E-15
6461.28786655625  1.187578E-15
6462.61366526361  1.180202E-15
6463.93946397096  1.171557E-15
6465.26526267831  1.157721E-15
6466.59106138566  1.154238E-15
6467.91686009301  1.148543E-15
6469.24265880036  1.156023E-15
6470.56845750771  1.153968E-15
6471.89425621506  1.139390E-15
6473.22005492241  1.145142E-15
6474.54585362976  1.146654E-15
6475.87165233711  1.132206E-15
6477.19745104446  1.135236E-15
6478.52324975181  1.123735E-15
6479.84904845916  1.125867E-15
6481.17484716651  1.129410E-15
6482.50064587386  1.114519E-15
6483.82644458122  1.121831E-15
6485.15224328857  1.115446E-15
6486.47804199592  1.108227E-15
6487.80384070327  1.099816E-15
6489.12963941062  1.092529E-15
6490.45543811797  1.084690E-15
6491.78123682532  1.083393E-15
6493.10703553267  1.084508E-15
6494.43283424002  1.084870E-15
6495.75863294737  1.087171E-15
6497.08443165472  1.087359E-15
6498.41023036207  1.083702E-15
6499.73602906943  1.078065E-15
6501.06182777678  1.070211E-15
6502.38762648413  1.069159E-15
6503.71342519148  1.078607E-15
6505.03922389883  1.078736E-15
6506.36502260618  1.069017E-15
6507.69082131353  1.063852E-15
6509.01662002088  1.061236E-15
6510.34241872823  1.050998E-15
6511.66821743558  1.044471E-15
6512.99401614293  1.045883E-15
6514.31981485028  1.044901E-15
6515.64561355763  1.047676E-15
6516.97141226498  1.041845E-15
6518.29721097233  1.048512E-15
6519.62300967968  1.042924E-15
6520.94880838704  1.037412E-15
6522.27460709439  1.022298E-15
6523.60040580174  1.010571E-15
6524.92620450909  1.010690E-15
6526.25200321644  1.009860E-15
6527.57780192379  1.009031E-15
6528.90360063114  1.008201E-15
6530.22939933849  1.007372E-15
6531.55519804584  1.006542E-15
6532.88099675319  1.005713E-15
6534.20679546054  1.004883E-15
6535.53259416789  1.004054E-15
6536.85839287524  1.003224E-15
6538.1841915826  1.002395E-15
6539.50999028995  1.001566E-15
6540.8357889973  1.000736E-15
6542.16158770465  9.999064E-16
6543.487386412  9.990769E-16
6544.81318511935  9.982475E-16
6546.1389838267  9.974180E-16
6547.46478253405  9.965886E-16
6548.7905812414  9.957591E-16
6550.11637994875  9.949298E-16
6551.4421786561  9.941000E-16
6552.76797736345  9.932705E-16
6554.0937760708  9.924411E-16
6555.41957477815  9.916116E-16
6556.7453734855  1.001475E-15
6558.07117219286  9.901852E-16
6559.39697090021  1.013945E-15
6560.72276960756  1.010135E-15
6562.04856831491  1.007269E-15
6563.37436702226  1.005619E-15
6564.70016572961  9.865657E-16
6566.02596443696  9.979555E-16
6567.35176314431  9.935963E-16
6568.67756185166  9.805001E-16
6570.00336055901  9.846354E-16
6571.32915926636  9.989832E-16
6572.65495797371  9.989054E-16
6573.98075668106  1.002224E-15
6575.30655538841  1.003821E-15
6576.63235409576  1.007306E-15
6577.95815280312  1.001115E-15
6579.28395151047  1.005309E-15
6580.60975021782  1.012079E-15
6581.93554892517  1.010954E-15
6583.26134763252  1.019443E-15
6584.58714633987  1.018780E-15
6585.91294504722  1.013864E-15
6587.23874375457  1.009908E-15
6588.56454246192  1.007367E-15
6589.89034116927  1.004789E-15
6591.21613987662  9.984499E-16
6592.54193858397  1.000663E-15
6593.86773729132  9.927866E-16
6595.19353599868  9.952477E-16
6596.51933470603  9.864309E-16
6597.84513341338  9.910397E-16
6599.17093212073  9.874945E-16
6600.49673082808  9.774360E-16
6601.82252953543  9.937036E-16
6603.14832824278  9.889941E-16
6604.47412695013  9.780178E-16
6605.79992565748  9.798426E-16
6607.12572436483  9.809251E-16
6608.45152307218  9.778299E-16
6609.77732177953  9.923252E-16
6611.10312048688  9.922300E-16
6612.42891919423  9.961208E-16
6613.75471790158  9.928757E-16
6615.08051660893  9.846336E-16
6616.40631531629  9.877252E-16
6617.73211402364  9.877778E-16
6619.05791273099  9.820335E-16
6620.38371143834  9.792638E-16
6621.70951014569  9.877430E-16
6623.03530885304  9.810943E-16
6624.36110756039  9.766485E-16
6625.68690626774  9.795517E-16
6627.01270497509  9.834320E-16
6628.33850368244  9.776384E-16
6629.66430238979  9.782093E-16
6630.99010109714  9.771797E-16
6632.31589980449  9.770990E-16
6633.64169851185  9.785630E-16
6634.9674972192  9.718676E-16
6636.29329592655  9.702311E-16
6637.6190946339  9.698940E-16
6638.94489334125  9.591787E-16
6640.2706920486  9.553185E-16
6641.59649075595  9.572654E-16
6642.9222894633  9.561710E-16
6644.24808817065  9.612943E-16
6645.573886878  9.615285E-16
6646.89968558535  9.581630E-16
6648.2254842927  9.570274E-16
6649.55128300005  9.557369E-16
6650.8770817074  9.525712E-16
6652.20288041475  9.495771E-16
6653.52867912211  9.509022E-16
6654.85447782946  9.491175E-16
6656.18027653681  9.440770E-16
6657.50607524416  9.461165E-16
6658.83187395151  9.398450E-16
6660.15767265886  9.297941E-16
6661.48347136621  9.384793E-16
6662.80927007356  9.362670E-16
6664.13506878091  9.249540E-16
6665.46086748826  9.277824E-16
6666.78666619561  9.218280E-16
6668.11246490296  9.233756E-16
6669.43826361031  9.156061E-16
6670.76406231767  9.230488E-16
6672.08986102502  9.204575E-16
6673.41565973237  9.181658E-16
6674.74145843972  9.197305E-16
6676.06725714707  9.158214E-16
6677.39305585442  9.268500E-16
6678.71885456177  9.169704E-16
6680.04465326912  9.292233E-16
6681.37045197647  9.278249E-16
6682.69625068382  9.260720E-16
6684.02204939117  9.181654E-16
6685.34784809852  9.157455E-16
6686.67364680587  9.150594E-16
6687.99944551322  9.134255E-16
6689.32524422057  9.139297E-16
6690.65104292793  9.115312E-16
6691.97684163528  9.120514E-16
6693.30264034263  9.216698E-16
6694.62843904998  9.121870E-16
6695.95423775733  8.970902E-16
6697.28003646468  8.303546E-16
6698.60583517203  7.675204E-16
6699.93163387938  6.845086E-16
6701.25743258673  6.550235E-16
6702.58323129408  6.646588E-16
6703.90903000143  6.823739E-16
6705.23482870878  7.044294E-16
6706.56062741613  7.314004E-16
6707.88642612348  7.459509E-16
6709.21222483083  7.734951E-16
6710.53802353819  7.919706E-16
6711.86382224554  8.199718E-16
6713.18962095289  8.315447E-16
6714.51541966024  8.264314E-16
6715.84121836759  8.106552E-16
6717.16701707494  7.976500E-16
6718.49281578229  7.948851E-16
6719.81861448964  7.901339E-16
6721.14441319699  7.868401E-16
6722.47021190434  7.756182E-16
6723.79601061169  7.758689E-16
6725.12180931904  7.733073E-16
6726.4476080264  7.768949E-16
6727.77340673374  7.695768E-16
6729.0992054411  7.756030E-16
6730.42500414845  7.794058E-16
6731.7508028558  7.897486E-16
6733.07660156315  7.969821E-16
6734.4024002705  7.923769E-16
6735.72819897785  7.920995E-16
6737.0539976852  7.972899E-16
6738.37979639255  7.945867E-16
6739.7055950999  7.893838E-16
6741.03139380725  7.886342E-16
6742.3571925146  7.923662E-16
6743.68299122195  7.874802E-16
6745.0087899293  7.904030E-16
6746.33458863665  7.909154E-16
6747.660387344  7.913959E-16
6748.98618605136  7.915130E-16
6750.31198475871  7.911783E-16
6751.63778346606  7.933235E-16
6752.96358217341  7.916262E-16
6754.28938088076  7.937467E-16
6755.61517958811  7.947082E-16
6756.94097829546  7.900058E-16
6758.26677700281  7.846989E-16
6759.59257571016  7.827716E-16
6760.91837441751  7.818603E-16
6762.24417312486  7.826543E-16
6763.56997183221  7.850415E-16
6764.89577053957  7.846835E-16
6766.22156924691  7.850721E-16
6767.54736795427  7.827817E-16
6768.87316666162  7.779867E-16
6770.19896536897  7.763539E-16
6771.52476407632  7.862612E-16
6772.85056278367  7.811936E-16
6774.17636149102  7.741612E-16
6775.50216019837  7.819449E-16
6776.82795890572  7.712151E-16
6778.15375761307  7.754159E-16
6779.47955632042  7.799635E-16
6780.80535502777  7.856207E-16
6782.13115373512  7.913943E-16
6783.45695244247  7.987479E-16
6784.78275114983  7.944055E-16
6786.10854985717  7.886421E-16
6787.43434856453  7.772362E-16
6788.76014727188  7.736068E-16
6790.08594597923  7.777640E-16
6791.41174468658  7.811958E-16
6792.73754339393  7.828472E-16
6794.06334210128  7.928578E-16
6795.38914080863  7.894295E-16
6796.71493951598  7.852105E-16
6798.04073822333  7.880564E-16
6799.36653693068  7.744264E-16
6800.69233563803  7.815887E-16
6802.01813434538  7.811137E-16
6803.34393305274  7.883779E-16
6804.66973176009  7.762130E-16
6805.99553046744  7.719827E-16
6807.32132917479  7.652174E-16
6808.64712788214  7.588628E-16
6809.97292658949  7.615716E-16
6811.29872529684  7.570435E-16
6812.62452400419  7.646663E-16
6813.95032271154  7.619069E-16
6815.27612141889  7.487391E-16
6816.60192012624  7.468447E-16
6817.92771883359  7.527364E-16
6819.25351754094  7.530558E-16
6820.57931624829  7.495217E-16
6821.90511495565  7.576564E-16
6823.23091366299  7.626429E-16
6824.55671237035  7.601837E-16
6825.8825110777  7.627694E-16
6827.20830978505  7.581452E-16
6828.5341084924  7.636545E-16
6829.85990719975  7.511760E-16
6831.1857059071  7.381445E-16
6832.51150461445  7.353704E-16
6833.8373033218  7.439162E-16
6835.16310202915  7.496155E-16
6836.4889007365  7.492810E-16
6837.81469944385  7.465187E-16
6839.1404981512  7.523345E-16
6840.46629685855  7.595996E-16
6841.7920955659  7.582428E-16
6843.11789427325  7.455575E-16
6844.44369298061  7.398721E-16
6845.76949168796  7.412084E-16
6847.09529039531  7.387297E-16
6848.42108910266  7.338659E-16
6849.74688781001  7.261739E-16
6851.07268651736  7.200071E-16
6852.39848522471  7.170304E-16
6853.72428393206  7.197790E-16
6855.05008263941  7.232235E-16
6856.37588134676  7.207939E-16
6857.70168005411  7.226971E-16
6859.02747876146  7.179999E-16
6860.35327746882  7.177065E-16
6861.67907617617  7.225092E-16
6863.00487488352  7.208769E-16
6864.33067359087  7.244144E-16
6865.65647229822  7.293067E-16
6866.98227100557  7.304338E-16
6868.30806971292  7.314376E-16
6869.63386842027  7.298418E-16
6870.95966712762  7.273071E-16
6872.28546583497  7.212261E-16
6873.61126454232  7.244018E-16
6874.93706324967  7.239333E-16
6876.26286195702  7.171481E-16
6877.58866066437  7.141846E-16
6878.91445937172  7.183204E-16
6880.24025807908  7.140796E-16
6881.56605678643  7.160652E-16
6882.89185549378  7.133041E-16
6884.21765420113  7.063802E-16
6885.54345290848  7.016160E-16
6886.86925161583  6.934755E-16
6888.19505032318  6.929749E-16
6889.52084903053  6.927593E-16
6890.84664773788  6.847514E-16
6892.17244644523  6.887537E-16
6893.49824515258  6.849912E-16
6894.82404385993  6.854798E-16
6896.14984256728  6.871073E-16
6897.47564127463  6.843755E-16
6898.80143998199  6.832253E-16
6900.12723868934  6.820711E-16
6901.45303739669  6.715262E-16
6902.77883610404  6.761970E-16
6904.10463481139  6.919043E-16
6905.43043351874  6.967823E-16
6906.75623222609  7.050532E-16
6908.08203093344  6.862467E-16
6909.40782964079  6.754180E-16
6910.73362834814  6.718627E-16
6912.05942705549  6.782282E-16
6913.38522576284  6.837370E-16
6914.71102447019  6.947367E-16
6916.03682317754  6.876345E-16
6917.36262188489  6.921114E-16
6918.68842059225  6.887703E-16
6920.0142192996  6.911852E-16
6921.34001800695  6.872343E-16
6922.6658167143  6.887055E-16
6923.99161542165  6.853564E-16
6925.317414129  6.880019E-16
6926.64321283635  6.814344E-16
6927.9690115437  6.746139E-16
6929.29481025105  6.784197E-16
6930.6206089584  6.721521E-16
6931.94640766575  6.639992E-16
6933.2722063731  6.582145E-16
6934.59800508046  6.649152E-16
6935.92380378781  6.700251E-16
6937.24960249516  6.739761E-16
6938.57540120251  6.813634E-16
6939.90119990986  6.793618E-16
6941.22699861721  6.743498E-16
6942.55279732456  6.631897E-16
6943.87859603191  6.562181E-16
6945.20439473926  6.508689E-16
6946.53019344661  6.560542E-16
6947.85599215396  6.548128E-16
6949.18179086131  6.514150E-16
6950.50758956866  6.569997E-16
6951.83338827601  6.686561E-16
6953.15918698337  6.824067E-16
6954.48498569071  6.830452E-16
6955.81078439807  6.758050E-16
6957.13658310541  6.763843E-16
6958.46238181277  6.807213E-16
6959.78818052012  6.733351E-16
6961.11397922747  6.620673E-16
6962.43977793482  6.546727E-16
6963.76557664217  6.530273E-16
6965.09137534952  6.537292E-16
6966.41717405687  6.513855E-16
6967.74297276422  6.481613E-16
6969.06877147157  6.479533E-16
6970.39457017892  6.532858E-16
6971.72036888627  6.573623E-16
6973.04616759362  6.608331E-16
6974.37196630097  6.637877E-16
6975.69776500833  6.590239E-16
6977.02356371568  6.681652E-16
6978.34936242303  6.650220E-16
6979.67516113038  6.556202E-16
6981.00095983773  6.527317E-16
6982.32675854508  6.375692E-16
6983.65255725243  6.397799E-16
6984.97835595978  6.331446E-16
6986.30415466713  6.410178E-16
6987.62995337448  6.463579E-16
6988.95575208183  6.423375E-16
6990.28155078918  6.458574E-16
6991.60734949653  6.514052E-16
6992.93314820389  6.514732E-16
6994.25894691124  6.592887E-16
6995.58474561859  6.397189E-16
6996.91054432594  6.233645E-16
6998.23634303329  6.222043E-16
6999.56214174064  6.230404E-16
7000.88794044799  6.283369E-16
7002.21373915534  6.224874E-16
7003.53953786269  6.226351E-16
7004.86533657004  6.182829E-16
7006.19113527739  6.145684E-16
7007.51693398474  6.016476E-16
7008.84273269209  6.039923E-16
7010.16853139944  5.992310E-16
7011.4943301068  6.010743E-16
7012.82012881414  6.163464E-16
7014.1459275215  6.256738E-16
7015.47172622885  6.255930E-16
7016.7975249362  6.189075E-16
7018.12332364355  6.233565E-16
7019.4491223509  6.247211E-16
7020.77492105825  6.214720E-16
7022.1007197656  6.183233E-16
7023.42651847295  6.090178E-16
7024.7523171803  6.034748E-16
7026.07811588765  5.988257E-16
7027.403914595  6.000706E-16
7028.72971330235  6.005509E-16
7030.05551200971  6.072872E-16
7031.38131071705  6.100919E-16
7032.70710942441  6.104604E-16
7034.03290813175  6.170810E-16
7035.35870683911  6.212621E-16
7036.68450554646  6.224563E-16
7038.01030425381  6.265186E-16
7039.33610296116  6.316317E-16
7040.66190166851  6.313343E-16
7041.98770037586  6.283762E-16
7043.31349908321  6.249427E-16
7044.63929779056  6.259135E-16
7045.96509649791  6.281434E-16
7047.29089520526  6.235718E-16
7048.61669391261  6.265812E-16
7049.94249261996  6.296047E-16
7051.26829132732  6.251745E-16
7052.59409003467  6.201693E-16
7053.91988874202  6.170964E-16
7055.24568744937  6.072762E-16
7056.57148615672  6.033504E-16
7057.89728486407  6.041310E-16
7059.22308357142  5.945525E-16
7060.54888227877  6.007145E-16
7061.87468098612  5.997581E-16
7063.20047969347  5.983582E-16
7064.52627840082  6.082258E-16
7065.85207710817  6.154995E-16
7067.17787581552  6.190531E-16
7068.50367452288  6.257262E-16
7069.82947323023  6.147127E-16
7071.15527193758  6.114352E-16
7072.48107064493  6.052281E-16
7073.80686935228  5.983873E-16
7075.13266805963  5.900843E-16
7076.45846676698  5.902629E-16
7077.78426547433  6.028823E-16
7079.11006418168  6.042650E-16
7080.43586288903  6.072253E-16
7081.76166159638  6.190276E-16
7083.08746030373  6.094391E-16
7084.41325901108  6.071248E-16
7085.73905771843  6.002257E-16
7087.06485642578  6.062834E-16
7088.39065513313  6.093543E-16
7089.71645384049  6.125862E-16
7091.04225254784  6.142884E-16
7092.36805125519  6.106267E-16
7093.69384996254  6.148120E-16
7095.01964866989  6.085299E-16
7096.34544737724  6.070673E-16
7097.67124608459  5.977027E-16
7098.99704479194  5.909570E-16
7100.32284349929  5.916254E-16
7101.64864220664  5.850891E-16
7102.97444091399  5.934749E-16
7104.30023962134  5.971845E-16
7105.62603832869  6.069333E-16
7106.95183703604  6.075760E-16
7108.2776357434  6.082311E-16
7109.60343445075  6.087217E-16
7110.9292331581  5.986073E-16
7112.25503186545  5.861027E-16
7113.5808305728  5.890664E-16
7114.90662928015  5.858546E-16
7116.2324279875  5.846202E-16
7117.55822669485  5.951249E-16
7118.8840254022  5.981445E-16
7120.20982410955  5.961508E-16
7121.5356228169  5.888798E-16
7122.86142152425  5.862434E-16
7124.18722023161  5.855153E-16
7125.51301893896  5.857471E-16
7126.83881764631  5.845018E-16
7128.16461635366  5.827460E-16
7129.49041506101  5.854181E-16
7130.81621376836  5.883841E-16
7132.14201247571  5.945305E-16
7133.46781118306  6.005700E-16
7134.79360989041  5.972882E-16
7136.11940859776  5.905423E-16
7137.44520730511  5.911000E-16
7138.77100601246  5.920317E-16
7140.09680471981  5.826933E-16
7141.42260342716  5.883389E-16
7142.74840213451  5.968789E-16
7144.07420084186  5.946257E-16
7145.39999954922  6.032889E-16
7146.72579825657  5.979294E-16
7148.05159696392  5.903916E-16
7149.37739567127  5.839404E-16
7150.70319437862  5.874954E-16
7152.02899308597  5.812751E-16
7153.35479179332  5.880469E-16
7154.68059050067  5.805855E-16
7156.00638920802  5.969640E-16
7157.33218791537  6.008516E-16
7158.65798662272  5.978724E-16
7159.98378533007  6.015458E-16
7161.30958403742  5.920168E-16
7162.63538274477  5.885935E-16
7163.96118145213  5.856869E-16
7165.28698015947  5.879654E-16
7166.61277886683  5.867455E-16
7167.93857757418  5.906556E-16
7169.26437628153  5.948276E-16
7170.59017498888  5.927091E-16
7171.91597369623  5.958468E-16
7173.24177240358  5.985129E-16
7174.56757111093  6.053170E-16
7175.89336981828  6.081782E-16
7177.21916852563  6.046221E-16
7178.54496723298  6.036293E-16
7179.87076594033  6.047554E-16
7181.19656464768  6.076263E-16
7182.52236335503  6.085315E-16
7183.84816206239  6.014654E-16
7185.17396076974  6.019257E-16
7186.49975947709  5.997002E-16
7187.82555818444  6.000122E-16
7189.15135689179  5.983115E-16
7190.47715559914  5.994195E-16
7191.80295430649  6.019802E-16
7193.12875301384  5.956365E-16
7194.45455172119  5.898255E-16
7195.78035042854  5.956250E-16
7197.10614913589  5.879790E-16
7198.43194784324  5.840098E-16
7199.75774655059  5.866687E-16
7201.08354525795  5.751806E-16
7202.4093439653  5.714196E-16
7203.73514267265  5.738584E-16
7205.06094138  5.781112E-16
7206.38674008735  5.839211E-16
7207.7125387947  5.813643E-16
7209.03833750205  5.803302E-16
7210.3641362094  5.843660E-16
7211.68993491675  5.849286E-16
7213.0157336241  5.912601E-16
7214.34153233145  5.884458E-16
7215.6673310388  5.932658E-16
7216.99312974615  5.874059E-16
7218.3189284535  5.820365E-16
7219.64472716085  5.918527E-16
7220.9705258682  5.851045E-16
7222.29632457556  5.797924E-16
7223.62212328291  5.773236E-16
7224.94792199026  5.762189E-16
7226.27372069761  5.850798E-16
7227.59951940496  5.666433E-16
7228.92531811231  5.542515E-16
7230.25111681966  5.799947E-16
7231.57691552701  5.688733E-16
7232.90271423436  5.607764E-16
7234.22851294171  5.760317E-16
7235.55431164906  5.852757E-16
7236.88011035641  5.808515E-16
7238.20590906376  5.835816E-16
7239.53170777111  5.778195E-16
7240.85750647847  5.776782E-16
7242.18330518582  5.741591E-16
7243.50910389317  5.660406E-16
7244.83490260052  5.679085E-16
7246.16070130787  5.779606E-16
7247.48650001522  5.651964E-16
7248.81229872257  5.651595E-16
7250.13809742992  5.603630E-16
7251.46389613727  5.580712E-16
7252.78969484462  5.609398E-16
7254.11549355197  5.562342E-16
7255.44129225932  5.558007E-16
7256.76709096667  5.553615E-16
7258.09288967402  5.439279E-16
7259.41868838138  5.438442E-16
7260.74448708873  5.508294E-16
7262.07028579608  5.589108E-16
7263.39608450343  5.653564E-16
7264.72188321078  5.626981E-16
7266.04768191813  5.571245E-16
7267.37348062548  5.511409E-16
7268.69927933283  5.520495E-16
7270.02507804018  5.539035E-16
7271.35087674753  5.513601E-16
7272.67667545488  5.489027E-16
7274.00247416223  5.507274E-16
7275.32827286958  5.524619E-16
7276.65407157693  5.508866E-16
7277.97987028428  5.489941E-16
7279.30566899164  5.491039E-16
7280.63146769899  5.395882E-16
7281.95726640634  5.367703E-16
7283.28306511369  5.384539E-16
7284.60886382104  5.417092E-16
7285.93466252839  5.350898E-16
7287.26046123574  5.247842E-16
7288.58625994309  5.267048E-16
7289.91205865044  5.186205E-16
7291.23785735779  5.212293E-16
7292.56365606514  5.162126E-16
7293.88945477249  5.088770E-16
7295.21525347984  5.147292E-16
7296.54105218719  5.064493E-16
7297.86685089455  4.966222E-16
7299.1926496019  5.049183E-16
7300.51844830925  4.986642E-16
7301.8442470166  5.002169E-16
7303.17004572395  5.022763E-16
7304.4958444313  4.982586E-16
7305.82164313865  5.015180E-16
7307.147441846  5.025961E-16
7308.47324055335  5.040530E-16
7309.7990392607  4.999987E-16
7311.12483796805  4.942403E-16
7312.4506366754  4.925433E-16
7313.77643538275  4.864639E-16
7315.10223409011  4.869585E-16
7316.42803279746  4.862230E-16
7317.75383150481  4.801409E-16
7319.07963021216  4.811114E-16
7320.40542891951  4.828679E-16
7321.73122762686  4.851114E-16
7323.05702633421  4.876820E-16
7324.38282504156  4.839277E-16
7325.70862374891  4.809879E-16
7327.03442245626  4.809499E-16
7328.36022116361  4.754616E-16
7329.68601987096  4.730234E-16
7331.01181857831  4.715381E-16
7332.33761728567  4.700731E-16
7333.66341599301  4.666794E-16
7334.98921470037  4.536002E-16
7336.31501340772  4.533667E-16
7337.64081211507  4.489670E-16
7338.96661082242  4.497002E-16
7340.29240952977  4.445305E-16
7341.61820823712  4.443605E-16
7342.94400694447  4.461944E-16
7344.26980565182  4.428299E-16
7345.59560435917  4.393561E-16
7346.92140306652  4.350821E-16
7348.24720177387  4.352333E-16
7349.57300048122  4.342117E-16
7350.89879918857  4.365482E-16
7352.22459789592  4.422771E-16
7353.55039660328  4.269993E-16
7354.87619531063  4.383804E-16
7356.20199401798  4.383921E-16
7357.52779272533  4.426605E-16
7358.85359143268  4.359538E-16
7360.17939014003  4.489265E-16
7361.50518884738  4.570185E-16
7362.83098755473  4.476369E-16
7364.15678626208  4.397155E-16
7365.48258496943  4.339549E-16
7366.80838367678  4.277239E-16
7368.13418238413  4.176717E-16
7369.45998109148  4.143286E-16
7370.78577979883  4.218170E-16
7372.11157850619  4.115636E-16
7373.43737721353  4.164004E-16
7374.76317592089  4.157849E-16
7376.08897462824  4.068336E-16
7377.41477333559  4.060963E-16
7378.74057204294  4.164676E-16
7380.06637075029  4.261064E-16
7381.39216945764  4.261318E-16
7382.71796816499  4.166787E-16
7384.04376687234  4.254352E-16
7385.36956557969  4.144098E-16
7386.69536428704  4.013496E-16
7388.02116299439  4.095182E-16
7389.34696170174  4.129724E-16
7390.67276040909  4.118374E-16
7391.99855911645  4.117013E-16
7393.3243578238  4.162765E-16
7394.65015653115  4.222678E-16
7395.9759552385  4.187266E-16
7397.30175394585  4.115518E-16
7398.6275526532  4.087403E-16
7399.95335136055  4.115950E-16
7401.2791500679  4.062989E-16
7402.60494877525  4.053767E-16
7403.9307474826  4.052495E-16
7405.25654618995  4.037364E-16
7406.5823448973  3.948049E-16
7407.90814360465  3.502728E-16
7409.233942312  2.952048E-16
7410.55974101936  2.474903E-16
7411.88553972671  2.193559E-16
7413.21133843406  2.032673E-16
7414.53713714141  1.797125E-16
7415.86293584876  1.580317E-16
7417.18873455611  1.785846E-16
7418.51453326346  1.404386E-16
7419.84033197081  1.405513E-16
7421.16613067816  1.428913E-16
7422.49192938551  1.546368E-16
7423.81772809286  1.688987E-16
7425.14352680021  1.810179E-16
7426.46932550756  2.048337E-16
7427.79512421491  2.263163E-16
7429.12092292226  2.511736E-16
7430.44672162962  2.843099E-16
7431.77252033697  3.251491E-16
7433.09831904432  3.397224E-16
7434.42411775167  3.239803E-16
7435.74991645902  2.911451E-16
7437.07571516637  2.602709E-16
7438.40151387372  2.380719E-16
7439.72731258107  2.369015E-16
7441.05311128842  2.413028E-16
7442.37890999577  2.453061E-16
7443.70470870312  2.348483E-16
7445.03050741047  2.295086E-16
7446.35630611782  2.346631E-16
7447.68210482517  2.453417E-16
7449.00790353253  2.441614E-16
7450.33370223988  2.466955E-16
7451.65950094723  2.552352E-16
7452.98529965458  2.564784E-16
7454.31109836193  2.551670E-16
7455.63689706928  2.675007E-16
7456.96269577663  2.729742E-16
7458.28849448398  2.716344E-16
7459.61429319133  2.850829E-16
7460.94009189868  2.963585E-16
7462.26589060603  2.904838E-16
7463.59168931338  2.848334E-16
7464.91748802073  2.893479E-16
7466.24328672809  2.965323E-16
7467.56908543544  2.933055E-16
7468.89488414279  2.977959E-16
7470.22068285014  3.162785E-16
7471.54648155749  3.150099E-16
7472.87228026484  3.103972E-16
7474.19807897219  3.082837E-16
7475.52387767954  3.193252E-16
7476.84967638689  3.208690E-16
7478.17547509424  3.148430E-16
7479.50127380159  3.137817E-16
7480.82707250894  3.225672E-16
7482.15287121629  3.177598E-16
7483.47866992364  3.061400E-16
7484.80446863099  3.054333E-16
7486.13026733835  3.215661E-16
7487.4560660457  3.273170E-16
7488.78186475305  3.189811E-16
7490.1076634604  3.154245E-16
7491.43346216775  3.151525E-16
7492.7592608751  3.254736E-16
7494.08505958245  3.301974E-16
7495.4108582898  3.280751E-16
7496.73665699715  3.335153E-16
7498.0624557045  3.365166E-16
7499.38825441185  3.277528E-16
7500.7140531192  3.449679E-16
7502.03985182655  3.440240E-16
7503.3656505339  3.486762E-16
7504.69144924125  3.514253E-16
7506.01724794861  3.556333E-16
7507.34304665596  3.574745E-16
7508.66884536331  3.619258E-16
7509.99464407066  3.609825E-16
7511.32044277801  3.645511E-16
7512.64624148536  3.630379E-16
7513.97204019271  3.613654E-16
7515.29783890006  3.623841E-16
7516.62363760741  3.714978E-16
7517.94943631476  3.733047E-16
7519.27523502211  3.652642E-16
7520.60103372946  3.705723E-16
7521.92683243681  3.689074E-16
7523.25263114417  3.574723E-16
7524.57842985151  3.596932E-16
7525.90422855887  3.699450E-16
7527.23002726622  3.620608E-16
7528.55582597357  3.599550E-16
7529.88162468092  3.569490E-16
7531.20742338827  3.627769E-16
7532.53322209562  3.612342E-16
7533.85902080297  3.617684E-16
7535.18481951032  3.712199E-16
7536.51061821767  3.664861E-16
7537.83641692502  3.620158E-16
7539.16221563237  3.646006E-16
7540.48801433972  3.683962E-16
7541.81381304707  3.708276E-16
7543.13961175443  3.662934E-16
7544.46541046178  3.638760E-16
7545.79120916913  3.689774E-16
7547.11700787648  3.677723E-16
7548.44280658383  3.738095E-16
7549.76860529118  3.837206E-16
7551.09440399853  3.885421E-16
7552.42020270588  3.833312E-16
7553.74600141323  3.892138E-16
7555.07180012058  3.941746E-16
7556.39759882793  3.905814E-16
7557.72339753528  3.956783E-16
7559.04919624263  3.957930E-16
7560.37499494998  3.999617E-16
7561.70079365733  3.948191E-16
7563.02659236469  3.884856E-16
7564.35239107204  3.864405E-16
7565.67818977939  3.928579E-16
7567.00398848674  3.964160E-16
7568.32978719409  4.071117E-16
7569.65558590144  3.916163E-16
7570.98138460879  3.861015E-16
7572.30718331614  3.859027E-16
7573.63298202349  3.818864E-16
7574.95878073084  3.857744E-16
7576.28457943819  3.900439E-16
7577.61037814554  4.035221E-16
7578.93617685289  4.086299E-16
7580.26197556025  4.057845E-16
7581.5877742676  4.038438E-16
7582.91357297495  3.994512E-16
7584.2393716823  3.926233E-16
7585.56517038965  3.867882E-16
7586.890969097  3.932486E-16
7588.21676780435  3.997937E-16
7589.5425665117  3.968531E-16
7590.86836521905  3.954918E-16
7592.1941639264  3.946663E-16
7593.51996263375  3.896318E-16
7594.8457613411  3.918302E-16
7596.17156004845  3.961240E-16
7597.4973587558  3.948636E-16
7598.82315746316  3.982131E-16
7600.14895617051  4.061837E-16
7601.47475487786  3.930275E-16
7602.80055358521  4.027019E-16
7604.12635229256  4.062297E-16
7605.45215099991  4.115438E-16
7606.77794970726  4.186320E-16
7608.10374841461  4.179986E-16
7609.42954712196  4.216408E-16
7610.75534582931  4.128382E-16
7612.08114453666  4.305985E-16
7613.40694324401  4.315080E-16
7614.73274195136  4.372337E-16
7616.05854065871  4.288521E-16
7617.38433936606  4.237153E-16
7618.71013807342  4.272090E-16
7620.03593678077  4.309655E-16
7621.36173548812  4.277029E-16
7622.68753419547  4.327337E-16
7624.01333290282  4.357821E-16
7625.33913161017  4.398314E-16
7626.66493031752  4.378915E-16
7627.99072902487  4.410883E-16
7629.31652773222  4.426815E-16
7630.64232643957  4.372220E-16
7631.96812514692  4.341992E-16
7633.29392385427  4.324592E-16
7634.61972256162  4.294865E-16
7635.94552126897  4.297100E-16
7637.27131997632  4.368686E-16
7638.59711868368  4.401233E-16
7639.92291739103  4.436983E-16
7641.24871609838  4.420021E-16
7642.57451480573  4.498689E-16
7643.90031351308  4.451189E-16
7645.22611222043  4.340387E-16
7646.55191092778  4.491016E-16
7647.87770963513  4.337314E-16
7649.20350834248  4.356400E-16
7650.52930704983  4.465165E-16
7651.85510575718  4.584258E-16
7653.18090446453  4.502385E-16
7654.50670317189  4.492024E-16
7655.83250187923  4.450135E-16
7657.15830058659  4.432356E-16
7658.48409929393  4.430744E-16
7659.80989800129  4.356214E-16
7661.13569670864  4.342405E-16
7662.46149541599  4.333733E-16
7663.78729412334  4.239596E-16
7665.11309283069  4.337120E-16
7666.43889153804  4.441886E-16
7667.76469024539  4.644872E-16
7669.09048895274  4.622095E-16
7670.41628766009  4.584122E-16
7671.74208636744  4.536626E-16
7673.06788507479  4.572842E-16
7674.39368378214  4.621840E-16
7675.7194824895  4.599000E-16
7677.04528119685  4.499694E-16
7678.3710799042  4.605278E-16
7679.69687861155  4.683594E-16
7681.0226773189  4.726903E-16
7682.34847602625  4.795560E-16
7683.6742747336  4.855741E-16
7685.00007344095  4.795700E-16
7686.3258721483  4.810296E-16
7687.65167085565  4.837788E-16
7688.977469563  4.871441E-16
7690.30326827035  4.854821E-16
7691.6290669777  4.740781E-16
7692.95486568505  4.676224E-16
7694.28066439241  4.624779E-16
7695.60646309976  4.593398E-16
7696.93226180711  4.613719E-16
7698.25806051446  4.744994E-16
7699.58385922181  4.714057E-16
7700.90965792916  4.709409E-16
7702.23545663651  4.641990E-16
7703.56125534386  4.711046E-16
7704.88705405121  4.650619E-16
7706.21285275856  4.725676E-16
7707.53865146591  4.713475E-16
7708.86445017326  4.783053E-16
7710.19024888061  4.940269E-16
7711.51604758796  4.943634E-16
7712.84184629531  5.015072E-16
7714.16764500267  4.992581E-16
7715.49344371002  5.012990E-16
7716.81924241737  4.963463E-16
7718.14504112472  5.069965E-16
7719.47083983207  5.217283E-16
7720.79663853942  5.270736E-16
7722.12243724677  5.321934E-16
7723.44823595412  5.392376E-16
7724.77403466147  5.432146E-16
7726.09983336882  5.444445E-16
7727.42563207617  5.358393E-16
7728.75143078352  5.304379E-16
7730.07722949087  5.225059E-16
7731.40302819823  5.293637E-16
7732.72882690557  5.238053E-16
7734.05462561293  5.176037E-16
7735.38042432028  5.388493E-16
7736.70622302763  5.428041E-16
7738.03202173498  5.568108E-16
7739.35782044233  5.629462E-16
7740.68361914968  5.649323E-16
7742.00941785703  5.658064E-16
7743.33521656438  5.652885E-16
7744.66101527173  5.738630E-16
7745.98681397908  5.703818E-16
7747.31261268643  5.748640E-16
7748.63841139378  5.729937E-16
7749.96421010114  5.576112E-16
7751.29000880849  5.693976E-16
7752.61580751584  5.642050E-16
7753.94160622319  5.690279E-16
7755.26740493054  5.912172E-16
7756.59320363789  5.835696E-16
7757.91900234524  5.880616E-16
7759.24480105259  5.806753E-16
7760.57059975994  5.935057E-16
7761.89639846729  6.042041E-16
7763.22219717464  5.794652E-16
7764.54799588199  5.724698E-16
7765.87379458934  5.831445E-16
7767.19959329669  5.797412E-16
7768.52539200404  5.822717E-16
7769.8511907114  5.735658E-16
7771.17698941875  5.792451E-16
7772.5027881261  6.087849E-16
7773.82858683345  6.237225E-16
7775.1543855408  6.304262E-16
7776.48018424815  6.363476E-16
7777.8059829555  6.351531E-16
7779.13178166285  6.324004E-16
7780.4575803702  6.292682E-16
7781.78337907755  6.308007E-16
7783.1091777849  6.109102E-16
7784.43497649225  6.010784E-16
7785.7607751996  5.974850E-16
7787.08657390695  5.959577E-16
7788.41237261431  5.947422E-16
7789.73817132165  5.951653E-16
7791.06397002901  5.959084E-16
7792.38976873636  6.023513E-16
7793.71556744371  5.934317E-16
7795.04136615106  6.135700E-16
7796.36716485841  6.167098E-16
7797.69296356576  6.275945E-16
7799.01876227311  6.385501E-16
7800.34456098046  6.448755E-16
7801.67035968781  6.631696E-16
7802.99615839516  6.667337E-16
7804.32195710251  6.708606E-16
7805.64775580986  6.705508E-16
7806.97355451722  6.601743E-16
7808.29935322456  6.670856E-16
7809.62515193192  6.618055E-16
7810.95095063927  6.633563E-16
7812.27674934662  6.608619E-16
7813.60254805397  6.519562E-16
7814.92834676132  6.539455E-16
7816.25414546867  6.467419E-16
7817.57994417602  6.500014E-16
7818.90574288337  6.492877E-16
7820.23154159072  6.523890E-16
7821.55734029807  6.436032E-16
7822.88313900542  6.366710E-16
7824.20893771277  6.246342E-16
7825.53473642012  6.255492E-16
7826.86053512748  6.292622E-16
7828.18633383483  6.266159E-16
7829.51213254218  6.216345E-16
7830.83793124953  6.274755E-16
7832.16372995688  6.263061E-16
7833.48952866423  5.875817E-16
7834.81532737158  6.591833E-16
7836.14112607893  6.632370E-16
7837.46692478628  6.005640E-16
7838.79272349363  6.383097E-16
7840.11852220098  6.225730E-16
7841.44432090833  6.510320E-16
7842.77011961568  6.815489E-16
7844.09591832303  6.806081E-16
7845.42171703039  6.864404E-16
7846.74751573774  6.725483E-16
7848.07331444509  6.609262E-16
7849.39911315244  6.709982E-16
7850.72491185979  6.705905E-16
7852.05071056714  6.593750E-16
7853.37650927449  6.467126E-16
7854.70230798184  6.497069E-16
7856.02810668919  6.570646E-16
7857.35390539654  6.489849E-16
7858.67970410389  6.579520E-16
7860.00550281124  6.630997E-16
7861.33130151859  6.479101E-16
7862.65710022594  6.208034E-16
7863.98289893329  6.599298E-16
7865.30869764065  6.492914E-16
7866.634496348  5.954310E-16
7867.96029505535  6.545333E-16
7869.2860937627  6.663520E-16
7870.61189247005  6.794837E-16
7871.9376911774  6.720309E-16
7873.26348988475  6.791510E-16
7874.5892885921  6.892478E-16
7875.91508729945  6.820217E-16
7877.2408860068  6.745247E-16
7878.56668471415  6.783917E-16
7879.8924834215  6.510445E-16
7881.21828212885  6.597806E-16
7882.5440808362  6.791999E-16
7883.86987954356  6.721608E-16
7885.19567825091  6.782553E-16
7886.52147695826  6.811800E-16
7887.84727566561  6.794841E-16
7889.17307437296  6.709829E-16
7890.49887308031  6.687085E-16
7891.82467178766  6.709034E-16
7893.15047049501  6.728423E-16
7894.47626920236  6.808211E-16
7895.80206790971  6.769402E-16
7897.12786661706  6.762266E-16
7898.45366532441  6.709424E-16
7899.77946403176  6.744800E-16
7901.10526273911  6.786921E-16
7902.43106144647  6.683837E-16
7903.75686015381  6.707885E-16
7905.08265886117  6.749671E-16
7906.40845756852  6.593894E-16
7907.73425627587  6.621765E-16
7909.06005498322  6.469942E-16
7910.38585369057  6.957878E-16
7911.71165239792  6.629379E-16
7913.03745110527  6.513287E-16
7914.36324981262  6.521618E-16
7915.68904851997  6.519841E-16
7917.01484722732  6.272709E-16
7918.34064593467  6.494553E-16
7919.66644464202  6.475231E-16
7920.99224334937  6.565224E-16
7922.31804205673  6.523142E-16
