#Object:               SN2009ab
#FITS_file:            SN09ab_b01_BAA_IM_14feb09.fits
#Redshift:             0.01117
#JDate_of_max:         2454883.85
#JDate_of_observation: 2454876.63
#Epoch:                -7.14     
#
 3976.5773 1.40702e-15
 3978.4078 1.38898e-15
 3980.2383 1.37207e-15
 3982.0687 1.38277e-15
 3983.8992 1.39347e-15
 3985.7297 1.37650e-15
 3987.5602 1.21739e-15
 3989.3906 1.36488e-15
 3991.2211 1.39502e-15
 3993.0516 1.41585e-15
 3994.8820 1.18156e-15
 3996.7125 1.26695e-15
 3998.5430 1.38901e-15
 4000.3734 1.17299e-15
 4002.2039 1.33390e-15
 4004.0344 1.23950e-15
 4005.8648 1.29070e-15
 4007.6953 1.21910e-15
 4009.5258 1.18339e-15
 4011.3563 1.23076e-15
 4013.1867 1.17274e-15
 4015.0172 1.32484e-15
 4016.8477 1.19414e-15
 4018.6781 1.33294e-15
 4020.5086 1.41525e-15
 4022.3391 1.26377e-15
 4024.1695 1.24025e-15
 4026.0000 1.27592e-15
 4027.8305 1.29847e-15
 4029.6610 1.23835e-15
 4031.4914 1.31093e-15
 4033.3219 1.21706e-15
 4035.1524 1.34723e-15
 4036.9828 1.41005e-15
 4038.8133 1.33721e-15
 4040.6438 1.29076e-15
 4042.4742 1.39471e-15
 4044.3047 1.23139e-15
 4046.1352 1.31572e-15
 4047.9656 1.30406e-15
 4049.7961 1.36391e-15
 4051.6266 1.44244e-15
 4053.4571 1.40044e-15
 4055.2875 1.47310e-15
 4057.1180 1.42930e-15
 4058.9485 1.47606e-15
 4060.7789 1.46794e-15
 4062.6094 1.45628e-15
 4064.4399 1.46561e-15
 4066.2703 1.44588e-15
 4068.1008 1.43328e-15
 4069.9313 1.44544e-15
 4071.7617 1.45760e-15
 4073.5922 1.46977e-15
 4075.4227 1.48193e-15
 4077.2531 1.49409e-15
 4079.0836 1.45239e-15
 4080.9141 1.49350e-15
 4082.7446 1.43659e-15
 4084.5750 1.47934e-15
 4086.4055 1.38944e-15
 4088.2360 1.48674e-15
 4090.0664 1.53338e-15
 4091.8969 1.46405e-15
 4093.7274 1.41177e-15
 4095.5578 1.41371e-15
 4097.3883 1.50393e-15
 4099.2188 1.33664e-15
 4101.0492 1.36393e-15
 4102.8797 1.38216e-15
 4104.7102 1.40430e-15
 4106.5407 1.37458e-15
 4108.3711 1.32899e-15
 4110.2016 1.34089e-15
 4112.0321 1.42818e-15
 4113.8625 1.44371e-15
 4115.6930 1.38332e-15
 4117.5235 1.43040e-15
 4119.3539 1.39412e-15
 4121.1844 1.32473e-15
 4123.0149 1.26955e-15
 4124.8453 1.32350e-15
 4126.6758 1.27261e-15
 4128.5063 1.35579e-15
 4130.3368 1.23426e-15
 4132.1672 1.21102e-15
 4133.9977 1.38662e-15
 4135.8282 1.35184e-15
 4137.6586 1.35168e-15
 4139.4891 1.22434e-15
 4141.3196 1.27070e-15
 4143.1500 1.29184e-15
 4144.9805 1.16966e-15
 4146.8110 1.26577e-15
 4148.6415 1.38185e-15
 4150.4719 1.42776e-15
 4152.3024 1.38133e-15
 4154.1329 1.27847e-15
 4155.9633 1.24651e-15
 4157.7938 1.35605e-15
 4159.6243 1.41527e-15
 4161.4547 1.34799e-15
 4163.2852 1.23778e-15
 4165.1157 1.28685e-15
 4166.9461 1.30995e-15
 4168.7766 1.26702e-15
 4170.6071 1.25873e-15
 4172.4376 1.22042e-15
 4174.2680 1.32097e-15
 4176.0985 1.24487e-15
 4177.9290 1.29393e-15
 4179.7594 1.23064e-15
 4181.5899 1.15563e-15
 4183.4204 1.29120e-15
 4185.2508 1.16638e-15
 4187.0813 1.19105e-15
 4188.9118 1.14179e-15
 4190.7422 1.14709e-15
 4192.5727 1.15005e-15
 4194.4032 1.17327e-15
 4196.2336 1.20999e-15
 4198.0641 1.15326e-15
 4199.8946 1.15688e-15
 4201.7251 1.08116e-15
 4203.5555 1.09863e-15
 4205.3860 1.18444e-15
 4207.2165 1.17413e-15
 4209.0469 1.00223e-15
 4210.8774 1.00965e-15
 4212.7079 1.09183e-15
 4214.5383 1.08488e-15
 4216.3688 1.03598e-15
 4218.1993 1.07519e-15
 4220.0297 1.01517e-15
 4221.8602 1.01169e-15
 4223.6907 1.07844e-15
 4225.5212 1.04967e-15
 4227.3516 1.13901e-15
 4229.1821 1.03954e-15
 4231.0126 1.00444e-15
 4232.8430 1.00602e-15
 4234.6735 9.95205e-16
 4236.5040 1.01452e-15
 4238.3344 1.03331e-15
 4240.1649 1.03650e-15
 4241.9954 1.06761e-15
 4243.8258 1.05086e-15
 4245.6563 1.02791e-15
 4247.4868 9.83475e-16
 4249.3173 9.23197e-16
 4251.1477 9.33721e-16
 4252.9782 1.02178e-15
 4254.8087 1.01113e-15
 4256.6391 9.96269e-16
 4258.4696 9.72558e-16
 4260.3001 1.00718e-15
 4262.1305 9.53140e-16
 4263.9610 9.81094e-16
 4265.7915 9.10943e-16
 4267.6219 8.98334e-16
 4269.4524 9.18229e-16
 4271.2829 9.18444e-16
 4273.1134 9.31446e-16
 4274.9438 9.32946e-16
 4276.7743 9.27627e-16
 4278.6048 9.27622e-16
 4280.4352 8.77759e-16
 4282.2657 9.06817e-16
 4284.0962 8.53117e-16
 4285.9266 8.18098e-16
 4287.7571 8.28283e-16
 4289.5876 7.85188e-16
 4291.4181 8.11048e-16
 4293.2485 8.09257e-16
 4295.0790 8.01571e-16
 4296.9095 7.59269e-16
 4298.7399 7.80882e-16
 4300.5704 7.66442e-16
 4302.4009 7.19373e-16
 4304.2313 8.11176e-16
 4306.0618 8.07269e-16
 4307.8923 7.48572e-16
 4309.7227 7.67451e-16
 4311.5532 8.13480e-16
 4313.3837 8.39629e-16
 4315.2141 8.31219e-16
 4317.0446 8.77332e-16
 4318.8751 8.42874e-16
 4320.7056 8.43718e-16
 4322.5360 8.44247e-16
 4324.3665 8.59890e-16
 4326.1970 8.47374e-16
 4328.0274 8.48228e-16
 4329.8579 8.76467e-16
 4331.6884 9.41420e-16
 4333.5188 9.38057e-16
 4335.3493 9.58467e-16
 4337.1798 9.49433e-16
 4339.0102 9.30657e-16
 4340.8407 9.26259e-16
 4342.6712 9.60862e-16
 4344.5017 9.89537e-16
 4346.3321 9.89791e-16
 4348.1626 9.83407e-16
 4349.9931 9.65219e-16
 4351.8235 9.25646e-16
 4353.6540 1.00565e-15
 4355.4845 1.00584e-15
 4357.3149 1.06509e-15
 4359.1454 1.03559e-15
 4360.9759 1.00783e-15
 4362.8063 1.00394e-15
 4364.6368 1.00091e-15
 4366.4673 9.63743e-16
 4368.2978 1.01184e-15
 4370.1282 1.00069e-15
 4371.9587 9.92844e-16
 4373.7892 1.00373e-15
 4375.6196 9.89655e-16
 4377.4501 9.67217e-16
 4379.2806 9.42089e-16
 4381.1110 9.61386e-16
 4382.9415 9.61709e-16
 4384.7720 9.31823e-16
 4386.6024 9.41700e-16
 4388.4329 9.54920e-16
 4390.2634 9.29181e-16
 4392.0939 9.54095e-16
 4393.9243 9.72838e-16
 4395.7548 9.58519e-16
 4397.5853 9.87181e-16
 4399.4157 9.12730e-16
 4401.2462 8.96217e-16
 4403.0767 9.00034e-16
 4404.9071 9.15132e-16
 4406.7376 9.02406e-16
 4408.5681 9.51485e-16
 4410.3986 9.80251e-16
 4412.2290 9.19091e-16
 4414.0595 9.49678e-16
 4415.8900 9.61838e-16
 4417.7204 9.69531e-16
 4419.5509 9.79125e-16
 4421.3814 9.74669e-16
 4423.2118 1.00591e-15
 4425.0423 9.91131e-16
 4426.8728 9.84198e-16
 4428.7032 1.01143e-15
 4430.5337 9.91719e-16
 4432.3642 1.01291e-15
 4434.1946 1.02075e-15
 4436.0251 9.93407e-16
 4437.8556 1.06606e-15
 4439.6861 1.09164e-15
 4441.5165 1.07967e-15
 4443.3470 1.06667e-15
 4445.1775 1.06655e-15
 4447.0079 1.07178e-15
 4448.8384 1.07717e-15
 4450.6689 1.07169e-15
 4452.4993 1.08411e-15
 4454.3298 1.09252e-15
 4456.1603 1.06122e-15
 4457.9907 1.08032e-15
 4459.8212 1.15319e-15
 4461.6517 1.14536e-15
 4463.4822 1.09828e-15
 4465.3126 1.09940e-15
 4467.1431 1.14330e-15
 4468.9736 1.12971e-15
 4470.8040 1.09893e-15
 4472.6345 1.09837e-15
 4474.4650 1.12991e-15
 4476.2954 1.15309e-15
 4478.1259 1.14309e-15
 4479.9564 1.12324e-15
 4481.7868 1.12804e-15
 4483.6173 1.14366e-15
 4485.4478 1.18546e-15
 4487.2783 1.19839e-15
 4489.1087 1.15678e-15
 4490.9392 1.15969e-15
 4492.7697 1.14626e-15
 4494.6001 1.11085e-15
 4496.4306 1.14198e-15
 4498.2611 1.12233e-15
 4500.0915 1.14053e-15
 4501.9220 1.16565e-15
 4503.7525 1.17256e-15
 4505.5829 1.14290e-15
 4507.4134 1.12650e-15
 4509.2439 1.20162e-15
 4511.0744 1.17975e-15
 4512.9048 1.13758e-15
 4514.7353 1.12736e-15
 4516.5658 1.12853e-15
 4518.3962 1.17887e-15
 4520.2267 1.14530e-15
 4522.0572 1.11490e-15
 4523.8876 1.12983e-15
 4525.7181 1.13499e-15
 4527.5486 1.17118e-15
 4529.3791 1.12988e-15
 4531.2095 1.09392e-15
 4533.0400 1.08991e-15
 4534.8705 1.11113e-15
 4536.7009 1.13018e-15
 4538.5314 1.13013e-15
 4540.3619 1.12836e-15
 4542.1923 1.14640e-15
 4544.0228 1.10896e-15
 4545.8533 1.11258e-15
 4547.6837 1.10108e-15
 4549.5142 1.11345e-15
 4551.3447 1.10921e-15
 4553.1751 1.07297e-15
 4555.0056 1.09138e-15
 4556.8361 1.14823e-15
 4558.6666 1.14305e-15
 4560.4970 1.10272e-15
 4562.3275 1.12669e-15
 4564.1580 1.12454e-15
 4565.9884 1.13518e-15
 4567.8189 1.12432e-15
 4569.6494 1.11834e-15
 4571.4798 1.13156e-15
 4573.3103 1.12523e-15
 4575.1408 1.10864e-15
 4576.9712 1.14357e-15
 4578.8017 1.14092e-15
 4580.6322 1.13954e-15
 4582.4626 1.16129e-15
 4584.2931 1.11329e-15
 4586.1236 1.11296e-15
 4587.9541 1.14466e-15
 4589.7845 1.11979e-15
 4591.6150 1.12326e-15
 4593.4455 1.14495e-15
 4595.2759 1.17887e-15
 4597.1064 1.12076e-15
 4598.9369 1.14321e-15
 4600.7673 1.16803e-15
 4602.5978 1.14416e-15
 4604.4283 1.13967e-15
 4606.2588 1.17969e-15
 4608.0892 1.16144e-15
 4609.9197 1.15447e-15
 4611.7502 1.14914e-15
 4613.5806 1.17717e-15
 4615.4111 1.13450e-15
 4617.2416 1.09050e-15
 4619.0720 1.08733e-15
 4620.9025 1.07852e-15
 4622.7330 1.07446e-15
 4624.5634 1.07018e-15
 4626.3939 1.02987e-15
 4628.2244 9.90781e-16
 4630.0549 9.72697e-16
 4631.8853 9.69418e-16
 4633.7158 9.68187e-16
 4635.5463 9.77519e-16
 4637.3767 1.00935e-15
 4639.2072 9.99542e-16
 4641.0377 9.96748e-16
 4642.8681 9.71206e-16
 4644.6986 9.51597e-16
 4646.5291 9.78154e-16
 4648.3596 9.58984e-16
 4650.1900 9.61393e-16
 4652.0205 9.45078e-16
 4653.8510 9.57164e-16
 4655.6814 9.78905e-16
 4657.5119 9.51964e-16
 4659.3424 9.57446e-16
 4661.1728 9.49648e-16
 4663.0033 9.60058e-16
 4664.8338 9.69395e-16
 4666.6642 9.57077e-16
 4668.4947 9.63377e-16
 4670.3252 9.70954e-16
 4672.1556 9.76956e-16
 4673.9861 9.59276e-16
 4675.8166 9.70154e-16
 4677.6471 9.84964e-16
 4679.4775 1.01632e-15
 4681.3080 9.90296e-16
 4683.1385 9.93860e-16
 4684.9689 1.00856e-15
 4686.7994 1.00664e-15
 4688.6299 9.82238e-16
 4690.4603 1.01644e-15
 4692.2908 1.02253e-15
 4694.1213 1.01071e-15
 4695.9517 1.00826e-15
 4697.7822 1.01941e-15
 4699.6127 1.02008e-15
 4701.4431 9.90925e-16
 4703.2736 9.99173e-16
 4705.1041 1.00433e-15
 4706.9346 9.88421e-16
 4708.7650 9.80357e-16
 4710.5955 9.75761e-16
 4712.4260 9.89732e-16
 4714.2564 9.89925e-16
 4716.0869 9.72020e-16
 4717.9174 9.51990e-16
 4719.7478 9.51633e-16
 4721.5783 9.30637e-16
 4723.4088 9.21742e-16
 4725.2393 9.12169e-16
 4727.0697 9.07693e-16
 4728.9002 8.95375e-16
 4730.7307 8.92178e-16
 4732.5611 9.02095e-16
 4734.3916 9.01599e-16
 4736.2221 8.97159e-16
 4738.0525 8.93311e-16
 4739.8830 8.71108e-16
 4741.7135 8.65153e-16
 4743.5439 8.99513e-16
 4745.3744 8.80294e-16
 4747.2049 8.64422e-16
 4749.0354 8.84947e-16
 4750.8658 9.14169e-16
 4752.6963 9.08896e-16
 4754.5268 8.96735e-16
 4756.3572 9.20765e-16
 4758.1877 9.15105e-16
 4760.0182 9.05761e-16
 4761.8486 9.11166e-16
 4763.6791 9.17792e-16
 4765.5096 9.44156e-16
 4767.3400 9.48451e-16
 4769.1705 9.24945e-16
 4771.0010 9.31385e-16
 4772.8315 9.47432e-16
 4774.6619 9.51698e-16
 4776.4924 9.52586e-16
 4778.3229 9.58550e-16
 4780.1533 9.74836e-16
 4781.9838 9.57349e-16
 4783.8143 9.69919e-16
 4785.6447 9.83556e-16
 4787.4752 9.61044e-16
 4789.3057 9.60606e-16
 4791.1361 9.52864e-16
 4792.9666 9.49979e-16
 4794.7971 9.63970e-16
 4796.6276 9.32049e-16
 4798.4580 9.05453e-16
 4800.2885 9.10497e-16
 4802.1190 8.92869e-16
 4803.9494 8.68341e-16
 4805.7799 8.92186e-16
 4807.6104 8.91233e-16
 4809.4408 8.85065e-16
 4811.2713 8.73818e-16
 4813.1018 8.53310e-16
 4814.9322 8.27253e-16
 4816.7627 8.12599e-16
 4818.5932 8.05521e-16
 4820.4236 7.71484e-16
 4822.2541 7.60708e-16
 4824.0846 7.60627e-16
 4825.9151 7.52030e-16
 4827.7455 7.33055e-16
 4829.5760 7.15738e-16
 4831.4065 7.03457e-16
 4833.2369 6.91884e-16
 4835.0674 6.76478e-16
 4836.8979 6.59996e-16
 4838.7283 6.67034e-16
 4840.5588 6.57682e-16
 4842.3893 6.45902e-16
 4844.2198 6.33273e-16
 4846.0502 6.13464e-16
 4847.8807 6.17323e-16
 4849.7112 6.28026e-16
 4851.5416 6.07912e-16
 4853.3721 5.95282e-16
 4855.2026 5.94094e-16
 4857.0330 6.01648e-16
 4858.8635 6.13946e-16
 4860.6940 5.90234e-16
 4862.5244 5.98980e-16
 4864.3549 6.12113e-16
 4866.1854 6.19135e-16
 4868.0159 6.36663e-16
 4869.8463 6.38940e-16
 4871.6768 6.38195e-16
 4873.5073 6.32477e-16
 4875.3377 6.42958e-16
 4877.1682 6.62538e-16
 4878.9987 6.51943e-16
 4880.8291 6.62599e-16
 4882.6596 6.67549e-16
 4884.4901 6.61973e-16
 4886.3205 6.65563e-16
 4888.1510 6.55595e-16
 4889.9815 6.61831e-16
 4891.8120 6.68147e-16
 4893.6424 6.70009e-16
 4895.4729 6.73406e-16
 4897.3034 6.57791e-16
 4899.1338 6.70573e-16
 4900.9643 6.95283e-16
 4902.7948 6.98226e-16
 4904.6252 6.95685e-16
 4906.4557 6.94489e-16
 4908.2862 7.04236e-16
 4910.1166 7.06419e-16
 4911.9471 7.08742e-16
 4913.7776 7.10391e-16
 4915.6081 7.21673e-16
 4917.4385 7.28725e-16
 4919.2690 7.33368e-16
 4921.0995 7.39271e-16
 4922.9299 7.35295e-16
 4924.7604 7.33259e-16
 4926.5909 7.41474e-16
 4928.4213 7.50378e-16
 4930.2518 7.40836e-16
 4932.0823 7.37741e-16
 4933.9127 7.43733e-16
 4935.7432 7.49818e-16
 4937.5737 7.49220e-16
 4939.4041 7.40829e-16
 4941.2346 7.41501e-16
 4943.0651 7.41126e-16
 4944.8956 7.50569e-16
 4946.7260 7.45102e-16
 4948.5565 7.46973e-16
 4950.3870 7.45989e-16
 4952.2174 7.39930e-16
 4954.0479 7.30501e-16
 4955.8784 7.37138e-16
 4957.7088 7.38598e-16
 4959.5393 7.37522e-16
 4961.3698 7.48407e-16
 4963.2002 7.41099e-16
 4965.0307 7.31396e-16
 4966.8612 7.37714e-16
 4968.6917 7.47261e-16
 4970.5221 7.59229e-16
 4972.3526 7.58801e-16
 4974.1831 7.50059e-16
 4976.0135 7.49520e-16
 4977.8440 7.70461e-16
 4979.6745 7.77371e-16
 4981.5049 7.76075e-16
 4983.3354 7.72830e-16
 4985.1659 7.56636e-16
 4986.9964 7.69902e-16
 4988.8268 7.85695e-16
 4990.6573 7.92942e-16
 4992.4878 7.83966e-16
 4994.3182 7.70935e-16
 4996.1487 7.75061e-16
 4997.9792 7.83010e-16
 4999.8096 7.73176e-16
 5001.6401 7.65062e-16
 5003.4706 7.63243e-16
 5005.3010 7.76795e-16
 5007.1315 7.71794e-16
 5008.9620 7.62507e-16
 5010.7925 7.67410e-16
 5012.6229 7.72440e-16
 5014.4534 7.86871e-16
 5016.2839 7.86290e-16
 5018.1143 7.92471e-16
 5019.9448 7.93824e-16
 5021.7753 7.83692e-16
 5023.6057 7.98581e-16
 5025.4362 8.14978e-16
 5027.2667 8.08963e-16
 5029.0971 8.06531e-16
 5030.9276 8.16641e-16
 5032.7581 8.09292e-16
 5034.5885 8.14693e-16
 5036.4190 8.31579e-16
 5038.2495 8.36175e-16
 5040.0800 8.28843e-16
 5041.9104 8.28773e-16
 5043.7409 8.28737e-16
 5045.5714 8.33010e-16
 5047.4018 8.49349e-16
 5049.2323 8.45612e-16
 5051.0628 8.45707e-16
 5052.8932 8.39709e-16
 5054.7237 8.31593e-16
 5056.5542 8.60821e-16
 5058.3846 8.53097e-16
 5060.2151 8.41851e-16
 5062.0456 8.68257e-16
 5063.8761 8.73267e-16
 5065.7065 8.82266e-16
 5067.5370 8.76698e-16
 5069.3675 8.70614e-16
 5071.1979 8.92164e-16
 5073.0284 9.03589e-16
 5074.8589 9.08720e-16
 5076.6893 9.09922e-16
 5078.5198 9.01834e-16
 5080.3503 9.22693e-16
 5082.1807 9.24190e-16
 5084.0112 9.15690e-16
 5085.8417 9.23685e-16
 5087.6722 9.25498e-16
 5089.5026 9.17291e-16
 5091.3331 9.13481e-16
 5093.1636 9.17450e-16
 5094.9940 9.02820e-16
 5096.8245 8.99639e-16
 5098.6550 9.04388e-16
 5100.4854 9.10103e-16
 5102.3159 9.24469e-16
 5104.1464 9.15555e-16
 5105.9769 8.97594e-16
 5107.8073 8.87030e-16
 5109.6378 9.04414e-16
 5111.4683 8.95614e-16
 5113.2987 8.90818e-16
 5115.1292 8.89256e-16
 5116.9597 8.85308e-16
 5118.7901 8.72681e-16
 5120.6206 8.69685e-16
 5122.4511 8.60221e-16
 5124.2815 8.61867e-16
 5126.1120 8.67599e-16
 5127.9425 8.65831e-16
 5129.7730 8.69017e-16
 5131.6034 8.70061e-16
 5133.4339 8.55080e-16
 5135.2644 8.73112e-16
 5137.0948 8.66409e-16
 5138.9253 8.53010e-16
 5140.7558 8.50978e-16
 5142.5862 8.42793e-16
 5144.4167 8.46270e-16
 5146.2472 8.59711e-16
 5148.0776 8.77075e-16
 5149.9081 8.79023e-16
 5151.7386 8.56844e-16
 5153.5690 8.70388e-16
 5155.3995 8.86630e-16
 5157.2300 8.79640e-16
 5159.0605 8.77550e-16
 5160.8909 8.78613e-16
 5162.7214 8.81697e-16
 5164.5519 8.88078e-16
 5166.3823 8.89798e-16
 5168.2128 8.82195e-16
 5170.0433 8.96058e-16
 5171.8737 9.14882e-16
 5173.7042 9.11085e-16
 5175.5347 9.20122e-16
 5177.3651 9.10277e-16
 5179.1956 9.15241e-16
 5181.0261 9.13796e-16
 5182.8566 9.12917e-16
 5184.6870 9.16630e-16
 5186.5175 9.25885e-16
 5188.3480 9.28502e-16
 5190.1784 9.39403e-16
 5192.0089 9.42335e-16
 5193.8394 9.33390e-16
 5195.6698 9.26911e-16
 5197.5003 9.27164e-16
 5199.3308 9.25170e-16
 5201.1612 9.23287e-16
 5202.9917 9.11386e-16
 5204.8222 9.13048e-16
 5206.6527 9.06497e-16
 5208.4831 8.72031e-16
 5210.3136 8.72657e-16
 5212.1441 8.65898e-16
 5213.9745 8.54134e-16
 5215.8050 8.47302e-16
 5217.6355 8.41159e-16
 5219.4659 8.39116e-16
 5221.2964 8.26707e-16
 5223.1269 8.13549e-16
 5224.9574 7.86140e-16
 5226.7878 7.74923e-16
 5228.6183 7.74266e-16
 5230.4488 7.77699e-16
 5232.2792 7.59987e-16
 5234.1097 7.39909e-16
 5235.9402 7.40268e-16
 5237.7706 7.25192e-16
 5239.6011 7.21094e-16
 5241.4316 7.27992e-16
 5243.2620 7.21516e-16
 5245.0925 6.99019e-16
 5246.9230 7.02581e-16
 5248.7535 7.03561e-16
 5250.5839 6.91009e-16
 5252.4144 6.87358e-16
 5254.2449 6.80408e-16
 5256.0753 6.81345e-16
 5257.9058 6.72198e-16
 5259.7363 6.64344e-16
 5261.5667 6.78142e-16
 5263.3972 6.71804e-16
 5265.2277 6.64076e-16
 5267.0581 6.73865e-16
 5268.8886 6.71532e-16
 5270.7191 6.60353e-16
 5272.5495 6.73240e-16
 5274.3800 6.82471e-16
 5276.2105 6.83991e-16
 5278.0410 6.74982e-16
 5279.8714 6.82972e-16
 5281.7019 6.85016e-16
 5283.5324 6.86224e-16
 5285.3628 6.84332e-16
 5287.1933 6.90268e-16
 5289.0238 6.82425e-16
 5290.8542 6.73514e-16
 5292.6847 6.77012e-16
 5294.5152 6.68691e-16
 5296.3456 6.85718e-16
 5298.1761 6.92616e-16
 5300.0066 6.74870e-16
 5301.8371 6.70822e-16
 5303.6675 6.80238e-16
 5305.4980 6.71344e-16
 5307.3285 6.84262e-16
 5309.1589 6.95183e-16
 5310.9894 6.86569e-16
 5312.8199 7.00112e-16
 5314.6503 7.06384e-16
 5316.4808 7.10507e-16
 5318.3113 7.19290e-16
 5320.1417 7.26130e-16
 5321.9722 7.35244e-16
 5323.8027 7.38840e-16
 5325.6332 7.38989e-16
 5327.4636 7.40741e-16
 5329.2941 7.46999e-16
 5331.1246 7.53132e-16
 5332.9550 7.42671e-16
 5334.7855 7.40514e-16
 5336.6160 7.38866e-16
 5338.4464 7.34140e-16
 5340.2769 7.30481e-16
 5342.1074 7.28423e-16
 5343.9379 7.23967e-16
 5345.7683 7.36835e-16
 5347.5988 7.22403e-16
 5349.4293 7.22135e-16
 5351.2597 7.30586e-16
 5353.0902 7.22179e-16
 5354.9207 7.19026e-16
 5356.7511 7.18797e-16
 5358.5816 7.14579e-16
 5360.4121 7.20787e-16
 5362.2425 7.32599e-16
 5364.0730 7.27529e-16
 5365.9035 7.27033e-16
 5367.7340 7.38177e-16
 5369.5644 7.38334e-16
 5371.3949 7.32381e-16
 5373.2254 7.35749e-16
 5375.0558 7.27705e-16
 5376.8863 7.28537e-16
 5378.7168 7.29211e-16
 5380.5472 7.13410e-16
 5382.3777 7.12539e-16
 5384.2082 7.14587e-16
 5386.0386 7.00073e-16
 5387.8691 6.86070e-16
 5389.6996 6.84360e-16
 5391.5300 6.83594e-16
 5393.3605 6.78888e-16
 5395.1910 6.78572e-16
 5397.0215 6.72813e-16
 5398.8519 6.71751e-16
 5400.6824 6.70333e-16
 5402.5129 6.70662e-16
 5404.3433 6.60530e-16
 5406.1738 6.65111e-16
 5408.0043 6.70145e-16
 5409.8347 6.60376e-16
 5411.6652 6.49169e-16
 5413.4957 6.51712e-16
 5415.3261 6.43594e-16
 5417.1566 6.43851e-16
 5418.9871 6.27432e-16
 5420.8176 6.23123e-16
 5422.6480 6.10710e-16
 5424.4785 5.99247e-16
 5426.3090 5.92034e-16
 5428.1394 5.86449e-16
 5429.9699 5.78225e-16
 5431.8004 5.89018e-16
 5433.6308 5.88774e-16
 5435.4613 5.90840e-16
 5437.2918 5.86080e-16
 5439.1222 5.79603e-16
 5440.9527 5.84500e-16
 5442.7832 5.89397e-16
 5444.6137 5.93639e-16
 5446.4441 5.86221e-16
 5448.2746 5.90528e-16
 5450.1051 5.92597e-16
 5451.9355 5.93154e-16
 5453.7660 5.98548e-16
 5455.5965 6.05720e-16
 5457.4269 6.15924e-16
 5459.2574 6.15719e-16
 5461.0879 6.18131e-16
 5462.9183 6.30405e-16
 5464.7488 6.38387e-16
 5466.5793 6.46507e-16
 5468.4098 6.52947e-16
 5470.2402 6.50265e-16
 5472.0707 6.61440e-16
 5473.9012 6.72235e-16
 5475.7316 6.75608e-16
 5477.5621 6.78065e-16
 5479.3926 6.89138e-16
 5481.2230 6.97325e-16
 5483.0535 6.97209e-16
 5484.8840 6.96642e-16
 5486.7145 7.01443e-16
 5488.5449 7.18823e-16
 5490.3754 7.18668e-16
 5492.2059 7.18561e-16
 5494.0363 7.24005e-16
 5495.8668 7.35641e-16
 5497.6973 7.55264e-16
 5499.5277 7.49779e-16
 5501.3582 7.51474e-16
 5503.1887 7.45434e-16
 5505.0191 7.58677e-16
 5506.8496 7.63698e-16
 5508.6801 7.55413e-16
 5510.5105 7.71050e-16
 5512.3410 7.70469e-16
 5514.1715 7.72354e-16
 5516.0020 7.69427e-16
 5517.8324 7.59951e-16
 5519.6629 7.61584e-16
 5521.4934 7.61803e-16
 5523.3238 7.59781e-16
 5525.1543 7.52494e-16
 5526.9848 7.44636e-16
 5528.8152 7.48930e-16
 5530.6457 7.55347e-16
 5532.4762 7.47012e-16
 5534.3066 7.52310e-16
 5536.1371 7.52167e-16
 5537.9676 7.52807e-16
 5539.7981 7.58039e-16
 5541.6285 7.44863e-16
 5543.4590 7.48150e-16
 5545.2895 7.57178e-16
 5547.1199 7.56970e-16
 5548.9504 7.60360e-16
 5550.7809 7.64624e-16
 5552.6113 7.62680e-16
 5554.4418 7.59013e-16
 5556.2723 7.66141e-16
 5558.1027 7.75962e-16
 5559.9332 7.82596e-16
 5561.7637 7.83945e-16
 5563.5942 7.90223e-16
 5565.4246 7.89772e-16
 5567.2551 7.92958e-16
 5569.0856 7.90233e-16
 5570.9160 7.95834e-16
 5572.7465 8.05711e-16
 5574.5770 8.07144e-16
 5576.4074 8.12777e-16
 5578.2379 8.12744e-16
 5580.0684 8.06004e-16
 5581.8988 8.05577e-16
 5583.7293 8.08024e-16
 5585.5598 8.02559e-16
 5587.3903 8.02814e-16
 5589.2207 7.99594e-16
 5591.0512 8.17140e-16
 5592.8817 8.11286e-16
 5594.7121 8.07300e-16
 5596.5426 8.13584e-16
 5598.3731 8.12277e-16
 5600.2035 8.09436e-16
 5602.0340 8.13928e-16
 5603.8645 7.99289e-16
 5605.6950 8.01857e-16
 5607.5254 8.13193e-16
 5609.3559 8.14206e-16
 5611.1864 8.09365e-16
 5613.0168 8.18857e-16
 5614.8473 8.14137e-16
 5616.6778 8.07702e-16
 5618.5082 8.15629e-16
 5620.3387 8.24157e-16
 5622.1692 8.14431e-16
 5623.9996 8.01587e-16
 5625.8301 8.05516e-16
 5627.6606 8.05834e-16
 5629.4910 8.06568e-16
 5631.3215 8.11109e-16
 5633.1520 8.11774e-16
 5634.9825 8.11295e-16
 5636.8129 8.10157e-16
 5638.6434 8.08323e-16
 5640.4739 7.98880e-16
 5642.3043 8.05242e-16
 5644.1348 8.08213e-16
 5645.9653 8.12525e-16
 5647.7957 8.15515e-16
 5649.6262 8.12319e-16
 5651.4567 8.09769e-16
 5653.2871 8.05517e-16
 5655.1176 8.04324e-16
 5656.9481 8.02356e-16
 5658.7785 8.11902e-16
 5660.6090 8.05578e-16
 5662.4395 8.11195e-16
 5664.2700 8.08128e-16
 5666.1004 8.05481e-16
 5667.9309 8.05188e-16
 5669.7614 8.05459e-16
 5671.5918 8.16823e-16
 5673.4223 8.10308e-16
 5675.2528 8.03046e-16
 5677.0832 8.02191e-16
 5678.9137 7.93986e-16
 5680.7442 7.88201e-16
 5682.5747 7.79608e-16
 5684.4051 7.75319e-16
 5686.2356 7.82810e-16
 5688.0661 7.94108e-16
 5689.8965 7.86407e-16
 5691.7270 7.68993e-16
 5693.5575 7.67235e-16
 5695.3879 7.73641e-16
 5697.2184 7.71775e-16
 5699.0489 7.68986e-16
 5700.8793 7.62428e-16
 5702.7098 7.49243e-16
 5704.5403 7.44369e-16
 5706.3708 7.39889e-16
 5708.2012 7.38571e-16
 5710.0317 7.27344e-16
 5711.8622 7.16261e-16
 5713.6926 7.09159e-16
 5715.5231 6.89487e-16
 5717.3536 6.72256e-16
 5719.1840 6.70609e-16
 5721.0145 6.75611e-16
 5722.8450 6.66520e-16
 5724.6755 6.77574e-16
 5726.5059 6.73004e-16
 5728.3364 6.66372e-16
 5730.1669 6.63181e-16
 5731.9973 6.49348e-16
 5733.8278 6.50255e-16
 5735.6583 6.46978e-16
 5737.4887 6.46730e-16
 5739.3192 6.54550e-16
 5741.1497 6.52350e-16
 5742.9801 6.45758e-16
 5744.8106 6.39243e-16
 5746.6411 6.43630e-16
 5748.4715 6.49453e-16
 5750.3020 6.45390e-16
 5752.1325 6.45827e-16
 5753.9630 6.45556e-16
 5755.7934 6.45216e-16
 5757.6239 6.51839e-16
 5759.4544 6.53454e-16
 5761.2848 6.49814e-16
 5763.1153 6.48883e-16
 5764.9458 6.52758e-16
 5766.7762 6.55586e-16
 5768.6067 6.64286e-16
 5770.4372 6.64042e-16
 5772.2676 6.60247e-16
 5774.0981 6.65848e-16
 5775.9286 6.65109e-16
 5777.7590 6.75973e-16
 5779.5895 6.70677e-16
 5781.4200 6.72326e-16
 5783.2505 6.68771e-16
 5785.0809 6.71768e-16
 5786.9114 6.74722e-16
 5788.7419 6.77370e-16
 5790.5723 6.76280e-16
 5792.4028 6.81448e-16
 5794.2333 6.83854e-16
 5796.0637 6.85991e-16
 5797.8942 6.89529e-16
 5799.7247 6.84900e-16
 5801.5552 6.86683e-16
 5803.3856 6.93108e-16
 5805.2161 6.86366e-16
 5807.0466 6.89739e-16
 5808.8770 6.99014e-16
 5810.7075 6.97335e-16
 5812.5380 6.94121e-16
 5814.3684 6.92388e-16
 5816.1989 6.92796e-16
 5818.0294 6.85248e-16
 5819.8598 6.75682e-16
 5821.6903 6.83881e-16
 5823.5208 6.79073e-16
 5825.3513 6.52197e-16
 5827.1817 6.50835e-16
 5829.0122 6.73517e-16
 5830.8427 6.76952e-16
 5832.6731 6.71446e-16
 5834.5036 6.85488e-16
 5836.3341 7.01905e-16
 5838.1645 7.13345e-16
 5839.9950 7.22569e-16
 5841.8255 7.18767e-16
 5843.6559 7.16700e-16
 5845.4864 7.33224e-16
 5847.3169 7.28199e-16
 5849.1474 7.37194e-16
 5850.9778 7.36651e-16
 5852.8083 7.24700e-16
 5854.6388 7.29802e-16
 5856.4692 7.40654e-16
 5858.2997 7.42585e-16
 5860.1302 7.45783e-16
 5861.9606 7.46680e-16
 5863.7911 7.56059e-16
 5865.6216 7.71278e-16
 5867.4520 7.66066e-16
 5869.2825 7.62713e-16
 5871.1130 7.69439e-16
 5872.9435 7.66913e-16
 5874.7739 7.60605e-16
 5876.6044 7.54302e-16
 5878.4349 7.58510e-16
 5880.2653 7.57503e-16
 5882.0958 7.57008e-16
 5883.9263 7.73100e-16
 5885.7567 7.84391e-16
 5887.5872 7.84378e-16
 5889.4177 7.49253e-16
 5891.2481 7.26120e-16
 5893.0786 7.34274e-16
 5894.9091 7.41902e-16
 5896.7395 7.43168e-16
 5898.5700 7.44643e-16
 5900.4005 7.69891e-16
 5902.2310 7.74898e-16
 5904.0614 7.76439e-16
 5905.8919 7.87815e-16
 5907.7224 7.82935e-16
 5909.5528 7.88727e-16
 5911.3833 7.89436e-16
 5913.2138 7.90960e-16
 5915.0442 7.95474e-16
 5916.8747 8.02079e-16
 5918.7052 7.98061e-16
 5920.5357 8.00410e-16
 5922.3661 8.02929e-16
 5924.1966 7.97825e-16
 5926.0271 8.04157e-16
 5927.8575 8.06203e-16
 5929.6880 7.94822e-16
 5931.5185 8.03169e-16
 5933.3489 8.07427e-16
 5935.1794 8.14730e-16
 5937.0099 8.10328e-16
 5938.8403 8.05826e-16
 5940.6708 7.94859e-16
 5942.5013 8.04373e-16
 5944.3318 8.12445e-16
 5946.1622 8.04659e-16
 5947.9927 8.07699e-16
 5949.8232 8.05955e-16
 5951.6536 8.15141e-16
 5953.4841 8.16482e-16
 5955.3146 8.13734e-16
 5957.1450 8.14204e-16
 5958.9755 8.06319e-16
 5960.8060 8.02957e-16
 5962.6364 8.07389e-16
 5964.4669 7.86676e-16
 5966.2974 7.85225e-16
 5968.1279 8.01389e-16
 5969.9583 8.03668e-16
 5971.7888 8.10518e-16
 5973.6193 8.11245e-16
 5975.4497 8.08745e-16
 5977.2802 8.07695e-16
 5979.1107 8.05556e-16
 5980.9411 8.05879e-16
 5982.7716 7.95504e-16
 5984.6021 7.91353e-16
 5986.4325 7.96881e-16
 5988.2630 7.98695e-16
 5990.0935 8.02126e-16
 5991.9240 7.93947e-16
 5993.7544 7.91670e-16
 5995.5849 7.86704e-16
 5997.4154 7.79613e-16
 5999.2458 7.76697e-16
 6001.0763 7.82359e-16
 6002.9068 7.79965e-16
 6004.7372 7.75199e-16
 6006.5677 7.83074e-16
 6008.3982 7.83802e-16
 6010.2286 7.90577e-16
 6012.0591 7.94503e-16
 6013.8896 7.82076e-16
 6015.7200 7.75759e-16
 6017.5505 7.69518e-16
 6019.3810 7.72367e-16
 6021.2115 7.70311e-16
 6023.0419 7.60646e-16
 6024.8724 7.57675e-16
 6026.7029 7.54038e-16
 6028.5333 7.54178e-16
 6030.3638 7.42449e-16
 6032.1943 7.36601e-16
 6034.0247 7.36437e-16
 6035.8552 7.42509e-16
 6037.6857 7.33123e-16
 6039.5162 7.21896e-16
 6041.3466 7.04949e-16
 6043.1771 7.08459e-16
 6045.0076 6.97504e-16
 6046.8380 6.89731e-16
 6048.6685 6.74236e-16
 6050.4990 6.71918e-16
 6052.3294 6.59800e-16
 6054.1599 6.53948e-16
 6055.9904 6.44620e-16
 6057.8208 6.34981e-16
 6059.6513 6.19897e-16
 6061.4818 6.07231e-16
 6063.3123 5.96349e-16
 6065.1427 5.80859e-16
 6066.9732 5.73762e-16
 6068.8037 5.59667e-16
 6070.6341 5.45713e-16
 6072.4646 5.37707e-16
 6074.2951 5.26013e-16
 6076.1255 5.19398e-16
 6077.9560 5.03287e-16
 6079.7865 4.93411e-16
 6081.6169 4.85644e-16
 6083.4474 4.71234e-16
 6085.2779 4.60626e-16
 6087.1084 4.49899e-16
 6088.9388 4.44106e-16
 6090.7693 4.37632e-16
 6092.5998 4.22261e-16
 6094.4302 4.05356e-16
 6096.2607 4.02707e-16
 6098.0912 4.03533e-16
 6099.9216 3.92742e-16
 6101.7521 3.86935e-16
 6103.5826 3.85587e-16
 6105.4130 3.74286e-16
 6107.2435 3.70618e-16
 6109.0740 3.72427e-16
 6110.9044 3.67414e-16
 6112.7349 3.64682e-16
 6114.5654 3.63041e-16
 6116.3959 3.63622e-16
 6118.2263 3.65941e-16
 6120.0568 3.57108e-16
 6121.8873 3.53276e-16
 6123.7177 3.56106e-16
 6125.5482 3.55544e-16
 6127.3787 3.59992e-16
 6129.2091 3.58912e-16
 6131.0396 3.62433e-16
 6132.8701 3.57190e-16
 6134.7005 3.59083e-16
 6136.5310 3.55139e-16
 6138.3615 3.58097e-16
 6140.1920 3.60063e-16
 6142.0224 3.69490e-16
 6143.8529 3.71898e-16
 6145.6834 3.73832e-16
 6147.5138 3.74332e-16
 6149.3443 3.79982e-16
 6151.1748 3.87995e-16
 6153.0052 3.93480e-16
 6154.8357 3.94771e-16
 6156.6662 3.95243e-16
 6158.4966 4.06275e-16
 6160.3271 4.15217e-16
 6162.1576 4.18969e-16
 6163.9881 4.26707e-16
 6165.8185 4.31408e-16
 6167.6490 4.34839e-16
 6169.4795 4.44668e-16
 6171.3099 4.49805e-16
 6173.1404 4.55973e-16
 6174.9709 4.64473e-16
 6176.8013 4.68661e-16
 6178.6318 4.74852e-16
 6180.4623 4.91220e-16
 6182.2928 4.91011e-16
 6184.1232 4.96126e-16
 6185.9537 5.02308e-16
 6187.7842 5.04831e-16
 6189.6146 5.13750e-16
 6191.4451 5.21691e-16
 6193.2756 5.27861e-16
 6195.1060 5.29125e-16
 6196.9365 5.36368e-16
 6198.7670 5.35473e-16
 6200.5974 5.35041e-16
 6202.4279 5.42898e-16
 6204.2584 5.45202e-16
 6206.0889 5.40975e-16
 6207.9193 5.24887e-16
 6209.7498 5.09076e-16
 6211.5803 5.23824e-16
 6213.4107 5.32922e-16
 6215.2412 5.40201e-16
 6217.0717 5.54918e-16
 6218.9021 5.70951e-16
 6220.7326 5.77995e-16
 6222.5631 5.96094e-16
 6224.3935 6.00562e-16
 6226.2240 6.04348e-16
 6228.0545 6.09004e-16
 6229.8849 6.09022e-16
 6231.7154 6.17646e-16
 6233.5459 6.28364e-16
 6235.3764 6.33810e-16
 6237.2068 6.34658e-16
 6239.0373 6.39342e-16
 6240.8678 6.45021e-16
 6242.6982 6.50239e-16
 6244.5287 6.52245e-16
 6246.3592 6.60710e-16
 6248.1896 6.64022e-16
 6250.0201 6.57732e-16
 6251.8506 6.67203e-16
 6253.6810 6.73992e-16
 6255.5115 6.78442e-16
 6257.3420 6.86168e-16
 6259.1725 7.00331e-16
 6261.0029 7.01389e-16
 6262.8334 7.02091e-16
 6264.6639 7.05018e-16
 6266.4943 7.06950e-16
 6268.3248 7.05680e-16
 6270.1553 7.11772e-16
 6271.9857 7.17822e-16
 6273.8162 7.17779e-16
 6275.6467 7.23684e-16
 6277.4771 7.25131e-16
 6279.3076 7.30285e-16
 6281.1381 7.38473e-16
 6282.9686 7.41474e-16
 6284.7990 7.43349e-16
 6286.6295 7.40859e-16
 6288.4600 7.43025e-16
 6290.2904 7.45510e-16
 6292.1209 7.48414e-16
 6293.9514 7.56284e-16
 6295.7818 7.54477e-16
 6297.6123 7.61553e-16
 6299.4428 7.46013e-16
 6301.2733 7.56537e-16
 6303.1037 7.50125e-16
 6304.9342 7.53275e-16
 6306.7647 7.52372e-16
 6308.5951 7.45861e-16
 6310.4256 7.46344e-16
 6312.2561 7.56798e-16
 6314.0865 7.50721e-16
 6315.9170 7.50436e-16
 6317.7475 7.45723e-16
 6319.5779 7.49316e-16
 6321.4084 7.50981e-16
 6323.2389 7.48193e-16
 6325.0694 7.55988e-16
 6326.8998 7.61511e-16
 6328.7303 7.61162e-16
 6330.5608 7.60967e-16
 6332.3912 7.57349e-16
 6334.2217 7.57076e-16
 6336.0522 7.63087e-16
 6337.8826 7.64202e-16
 6339.7131 7.63925e-16
 6341.5436 7.65033e-16
 6343.3740 7.59462e-16
 6345.2045 7.71142e-16
 6347.0350 7.63353e-16
 6348.8654 7.66289e-16
