4153.8292869843 8.37729645581427e-15
4155.1212429843 8.43403580481905e-15
4156.4131989843 7.8325026518322e-15
4157.7051549843 9.00572714004119e-15
4158.9971109843 7.07336165483327e-15
4160.2890669843 7.87932324502463e-15
4161.5810229843 8.28571864168893e-15
4162.8729789843 9.64183617793496e-15
4164.1649349843 9.24853845173405e-15
4165.4568909843 9.67328058203588e-15
4166.7488469843 9.6318886230024e-15
4168.0408029843 9.117242415679e-15
4169.3327589843 8.83589110488607e-15
4170.6247149843 7.64323822196591e-15
4171.9166709843 8.77253727559618e-15
4173.2086269843 8.3961073635069e-15
4174.5005829843 1.01223334049569e-14
4175.7925389843 8.98948104811285e-15
4177.0844949843 9.2640713419208e-15
4178.3764509843 9.92856106574527e-15
4179.6684069843 1.01177882261619e-14
4180.9603629843 9.32386424470043e-15
4182.2523189843 9.97304808316802e-15
4183.5442749843 1.01110610904948e-14
4184.8362309843 9.6959488777703e-15
4186.1281869843 1.05211088932276e-14
4187.4201429843 9.89520067311766e-15
4188.7120989843 1.10058658489413e-14
4190.0040549843 1.07358469919497e-14
4191.2960109843 1.01418439618639e-14
4192.5879669843 9.72659876496669e-15
4193.8799229843 9.80408279788268e-15
4195.1718789843 1.1004906160612e-14
4196.4638349843 1.10311963692289e-14
4197.7557909843 9.93588790073902e-15
4199.0477469843 1.07093856826774e-14
4200.3397029843 1.15887744414839e-14
4201.6316589843 1.03883373257785e-14
4202.9236149843 1.08331549839632e-14
4204.2155709843 1.09583735586217e-14
4205.5075269843 1.01396450643328e-14
4206.7994829843 1.06627844710184e-14
4208.0914389843 1.03936465282919e-14
4209.3833949843 1.05435933828125e-14
4210.6753509843 1.08825302285245e-14
4211.9673069843 1.12729319490788e-14
4213.2592629843 1.14644249226293e-14
4214.5512189843 1.06911753213444e-14
4215.8431749843 1.09466201294456e-14
4217.1351309843 1.12865632502989e-14
4218.4270869843 9.85565863404099e-15
4219.7190429843 1.06067193602396e-14
4221.0109989843 1.15296532358315e-14
4222.3029549843 1.05700885734026e-14
4223.5949109843 1.04162792486425e-14
4224.8868669843 1.0416078501834e-14
4226.1788229843 1.10865770773863e-14
4227.4707789843 1.11304855713061e-14
4228.7627349843 1.09552988290232e-14
4230.0546909843 1.08407748923567e-14
4231.3466469843 9.67795366280588e-15
4232.6386029843 1.04800125486928e-14
4233.9305589843 1.08944827104432e-14
4235.2225149843 9.64182601353959e-15
4236.5144709843 9.78939270547844e-15
4237.8064269843 9.97953381444514e-15
4239.0983829843 9.43629516295423e-15
4240.3903389843 9.54856006275037e-15
4241.6822949843 1.06936257876608e-14
4242.9742509843 1.03472375931118e-14
4244.2662069843 9.94324861705066e-15
4245.5581629843 1.01983181895562e-14
4246.8501189843 1.01423284647097e-14
4248.1420749843 1.0635425306822e-14
4249.4340309843 1.07694885995158e-14
4250.7259869843 1.08447034311661e-14
4252.0179429843 1.20665509986792e-14
4253.3098989843 1.14142449967681e-14
4254.6018549843 9.74996332178376e-15
4255.8938109843 9.83353243939281e-15
4257.1857669843 1.02264295190097e-14
4258.4777229843 1.01835518641867e-14
4259.7696789843 9.39305497802984e-15
4261.0616349843 9.81632665913524e-15
4262.3535909843 1.02195541525768e-14
4263.6455469843 1.0844977869841e-14
4264.9375029843 1.01502931155128e-14
4266.2294589843 9.3764412738024e-15
4267.5214149843 9.87167094487588e-15
4268.8133709843 9.86586622808835e-15
4270.1053269843 9.394208636904e-15
4271.3972829843 1.03834101351243e-14
4272.6892389843 1.08766704545954e-14
4273.9811949843 1.13066718124668e-14
4275.2731509843 1.02422029665534e-14
4276.5651069843 1.02407748690044e-14
4277.8570629843 9.89810006689611e-15
4279.1490189843 9.34671211141967e-15
4280.4409749843 9.98108642583746e-15
4281.7329309843 9.95163593729437e-15
4283.0248869843 1.05772824242237e-14
4284.3168429843 1.02251776043136e-14
4285.6087989843 1.02305291584744e-14
4286.9007549843 1.05693669013316e-14
4288.1927109843 1.0340682405133e-14
4289.4846669843 1.0188058926499e-14
4290.7766229843 1.00532493977788e-14
4292.0685789843 9.80845348789051e-15
4293.3605349843 1.04450190765428e-14
4294.6524909843 1.00661234515441e-14
4295.9444469843 1.13768035994006e-14
4297.2364029843 1.10330827116025e-14
4298.5283589843 1.0780404313107e-14
4299.8203149843 1.02953636013561e-14
4301.1122709843 1.05399392826781e-14
4302.4042269843 1.04094208228686e-14
4303.6961829843 1.02570692418107e-14
4304.9881389843 1.09297497742351e-14
4306.2800949843 9.24985643499998e-15
4307.5720509843 1.05021345081762e-14
4308.8640069843 1.0719076586627e-14
4310.1559629843 1.10662338870921e-14
4311.4479189843 1.11780930581065e-14
4312.7398749843 1.06209613722147e-14
4314.0318309843 1.06098669346716e-14
4315.3237869843 1.13363941985859e-14
4316.6157429843 1.15350132603217e-14
4317.9076989843 1.10111902980477e-14
4319.1996549843 1.07250422396745e-14
4320.4916109843 1.08116039246862e-14
4321.7835669843 1.09591900983828e-14
4323.0755229843 1.10198706916912e-14
4324.3674789843 1.04669123371305e-14
4325.6594349843 1.09398464069664e-14
4326.9513909843 1.16359973753263e-14
4328.2433469843 1.14726733294697e-14
4329.5353029843 1.08555911926701e-14
4330.8272589843 1.08536531812867e-14
4332.1192149843 1.03018594970286e-14
4333.4111709843 1.00481248484479e-14
4334.7031269843 1.00536551265605e-14
4335.9950829843 1.03634989316332e-14
4337.2870389843 9.68120796338923e-15
4338.5789949843 9.57838155172435e-15
4339.8709509843 9.47532135896602e-15
4341.1629069843 9.48383488711887e-15
4342.4548629843 9.63526150819837e-15
4343.7468189843 9.88115517278629e-15
4345.0387749843 9.98331835765347e-15
4346.3307309843 8.85734729647297e-15
4347.6226869843 9.14779828221825e-15
4348.9146429843 9.79350335637147e-15
4350.2065989843 9.52383940618475e-15
4351.4985549843 9.26371558808295e-15
4352.7905109843 9.1608790120227e-15
4354.0824669843 8.63872809278663e-15
4355.3744229843 8.42747807574141e-15
4356.6663789843 8.79930775189415e-15
4357.9583349843 8.86154434472661e-15
4359.2502909843 8.43059939215204e-15
4360.5422469843 7.88600379387962e-15
4361.8342029843 8.35526428182324e-15
4363.1261589843 8.51653003761804e-15
4364.4181149843 8.16241859665596e-15
4365.7100709843 8.90720789091309e-15
4367.0020269843 7.86591810160138e-15
4368.2939829843 7.81822337040739e-15
4369.5859389843 8.33367171793184e-15
4370.8778949843 8.43533769445898e-15
4372.1698509843 7.99711418776865e-15
4373.4618069843 7.93092110403957e-15
4374.7537629843 8.0720020647013e-15
4376.0457189843 7.78541778436023e-15
4377.3376749843 7.41672297714527e-15
4378.6296309843 6.92520669851255e-15
4379.9215869843 7.62548441139146e-15
4381.2135429843 7.64104694773136e-15
4382.5054989843 7.77234128972052e-15
4383.7974549843 7.7537277407046e-15
4385.0894109843 7.4835818287709e-15
4386.3813669843 7.09455611323947e-15
4387.6733229843 6.89302664629693e-15
4388.9652789843 6.84598836563706e-15
4390.2572349843 7.59080603549792e-15
4391.5491909843 7.49609165836889e-15
4392.8411469843 6.3213738510739e-15
4394.1331029843 6.0291309671287e-15
4395.4250589843 6.1270750808856e-15
4396.7170149843 6.69066920464846e-15
4398.0089709843 6.7915114416344e-15
4399.3009269843 6.13244018757351e-15
4400.5928829843 6.71561728956042e-15
4401.8848389843 6.42791746682781e-15
4403.1767949843 6.36956282599262e-15
4404.4687509843 6.44423301545782e-15
4405.7607069843 5.94801528045136e-15
4407.0526629843 6.11405660800278e-15
4408.3446189843 6.16472950703932e-15
4409.6365749843 5.74107157890998e-15
4410.9285309843 5.78898399757142e-15
4412.2204869843 5.7637093814583e-15
4413.5124429843 5.06915507020398e-15
4414.8043989843 5.16562365256677e-15
4416.0963549843 5.9037357861007e-15
4417.3883109843 5.85162293105382e-15
4418.6802669843 5.87267974660609e-15
4419.9722229843 5.12688756533941e-15
4421.2641789843 5.48002280082978e-15
4422.5561349843 5.3315171728689e-15
4423.8480909843 5.29456027834724e-15
4425.1400469843 5.83043863704299e-15
4426.4320029843 5.53621666061653e-15
4427.7239589843 5.28983849318277e-15
4429.0159149843 5.34330278929699e-15
4430.3078709843 5.13847836418964e-15
4431.5998269843 5.95280228715277e-15
4432.8917829843 5.69621017292455e-15
4434.1837389843 5.18568012220833e-15
4435.4756949843 5.98907096740478e-15
4436.7676509843 5.09551431200606e-15
4438.0596069843 5.27669465942376e-15
4439.3515629843 6.09541214228429e-15
4440.6435189843 5.49327251370721e-15
4441.9354749843 5.39372284899878e-15
4443.2274309843 5.49093427925631e-15
4444.5193869843 6.50478485975819e-15
4445.8113429843 6.05272803448978e-15
4447.1032989843 5.65597102573229e-15
4448.3952549843 6.10393371725014e-15
4449.6872109843 5.82369456071695e-15
4450.9791669843 5.84278160115038e-15
4452.2711229843 5.71609088322956e-15
4453.5630789843 5.87940095304255e-15
4454.8550349843 6.08773421213391e-15
4456.1469909843 6.18439295339336e-15
4457.4389469843 5.83460349804464e-15
4458.7309029843 5.9577061844009e-15
4460.0228589843 6.19711411771169e-15
4461.3148149843 5.97182410604926e-15
4462.6067709843 6.26380059813255e-15
4463.8987269843 6.23546226384921e-15
4465.1906829843 6.22699193437667e-15
4466.4826389843 6.35555628917682e-15
4467.7745949843 6.30556440462987e-15
4469.0665509843 6.51662722739375e-15
4470.3585069843 6.70786693809304e-15
4471.6504629843 6.70130073868592e-15
4472.9424189843 6.15927037969427e-15
4474.2343749843 6.53026064619628e-15
4475.5263309843 7.24928743336267e-15
4476.8182869843 6.52604962189901e-15
4478.1102429843 6.75496451105922e-15
4479.4021989843 6.20687701946175e-15
4480.6941549843 6.29051898190427e-15
4481.9861109843 6.7011614017661e-15
4483.2780669843 7.34617021483667e-15
4484.5700229843 7.26162616230533e-15
4485.8619789843 6.84903937831307e-15
4487.1539349843 6.72087482306402e-15
4488.4458909843 6.78024971508418e-15
4489.7378469843 6.40358136322025e-15
4491.0298029843 6.95411720355176e-15
4492.3217589843 6.98530453315319e-15
4493.6137149843 7.60716054764351e-15
4494.9056709843 7.23028933138871e-15
4496.1976269843 6.96152535370844e-15
4497.4895829843 7.13239519257568e-15
4498.7815389843 7.77791730761229e-15
4500.0734949843 7.72354880382688e-15
4501.3654509843 7.00229559055863e-15
4502.6574069843 7.52956724747733e-15
4503.9493629843 7.42332644600207e-15
4505.2413189843 7.36730453390361e-15
4506.5332749843 7.2328507590212e-15
4507.8252309843 7.74672531932965e-15
4509.1171869843 7.63793156055136e-15
4510.4091429843 7.70422459416822e-15
4511.7010989843 7.8453656941692e-15
4512.9930549843 7.81938804070986e-15
4514.2850109843 8.21467798840271e-15
4515.5769669843 8.22495503915175e-15
4516.8689229843 8.25513228196358e-15
4518.1608789843 8.60891761524096e-15
4519.4528349843 8.42645231884228e-15
4520.7447909843 8.44503283357325e-15
4522.0367469843 8.33603239875583e-15
4523.3287029843 8.5207236977399e-15
4524.6206589843 8.27103278444943e-15
4525.9126149843 8.6987869639117e-15
4527.2045709843 8.89758305553344e-15
4528.4965269843 8.89449307934186e-15
4529.7884829843 9.31440966294318e-15
4531.0804389843 9.45044569537106e-15
4532.3723949843 9.69629531424572e-15
4533.6643509843 1.03658723179514e-14
4534.9563069843 1.03684616976712e-14
4536.2482629843 9.77463823857022e-15
4537.5402189843 9.95902545272622e-15
4538.8321749843 1.0772295666703e-14
4540.1241309843 1.00136794066149e-14
4541.4160869843 1.05663370644792e-14
4542.7080429843 1.09052019123907e-14
4543.9999989843 1.05784843639758e-14
4545.2919549843 1.14907320719051e-14
4546.5839109843 1.17198570252362e-14
4547.8758669843 1.15853236292568e-14
4549.1678229843 1.16079351737837e-14
4550.4597789843 1.15337545693621e-14
4551.7517349843 1.20809573350461e-14
4553.0436909843 1.21344000318202e-14
4554.3356469843 1.24879549721359e-14
4555.6276029843 1.2268782655935e-14
4556.9195589843 1.28091668063937e-14
4558.2115149843 1.28741554092718e-14
4559.5034709843 1.30377335650126e-14
4560.7954269843 1.32901451481296e-14
4562.0873829843 1.26986323949088e-14
4563.3793389843 1.24731242722624e-14
4564.6712949843 1.3134914502084e-14
4565.9632509843 1.31070767642725e-14
4567.2552069843 1.31170582005229e-14
4568.5471629843 1.33525028666735e-14
4569.8391189843 1.32933537089338e-14
4571.1310749843 1.38519829490764e-14
4572.4230309843 1.37588288066362e-14
4573.7149869843 1.38041120350293e-14
4575.0069429843 1.42961356863975e-14
4576.2988989843 1.41878238893662e-14
4577.5908549843 1.39034037782053e-14
4578.8828109843 1.38824227721018e-14
4580.1747669843 1.48300070005247e-14
4581.4667229843 1.56793472655273e-14
4582.7586789843 1.5027123425812e-14
4584.0506349843 1.48222871422434e-14
4585.3425909843 1.44900723500008e-14
4586.6345469843 1.49851648017368e-14
4587.9265029843 1.5308329893971e-14
4589.2184589843 1.56804433261611e-14
4590.5104149843 1.55415587219316e-14
4591.8023709843 1.56180525733322e-14
4593.0943269843 1.59011309843046e-14
4594.3862829843 1.49688882166224e-14
4595.6782389843 1.61060265601795e-14
4596.9701949843 1.62813132523502e-14
4598.2621509843 1.56487270244841e-14
4599.5541069843 1.61234229228502e-14
4600.8460629843 1.65299174223693e-14
4602.1380189843 1.66731303649593e-14
4603.4299749843 1.6621651090557e-14
4604.7219309843 1.59919515509751e-14
4606.0138869843 1.67275945834678e-14
4607.3058429843 1.64329524786995e-14
4608.5977989843 1.66215138712195e-14
4609.8897549843 1.67347147424224e-14
4611.1817109843 1.67669307935383e-14
4612.4736669843 1.69376909416388e-14
4613.7656229843 1.75630079327516e-14
4615.0575789843 1.75479442988177e-14
4616.3495349843 1.73529708668869e-14
4617.6414909843 1.76174213292832e-14
4618.9334469843 1.74900191036867e-14
4620.2254029843 1.76467761031033e-14
4621.5173589843 1.76036536557586e-14
4622.8093149843 1.79319941193004e-14
4624.1012709843 1.76904982497747e-14
4625.3932269843 1.79036608672148e-14
4626.6851829843 1.74748724605239e-14
4627.9771389843 1.8132752786261e-14
4629.2690949843 1.79668139496962e-14
4630.5610509843 1.81361002604685e-14
4631.8530069843 1.79774442131842e-14
4633.1449629843 1.77285334172382e-14
4634.4369189843 1.77062378160005e-14
4635.7288749843 1.83950517849713e-14
4637.0208309843 1.82832383537361e-14
4638.3127869843 1.77896383740531e-14
4639.6047429843 1.75915072032949e-14
4640.8966989843 1.68496893006168e-14
4642.1886549843 1.74148178245636e-14
4643.4806109843 1.64830815825839e-14
4644.7725669843 1.64720481314129e-14
4646.0645229843 1.66893137764496e-14
4647.3564789843 1.66345242972894e-14
4648.6484349843 1.64109702796523e-14
4649.9403909843 1.63352997442764e-14
4651.2323469843 1.59418563284086e-14
4652.5243029843 1.54324083622825e-14
4653.8162589843 1.58359636574746e-14
4655.1082149843 1.61870249327936e-14
4656.4001709843 1.57449279444355e-14
4657.6921269843 1.51696062260015e-14
4658.9840829843 1.50340995891656e-14
4660.2760389843 1.54288152485202e-14
4661.5679949843 1.5041721191625e-14
4662.8599509843 1.47179428475371e-14
4664.1519069843 1.47157778313239e-14
4665.4438629843 1.48042334820056e-14
4666.7358189843 1.38456801769158e-14
4668.0277749843 1.37460064218806e-14
4669.3197309843 1.45770643277497e-14
4670.6116869843 1.38779733080299e-14
4671.9036429843 1.33327669990025e-14
4673.1955989843 1.33841361591217e-14
4674.4875549843 1.31137945825772e-14
4675.7795109843 1.30713878780729e-14
4677.0714669843 1.26216828397825e-14
4678.3634229843 1.22574307203759e-14
4679.6553789843 1.26295449995989e-14
4680.9473349843 1.20770533601922e-14
4682.2392909843 1.17743119263823e-14
4683.5312469843 1.18713073632383e-14
4684.8232029843 1.23173972649097e-14
4686.1151589843 1.22364454791077e-14
4687.4071149843 1.15312380344758e-14
4688.6990709843 1.14792251293167e-14
4689.9910269843 1.14773675860633e-14
4691.2829829843 1.17255516277406e-14
4692.5749389843 1.16394439523887e-14
4693.8668949843 1.1233583880547e-14
4695.1588509843 1.07067996910895e-14
4696.4508069843 1.06622872626783e-14
4697.7427629843 1.0734604394616e-14
4699.0347189843 1.08889566674954e-14
4700.3266749843 1.09110023940135e-14
4701.6186309843 1.07518152570713e-14
4702.9105869843 1.05396250334546e-14
4704.2025429843 1.04485266399774e-14
4705.4944989843 1.06763429274051e-14
4706.7864549843 1.04128411419096e-14
4708.0784109843 9.99958562540549e-15
4709.3703669843 1.03792927079677e-14
4710.6623229843 1.05457677163881e-14
4711.9542789843 1.01966554638807e-14
4713.2462349843 1.03487266770331e-14
4714.5381909843 9.89918596313449e-15
4715.8301469843 9.64502610401432e-15
4717.1221029843 1.03953287357251e-14
4718.4140589843 1.06044340653479e-14
4719.7060149843 1.03285630577237e-14
4720.9979709843 1.06960440667252e-14
4722.2899269843 1.05465385163701e-14
4723.5818829843 1.037215730242e-14
4724.8738389843 1.03589783167937e-14
4726.1657949843 9.91708800447471e-15
4727.4577509843 1.04157701818412e-14
4728.7497069843 1.05263799792584e-14
4730.0416629843 1.0756187641145e-14
4731.3336189843 1.05552316155078e-14
4732.6255749843 1.01824837556402e-14
4733.9175309843 1.03721081745091e-14
4735.2094869843 1.00104750809754e-14
4736.5014429843 9.65639074506763e-15
4737.7933989843 1.01055418238105e-14
4739.0853549843 1.0197566871332e-14
4740.3773109843 9.38840307308352e-15
4741.6692669843 9.19493566573296e-15
4742.9612229843 9.35769219951492e-15
4744.2531789843 9.1966339667922e-15
4745.5451349843 9.00539171499407e-15
4746.8370909843 8.78061712288004e-15
4748.1290469843 8.84625709409457e-15
4749.4210029843 8.9227848268131e-15
4750.7129589843 9.0779256873663e-15
4752.0049149843 8.54325816226865e-15
4753.2968709843 8.45199798549853e-15
4754.5888269843 8.2499416640628e-15
4755.8807829843 8.05777868745101e-15
4757.1727389843 8.27278360155141e-15
4758.4646949843 8.23843895663909e-15
4759.7566509843 8.24217098380469e-15
4761.0486069843 8.25903202165273e-15
4762.3405629843 8.06651075010425e-15
4763.6325189843 7.87605539191412e-15
4764.9244749843 8.20519630159115e-15
4766.2164309843 8.16738475082571e-15
4767.5083869843 7.98728352338282e-15
4768.8003429843 7.55341800120612e-15
4770.0922989843 7.83814812642565e-15
4771.3842549843 7.50638141461214e-15
4772.6762109843 7.82385529247368e-15
4773.9681669843 7.75747332039736e-15
4775.2601229843 7.77714820169619e-15
4776.5520789843 8.05901027335632e-15
4777.8440349843 7.54235913904677e-15
4779.1359909843 7.86874719164521e-15
4780.4279469843 7.62299921672422e-15
4781.7199029843 7.83107031911839e-15
4783.0118589843 7.65833912534956e-15
4784.3038149843 7.64057176224795e-15
4785.5957709843 7.76751150785527e-15
4786.8877269843 7.36074087559534e-15
4788.1796829843 7.74153216033004e-15
4789.4716389843 7.83700124381507e-15
4790.7635949843 7.77308752574705e-15
4792.0555509843 8.50006117602458e-15
4793.3475069843 8.37820023996899e-15
4794.6394629843 8.34502958272157e-15
4795.9314189843 8.22388100137463e-15
4797.2233749843 8.29890525061178e-15
4798.5153309843 7.98160332043853e-15
4799.8072869843 8.17158349314525e-15
4801.0992429843 8.40244147588647e-15
4802.3911989843 8.31293211621831e-15
4803.6831549843 8.32392406277483e-15
4804.9751109843 8.32261624390427e-15
4806.2670669843 8.68058507290815e-15
4807.5590229843 8.65063568195913e-15
4808.8509789843 8.64382045486552e-15
4810.1429349843 8.90634730543868e-15
4811.4348909843 9.35050597199042e-15
4812.7268469843 9.35825971158958e-15
4814.0188029843 8.9820288522429e-15
4815.3107589843 9.13282782190848e-15
4816.6027149843 9.60143524744977e-15
4817.8946709843 9.3284687158017e-15
4819.1866269843 9.40008450445911e-15
4820.4785829843 9.6133343662928e-15
4821.7705389843 9.2264825608205e-15
4823.0624949843 9.34133175813871e-15
4824.3544509843 9.44053202175639e-15
4825.6464069843 9.46710005717997e-15
4826.9383629843 9.33419465852514e-15
4828.2303189843 9.22251251739671e-15
4829.5222749843 9.4777658960518e-15
4830.8142309843 9.28875134090495e-15
4832.1061869843 9.12954133407314e-15
4833.3981429843 8.66481501349617e-15
4834.6900989843 8.57959502867291e-15
4835.9820549843 8.82540822513085e-15
4837.2740109843 8.54858854060572e-15
4838.5659669843 8.35611216180344e-15
4839.8579229843 8.38244726316653e-15
4841.1498789843 8.17015878372797e-15
4842.4418349843 8.21903089071865e-15
4843.7337909843 8.29235006263298e-15
4845.0257469843 7.68954381912641e-15
4846.3177029843 7.84945262813971e-15
4847.6096589843 8.04347568910367e-15
4848.9016149843 8.19612119059426e-15
4850.1935709843 7.65144088902712e-15
4851.4855269843 7.88973243291344e-15
4852.7774829843 7.91372464114442e-15
4854.0694389843 7.91626828108502e-15
4855.3613949843 8.20411548755045e-15
4856.6533509843 8.29232634571046e-15
4857.9453069843 8.24126465855113e-15
4859.2372629843 7.866036686214e-15
4860.5292189843 7.98438412960437e-15
4861.8211749843 8.1752409814115e-15
4863.1131309843 8.25130454007493e-15
4864.4050869843 7.95188347541822e-15
4865.6970429843 7.42332475193617e-15
4866.9889989843 7.54584467962472e-15
4868.2809549843 7.82942029893714e-15
4869.5729109843 8.06191983153013e-15
4870.8648669843 7.49905542665134e-15
4872.1568229843 7.3922183139812e-15
4873.4487789843 7.89988581685218e-15
4874.7407349843 7.83720876688715e-15
4876.0326909843 7.22876721318249e-15
4877.3246469843 7.34206125800954e-15
4878.6166029843 7.67842989982549e-15
4879.9085589843 7.72474227324956e-15
4881.2005149843 7.54137912192679e-15
4882.4924709843 7.60494725055233e-15
4883.7844269843 7.84319813685718e-15
4885.0763829843 7.87751737078108e-15
4886.3683389843 8.08970928846365e-15
4887.6602949843 8.13279785449048e-15
4888.9522509843 7.8507358830548e-15
4890.2442069843 7.927365259727e-15
4891.5361629843 7.90879829752318e-15
4892.8281189843 7.85183871995212e-15
4894.1200749843 8.31811849895435e-15
4895.4120309843 8.19388332954762e-15
4896.7039869843 8.1970198925513e-15
4897.9959429843 8.21349129524361e-15
4899.2878989843 8.49083444613014e-15
4900.5798549843 8.33899023780765e-15
4901.8718109843 8.33724280883746e-15
4903.1637669843 8.49128506765807e-15
4904.4557229843 8.61310534613219e-15
4905.7476789843 8.22533281584622e-15
4907.0396349843 8.43757301440679e-15
4908.3315909843 8.35326782516656e-15
4909.6235469843 8.36253436560953e-15
4910.9155029843 8.72081829086978e-15
4912.2074589843 8.69879543424117e-15
4913.4994149843 9.10500956585476e-15
4914.7913709843 8.90897226054222e-15
4916.0833269843 9.19081654451046e-15
4917.3752829843 9.15969655402834e-15
4918.6672389843 9.28906220199659e-15
4919.9591949843 8.97070825690285e-15
4921.2511509843 9.41688963813263e-15
4922.5431069843 9.91696094953263e-15
4923.8350629843 9.3966607972863e-15
4925.1270189843 1.00026916952231e-14
4926.4189749843 1.00145518505505e-14
4927.7109309843 9.85416870308677e-15
4929.0028869843 9.76395291794061e-15
4930.2948429843 1.01843523103219e-14
4931.5867989843 1.01262238272836e-14
4932.8787549843 1.0127614655383e-14
4934.1707109843 1.01761183030416e-14
4935.4626669843 1.03353088281156e-14
4936.7546229843 1.0312273767115e-14
4938.0465789843 1.04597455913638e-14
4939.3385349843 1.05778490892654e-14
4940.6304909843 1.07832689785346e-14
4941.9224469843 1.0836128916641e-14
4943.2144029843 1.08798205701263e-14
4944.5063589843 1.09087408160444e-14
4945.7983149843 1.11859967225373e-14
4947.0902709843 1.07285413327796e-14
4948.3822269843 1.0937283285268e-14
4949.6741829843 1.06797302121611e-14
4950.9661389843 1.09888260871414e-14
4952.2580949843 1.11719359756129e-14
4953.5500509843 1.10311811226359e-14
4954.8420069843 1.10565116429235e-14
4956.1339629843 1.09554902584692e-14
4957.4259189843 1.09623004033652e-14
4958.7178749843 1.12111468248072e-14
4960.0098309843 1.10127615441649e-14
4961.3017869843 1.13880809960603e-14
4962.5937429843 1.11750784678472e-14
4963.8856989843 1.05393167134618e-14
4965.1776549843 1.06659549153399e-14
4966.4696109843 1.06583561827701e-14
4967.7615669843 1.04344438701964e-14
4969.0535229843 1.07535372750531e-14
4970.3454789843 1.04847593213292e-14
4971.6374349843 1.04710509401108e-14
4972.9293909843 1.04170204024714e-14
4974.2213469843 1.01897961910739e-14
4975.5133029843 1.00991340195645e-14
4976.8052589843 9.88475252171328e-15
4978.0972149843 9.74000560245583e-15
4979.3891709843 9.35937694804701e-15
4980.6811269843 9.5406055763427e-15
4981.9730829843 9.3970944781553e-15
4983.2650389843 9.516094983948e-15
4984.5569949843 9.23332150483663e-15
4985.8489509843 9.16909014941339e-15
4987.1409069843 9.15412223020245e-15
4988.4328629843 8.53355370579196e-15
4989.7248189843 8.56401555167407e-15
4991.0167749843 8.92745282538542e-15
4992.3087309843 8.70972639442549e-15
4993.6006869843 8.48736161104639e-15
4994.8926429843 8.45609508386439e-15
4996.1845989843 8.42614569291538e-15
4997.4765549843 8.54816841226388e-15
4998.7685109843 8.55114742713938e-15
5000.0604669843 8.53397722226559e-15
5001.3524229843 8.39107514076726e-15
5002.6443789843 8.2038368137108e-15
5003.9363349843 7.94687158146932e-15
5005.2282909843 7.84019032286148e-15
5006.5202469843 8.21479487894943e-15
5007.8122029843 8.15086676132131e-15
5009.1041589843 7.87930037513505e-15
5010.3961149843 7.76863806167512e-15
5011.6880709843 7.86905297053917e-15
5012.9800269843 7.76908190693948e-15
5014.2719829843 7.49149989276183e-15
5015.5639389843 7.646111357723e-15
5016.8558949843 7.62820423418509e-15
5018.1478509843 7.20012564110403e-15
5019.4398069843 7.48401974480463e-15
5020.7317629843 7.45793960035867e-15
5022.0237189843 7.50622725461574e-15
5023.3156749843 7.61870137154985e-15
5024.6076309843 7.05240394213583e-15
5025.8995869843 7.46800997506857e-15
5027.1915429843 7.68821651849806e-15
5028.4834989843 7.3257558737749e-15
5029.7754549843 7.31972330512455e-15
5031.0674109843 7.72398163766293e-15
5032.3593669843 7.66566003111268e-15
5033.6513229843 7.3969074883772e-15
5034.9432789843 7.44462254836193e-15
5036.2352349843 7.86089689029006e-15
5037.5271909843 7.62680408872328e-15
5038.8191469843 7.41263350207593e-15
5040.1111029843 7.40148993662185e-15
5041.4030589843 7.31037544951865e-15
5042.6950149843 7.13607809183035e-15
5043.9869709843 7.11190631261455e-15
5045.2789269843 7.16595633201179e-15
5046.5708829843 7.27450445123538e-15
5047.8628389843 7.37445772714318e-15
5049.1547949843 7.45011132186014e-15
5050.4467509843 7.37781028354841e-15
5051.7387069843 7.42421328949784e-15
5053.0306629843 7.18091493386031e-15
5054.3226189843 7.52342032937911e-15
5055.6145749843 7.36474141220522e-15
5056.9065309843 7.35700715436384e-15
5058.1984869843 7.45971921658085e-15
5059.4904429843 7.31397364547859e-15
5060.7823989843 7.17539820827484e-15
5062.0743549843 7.40777237999164e-15
5063.3663109843 7.43685525623561e-15
5064.6582669843 7.25871152193382e-15
5065.9502229843 7.51406654454258e-15
5067.2421789843 7.80232456198742e-15
5068.5341349843 7.61007095285027e-15
5069.8260909843 7.5124089010648e-15
5071.1180469843 7.5116381010828e-15
5072.4100029843 7.60740703423116e-15
5073.7019589843 7.62908430141729e-15
5074.9939149843 7.73466526422665e-15
5076.2858709843 7.58895188037638e-15
5077.5778269843 7.29543124723024e-15
5078.8697829843 7.61866410210017e-15
5080.1617389843 7.2616812194469e-15
5081.4536949843 7.59274404688124e-15
5082.7456509843 7.48825999173858e-15
5084.0376069843 7.27833304015697e-15
5085.3295629843 7.35174199756371e-15
5086.6215189843 7.29463757735867e-15
5087.9134749843 7.61132540864516e-15
5089.2054309843 7.56128439618727e-15
5090.4973869843 7.23587636070879e-15
5091.7893429843 7.65868640885793e-15
5093.0812989843 7.63325847978136e-15
5094.3732549843 7.78761075266067e-15
5095.6652109843 7.53484426273873e-15
5096.9571669843 7.47241115826251e-15
5098.2491229843 7.7407105383712e-15
5099.5410789843 7.53413444912893e-15
5100.8330349843 7.50318725336804e-15
5102.1249909843 7.60926034231975e-15
5103.4169469843 7.86188622477245e-15
5104.7089029843 7.91918885068715e-15
5106.0008589843 8.02830702308424e-15
5107.2928149843 7.80365101558282e-15
5108.5847709843 7.50924353894091e-15
5109.8767269843 7.60022758297023e-15
5111.1686829843 7.59603561691427e-15
5112.4606389843 7.47455753975085e-15
5113.7525949843 7.48819053503691e-15
5115.0445509843 7.75523630638366e-15
5116.3365069843 7.56072874257387e-15
5117.6284629843 7.66995957035294e-15
5118.9204189843 7.76663652282076e-15
5120.2123749843 7.71304390121503e-15
5121.5043309843 7.65657560275338e-15
5122.7962869843 7.52026767274943e-15
5124.0882429843 7.55054655951493e-15
5125.3801989843 7.4311064436226e-15
5126.6721549843 7.15930458227701e-15
5127.9641109843 7.13383684265191e-15
5129.2560669843 7.47098136664754e-15
5130.5480229843 7.7487929267539e-15
5131.8399789843 7.56842403689967e-15
5133.1319349843 7.48560454344894e-15
5134.4238909843 7.64265292219936e-15
5135.7158469843 7.19125805317923e-15
5137.0078029843 7.42660954570562e-15
5138.2997589843 7.73971612169112e-15
5139.5917149843 7.56845029492104e-15
5140.8836709843 7.4257379488029e-15
5142.1756269843 7.36145153623809e-15
5143.4675829843 7.55485795721645e-15
5144.7595389843 7.569526873797e-15
5146.0514949843 7.54458852976394e-15
5147.3434509843 7.78551180501737e-15
5148.6354069843 7.69336393771853e-15
5149.9273629843 7.86420624801498e-15
5151.2193189843 7.93435328154185e-15
5152.5112749843 7.96789748031901e-15
5153.8032309843 7.98398009488853e-15
5155.0951869843 8.11459257535514e-15
5156.3871429843 8.23383109740602e-15
5157.6790989843 8.2940246467697e-15
5158.9710549843 8.27794880846376e-15
5160.2630109843 8.37679585934245e-15
5161.5549669843 8.60819086097222e-15
5162.8469229843 8.39894068871546e-15
5164.1388789843 8.45761381393882e-15
5165.4308349843 8.78766528403414e-15
5166.7227909843 8.62469699201536e-15
5168.0147469843 8.61293085734505e-15
5169.3067029843 8.62724740821955e-15
5170.5986589843 8.4227905954113e-15
5171.8906149843 8.61010600246596e-15
5173.1825709843 8.96031008044236e-15
5174.4745269843 9.23645722080736e-15
5175.7664829843 8.79328958280391e-15
5177.0584389843 9.01739332482372e-15
5178.3503949843 9.12816067036911e-15
5179.6423509843 9.3235804886631e-15
5180.9343069843 9.17146946496222e-15
5182.2262629843 9.15687339321514e-15
5183.5182189843 9.53215726972679e-15
5184.8101749843 9.71200184618666e-15
5186.1021309843 9.84548492131152e-15
5187.3940869843 9.94793948551256e-15
5188.6860429843 1.01334557945872e-14
5189.9779989843 1.02250657959646e-14
5191.2699549843 9.97321325459273e-15
5192.5619109843 1.02130006586639e-14
5193.8538669843 1.04598819636683e-14
5195.1458229843 1.06964235374856e-14
5196.4377789843 1.04660551397879e-14
5197.7297349843 1.06579479128895e-14
5199.0216909843 1.09388968830325e-14
5200.3136469843 1.11867836161453e-14
5201.6056029843 1.11812431736373e-14
5202.8975589843 1.12119032252291e-14
5204.1895149843 1.10611703241334e-14
5205.4814709843 1.11772384018627e-14
5206.7734269843 1.15007185903532e-14
5208.0653829843 1.15667210916692e-14
5209.3573389843 1.16355577652267e-14
5210.6492949843 1.15748890303796e-14
5211.9412509843 1.141755350746e-14
5213.2332069843 1.17275955182424e-14
5214.5251629843 1.19394841981298e-14
5215.8171189843 1.2269120622081e-14
5217.1090749843 1.25361020189237e-14
5218.4010309843 1.25741337982555e-14
5219.6929869843 1.23183154486246e-14
5220.9849429843 1.22151993516917e-14
5222.2768989843 1.25065778385143e-14
5223.5688549843 1.25114279491702e-14
5224.8608109843 1.24509396323409e-14
5226.1527669843 1.26917256882569e-14
5227.4447229843 1.28035518249863e-14
5228.7366789843 1.24467087027694e-14
5230.0286349843 1.2720052164079e-14
5231.3205909843 1.28989853330876e-14
5232.6125469843 1.28790927643213e-14
5233.9045029843 1.31697377206115e-14
5235.1964589843 1.28115418867778e-14
5236.4884149843 1.26021307782611e-14
5237.7803709843 1.30656077252408e-14
5239.0723269843 1.30548648063708e-14
5240.3642829843 1.32103334686746e-14
5241.6562389843 1.3413277480639e-14
5242.9481949843 1.34236451639134e-14
5244.2401509843 1.34274491888796e-14
5245.5321069843 1.34171941609871e-14
5246.8240629843 1.36662243885788e-14
5248.1160189843 1.35278480041176e-14
5249.4079749843 1.35128097811721e-14
5250.6999309843 1.34368588778906e-14
5251.9918869843 1.35400215616355e-14
5253.2838429843 1.36152482517471e-14
5254.5757989843 1.36983387957409e-14
5255.8677549843 1.37041460536273e-14
5257.1597109843 1.36420238102427e-14
5258.4516669843 1.40051197296764e-14
5259.7436229843 1.43291581128791e-14
5261.0355789843 1.41663600744827e-14
5262.3275349843 1.39442180607688e-14
5263.6194909843 1.39315727058992e-14
5264.9114469843 1.39821634427399e-14
5266.2034029843 1.41298800595104e-14
5267.4953589843 1.39311779885458e-14
5268.7873149843 1.41065121145615e-14
5270.0792709843 1.43402796554766e-14
5271.3712269843 1.37818071164293e-14
5272.6631829843 1.3952790034195e-14
5273.9551389843 1.40750236647474e-14
5275.2470949843 1.43519839567417e-14
5276.5390509843 1.41721995196211e-14
5277.8310069843 1.41813288407266e-14
5279.1229629843 1.42038158714103e-14
5280.4149189843 1.40862587097597e-14
5281.7068749843 1.41069000556514e-14
5282.9988309843 1.38353641626512e-14
5284.2907869843 1.40226795697059e-14
5285.5827429843 1.37697106389095e-14
5286.8746989843 1.40933475284953e-14
5288.1666549843 1.42174666543883e-14
5289.4586109843 1.40470520957302e-14
5290.7505669843 1.3919773536944e-14
5292.0425229843 1.38416432178892e-14
5293.3344789843 1.33659164804263e-14
5294.6264349843 1.34647254148223e-14
5295.9183909843 1.35713854976065e-14
5297.2103469843 1.34617091304971e-14
5298.5023029843 1.34025421850655e-14
5299.7942589843 1.3432709263482e-14
5301.0862149843 1.32452142854425e-14
5302.3781709843 1.32314161187318e-14
5303.6701269843 1.34191956998415e-14
5304.9620829843 1.31425877735532e-14
5306.2540389843 1.30231756097481e-14
5307.5459949843 1.28778544021524e-14
5308.8379509843 1.28976148337789e-14
5310.1299069843 1.29383698240361e-14
5311.4218629843 1.27557097100595e-14
5312.7138189843 1.30600088374595e-14
5314.0057749843 1.27650516364348e-14
5315.2977309843 1.2908854960989e-14
5316.5896869843 1.27725707479076e-14
5317.8816429843 1.27679722060369e-14
5319.1735989843 1.26776412244099e-14
5320.4655549843 1.27894275505909e-14
5321.7575109843 1.27992946373934e-14
5323.0494669843 1.28729848097387e-14
5324.3414229843 1.24644023740046e-14
5325.6333789843 1.26335141959898e-14
5326.9253349843 1.26702601793076e-14
5328.2172909843 1.2595804289178e-14
5329.5092469843 1.27767262915468e-14
5330.8012029843 1.24482587730628e-14
5332.0931589843 1.24713548204356e-14
5333.3851149843 1.25280933224075e-14
5334.6770709843 1.23928272429286e-14
5335.9690269843 1.24219101191726e-14
5337.2609829843 1.26341147423494e-14
5338.5529389843 1.23534851036275e-14
5339.8448949843 1.24218779319206e-14
5341.1368509843 1.27457994245767e-14
5342.4288069843 1.23625280273724e-14
5343.7207629843 1.22830932775789e-14
5345.0127189843 1.26040171206346e-14
5346.3046749843 1.25261265119039e-14
5347.5966309843 1.23722799176941e-14
5348.8885869843 1.25785222759552e-14
5350.1805429843 1.26092992180937e-14
5351.4724989843 1.2606467586951e-14
5352.7644549843 1.2373519126896e-14
5354.0564109843 1.1912646806229e-14
5355.3483669843 1.19473277232214e-14
5356.6403229843 1.22272195962462e-14
5357.9322789843 1.21807420513974e-14
5359.2242349843 1.24368424629998e-14
5360.5161909843 1.24672839800911e-14
5361.8081469843 1.24068735902929e-14
5363.1001029843 1.23982829821419e-14
5364.3920589843 1.22669725465267e-14
5365.6840149843 1.21785414598004e-14
5366.9759709843 1.24480046631787e-14
5368.2679269843 1.2274932962165e-14
5369.5598829843 1.23029807641475e-14
5370.8518389843 1.22028106478052e-14
5372.1437949843 1.21543747627823e-14
5373.4357509843 1.19124070959049e-14
5374.7277069843 1.19974746147977e-14
5376.0196629843 1.21828181291511e-14
5377.3116189843 1.24354694225923e-14
5378.6035749843 1.22370528017309e-14
5379.8955309843 1.21582601029114e-14
5381.1874869843 1.2162474091824e-14
5382.4794429843 1.22860883860804e-14
5383.7713989843 1.2328168135867e-14
5385.0633549843 1.19009543634251e-14
5386.3553109843 1.20955584889909e-14
5387.6472669843 1.21584396738962e-14
5388.9392229843 1.20299337643694e-14
5390.2311789843 1.23787478612794e-14
5391.5231349843 1.25956577524781e-14
5392.8150909843 1.22039092495378e-14
5394.1070469843 1.21571809829366e-14
5395.3990029843 1.24107182728405e-14
5396.6909589843 1.22361083599947e-14
5397.9829149843 1.19212831541592e-14
5399.2748709843 1.20957448362393e-14
5400.5668269843 1.21638335797043e-14
5401.8587829843 1.22219578275779e-14
5403.1507389843 1.20453963508215e-14
5404.4426949843 1.22016383542062e-14
5405.7346509843 1.22779797396763e-14
5407.0266069843 1.20227026440987e-14
5408.3185629843 1.19063931619794e-14
5409.6105189843 1.18783157138438e-14
5410.9024749843 1.1904199346646e-14
5412.1944309843 1.20140281796859e-14
5413.4863869843 1.20553947277309e-14
5414.7783429843 1.19192850034366e-14
5416.0702989843 1.19104097922153e-14
5417.3622549843 1.20563594982579e-14
5418.6542109843 1.20334438689028e-14
5419.9461669843 1.18939985288623e-14
5421.2381229843 1.22884660075633e-14
5422.5300789843 1.21540037623514e-14
5423.8220349843 1.19933021304995e-14
5425.1139909843 1.1862398270699e-14
5426.4059469843 1.21650948117628e-14
5427.6979029843 1.20706862135277e-14
5428.9898589843 1.19150710145241e-14
5430.2818149843 1.18209410901286e-14
5431.5737709843 1.15013394655036e-14
5432.8657269843 1.1713453456155e-14
5434.1576829843 1.18586764079288e-14
5435.4496389843 1.17001304749276e-14
5436.7415949843 1.15780052645925e-14
5438.0335509843 1.15363507253454e-14
5439.3255069843 1.15776520518535e-14
5440.6174629843 1.18643566108731e-14
5441.9094189843 1.17227555719818e-14
5443.2013749843 1.16849567267105e-14
5444.4933309843 1.15033384632591e-14
5445.7852869843 1.1514468476186e-14
5447.0772429843 1.15682525272378e-14
5448.3691989843 1.16334113837383e-14
5449.6611549843 1.17663252527226e-14
5450.9531109843 1.15255307264772e-14
5452.2450669843 1.15282090446564e-14
5453.5370229843 1.15026108619574e-14
5454.8289789843 1.13362391915566e-14
5456.1209349843 1.139009269931e-14
5457.4128909843 1.13848893759151e-14
5458.7048469843 1.1250429671802e-14
5459.9968029843 1.11252847890099e-14
5461.2887589843 1.09444305492769e-14
5462.5807149843 1.09280692608678e-14
5463.8726709843 1.11213206748168e-14
5465.1646269843 1.11752648150956e-14
5466.4565829843 1.11863838165942e-14
5467.7485389843 1.0953213433907e-14
5469.0404949843 1.082032751701e-14
5470.3324509843 1.09845799109768e-14
5471.6244069843 1.0630946196597e-14
5472.9163629843 1.07558784741193e-14
5474.2083189843 1.09138484247163e-14
5475.5002749843 1.0565683155044e-14
5476.7922309843 1.09344279372028e-14
5478.0841869843 1.10565370539119e-14
5479.3761429843 1.05515681980109e-14
5480.6680989843 1.06703848976541e-14
5481.9600549843 1.05248036509436e-14
5483.2520109843 1.05653307893379e-14
5484.5439669843 1.05756883082169e-14
5485.8359229843 1.05446038931186e-14
5487.1278789843 1.04408508274094e-14
5488.4198349843 1.055505119749e-14
5489.7117909843 1.02821668280378e-14
5491.0037469843 1.02432778513635e-14
5492.2957029843 1.0204166105024e-14
5493.5876589843 1.02312381250512e-14
5494.8796149843 1.04674163217341e-14
5496.1715709843 1.02375019336962e-14
5497.4635269843 1.00596800719143e-14
5498.7554829843 1.00492615666631e-14
5500.0474389843 9.98085349177696e-15
5501.3393949843 9.84835636300271e-15
5502.6313509843 9.56809772471173e-15
5503.9233069843 9.51352423895309e-15
5505.2152629843 9.64678623847871e-15
5506.5072189843 9.53502024108851e-15
5507.7991749843 9.66553700683208e-15
5509.0911309843 9.82460810026054e-15
5510.3830869843 9.50498445277887e-15
5511.6750429843 9.56245309715123e-15
5512.9669989843 9.44367959618839e-15
5514.2589549843 9.34446408597765e-15
5515.5509109843 9.64252905088581e-15
5516.8428669843 9.74971514113021e-15
5518.1348229843 9.48269308670598e-15
5519.4267789843 9.19904631662598e-15
5520.7187349843 9.42478991443167e-15
5522.0106909843 9.43869226619496e-15
5523.3026469843 9.35827665224853e-15
5524.5946029843 9.32813921998522e-15
5525.8865589843 9.4910143383798e-15
5527.1785149843 9.55109099719676e-15
5528.4704709843 9.54894376867547e-15
5529.7624269843 9.58257436481326e-15
5531.0543829843 9.40737322297023e-15
5532.3463389843 9.2566055935237e-15
5533.6382949843 9.44238871797677e-15
5534.9302509843 9.38148959016803e-15
5536.2222069843 9.24999704246922e-15
5537.5141629843 9.20469348528533e-15
5538.8061189843 9.2042843683718e-15
5540.0980749843 9.14931785932563e-15
5541.3900309843 9.27739432314816e-15
5542.6819869843 9.40768577812777e-15
5543.9739429843 9.55682117508494e-15
5545.2658989843 9.5372106682901e-15
5546.5578549843 9.45434967022495e-15
5547.8498109843 9.30783668727248e-15
5549.1417669843 9.23160033388781e-15
5550.4337229843 9.26719604646322e-15
5551.7256789843 9.10162397516458e-15
5553.0176349843 9.07970615062143e-15
5554.3095909843 9.28449754144384e-15
5555.6015469843 9.24163513321393e-15
5556.8935029843 9.04667779490914e-15
5558.1854589843 8.96691524336505e-15
5559.4774149843 9.02755941425666e-15
5560.7693709843 9.02291936777161e-15
5562.0613269843 9.16387581459009e-15
5563.3532829843 9.14819892880231e-15
5564.6452389843 8.91691827662041e-15
5565.9371949843 9.00547980642059e-15
5567.2291509843 9.21718976235617e-15
5568.5211069843 9.03282372402385e-15
5569.8130629843 8.94878365609612e-15
5571.1050189843 9.10163752769174e-15
5572.3969749843 9.07966888117175e-15
5573.6889309843 8.96462063111093e-15
5574.9808869843 8.91888508712394e-15
5576.2728429843 8.80670065545779e-15
5577.5647989843 8.71865581575544e-15
5578.8567549843 8.90417890109371e-15
5580.1487109843 8.94452308037143e-15
5581.4406669843 8.85838237073451e-15
5582.7326229843 8.94869302357076e-15
5584.0245789843 8.72613681074559e-15
5585.3165349843 8.87374500729886e-15
5586.6084909843 8.93772818206856e-15
5587.9004469843 8.81544881173703e-15
5589.1924029843 8.76780490251987e-15
5590.4843589843 8.66967020634983e-15
5591.7763149843 8.64946762352487e-15
5593.0682709843 8.49464185922804e-15
5594.3602269843 8.44507857335241e-15
5595.6521829843 8.43737565573007e-15
5596.9441389843 8.47897937300036e-15
5598.2360949843 8.60944446973416e-15
5599.5280509843 8.50499344887644e-15
5600.8200069843 8.52739747033131e-15
5602.1119629843 8.57467884944705e-15
5603.4039189843 8.57151094622432e-15
5604.6958749843 8.53573820376293e-15
5605.9878309843 8.47738949215837e-15
5607.2797869843 8.60743530758327e-15
5608.5717429843 8.49340349705916e-15
5609.8636989843 8.27688154695022e-15
5611.1556549843 8.34546495765646e-15
5612.4476109843 8.23126035241111e-15
5613.7395669843 8.12599109772634e-15
5615.0315229843 8.13747262932638e-15
5616.3234789843 8.08659898348133e-15
5617.6154349843 8.20561558290004e-15
5618.9073909843 8.34671094312187e-15
5620.1993469843 7.96562658498742e-15
5621.4913029843 8.09352008969335e-15
5622.7832589843 8.12937584138357e-15
5624.0752149843 8.02735580508447e-15
5625.3671709843 7.97351330875931e-15
5626.6591269843 7.65386679138806e-15
5627.9510829843 7.71720283298605e-15
5629.2430389843 7.69251605773832e-15
5630.5349949843 7.99219207931216e-15
5631.8269509843 7.8228015834873e-15
5633.1189069843 7.63010158798694e-15
5634.4108629843 7.78339252858334e-15
5635.7028189843 7.80141654266797e-15
5636.9947749843 7.93754405465415e-15
5638.2867309843 7.78564733028893e-15
5639.5786869843 7.6014549337108e-15
5640.8706429843 7.62411221801691e-15
5642.1625989843 7.58103042825366e-15
5643.4545549843 7.51345244565582e-15
5644.7465109843 7.64965788467315e-15
5646.0384669843 7.60404007826582e-15
5647.3304229843 7.56387546997292e-15
5648.6223789843 7.63055898577846e-15
5649.9143349843 7.7680569970733e-15
5651.2062909843 7.61546401162544e-15
5652.4982469843 7.42103861001153e-15
5653.7902029843 7.26796620391552e-15
5655.0821589843 7.43660961668091e-15
5656.3741149843 7.26185655526698e-15
5657.6660709843 7.29162214006644e-15
5658.9580269843 7.30021190118455e-15
5660.2499829843 7.29306717827446e-15
5661.5419389843 7.29694913027172e-15
5662.8338949843 7.2643341266377e-15
5664.1258509843 7.52128411228613e-15
5665.4178069843 7.18988755387057e-15
5666.7097629843 6.93070224827433e-15
5668.0017189843 6.96070034361782e-15
5669.2936749843 7.01865179677011e-15
5670.5856309843 7.10578057034001e-15
5671.8775869843 7.04467773110745e-15
5673.1695429843 7.05527961899176e-15
5674.4614989843 6.95278609127515e-15
5675.7534549843 6.81326240068694e-15
5677.0454109843 6.72518410318318e-15
5678.3373669843 6.71905200816153e-15
5679.6293229843 6.7950219696843e-15
5680.9212789843 6.94441020597622e-15
5682.2132349843 6.76049690675421e-15
5683.5051909843 6.58729857431497e-15
5684.7971469843 6.49835757375442e-15
5686.0891029843 6.69847080160915e-15
5687.3810589843 6.7044775357546e-15
5688.6730149843 6.66168627829226e-15
5689.9649709843 6.6340099002572e-15
5691.2569269843 6.57615712644326e-15
5692.5488829843 6.44330212624879e-15
5693.8408389843 6.47255271501632e-15
5695.1327949843 6.37849563545436e-15
5696.4247509843 6.33521902811325e-15
5697.7167069843 6.58797365957393e-15
5699.0086629843 6.42524846601101e-15
5700.3006189843 6.45622784902389e-15
5701.5925749843 6.44720440703679e-15
5702.8845309843 6.49870824539459e-15
5704.1764869843 6.50176179916944e-15
5705.4684429843 6.29821258216418e-15
5706.7603989843 6.27197616013945e-15
5708.0523549843 6.53903760159573e-15
5709.3443109843 6.32742463093261e-15
5710.6362669843 6.3087259551055e-15
5711.9282229843 6.46933822498149e-15
5713.2201789843 6.45979639883067e-15
5714.5121349843 6.32989881417154e-15
5715.8040909843 6.21949018707931e-15
5717.0960469843 6.14641411362084e-15
5718.3880029843 6.10089964523308e-15
5719.6799589843 6.37500501267873e-15
5720.9719149843 6.42906731405371e-15
5722.2638709843 6.2649432455784e-15
5723.5558269843 6.11000863754785e-15
5724.8477829843 6.05899777236536e-15
5726.1397389843 6.21888794665381e-15
5727.4316949843 6.1457805329763e-15
5728.7236509843 6.13832029029335e-15
5730.0156069843 6.05523991069486e-15
5731.3075629843 6.09498354361298e-15
5732.5995189843 6.23935649782421e-15
5733.8914749843 6.15934322452773e-15
5735.1834309843 6.25417788033527e-15
5736.4753869843 6.17522975096996e-15
5737.7673429843 6.11497775633292e-15
5739.0592989843 6.08164108062783e-15
5740.3512549843 6.06918842575377e-15
5741.6432109843 6.11201779969874e-15
5742.9351669843 6.08438970254167e-15
5744.2271229843 6.20990262114934e-15
5745.5190789843 6.12711150330234e-15
5746.8110349843 6.13479197455156e-15
5748.1029909843 6.39476840892054e-15
5749.3949469843 6.29226217570972e-15
5750.6869029843 6.15064038451117e-15
5751.9788589843 6.10529024051517e-15
5753.2708149843 6.00696369138258e-15
5754.5627709843 6.0565561998949e-15
5755.8547269843 6.07379924960215e-15
5757.1466829843 6.17211309324054e-15
5758.4386389843 6.1429395844712e-15
5759.7305949843 6.17666293071671e-15
5761.0225509843 6.39511442187949e-15
5762.3145069843 6.39235097688907e-15
5763.6064629843 6.50842498384901e-15
5764.8984189843 6.29441321587927e-15
5766.1903749843 6.28982356785457e-15
5767.4823309843 6.29173870934831e-15
5768.7742869843 6.32369175673406e-15
5770.0662429843 6.31515789979047e-15
5771.3581989843 6.50346772352521e-15
5772.6501549843 6.48803520674271e-15
5773.9421109843 6.4621325156992e-15
5775.2340669843 6.51352962790564e-15
5776.5260229843 6.67471533908693e-15
5777.8179789843 6.76901509358827e-15
5779.1099349843 6.54586892231534e-15
5780.4018909843 6.35421585953779e-15
5781.6938469843 6.50681053905155e-15
5782.9858029843 6.62581528000899e-15
5784.2777589843 6.53842731435724e-15
5785.5697149843 6.79614725295472e-15
5786.8616709843 6.63470785540574e-15
5788.1536269843 6.51842759592314e-15
5789.4455829843 6.68467898764548e-15
5790.7375389843 6.69130744397422e-15
5792.0294949843 6.85170160286629e-15
5793.3214509843 6.83657317091186e-15
5794.6134069843 6.92011941863134e-15
5795.9053629843 6.94196270427513e-15
5797.1973189843 7.05288844498166e-15
5798.4892749843 7.06643165477531e-15
5799.7812309843 7.02235417778256e-15
5801.0731869843 7.04082627229628e-15
5802.3651429843 7.28572509668766e-15
5803.6570989843 7.22406363922639e-15
5804.9490549843 7.22260250739237e-15
5806.2410109843 7.2613407122021e-15
5807.5329669843 7.30822059770084e-15
5808.8249229843 7.52882439958259e-15
5810.1168789843 7.43499856001523e-15
5811.4088349843 7.44264049126536e-15
5812.7007909843 7.59833785246491e-15
5813.9927469843 7.46374770527799e-15
5815.2847029843 7.74154147769246e-15
5816.5766589843 7.67773194467695e-15
5817.8686149843 7.60151253195122e-15
5819.1605709843 7.72747903670214e-15
5820.4525269843 7.96123217805707e-15
5821.7444829843 7.77472484043409e-15
5823.0364389843 7.91036869660739e-15
5824.3283949843 8.03389151130549e-15
5825.6203509843 8.22778497622852e-15
5826.9123069843 8.16082278658333e-15
5828.2042629843 8.19377745042921e-15
5829.4962189843 8.20353442294863e-15
5830.7881749843 8.32192930018405e-15
5832.0801309843 8.44420443535084e-15
5833.3720869843 8.45670833571821e-15
5834.6640429843 8.63286238962689e-15
5835.9559989843 8.69391906556383e-15
5837.2479549843 8.57334816068691e-15
5838.5399109843 8.56683363028958e-15
5839.8318669843 8.82347699001111e-15
5841.1238229843 8.92893259194427e-15
5842.4157789843 8.89028671372579e-15
5843.7077349843 8.9753499974538e-15
5844.9996909843 8.991469881473e-15
5846.2916469843 9.05394957276132e-15
5847.5836029843 9.07822892516142e-15
5848.8755589843 9.21687212500095e-15
5850.1675149843 9.19366088114734e-15
5851.4594709843 9.29110609249831e-15
5852.7514269843 9.62366223901867e-15
5854.0433829843 9.60129379294758e-15
5855.3353389843 9.72666313947068e-15
5856.6272949843 9.60252199072109e-15
5857.9192509843 9.51323709478397e-15
5859.2112069843 9.47199929574689e-15
5860.5031629843 9.64202252518335e-15
5861.7951189843 9.64500238709179e-15
5863.0870749843 9.69713895906119e-15
5864.3790309843 9.9126495518311e-15
5865.6709869843 9.8064206088171e-15
5866.9629429843 9.81116653442056e-15
5868.2548989843 9.79848983933196e-15
5869.5468549843 9.88061900093068e-15
5870.8388109843 1.01095432074533e-14
5872.1307669843 1.02506148507526e-14
5873.4227229843 1.01357427835448e-14
5874.7146789843 1.02043820984256e-14
5876.0066349843 9.95993770721041e-15
5877.2985909843 1.02389063143227e-14
5878.5905469843 1.03925326799662e-14
5879.8825029843 1.00077154476332e-14
5881.1744589843 1.00484806022857e-14
5882.4664149843 1.01849731854722e-14
5883.7583709843 1.02448651911067e-14
5885.0503269843 1.01996751363377e-14
5886.3422829843 1.02427984307154e-14
5887.6342389843 1.02435870183893e-14
5888.9261949843 1.00110773214009e-14
5890.2181509843 9.97139552188792e-15
5891.5101069843 1.001268075477e-14
5892.8020629843 1.02452234860433e-14
5894.0940189843 1.03240729360703e-14
5895.3859749843 1.00334118861541e-14
5896.6779309843 1.00462207183825e-14
5897.9698869843 1.01251811297255e-14
5899.2618429843 1.02985848676545e-14
5900.5537989843 1.00673025214067e-14
5901.8457549843 1.02191424945644e-14
5903.1377109843 1.05552460150679e-14
5904.4296669843 1.04124371071938e-14
5905.7216229843 1.02431262324659e-14
5907.0135789843 1.02889981487574e-14
5908.3055349843 1.02418107902989e-14
5909.5974909843 1.02949460141131e-14
5910.8894469843 1.02491198376007e-14
5912.1814029843 1.01306063757527e-14
5913.4733589843 1.00711200989e-14
5914.7653149843 1.00029898508205e-14
5916.0572709843 9.99240109194688e-15
5917.3492269843 1.00275046783799e-14
5918.6411829843 1.02162015961716e-14
5919.9331389843 1.01625369767653e-14
5921.2250949843 9.91389130213178e-15
5922.5170509843 9.98440594795775e-15
5923.8090069843 9.62884777472176e-15
5925.1009629843 9.75138887823399e-15
5926.3929189843 9.70632164324237e-15
5927.6848749843 9.41127296265939e-15
5928.9768309843 9.51499468814952e-15
5930.2687869843 9.68083611592539e-15
5931.5607429843 9.7351419392727e-15
5932.8526989843 9.80191524057065e-15
5934.1446549843 9.64408250931107e-15
5935.4366109843 9.55903531920906e-15
5936.7285669843 9.64323462933087e-15
5938.0205229843 9.53780867355087e-15
5939.3124789843 9.5077059696384e-15
5940.6044349843 9.25242887406079e-15
5941.8963909843 9.42284173865299e-15
5943.1883469843 9.31700836002535e-15
5944.4803029843 9.24923047765196e-15
5945.7722589843 9.20824001223548e-15
5947.0642149843 9.2885353475034e-15
5948.3561709843 9.0799314613854e-15
5949.6481269843 9.09327561843644e-15
5950.9400829843 9.17451793653939e-15
5952.2320389843 9.11218732304979e-15
5953.5239949843 9.21208723588191e-15
5954.8159509843 9.05937312472259e-15
5956.1079069843 9.08791220581443e-15
5957.3998629843 9.00058819115019e-15
5958.6918189843 9.02089834715946e-15
5959.9837749843 8.94098248265191e-15
5961.2757309843 8.90762378409019e-15
5962.5676869843 8.79727826095253e-15
5963.8596429843 8.87316733082883e-15
5965.1515989843 8.92464406413232e-15
5966.4435549843 8.7940171841056e-15
5967.7355109843 8.7284026238795e-15
5969.0274669843 8.79293637006491e-15
5970.3194229843 8.78968206948156e-15
5971.6113789843 8.83078180214823e-15
5972.9033349843 8.91654727618952e-15
5974.1952909843 8.85410316028498e-15
5975.4872469843 8.58106039567166e-15
5976.7792029843 8.74466904459857e-15
5978.0711589843 8.5661636272283e-15
5979.3631149843 8.80316005773827e-15
5980.6550709843 8.66209857883432e-15
5981.9470269843 8.63232960590307e-15
5983.2389829843 8.60079202817795e-15
5984.5309389843 8.66191646675066e-15
5985.8228949843 8.72466551451621e-15
5987.1148509843 8.66117700698771e-15
5988.4068069843 8.80875640442078e-15
5989.6987629843 8.61610468979842e-15
5990.9907189843 8.64192733622841e-15
5992.2826749843 8.58615783994824e-15
5993.5746309843 8.50471053987206e-15
5994.8665869843 8.47641540426903e-15
5996.1585429843 8.43519878105563e-15
5997.4504989843 8.5375982881151e-15
5998.7424549843 8.66063575293442e-15
6000.0344109843 8.64187227908684e-15
6001.3263669843 8.50260905112992e-15
6002.6183229843 8.26270983870971e-15
6003.9102789843 8.32973809692479e-15
6005.2022349843 8.37974353399889e-15
6006.4941909843 8.21822112722108e-15
6007.7861469843 8.17047557405024e-15
6009.0781029843 8.22926474278738e-15
6010.3700589843 8.09926466714163e-15
6011.6620149843 7.92338674597375e-15
6012.9539709843 7.93287690311478e-15
6014.2459269843 8.00497041835444e-15
6015.5378829843 7.89524407630122e-15
6016.8298389843 7.90359243302936e-15
6018.1217949843 7.86021756986636e-15
6019.4137509843 7.99161101471034e-15
6020.7057069843 8.07896467552773e-15
6021.9976629843 7.80726361110286e-15
6023.2896189843 7.05089707052266e-15
6024.5815749843 6.77651302923737e-15
6025.8735309843 7.26916983773357e-15
6027.1654869843 7.77135788446875e-15
6028.4574429843 7.5832233965541e-15
6029.7493989843 7.44036451373609e-15
6031.0413549843 7.3837039387954e-15
6032.3333109843 7.30811302451654e-15
6033.6252669843 7.27375398004411e-15
6034.9172229843 7.32427610721604e-15
6036.2091789843 7.35556381022172e-15
6037.5011349843 7.30728462629412e-15
6038.7930909843 7.34946517300149e-15
6040.0850469843 7.17561589574228e-15
6041.3770029843 7.23237726760369e-15
6042.6689589843 7.15072837368606e-15
6043.9609149843 7.31365770218926e-15
6045.2528709843 7.19328246192317e-15
6046.5448269843 6.98770714210807e-15
6047.8367829843 6.94224222514772e-15
6049.1287389843 7.04866640925607e-15
6050.4206949843 7.06932300174076e-15
6051.7126509843 7.09174269330516e-15
6053.0046069843 7.11540709978555e-15
6054.2965629843 7.21723570663857e-15
6055.5885189843 7.1458858863266e-15
6056.8804749843 7.05510301262226e-15
6058.1724309843 7.09876925511911e-15
6059.4643869843 7.04343598080678e-15
6060.7563429843 7.12209442490412e-15
6062.0482989843 7.03149662789875e-15
6063.3402549843 7.09952142037627e-15
6064.6322109843 6.90963696239259e-15
6065.9241669843 6.98420254328881e-15
6067.2161229843 7.1355359907441e-15
6068.5080789843 7.03412412410113e-15
6069.8000349843 7.0465221453501e-15
6071.0919909843 7.18239046525442e-15
6072.3839469843 6.95159389240189e-15
6073.6759029843 7.09985769245633e-15
6074.9678589843 7.06354539000754e-15
6076.2598149843 6.89814823101251e-15
6077.5517709843 7.13530729184834e-15
6078.8437269843 7.17592167463624e-15
6080.1356829843 6.92120658541914e-15
6081.4276389843 7.05243570587135e-15
6082.7195949843 7.16409794172552e-15
6084.0115509843 7.11401373058732e-15
6085.3035069843 7.28036591923038e-15
6086.5954629843 7.21117687996686e-15
6087.8874189843 7.04838477080111e-15
6089.1793749843 7.14870057681033e-15
6090.4713309843 7.18932088882886e-15
6091.7632869843 7.07300251286363e-15
6093.0552429843 7.02815042424062e-15
6094.3471989843 6.94745274832276e-15
6095.6391549843 7.03573009856913e-15
6096.9311109843 6.83980968380331e-15
6098.2230669843 6.85219542307454e-15
6099.5150229843 6.8228550488146e-15
6100.8069789843 6.8229562692518e-15
6102.0989349843 6.54842315016778e-15
6103.3908909843 6.27756403649249e-15
6104.6828469843 6.39909378266569e-15
6105.9748029843 6.19214203431131e-15
6107.2667589843 5.87066380819162e-15
6108.5587149843 5.69064093129635e-15
6109.8506709843 5.64298346955204e-15
6111.1426269843 5.35900805068851e-15
6112.4345829843 5.19304761478355e-15
6113.7265389843 5.07693464430804e-15
6115.0184949843 4.86450598091671e-15
6116.3104509843 4.91209059782756e-15
6117.6024069843 4.75440652085023e-15
6118.8943629843 4.68864415337483e-15
6120.1863189843 4.66273299200184e-15
6121.4782749843 4.48163353623061e-15
6122.7702309843 4.47783247587981e-15
6124.0621869843 4.34493512403798e-15
6125.3541429843 4.29391621204248e-15
6126.6460989843 4.1984623751505e-15
6127.9380549843 4.18301249419258e-15
6129.2300109843 4.21617383407759e-15
6130.5219669843 4.04880647644724e-15
6131.8139229843 3.95915989744164e-15
6133.1058789843 3.83477819133502e-15
6134.3978349843 3.8056254348729e-15
6135.6897909843 3.71712150331314e-15
6136.9817469843 3.68671556160555e-15
6138.2737029843 3.44710095225562e-15
6139.5656589843 3.45676030422788e-15
6140.8576149843 3.6742370722266e-15
6142.1495709843 3.50273958194544e-15
6143.4415269843 3.525606506906e-15
6144.7334829843 3.45809925155925e-15
6146.0254389843 3.41175299681728e-15
6147.3173949843 3.36288787784842e-15
6148.6093509843 3.42918535838825e-15
6149.9013069843 3.40108927552782e-15
6151.1932629843 3.33557466518949e-15
6152.4852189843 3.34185880262517e-15
6153.7771749843 3.16879705424867e-15
6155.0691309843 3.25999264475657e-15
6156.3610869843 3.22173131949615e-15
6157.6530429843 3.08575733223165e-15
6158.9449989843 3.24102524772694e-15
6160.2369549843 3.08963695488831e-15
6161.5289109843 2.95501419693292e-15
6162.8208669843 3.10595229176009e-15
6164.1128229843 3.06892276416321e-15
6165.4047789843 3.03284508984081e-15
6166.6967349843 3.08221461692976e-15
6167.9886909843 3.08772054284515e-15
6169.2806469843 2.99373355525958e-15
6170.5726029843 3.15468082666621e-15
6171.8645589843 3.02885408235158e-15
6173.1565149843 2.83328984494009e-15
6174.4484709843 3.05105862754738e-15
6175.7404269843 3.04071339064609e-15
6177.0323829843 3.1770067093317e-15
6178.3243389843 3.03816403323309e-15
6179.6162949843 3.01529033200896e-15
6180.9082509843 3.1198277502273e-15
6182.2002069843 3.05744207959612e-15
6183.4921629843 3.1913319422939e-15
6184.7841189843 3.23058027269611e-15
6186.0760749843 3.29555024084936e-15
6187.3680309843 3.1203753570277e-15
6188.6599869843 3.26568407088741e-15
6189.9519429843 3.30048187842651e-15
6191.2438989843 3.27266573995515e-15
6192.5358549843 3.18378403170092e-15
6193.8278109843 3.22520246051399e-15
6195.1197669843 3.19410428113026e-15
6196.4117229843 3.19262070292315e-15
6197.7036789843 3.4862133338698e-15
6198.9956349843 3.40376886425646e-15
6200.2875909843 3.44595851656802e-15
6201.5795469843 3.36459126110535e-15
6202.8715029843 3.51180283448107e-15
6204.1634589843 3.64023886378971e-15
6205.4554149843 3.47719942100336e-15
6206.7473709843 3.43658165008367e-15
6208.0393269843 3.67898850354422e-15
6209.3312829843 3.65524574651621e-15
6210.6232389843 3.66671965481972e-15
6211.9151949843 3.84974907516127e-15
6213.2071509843 3.82685716272878e-15
6214.4991069843 3.84076798482153e-15
6215.7910629843 3.78232948772456e-15
6217.0830189843 3.8032808476749e-15
6218.3749749843 3.84294147136419e-15
6219.6669309843 3.96547368103047e-15
6220.9588869843 3.95670816057581e-15
6222.2508429843 3.9684166970057e-15
6223.5427989843 3.98851467126168e-15
6224.8347549843 3.99720438226756e-15
6226.1267109843 4.08384272376099e-15
6227.4186669843 4.08536314790132e-15
6228.7106229843 4.23706547820514e-15
6230.0025789843 4.24814763377054e-15
6231.2945349843 4.2845230401739e-15
6232.5864909843 4.32174802062336e-15
6233.8784469843 4.44197714770606e-15
6235.1704029843 4.49900491142938e-15
6236.4623589843 4.55893842167825e-15
6237.7543149843 4.52933843181997e-15
6239.0462709843 4.5240080534829e-15
6240.3382269843 4.58952562843655e-15
6241.6301829843 4.76735553703138e-15
6242.9221389843 4.80646940095321e-15
6244.2140949843 4.83192612914999e-15
6245.5060509843 4.91325865626183e-15
6246.7980069843 4.82305896474166e-15
6248.0899629843 5.06416011691402e-15
6249.3819189843 5.098719061162e-15
6250.6738749843 4.94217551404814e-15
6251.9658309843 5.14572176643809e-15
6253.2577869843 5.35519724945881e-15
6254.5497429843 5.38404888570819e-15
6255.8416989843 5.33435981543988e-15
6257.1336549843 5.25752757437681e-15
6258.4256109843 5.34033139771802e-15
6259.7175669843 5.42072625935724e-15
6261.0095229843 5.3902152855642e-15
6262.3014789843 5.42757325018637e-15
6263.5934349843 5.64132582607426e-15
6264.8853909843 5.63021698897102e-15
6266.1773469843 5.66779772325833e-15
6267.4693029843 5.76727581368271e-15
6268.7612589843 5.73969091520595e-15
6270.0532149843 5.8115565785828e-15
6271.3451709843 5.72698160934888e-15
6272.6371269843 5.7665228013926e-15
6273.9290829843 5.90220646811443e-15
6275.2210389843 5.86394556637048e-15
6276.5129949843 5.81365129106136e-15
6277.8049509843 5.5897957296951e-15
6279.0969069843 5.56179409100829e-15
6280.3888629843 5.79402045547579e-15
6281.6808189843 6.00086208954703e-15
6282.9727749843 5.974935681581e-15
6284.2647309843 5.98615336241796e-15
6285.5566869843 6.08538538977117e-15
6286.8486429843 6.08183674523865e-15
6288.1405989843 6.29840189402789e-15
6289.4325549843 6.28224558759196e-15
6290.7245109843 6.34456730723562e-15
6292.0164669843 6.30112891660158e-15
6293.3084229843 6.35151340091958e-15
6294.6003789843 6.37755246426759e-15
6295.8923349843 6.52597931816439e-15
6297.1842909843 6.48300848971723e-15
6298.4762469843 6.5090242596592e-15
6299.7682029843 6.51970238050876e-15
6301.0601589843 6.51762587923856e-15
6302.3521149843 6.60416215326185e-15
6303.6440709843 6.53430819313474e-15
6304.9360269843 6.53047198091662e-15
6306.2279829843 6.5053595716129e-15
6307.5199389843 6.6298602858486e-15
6308.8118949843 6.76267886362634e-15
6310.1038509843 6.75454988843154e-15
6311.3958069843 6.84279378087649e-15
6312.6877629843 6.80046839153514e-15
6313.9797189843 6.86159325362433e-15
6315.2716749843 7.07737997913504e-15
6316.5636309843 6.84299410416852e-15
6317.8555869843 7.0021740413307e-15
6319.1475429843 6.9573427050149e-15
6320.4394989843 7.06865808087717e-15
6321.7314549843 6.84737114692345e-15
6323.0234109843 6.91188541135108e-15
6324.3153669843 7.13663628654259e-15
6325.6073229843 7.17976974531562e-15
6326.8992789843 7.22744668881772e-15
6328.1912349843 7.1559757427943e-15
6329.4831909843 7.07488419655596e-15
6330.7751469843 7.11237048666965e-15
6332.0671029843 7.16203033430127e-15
6333.3590589843 7.19382964520709e-15
6334.6510149843 7.24413662601042e-15
6335.9429709843 7.17426487819141e-15
6337.2349269843 7.26996604870399e-15
6338.5268829843 7.33180877121598e-15
6339.8188389843 7.26961368299793e-15
6341.1107949843 7.50761554161629e-15
6342.4027509843 7.49049107652165e-15
6343.6947069843 7.37486769108965e-15
6344.9866629843 7.60835740519798e-15
6346.2786189843 7.50875734202919e-15
6347.5705749843 7.33919743961487e-15
6348.8625309843 7.5496588689862e-15
6350.1544869843 7.58535453144939e-15
6351.4464429843 7.38463652207033e-15
6352.7383989843 7.46878162208352e-15
6354.0303549843 7.65800200623655e-15
6355.3223109843 7.55229568255101e-15
6356.6142669843 7.46050102799116e-15
6357.9062229843 7.38197260345122e-15
6359.1981789843 7.36913412506968e-15
6360.4901349843 7.46711212014448e-15
6361.7820909843 7.41031093773456e-15
6363.0740469843 7.49554532211791e-15
6364.3660029843 7.62915545218486e-15
6365.6579589843 7.46353171187644e-15
6366.9499149843 7.41386847611302e-15
6368.2418709843 7.62035732096173e-15
6369.5338269843 7.56411009809931e-15
6370.8257829843 7.65734470866948e-15
6372.1177389843 7.48060789609309e-15
6373.4096949843 7.40638324595814e-15
6374.7016509843 7.60476090330394e-15
6375.9936069843 7.42075315990831e-15
6377.2855629843 7.307816562985e-15
6378.5775189843 7.35615249812006e-15
6379.8694749843 7.41256658647309e-15
6381.1614309843 7.63683804101646e-15
6382.4533869843 7.65270720328327e-15
6383.7453429843 7.48480240324789e-15
6385.0372989843 7.56133183003231e-15
6386.3292549843 7.51471537178017e-15
6387.6212109843 7.40242675506151e-15
6388.9131669843 7.45993436294945e-15
6390.2051229843 7.65202957692546e-15
6391.4970789843 7.59997262605311e-15
6392.7890349843 7.42672897735119e-15
6394.0809909843 7.57147250847684e-15
6395.3729469843 7.51523460297684e-15
6396.6649029843 7.42488159849322e-15
6397.9568589843 7.47182924662774e-15
6399.2488149843 7.38182776081724e-15
6400.5407709843 7.424628335642e-15
6401.8327269843 7.47759330583381e-15
6403.1246829843 7.45305814948364e-15
6404.4166389843 7.50310255007332e-15
6405.7085949843 7.63573181598734e-15
6407.0005509843 7.67928963826695e-15
6408.2925069843 7.59075351945519e-15
6409.5844629843 7.55499178842212e-15
6410.8764189843 7.36694369786808e-15
6412.1683749843 7.40395649656425e-15
6413.4603309843 7.41286474207053e-15
6414.7522869843 7.38581813303175e-15
6416.0442429843 7.39466030996814e-15
6417.3361989843 7.35106013604117e-15
6418.6281549843 7.51499235155393e-15
6419.9201109843 7.546851801799e-15
6421.2120669843 7.52933431341684e-15
6422.5040229843 7.51818735983097e-15
6423.7959789843 7.55466568073742e-15
6425.0879349843 7.66335779556204e-15
6426.3798909843 7.4700055846923e-15
6427.6718469843 7.44856802783024e-15
6428.9638029843 7.61339809826709e-15
6430.2557589843 7.4562929683092e-15
6431.5477149843 7.41199907439843e-15
6432.8396709843 7.37410536143712e-15
6434.1316269843 7.61657362478635e-15
6435.4235829843 7.54845354110226e-15
6436.7155389843 7.55091586587993e-15
6438.0074949843 7.4832879083382e-15
6439.2994509843 7.43887542981481e-15
6440.5914069843 7.55873736811487e-15
6441.8833629843 7.50489487178971e-15
6443.1753189843 7.59580098878788e-15
6444.4672749843 7.55182981443002e-15
6445.7592309843 7.57659790484068e-15
6447.0511869843 7.65358388238368e-15
6448.3431429843 7.51397506498427e-15
6449.6350989843 7.47537492654495e-15
6450.9270549843 7.33645644099756e-15
6452.2190109843 7.31436328063433e-15
6453.5109669843 7.14040643019082e-15
6454.8029229843 7.28068270955265e-15
6456.0948789843 7.46948550646269e-15
6457.3868349843 7.44789378960423e-15
6458.6787909843 7.58025369904103e-15
6459.9707469843 7.35008520111888e-15
6461.2627029843 7.42263018491942e-15
6462.5546589843 7.48867673194863e-15
6463.8466149843 7.39716837452496e-15
6465.1385709843 7.44372723453669e-15
6466.4305269843 7.4405152856007e-15
6467.7224829843 7.29414206308452e-15
6469.0144389843 7.46794136539984e-15
6470.3063949843 7.4630040103503e-15
6471.5983509843 7.36709955193038e-15
6472.8903069843 7.52656282161342e-15
6474.1822629843 7.50525570782524e-15
6475.4742189843 7.44200691062081e-15
6476.7661749843 7.43570413846029e-15
6478.0581309843 7.38476442404537e-15
6479.3500869843 7.44021882406916e-15
6480.6420429843 7.39632472970949e-15
6481.9339989843 7.33357144677921e-15
6483.2259549843 7.37921297010906e-15
6484.5179109843 7.27785023137703e-15
6485.8098669843 7.32830036074845e-15
6487.1018229843 7.35693092139859e-15
6488.3937789843 7.31889236580329e-15
6489.6857349843 7.32345194415836e-15
6490.9776909843 7.3401605160759e-15
6492.2696469843 7.3946560748034e-15
6493.5616029843 7.21863415803449e-15
6494.8535589843 7.13676588258352e-15
6496.1455149843 7.21412201352446e-15
6497.4374709843 7.46689951487472e-15
6498.7294269843 7.37646434819522e-15
6500.0213829843 7.39072753599404e-15
6501.3133389843 7.32823175107972e-15
6502.6052949843 7.3329742885514e-15
6503.8972509843 7.13183784489639e-15
6505.1892069843 7.34799811193685e-15
6506.4811629843 7.37037756943625e-15
6507.7731189843 7.17826964996603e-15
6509.0650749843 7.26280099700317e-15
6510.3570309843 7.18903628575858e-15
6511.6489869843 7.20987922549167e-15
6512.9409429843 7.33263971053723e-15
6514.2328989843 7.14032087986314e-15
6515.5248549843 7.32125897585792e-15
6516.8168109843 7.39068772544552e-15
6518.1087669843 7.18482060278009e-15
6519.4007229843 7.24956187203758e-15
6520.6926789843 7.16268678483539e-15
6521.9846349843 7.21602783765578e-15
6523.2765909843 7.32293355999464e-15
6524.5685469843 7.27341347279932e-15
6525.8605029843 7.18228628020191e-15
6527.1524589843 7.09157921594634e-15
6528.4444149843 7.28081061152769e-15
6529.7363709843 7.30781825705089e-15
6531.0283269843 7.19879071717916e-15
6532.3202829843 7.26233851701397e-15
6533.6122389843 7.42889060543258e-15
6534.9041949843 7.20934051253721e-15
6536.1961509843 7.12256198709101e-15
6537.4881069843 7.3172093113371e-15
6538.7800629843 7.28472475077695e-15
6540.0720189843 7.1190645880518e-15
6541.3639749843 7.09166053110928e-15
6542.6559309843 7.15038109017768e-15
6543.9478869843 7.06418278230035e-15
6545.2398429843 7.08254137439914e-15
6546.5317989843 7.10770248809733e-15
6547.8237549843 7.03866803234668e-15
6549.1157109843 7.13255612883566e-15
6550.4076669843 7.11328189412089e-15
6551.6996229843 7.01115428463749e-15
6552.9915789843 7.02776883589789e-15
6554.2835349843 7.06205715311921e-15
6555.5754909843 7.030456894956e-15
6556.8674469843 7.03995382836061e-15
6558.1594029843 6.9898954517273e-15
6559.4513589843 6.89482320317806e-15
6560.7433149843 6.92169659397912e-15
6562.0352709843 6.89667862884902e-15
6563.3272269843 6.94242603129728e-15
6564.6191829843 6.93065820256107e-15
6565.9111389843 6.94045752672786e-15
6567.2030949843 6.84083247608712e-15
6568.4950509843 6.80854061552248e-15
6569.7870069843 6.68610581464513e-15
6571.0789629843 6.61933505444602e-15
6572.3709189843 6.6316572662462e-15
6573.6628749843 6.75503142666205e-15
6574.9548309843 6.66584521006328e-15
6576.2467869843 6.67002828227329e-15
6577.5387429843 6.98100838204471e-15
6578.8306989843 6.74760887694526e-15
6580.1226549843 6.70449447641355e-15
6581.4146109843 6.69768899019883e-15
6582.7065669843 6.61740043119449e-15
6583.9985229843 6.7051809966173e-15
6585.2904789843 6.52881518447179e-15
6586.5824349843 6.48706111885337e-15
6587.8743909843 6.50241147343998e-15
6589.1663469843 6.42879075779643e-15
6590.4583029843 6.47903675222755e-15
6591.7502589843 6.44346772118998e-15
6593.0422149843 6.45592715232761e-15
6594.3341709843 6.42881489823542e-15
6595.6261269843 6.38217175844545e-15
6596.9180829843 6.24230544303008e-15
6598.2100389843 6.30420872839779e-15
6599.5019949843 6.42941290349619e-15
6600.7939509843 6.39154798965508e-15
6602.0859069843 6.3358509146919e-15
6603.3778629843 6.22931068706978e-15
6604.6698189843 6.17010181350728e-15
6605.9617749843 6.21698889878607e-15
6607.2537309843 6.55793744774782e-15
6608.5456869843 6.69964987147172e-15
6609.8376429843 6.35518063006471e-15
6611.1295989843 6.09747974970854e-15
6612.4215549843 5.89428247489286e-15
6613.7135109843 5.95169394454129e-15
6615.0054669843 5.96443289655152e-15
6616.2974229843 5.96406740183478e-15
6617.5893789843 6.01987332053168e-15
6618.8813349843 5.85673816302229e-15
6620.1732909843 5.74326073556216e-15
6621.4652469843 5.83970263638711e-15
6622.7572029843 5.78289594826303e-15
6624.0491589843 5.7062991823593e-15
6625.3411149843 5.83530568835791e-15
6626.6330709843 5.91495092583882e-15
6627.9250269843 5.68901971023531e-15
6629.2169829843 5.68125792382314e-15
6630.5089389843 5.6449159752212e-15
6631.8008949843 5.61813364046196e-15
6633.0928509843 5.80528048796012e-15
6634.3848069843 5.70799367177028e-15
6635.6767629843 5.54495338195098e-15
6636.9687189843 5.54171051631242e-15
6638.2606749843 5.63095009598687e-15
6639.5526309843 5.46059906479982e-15
6640.8445869843 5.46921211932398e-15
6642.1365429843 5.35742325204419e-15
6643.4284989843 5.31032525556154e-15
6644.7204549843 5.47882848437415e-15
6646.0124109843 5.34353106467628e-15
6647.3043669843 5.44851444574134e-15
6648.5963229843 5.41320587733505e-15
6649.8882789843 5.20610166305016e-15
6651.1802349843 5.24155803870575e-15
6652.4721909843 5.29879629011646e-15
6653.7641469843 5.35876198761733e-15
6655.0561029843 5.34398888598427e-15
6656.3480589843 5.42535910606225e-15
6657.6400149843 5.3504102427574e-15
6658.9319709843 5.2365389449768e-15
6660.2239269843 5.27842048905379e-15
6661.5158829843 5.16878266194356e-15
6662.8078389843 5.18552596221193e-15
6664.0997949843 5.08277070131462e-15
6665.3917509843 5.08796174273187e-15
6666.6837069843 5.26645953680561e-15
6667.9756629843 5.04613737337882e-15
6669.2676189843 5.01904671862678e-15
6670.5595749843 4.99997196017109e-15
6671.8515309843 5.07564291906347e-15
6673.1434869843 5.05516293294829e-15
6674.4354429843 4.86778357490611e-15
6675.7273989843 4.92636691463706e-15
6677.0193549843 5.00831608173449e-15
6678.3113109843 4.89868884253611e-15
6679.6032669843 5.11840580092208e-15
6680.8952229843 5.0054141468572e-15
6682.1871789843 4.96532746559544e-15
6683.4791349843 4.85904727708813e-15
6684.7710909843 4.91153960289537e-15
6686.0630469843 4.78044558419825e-15
6687.3550029843 4.85992565025443e-15
6688.6469589843 4.69719664504325e-15
6689.9389149843 4.71091900230525e-15
6691.2308709843 4.69742449690606e-15
6692.5228269843 4.79357374784774e-15
6693.8147829843 4.80694458643662e-15
6695.1067389843 4.66769025232565e-15
6696.3986949843 4.6394772789185e-15
6697.6906509843 4.75910670667454e-15
6698.9826069843 4.88732547203222e-15
6700.2745629843 4.76435153468394e-15
6701.5665189843 4.63578929746616e-15
6702.8584749843 4.65823270595308e-15
6704.1504309843 4.5020732882808e-15
6705.4423869843 4.57644574566505e-15
6706.7343429843 4.79180726063624e-15
6708.0262989843 4.82229112937498e-15
6709.3182549843 4.78740734799173e-15
6710.6102109843 4.58127086884908e-15
6711.9021669843 4.48121806656998e-15
6713.1941229843 4.55107117966415e-15
6714.4860789843 4.56260480379044e-15
6715.7780349843 4.42562475314284e-15
6717.0699909843 4.48458036385411e-15
6718.3619469843 4.39804239576493e-15
6719.6539029843 4.48569082404796e-15
6720.9458589843 4.62250824436968e-15
6722.2378149843 4.43358643933056e-15
6723.5297709843 4.37382911193471e-15
6724.8217269843 4.3886788700495e-15
6726.1136829843 4.27982412489901e-15
6727.4056389843 4.39598537625252e-15
6728.6975949843 4.44862974447379e-15
6729.9895509843 4.34024891425729e-15
6731.2815069843 4.31828365586909e-15
6732.5734629843 4.31047824726014e-15
6733.8654189843 4.55822183180487e-15
6735.1573749843 4.7830125175449e-15
6736.4493309843 6.51077634731059e-15
6737.7412869843 5.25602366737896e-15
6739.0332429843 4.30520165551522e-15
6740.3251989843 4.2519381062095e-15
6741.6171549843 4.32958688703373e-15
6742.9091109843 4.29633364407394e-15
6744.2010669843 4.3043990917977e-15
6745.4930229843 4.46177146065044e-15
6746.7849789843 4.30498439156425e-15
6748.0769349843 4.0954081116228e-15
6749.3688909843 4.22149150692045e-15
6750.6608469843 4.30758647677822e-15
6751.9528029843 4.25516572525502e-15
6753.2447589843 4.14419128015402e-15
6754.5367149843 3.96966014137227e-15
6755.8286709843 4.13031899806036e-15
6757.1206269843 4.32151000436518e-15
6758.4125829843 4.15370091905285e-15
6759.7045389843 4.16117090261468e-15
6760.9964949843 4.41298998618512e-15
6762.2884509843 4.39946498759984e-15
6763.5804069843 4.33385974473615e-15
6764.8723629843 4.41336649233018e-15
6766.1643189843 4.40244315544239e-15
6767.4562749843 4.15897835783071e-15
6768.7482309843 3.85823126309508e-15
6770.0401869843 4.04235886165274e-15
