4230.4457660506 2.20435987714242e-14
4238.0933560506 2.25113896572043e-14
4245.7409460506 1.99743294685339e-14
4253.3885360506 2.04079815384079e-14
4261.0361260506 2.0620004049501e-14
4268.6837160506 2.05999717202985e-14
4276.3313060506 2.0267706106079e-14
4283.9788960506 1.97551834103544e-14
4291.6264860506 1.93525276641522e-14
4299.2740760506 1.86818317299232e-14
4306.9216660506 1.88025762765543e-14
4314.5692560506 1.88872338315006e-14
4322.2168460506 1.83256882569207e-14
4329.8644360506 1.71177430411708e-14
4337.5120260506 1.63076932464595e-14
4345.1596160506 1.72814541810843e-14
4352.8072060506 1.79930194550183e-14
4360.4547960506 1.74792329861364e-14
4368.1023860506 1.67687214211888e-14
4375.7499760506 1.62326766205189e-14
4383.3975660506 1.69247618307319e-14
4391.0451560506 1.6400199408695e-14
4398.6927460506 1.61228943742911e-14
4406.3403360506 1.49390641865496e-14
4413.9879260506 1.48944865366015e-14
4421.6355160506 1.55504779788661e-14
4429.2831060506 1.61206632895081e-14
4436.9306960506 1.66022337072741e-14
4444.5782860506 1.70121281970435e-14
4452.2258760506 1.686759218899e-14
4459.8734660506 1.83319393600714e-14
4467.5210560506 1.8067682021187e-14
4475.1686460506 1.75830893898651e-14
4482.8162360506 1.81340656873292e-14
4490.4638260506 1.81359359360768e-14
4498.1114160506 1.87049540353174e-14
4505.7590060506 1.92609600144222e-14
4513.4065960506 2.04610667872782e-14
4521.0541860506 2.16187236569496e-14
4528.7017760506 2.26973574348399e-14
4536.3493660506 2.2654189247716e-14
4543.9969560506 2.23090419564347e-14
4551.6445460506 2.25579866336987e-14
4559.2921360506 2.29022801157691e-14
4566.9397260506 2.27843917642362e-14
4574.5873160506 2.23660049221376e-14
4582.2349060506 2.22585299936582e-14
4589.8824960506 2.22955741325734e-14
4597.5300860506 2.3094248274803e-14
4605.1776760506 2.33147749966866e-14
4612.8252660506 2.32172882807212e-14
4620.4728560506 2.28502011420401e-14
4628.1204460506 2.34713371785253e-14
4635.7680360506 2.41862431504033e-14
4643.4156260506 2.34068627246462e-14
4651.0632160506 2.25392909224869e-14
4658.7108060506 2.23924086331694e-14
4666.3583960506 2.08852507228678e-14
4674.0059860506 2.053706088924e-14
4681.6535760506 1.98331460168856e-14
4689.3011660506 1.93114567306057e-14
4696.9487560506 1.8901904442147e-14
4704.5963460506 1.83960953295623e-14
4712.2439360506 1.84898872878118e-14
4719.8915260506 1.84565667057327e-14
4727.5391160506 1.80615190094628e-14
4735.1867060506 1.76528442471374e-14
4742.8342960506 1.71134875476438e-14
4750.4818860506 1.6560707070002e-14
4758.1294760506 1.61583003514864e-14
4765.7770660506 1.50269980649358e-14
4773.4246560506 1.50749401297504e-14
4781.0722460506 1.48305711244676e-14
4788.7198360506 1.45254054823626e-14
4796.3674260506 1.4768336225701e-14
4804.0150160506 1.47508195843518e-14
4811.6626060506 1.56408987459855e-14
4819.3101960506 1.54697794559153e-14
4826.9577860506 1.51441562740683e-14
4834.6053760506 1.47719157869361e-14
4842.2529660506 1.45408756921112e-14
4849.9005560506 1.42991850050076e-14
4857.5481460506 1.34347590832144e-14
4865.1957360506 1.33079108171653e-14
4872.8433260506 1.28174702703756e-14
4880.4909160506 1.27654353423599e-14
4888.1385060506 1.200493612803e-14
4895.7860960506 1.19953943018792e-14
4903.4336860506 1.25893363455928e-14
4911.0812760506 1.2733492882886e-14
4918.7288660506 1.35710466844276e-14
4926.3764560506 1.48034948692756e-14
4934.0240460506 1.50394833305784e-14
4941.6716360506 1.54933676294305e-14
4949.3192260506 1.50130050806472e-14
4956.9668160506 1.56332686731967e-14
4964.6144060506 1.53383724585442e-14
4972.2619960506 1.51374274443353e-14
4979.9095860506 1.45767305967685e-14
4987.5571760506 1.36913829611781e-14
4995.2047660506 1.38913073006856e-14
5002.8523560506 1.37410453499086e-14
5010.4999460506 1.31879768810648e-14
5018.1475360506 1.33549677325501e-14
5025.7951260506 1.32626970454739e-14
5033.4427160506 1.35685115148164e-14
5041.0903060506 1.36730353805076e-14
5048.7378960506 1.38479629307087e-14
5056.3854860506 1.4025006369212e-14
5064.0330760506 1.4450917404981e-14
5071.6806660506 1.49961525131286e-14
5079.3282560506 1.52294440215273e-14
5086.9758460506 1.60254330693142e-14
5094.6234360506 1.65245743385381e-14
5102.2710260506 1.64464507957469e-14
5109.9186160506 1.6915688413801e-14
5117.5662060506 1.73466198138484e-14
5125.2137960506 1.80353033397453e-14
5132.8613860506 1.80456676348879e-14
5140.5089760506 1.80408937571971e-14
5148.1565660506 1.90693069516447e-14
5155.8041560506 1.93911337318222e-14
5163.4517460506 1.93944320781188e-14
5171.0993360506 1.93801799017483e-14
5178.7469260506 1.92610176126626e-14
5186.3945160506 1.93637423803739e-14
5194.0421060506 1.91047552804873e-14
5201.6896960506 1.9134003328156e-14
5209.3372860506 1.89872057421332e-14
5216.9848760506 1.90501894180252e-14
5224.6324660506 1.9561536432019e-14
5232.2800560506 1.9144521783295e-14
5239.9276460506 1.92265620064342e-14
5247.5752360506 1.91683860895509e-14
5255.2228260506 1.86433391646682e-14
5262.8704160506 1.7664380835879e-14
5270.5180060506 1.66115832569459e-14
5278.1655960506 1.60599411915853e-14
5285.8131860506 1.52303655933739e-14
5293.4607760506 1.42560066534883e-14
5301.1083660506 1.356851829108e-14
5308.7559560506 1.33199962832568e-14
5316.4035460506 1.27600372013871e-14
5324.0511360506 1.23677457503275e-14
5331.6987260506 1.25095771821805e-14
5339.3463160506 1.27523224253035e-14
5346.9939060506 1.29416605470362e-14
5354.6414960506 1.28777383586387e-14
5362.2890860506 1.29923156583808e-14
5369.9366760506 1.32588853972112e-14
5377.5842660506 1.33085477859417e-14
5385.2318560506 1.37402093283896e-14
5392.8794460506 1.39252038651688e-14
5400.5270360506 1.37714224924959e-14
5408.1746260506 1.37855594723856e-14
5415.8222160506 1.37591015512452e-14
5423.4698060506 1.36485645986614e-14
5431.1173960506 1.33008626560112e-14
5438.7649860506 1.29619842555726e-14
5446.4125760506 1.26791726599786e-14
5454.0601660506 1.25346493574192e-14
5461.7077560506 1.17825112053117e-14
5469.3553460506 1.10722910196979e-14
5477.0029360506 1.08186131223247e-14
5484.6505260506 1.04802209187978e-14
5492.2981160506 1.04033374322414e-14
5499.9457060506 1.04224668243222e-14
5507.5932960506 1.04518139748457e-14
5515.2408860506 1.0861260384186e-14
5522.8884760506 1.16026420648964e-14
5530.5360660506 1.20408731948832e-14
5538.1836560506 1.21961377222467e-14
5545.8312460506 1.29282020405372e-14
5553.4788360506 1.35512286545607e-14
5561.1264260506 1.42234992230386e-14
5568.7740160506 1.46725266349712e-14
5576.4216060506 1.51378645133361e-14
5584.0691960506 1.58344745735534e-14
5591.7167860506 1.57900968233808e-14
5599.3643760506 1.57975761243051e-14
5607.0119660506 1.60796753651904e-14
5614.6595560506 1.64125152677481e-14
5622.3071460506 1.66292117066442e-14
5629.9547360506 1.66641518157184e-14
5637.6023260506 1.64914417977733e-14
5645.2499160506 1.63541665561436e-14
5652.8975060506 1.62948115693977e-14
5660.5450960506 1.63144695100375e-14
5668.1926860506 1.61807467245886e-14
5675.8402760506 1.57944895362453e-14
5683.4878660506 1.54751428685374e-14
5691.1354560506 1.52945740789076e-14
5698.7830460506 1.49990188726221e-14
5706.4306360506 1.49012661883113e-14
5714.0782260506 1.4820527007779e-14
5721.7258160506 1.44775345683155e-14
5729.3734060506 1.42600402243832e-14
5737.0209960506 1.39857675679304e-14
5744.6685860506 1.37455109076065e-14
5752.3161760506 1.35446954894385e-14
5759.9637660506 1.31780013740449e-14
5767.6113560506 1.31737585860122e-14
5775.2589460506 1.25546079947554e-14
5782.9065360506 1.19550111590859e-14
5790.5541260506 1.22944104847872e-14
5798.2017160506 1.25166177200381e-14
5805.8493060506 1.23787393909499e-14
5813.4968960506 1.25419533225234e-14
5821.1444860506 1.25047440121834e-14
5828.7920760506 1.25410037985895e-14
5836.4396660506 1.25931894984698e-14
5844.0872560506 1.27813180571539e-14
5851.7348460506 1.30691271471367e-14
5859.3824360506 1.31432764113393e-14
5867.0300260506 1.32100734295598e-14
5874.6776160506 1.32110957983271e-14
5882.3252060506 1.31018370184608e-14
5889.9727960506 1.29383105317298e-14
5897.6203860506 1.29007480086508e-14
5905.2679760506 1.27475273717891e-14
5912.9155660506 1.2680305990062e-14
5920.5631560506 1.29103796202941e-14
5928.2107460506 1.27175771338071e-14
5935.8583360506 1.2726153342398e-14
5943.5059260506 1.27766187183625e-14
5951.1535160506 1.27378313856418e-14
5958.8011060506 1.2870891791326e-14
5966.4486960506 1.28477212050539e-14
5974.0962860506 1.30695989444883e-14
5981.7438760506 1.33734457562944e-14
5989.3914660506 1.34437672786084e-14
5997.0390560506 1.31649545255584e-14
6004.6866460506 1.29155592267665e-14
6012.3342360506 1.28688834762081e-14
6019.9818260506 1.28964340698505e-14
6027.6294160506 1.28099240538485e-14
6035.2770060506 1.25500560396968e-14
6042.9245960506 1.26779842727536e-14
6050.5721860506 1.26128474391097e-14
6058.2197760506 1.22322348783269e-14
6065.8673660506 1.21044387824099e-14
6073.5149560506 1.21099538139295e-14
6081.1625460506 1.17398986718012e-14
6088.8101360506 1.08982689477175e-14
6096.4577260506 9.80870420964289e-15
6104.1053160506 8.90104826732066e-15
6111.7529060506 7.70871048065688e-15
6119.4004960506 6.77464108642394e-15
6127.0480860506 5.92359828519733e-15
6134.6956760506 5.02008899266838e-15
6142.3432660506 4.67054136522611e-15
6149.9908560506 4.47621294888466e-15
6157.6384460506 4.04596679849157e-15
6165.2860360506 3.82205152130253e-15
6172.9336260506 3.99941640880932e-15
6180.5812160506 4.10048565062512e-15
6188.2288060506 4.24058235900214e-15
6195.8763960506 4.57725254454731e-15
6203.5239860506 4.99628186113638e-15
6211.1715760506 5.31727727847613e-15
6218.8191660506 6.15447871431165e-15
6226.4667560506 6.86903189696711e-15
6234.1143460506 7.2149741286694e-15
6241.7619360506 7.63066401786392e-15
6249.4095260506 8.21398342138596e-15
6257.0571160506 8.72375241299907e-15
6264.7047060506 9.21484856328996e-15
6272.3522960506 9.47892463712364e-15
6279.9998860506 9.94322320606224e-15
6287.6474760506 1.02585761134239e-14
6295.2950660506 1.0618355051836e-14
6302.9426560506 1.10955810376156e-14
6310.5902460506 1.15222112043569e-14
6318.2378360506 1.17751750529555e-14
6325.8854260506 1.20688227410438e-14
6333.5330160506 1.23810577201265e-14
6341.1806060506 1.25125900783739e-14
6348.8281960506 1.25612241691064e-14
6356.4757860506 1.26381110437945e-14
6364.1233760506 1.28231216741997e-14
6371.7709660506 1.28546787336826e-14
6379.4185560506 1.2799752035185e-14
6387.0661460506 1.29289821578817e-14
6394.7137360506 1.31458208983129e-14
6402.3613260506 1.31882792718269e-14
6410.0089160506 1.33097285498701e-14
6417.6565060506 1.32815206586607e-14
6425.3040960506 1.30365316252604e-14
6432.9516860506 1.28463549409099e-14
6440.5992760506 1.27957091469277e-14
6448.2468660506 1.2820643255796e-14
6455.8944560506 1.27571589834323e-14
6463.5420460506 1.24046552110041e-14
6471.1896360506 1.20832375477401e-14
6478.8372260506 1.19235574376226e-14
6486.4848160506 1.18268491449357e-14
6494.1324060506 1.19460055047907e-14
6501.7799960506 1.18360538519735e-14
6509.4275860506 1.16992851360463e-14
6517.0751760506 1.15200648228685e-14
6524.7227660506 1.14128041937248e-14
6532.3703560506 1.14293797814696e-14
6540.0179460506 1.14097370874228e-14
6547.6655360506 1.12623906240502e-14
6555.3131260506 1.11160080841716e-14
6562.9607160506 1.11477277739804e-14
6570.6083060506 1.09488918718101e-14
6578.2558960506 1.07018343839527e-14
6585.9034860506 1.07389691553932e-14
6593.5510760506 1.0624538392351e-14
6601.1986660506 1.04080350769669e-14
6608.8462560506 1.01915004213637e-14
6616.4938460506 1.00962210732589e-14
6624.1414360506 1.01354098995966e-14
6631.7890260506 9.97350378689364e-15
6639.4366160506 9.6914426624909e-15
6647.0842060506 9.75934336464165e-15
6654.7317960506 9.68839927311142e-15
6662.3793860506 9.42936558641274e-15
6670.0269760506 9.18521257453142e-15
6677.6745660506 9.00661398353696e-15
6685.3221560506 8.99480719128518e-15
6692.9697460506 8.96239801665734e-15
6700.6173360506 8.95181095184961e-15
6708.2649260506 8.88799294850463e-15
6715.9125160506 8.77026807433049e-15
6723.5601060506 8.63697388755287e-15
6731.2076960506 8.50522468887104e-15
6738.8552860506 8.43683524870973e-15
6746.5028760506 8.46170328900817e-15
6754.1504660506 8.46534553068136e-15
6761.7980560506 8.28900682359017e-15
6769.4456460506 8.2089435753498e-15
6777.0932360506 8.02909052856045e-15
6784.7408260506 7.91418712113362e-15
6792.3884160506 7.95513947006747e-15
6800.0360060506 7.76875495222184e-15
6807.6835960506 7.73473895609306e-15
6815.3311860506 7.56213651133221e-15
6822.9787760506 7.47498444435626e-15
6830.6263660506 7.48651425683429e-15
6838.2739560506 7.40967989818885e-15
6845.9215460506 7.317596405394e-15
6853.5691360506 7.04100457273168e-15
6861.2167260506 6.70320613930077e-15
6868.8643160506 6.36871028733121e-15
6876.5119060506 5.86621857928443e-15
6884.1594960506 5.55539814522357e-15
6891.8070860506 5.76817451563975e-15
6899.4546760506 6.08599567700967e-15
6907.1022660506 6.06354295116032e-15
6914.7498560506 5.97661026571772e-15
6922.3974460506 6.07377849729494e-15
6930.0450360506 5.9656729527863e-15
6937.6926260506 5.9286059439815e-15
6945.3402160506 5.91338095027108e-15
6952.9878060506 5.88853239173043e-15
6960.6353960506 5.92695804138262e-15
6968.2829860506 5.84581567316745e-15
6975.9305760506 5.89994234904642e-15
6983.5781660506 5.9281210176192e-15
6991.2257560506 5.80263647461526e-15
6998.8733460506 5.67691857403436e-15
7006.5209360506 5.48919150896734e-15
7014.1685260506 5.51340013411634e-15
7021.8161160506 5.56825398778053e-15
7029.4637060506 5.43121506834309e-15
7037.1112960506 5.48918557973671e-15
7044.7588860506 5.26815572028248e-15
7052.4064760506 5.29966873405213e-15
7060.0540660506 5.37730184476683e-15
7067.7016560506 5.22720125376627e-15
7075.3492460506 5.23945443238125e-15
7082.9968360506 5.29607604380635e-15
7090.6444260506 5.28651642996364e-15
7098.2920160506 5.2344014573344e-15
7105.9396060506 5.26367618654093e-15
7113.5871960506 5.12459125901941e-15
7121.2347860506 5.06851047813112e-15
7128.8823760506 5.09980665146627e-15
7136.5299660506 5.0166199692329e-15
7144.1775560506 5.18898566828499e-15
7151.8251460506 5.26512503639721e-15
7159.4727360506 5.0088988404022e-15
7167.1203260506 4.8214445199442e-15
7174.7679160506 4.62933109475982e-15
7182.4155060506 4.40639668172369e-15
7190.0630960506 4.39279333259079e-15
7197.7106860506 4.38202966141356e-15
7205.3582760506 4.55181529810831e-15
7213.0058660506 4.74109455105118e-15
7220.6534560506 4.74117374863175e-15
7228.3010460506 4.64528665438725e-15
7235.9486360506 4.64088420064389e-15
7243.5962260506 4.61306170942543e-15
7251.2438160506 4.62904310355775e-15
7258.8914060506 4.57549325711586e-15
7266.5389960506 4.30433429377724e-15
7274.1865860506 4.51030941314343e-15
7281.8341760506 4.33727413454653e-15
7289.4817660506 4.37968380366614e-15
7297.1293560506 4.35431389634645e-15
7304.7769460506 4.4980714811215e-15
7312.4245360506 4.52512994862154e-15
7320.0721260506 4.52686763671283e-15
7327.7197160506 4.42586700456576e-15
7335.3673060506 4.52338633129962e-15
7343.0148960506 4.4035332868455e-15
7350.6624860506 4.37480489388995e-15
7358.3100760506 4.3167708550253e-15
7365.9576660506 4.17621463127439e-15
7373.6052560506 4.01144046501207e-15
7381.2528460506 4.00582717767061e-15
7388.9004360506 3.98373952302153e-15
7396.5480260506 3.82756316469031e-15
7404.1956160506 3.62522139315136e-15
7411.8432060506 3.55696874881103e-15
7419.4907960506 3.65550875024634e-15
7427.1383860506 3.75417326552488e-15
7434.7859760506 3.68366878409428e-15
7442.4335660506 3.66590862077272e-15
7450.0811560506 3.45472573108857e-15
7457.7287460506 3.32927104599603e-15
7465.3763360506 3.36658517666318e-15
7473.0239260506 3.22485348293973e-15
7480.6715160506 2.97744151179385e-15
7488.3191060506 3.03451692112045e-15
7495.9666960506 2.87682543260483e-15
7503.6142860506 2.65046434778059e-15
7511.2618760506 2.63165195778031e-15
7518.9094660506 2.54987050320643e-15
7526.5570560506 2.62548746374843e-15
7534.2046460506 2.68177936759882e-15
7541.8522360506 2.6986855099513e-15
7549.4998260506 2.8508185565088e-15
7557.1474160506 2.94814243039009e-15
7564.7950060506 2.92644610496264e-15
7572.4425960506 2.88530126779153e-15
7580.0901860506 2.74623688081897e-15
7587.7377760506 2.40868768683279e-15
7595.3853660506 2.10931087964758e-15
7603.0329560506 1.49649027148473e-15
7610.6805460506 1.09293285871021e-15
7618.3281360506 1.00634036287505e-15
7625.9757260506 1.15058181522122e-15
7633.6233160506 1.27536332087893e-15
7641.2709060506 1.52411762748797e-15
7648.9184960506 1.74221061195582e-15
7656.5660860506 2.07471826583995e-15
7664.2136760506 2.45012347982129e-15
7671.8612660506 2.78025202991481e-15
7679.5088560506 2.97978567547538e-15
7687.1564460506 3.25581253716187e-15
7694.8040360506 3.22111107962052e-15
7702.4516260506 3.35393346904652e-15
7710.0992160506 3.34810312951233e-15
7717.7468060506 3.52053256779371e-15
7725.3943960506 3.51755355291821e-15
7733.0419860506 3.59994635352177e-15
7740.6895760506 3.69431514120832e-15
7748.3371660506 3.57085458343185e-15
7755.9847560506 3.57890520807902e-15
7763.6323460506 3.68976530373214e-15
7771.2799360506 3.54985748370236e-15
7778.9275260506 3.68468352956509e-15
7786.5751160506 3.79630468432131e-15
7794.2227060506 3.83514919176592e-15
7801.8702960506 4.03021367973854e-15
7809.5178860506 4.06452444333297e-15
7817.1654760506 4.17021424987604e-15
7824.8130660506 4.26080018842015e-15
7832.4606560506 4.14360513335452e-15
7840.1082460506 4.02867038570864e-15
7847.7558360506 4.05619768594498e-15
7855.4034260506 4.20049948938865e-15
7863.0510160506 4.4080907476182e-15
7870.6986060506 4.42527069337089e-15
7878.3461960506 4.15267346808783e-15
7885.9937860506 4.30026006530094e-15
7893.6413760506 4.48224382346911e-15
7901.2889660506 4.43765855022448e-15
7908.9365560506 4.35588260136476e-15
7916.5841460506 4.26704705640615e-15
7924.2317360506 4.38895754388915e-15
7931.8793260506 4.43517208500782e-15
7939.5269160506 4.43510262830614e-15
7947.1745060506 4.39107851438907e-15
7954.8220960506 4.27772475373924e-15
7962.4696860506 4.14371863576945e-15
7970.1172760506 4.14904604949121e-15
7977.7648660506 4.22391613873196e-15
7985.4124560506 4.1651612748292e-15
7993.0600460506 4.27765106187283e-15
8000.7076360506 4.3107149929689e-15
8008.3552260506 4.13662134670441e-15
8016.0028160506 4.08914769110965e-15
8023.6504060506 4.16703448819205e-15
8031.2979960506 4.25380327275936e-15
8038.9455860506 4.11210694266145e-15
8046.5931760506 4.0608127449581e-15
8054.2407660506 4.0372127129817e-15
8061.8883560506 3.93246946575718e-15
8069.5359460506 3.84203853424241e-15
8077.1835360506 3.97309528348986e-15
8084.8311260506 3.97729063767761e-15
8092.4787160506 3.7679722792686e-15
8100.1263060506 3.74689174679381e-15
8107.7738960506 3.57569834134072e-15
8115.4214860506 3.53896548703362e-15
8123.0690760506 3.57614684528629e-15
8130.7166660506 3.47414057327259e-15
8138.3642560506 3.34195621141411e-15
8146.0118460506 3.08024293598679e-15
8153.6594360506 2.95739711237179e-15
8161.3070260506 2.9633058024536e-15
8168.9546160506 2.80657421402545e-15
8176.6022060506 2.61041959464972e-15
8184.2497960506 2.48778679982095e-15
8191.8973860506 2.35294593088165e-15
8199.5449760506 2.40775891520613e-15
8207.1925660506 2.22030395947341e-15
8214.8401560506 1.96244531923081e-15
8222.4877460506 1.96748241240989e-15
8230.1353360506 1.92889307364065e-15
8237.7829260506 1.85404288967415e-15
8245.4305160506 1.69735778217899e-15
8253.0781060506 1.66788452962544e-15
8260.7256960506 1.7935935363604e-15
8268.3732860506 1.87719018254024e-15
8276.0208760506 1.78648608289999e-15
8283.6684660506 1.92420834616762e-15
8291.3160560506 1.69263366767391e-15
8298.9636460506 1.64895704902345e-15
8306.6112360506 1.87899372744319e-15
8314.2588260506 1.78763804770826e-15
8321.9064160506 1.9695819953279e-15
8329.5540060506 1.97357300281713e-15
8337.2015960506 1.94521857490779e-15
8344.8491860506 1.87043721236826e-15
8352.4967760506 1.81776213920265e-15
8360.1443660506 1.92610421766181e-15
8367.7919560506 1.96308864075425e-15
8375.4395460506 1.96832309261004e-15
8383.0871360506 2.05595606254179e-15
8390.7347260506 2.18663736443537e-15
8398.3823160506 2.21905860928271e-15
8406.0299060506 2.29567062177949e-15
8413.6774960506 2.29527399860194e-15
8421.3250860506 2.62158073603745e-15
8428.9726760506 2.6457107988806e-15
8436.6202660506 2.64836518837905e-15
8444.2678560506 2.66529017721462e-15
8451.9154460506 3.07722305177159e-15
8459.5630360506 3.14582785005974e-15
8467.2106260506 3.19077967681229e-15
8474.8582160506 3.28269355125946e-15
8482.5058060506 3.45522124536272e-15
8490.1533960506 3.78696148739662e-15
8497.8009860506 3.80265954900809e-15
8505.4485760506 3.85946962526396e-15
8513.0961660506 3.93765542497674e-15
8520.7437560506 3.86933671206653e-15
8528.3913460506 4.17744875827854e-15
8536.0389360506 4.17918983450162e-15
8543.6865260506 4.12310651251449e-15
