4654.1502839431 2.26167046516682e-14
4655.1306896431 2.30953782167547e-14
4656.1110953431 2.21826155127934e-14
4657.0915010431 2.22540644359602e-14
4658.0719067431 2.19664679512472e-14
4659.0523124431 2.22945780218274e-14
4660.0327181431 2.16545345158936e-14
4661.0131238431 2.10750403131614e-14
4661.9935295431 2.16975790362072e-14
4662.9739352431 2.27313234560248e-14
4663.9543409431 2.20151520169236e-14
4664.9347466431 2.1658944169417e-14
4665.9151523431 2.15773935313213e-14
4666.8955580431 2.16947787452836e-14
4667.8759637431 2.15009877713472e-14
4668.8563694431 2.17881234701369e-14
4669.8367751431 2.12890160822309e-14
4670.8171808431 2.10669647010423e-14
4671.7975865431 2.14219070813256e-14
4672.7779922431 2.16767437197707e-14
4673.7583979431 2.1054315111008e-14
4674.7388036431 2.13118758074114e-14
4675.7192093431 2.08092430683789e-14
4676.6996150431 2.06222164995593e-14
4677.6800207431 2.08897078102363e-14
4678.6604264431 2.09115663424731e-14
4679.6408321431 2.12896106993599e-14
4680.6212378431 2.0369760023696e-14
4681.6016435431 2.08018518588812e-14
4682.5820492431 2.0890033070888e-14
4683.5624549431 2.01092414882408e-14
4684.5428606431 2.06589269074933e-14
4685.5232663431 2.08117350393097e-14
4686.5036720431 2.09738673098096e-14
4687.4840777431 2.1322946528032e-14
4688.4644834431 2.0890947866471e-14
4689.4448891431 2.11885681390819e-14
4690.4252948431 2.152014935068e-14
4691.4057005431 2.13326315027509e-14
4692.3861062431 2.10251399081728e-14
4693.3665119431 2.03972953707453e-14
4694.3469176431 2.01124483549791e-14
4695.3273233431 2.07614704101538e-14
4696.3077290431 2.11638923752625e-14
4697.2881347431 2.08341526132918e-14
4698.2685404431 1.99916597626347e-14
4699.2489461431 2.07618261639916e-14
4700.2293518431 2.1396238594892e-14
4701.2097575431 2.07147057211358e-14
4702.1901632431 2.09495964277389e-14
4703.1705689431 2.15647659641436e-14
4704.1509746431 2.12269167087359e-14
4705.1313803431 2.06253149460803e-14
4706.1117860431 2.1082257033872e-14
4707.0921917431 2.12072147223828e-14
4708.0725974431 2.01393856967677e-14
4709.0530031431 2.0740541920093e-14
4710.0334088431 2.12854297447322e-14
4711.0138145431 2.14239873942441e-14
4711.9942202431 2.14835710798857e-14
4712.9746259431 2.17482519352438e-14
4713.9550316431 2.14508959369124e-14
4714.9354373431 2.08229328148724e-14
4715.9158430431 2.08930925538935e-14
4716.8962487431 2.14990260430413e-14
4717.8766544431 2.16527235594524e-14
4718.8570601431 2.10467799059092e-14
4719.8374658431 2.11552949908479e-14
4720.8178715431 2.19513365546774e-14
4721.7982772431 2.19289240628931e-14
4722.7786829431 2.17892313892319e-14
4723.7590886431 2.18317778541725e-14
4724.7394943431 2.17410724839828e-14
4725.7199000431 2.10520399805117e-14
4726.7003057431 2.11921341477898e-14
4727.6807114431 2.17306421202703e-14
4728.6611171431 2.17359021948728e-14
4729.6415228431 2.15105897368372e-14
4730.6219285431 2.11887172168806e-14
4731.6023342431 2.14279616728326e-14
4732.5827399431 2.09170398693783e-14
4733.5631456431 2.06858744136772e-14
4734.5435513431 2.11352592735135e-14
4735.5239570431 2.07330660073005e-14
4736.5043627431 2.05425987906491e-14
4737.4847684431 2.10891857633805e-14
4738.4651741431 2.07758919931137e-14
4739.4455798431 2.04715632195606e-14
4740.4259855431 2.0522607119028e-14
4741.4063912431 2.03482013411225e-14
4742.3867969431 1.96586487594217e-14
4743.3672026431 1.98138624648084e-14
4744.3476083431 1.97003278626243e-14
4745.3280140431 1.99305903812036e-14
4746.3084197431 1.96107778453747e-14
4747.2888254431 1.99407666350319e-14
4748.2692311431 1.94739328964822e-14
4749.2496368431 1.89726571042312e-14
4750.2300425431 1.92702570480513e-14
4751.2104482431 1.8708332002711e-14
4752.1908539431 1.91081400241445e-14
4753.1712596431 1.91394548322045e-14
4754.1516653431 1.88922431843506e-14
4755.1320710431 1.89952118975507e-14
4756.1124767431 1.8381197714086e-14
4757.0928824431 1.82075661242943e-14
4758.0732881431 1.87969621421799e-14
4759.0536938431 1.87427859148735e-14
4760.0340995431 1.89624656038098e-14
4761.0145052431 1.90217020059431e-14
4761.9949109431 1.86870342062852e-14
4762.9753166431 1.86398155076076e-14
4763.9557223431 1.87468669196134e-14
4764.9361280431 1.82543731649595e-14
4765.9165337431 1.894601791804e-14
4766.8969394431 1.94535007677285e-14
4767.8773451431 1.87305547591152e-14
4768.8577508431 1.87725709814308e-14
4769.8381565431 1.8960295505399e-14
4770.8185622431 1.87286048892706e-14
4771.7989679431 1.90018001198144e-14
4772.7793736431 1.88811267239509e-14
4773.7597793431 1.87071004168057e-14
4774.7401850431 1.91674069194639e-14
4775.7205907431 1.92223132891708e-14
4776.7009964431 1.89906277552401e-14
4777.6814021431 1.91419010633562e-14
4778.6618078431 1.92262587686391e-14
4779.6422135431 1.92842432560764e-14
4780.6226192431 1.93270692418895e-14
4781.6030249431 1.92958526896514e-14
4782.5834306431 1.9189646616527e-14
4783.5638363431 1.92008816615394e-14
4784.5442420431 1.9565390431929e-14
4785.5246477431 2.01410170822241e-14
4786.5050534431 1.98720163588351e-14
4787.4854591431 2.01378085214199e-14
4788.4658648431 2.05723381174272e-14
4789.4462705431 1.98136930582189e-14
4790.4266762431 1.98599275046119e-14
4791.4070819431 2.02676485078386e-14
4792.3874876431 2.01400192774122e-14
4793.3678933431 2.08101748046209e-14
4794.3482990431 2.1154602117897e-14
4795.3287047431 2.07623479362871e-14
4796.3091104431 2.07334099026771e-14
4797.2895161431 2.04848294495805e-14
4798.2699218431 2.09820089904986e-14
4799.2503275431 2.136726837403e-14
4800.2307332431 2.13990050044978e-14
4801.2111389431 2.12045889202463e-14
4802.1915446431 2.08399480127169e-14
4803.1719503431 2.08321214282842e-14
4804.1523560431 2.14863713708094e-14
4805.1327617431 2.17080195643151e-14
4806.1131674431 2.11949496853065e-14
4807.0935731431 2.07764036010138e-14
4808.0739788431 2.15047350451058e-14
4809.0543845431 2.13815103860052e-14
4810.0347902431 2.12954145691144e-14
4811.0151959431 2.09102314185482e-14
4811.9956016431 2.06745123137227e-14
4812.9760073431 2.11878176678906e-14
4813.9564130431 2.15225176548005e-14
4814.9368187431 2.06664451719331e-14
4815.9172244431 2.01700906411056e-14
4816.8976301431 2.0583358016071e-14
4817.8780358431 2.06483610185092e-14
4818.8584415431 1.99474954647649e-14
4819.8388472431 2.03952099756292e-14
4820.8192529431 2.00962293681051e-14
4821.7996586431 2.019102590743e-14
4822.7800643431 2.01002222814184e-14
4823.7604700431 1.99137733890688e-14
4824.7408757431 1.97695761941941e-14
4825.7212814431 1.97886429058368e-14
4826.7016871431 1.91677931664878e-14
4827.6820928431 1.92590643546863e-14
4828.6624985431 1.93935172825357e-14
4829.6429042431 1.90142091524917e-14
4830.6233099431 1.8789557380155e-14
4831.6037156431 1.87014337663886e-14
4832.5841213431 1.86245587501617e-14
4833.5645270431 1.82308629184755e-14
4834.5449327431 1.81146245871238e-14
4835.5253384431 1.85247697986456e-14
4836.5057441431 1.79775390808743e-14
4837.4861498431 1.79862601320992e-14
4838.4665555431 1.76900205231924e-14
4839.4469612431 1.76949824421974e-14
4840.4273669431 1.75222690361205e-14
4841.4077726431 1.75039765125916e-14
4842.3881783431 1.73888342418736e-14
4843.3685840431 1.74852655547867e-14
4844.3489897431 1.71987092265329e-14
4845.3293954431 1.71148529647547e-14
4846.3098011431 1.6729566476169e-14
4847.2902068431 1.64550024403824e-14
4848.2706125431 1.66269094710935e-14
4849.2510182431 1.61726711124695e-14
4850.2314239431 1.57129846379287e-14
4851.2118296431 1.60292752107629e-14
4852.1922353431 1.6019012559574e-14
4853.1726410431 1.58350962957366e-14
4854.1530467431 1.60265528468704e-14
4855.1334524431 1.55435831306755e-14
4856.1138581431 1.49335449198653e-14
4857.0942638431 1.50782181472563e-14
4858.0746695431 1.52876724544533e-14
4859.0550752431 1.48696312017972e-14
4860.0354809431 1.49167262336646e-14
4861.0158866431 1.48488856708531e-14
4861.9962923431 1.47039549454461e-14
4862.9766980431 1.45535608575293e-14
4863.9571037431 1.42312682092308e-14
4864.9375094431 1.4219189519403e-14
4865.9179151431 1.41512168194517e-14
4866.8983208431 1.38298813183836e-14
4867.8787265431 1.36334975765957e-14
4868.8591322431 1.3377466621695e-14
4869.8395379431 1.36130391898207e-14
4870.8199436431 1.37566036510837e-14
4871.8003493431 1.35362937696347e-14
4872.7807550431 1.36204253171207e-14
4873.7611607431 1.3172748922739e-14
4874.7415664431 1.31519635812464e-14
4875.7219721431 1.36470340101258e-14
4876.7023778431 1.35046638653183e-14
4877.6827835431 1.34466378732667e-14
4878.6631892431 1.34755462607235e-14
4879.6435949431 1.32773668090874e-14
4880.6240006431 1.33018570726913e-14
4881.6044063431 1.362499760097e-14
4882.5848120431 1.40088686975009e-14
4883.5652177431 1.38659793214968e-14
4884.5456234431 1.33257645776276e-14
4885.5260291431 1.33429339354684e-14
4886.5064348431 1.34086950323944e-14
4887.4868405431 1.32551000069699e-14
4888.4672462431 1.34250766495943e-14
4889.4476519431 1.38232490504066e-14
4890.4280576431 1.36754282485836e-14
4891.4084633431 1.34445660306777e-14
4892.3888690431 1.36110012285496e-14
4893.3692747431 1.36905384693297e-14
4894.3496804431 1.35520765345409e-14
4895.3300861431 1.37472125967975e-14
4896.3104918431 1.39450312123981e-14
4897.2908975431 1.39271554290793e-14
4898.2713032431 1.4082014227661e-14
4899.2517089431 1.37715249834826e-14
4900.2321146431 1.32471421324305e-14
4901.2125203431 1.40781009354447e-14
4902.1929260431 1.43338964151861e-14
4903.1733317431 1.42986750911733e-14
4904.1537374431 1.44263280385222e-14
4905.1341431431 1.45310602743184e-14
4906.1145488431 1.40282369528728e-14
4907.0949545431 1.43102777484848e-14
4908.0753602431 1.44915224704065e-14
4909.0557659431 1.44347272172272e-14
4910.0361716431 1.44855068424151e-14
4911.0165773431 1.43335389672823e-14
4911.9969830431 1.43736476714007e-14
4912.9773887431 1.42873231556142e-14
4913.9577944431 1.46335444846726e-14
4914.9382001431 1.48672764502039e-14
4915.9186058431 1.48053261545076e-14
4916.8990115431 1.4514622752944e-14
4917.8794172431 1.43107622513306e-14
4918.8598229431 1.49709278719594e-14
4919.8402286431 1.49346646974215e-14
4920.8206343431 1.50037199054794e-14
4921.8010400431 1.4897786576964e-14
4922.7814457431 1.48269424353215e-14
4923.7618514431 1.49112527067594e-14
4924.7422571431 1.47721360155024e-14
4925.7226628431 1.47845840116952e-14
4926.7030685431 1.48610355114485e-14
4927.6834742431 1.47544855429475e-14
4928.6638799431 1.54660897803971e-14
4929.6442856431 1.443429692449e-14
4930.6246913431 1.45627376124799e-14
4931.6050970431 1.50226053520714e-14
4932.5855027431 1.53133104477008e-14
4933.5659084431 1.53082587432034e-14
4934.5463141431 1.52079073618104e-14
4935.5267198431 1.50512672529406e-14
4936.5071255431 1.5384657726914e-14
4937.4875312431 1.48724009995348e-14
4938.4679369431 1.51739599753503e-14
4939.4483426431 1.56918833531467e-14
4940.4287483431 1.5495012567414e-14
4941.4091540431 1.55890942109315e-14
4942.3895597431 1.57853178634924e-14
4943.3699654431 1.5444299010796e-14
4944.3503711431 1.57648552415526e-14
4945.3307768431 1.56915157408476e-14
4946.3111825431 1.58578052490525e-14
4947.2915882431 1.58788489355941e-14
4948.2719939431 1.58351488117794e-14
4949.2523996431 1.57183226395623e-14
4950.2328053431 1.59284969247645e-14
4951.2132110431 1.57915571081819e-14
4952.1936167431 1.58925285176923e-14
4953.1740224431 1.57669101434827e-14
4954.1544281431 1.55579132340771e-14
4955.1348338431 1.54205109375053e-14
4956.1152395431 1.55752621629028e-14
4957.0956452431 1.5481715844208e-14
4958.0760509431 1.58738006192285e-14
4959.0564566431 1.57343247860018e-14
4960.0368623431 1.57402811216869e-14
4961.0172680431 1.61814870313845e-14
4961.9976737431 1.5697754985537e-14
4962.9780794431 1.54102194871962e-14
4963.9584851431 1.52741622789446e-14
4964.9388908431 1.55589025685595e-14
4965.9192965431 1.50872729294625e-14
4966.8997022431 1.50269574073544e-14
4967.8801079431 1.54032314653814e-14
4968.8605136431 1.5634356263501e-14
4969.8409193431 1.53982627701128e-14
4970.8213250431 1.52911368192076e-14
4971.8017307431 1.47782668399746e-14
4972.7821364431 1.46373324160128e-14
4973.7625421431 1.50261527260545e-14
4974.7429478431 1.49178290705619e-14
4975.7233535431 1.4639592299916e-14
4976.7037592431 1.45678841846674e-14
4977.6841649431 1.45086698053907e-14
4978.6645706431 1.44543631350105e-14
4979.6449763431 1.47382682501394e-14
4980.6253820431 1.48628837373394e-14
4981.6057877431 1.46846493705123e-14
4982.5861934431 1.46115317924394e-14
4983.5665991431 1.43191021377293e-14
4984.5470048431 1.46016706348675e-14
4985.5274105431 1.45419853052721e-14
4986.5078162431 1.42471941227051e-14
4987.4882219431 1.44643649000516e-14
4988.4686276431 1.45249802718231e-14
4989.4490333431 1.43462258267663e-14
4990.4294390431 1.42550833875758e-14
4991.4098447431 1.42376107919399e-14
4992.3902504431 1.45013226416062e-14
4993.3706561431 1.4424132529123e-14
4994.3510618431 1.48300561284356e-14
4995.3314675431 1.45369522354995e-14
4996.3118732431 1.4357247419476e-14
4997.2922789431 1.42571416776377e-14
4998.2726846431 1.45872388875121e-14
4999.2530903431 1.48563073735369e-14
5000.2334960431 1.50818942702474e-14
5001.2139017431 1.50514823993092e-14
5002.1943074431 1.50202387420167e-14
5003.1747131431 1.50171267429685e-14
5004.1551188431 1.51287978726686e-14
5005.1355245431 1.49741161039729e-14
5006.1159302431 1.49567044947091e-14
5007.0963359431 1.47388255978187e-14
5008.0767416431 1.51482186440833e-14
5009.0571473431 1.5024362098404e-14
5010.0375530431 1.49708346983352e-14
5011.0179587431 1.50689770178018e-14
5011.9983644431 1.53709984736065e-14
5012.9787701431 1.49539719664213e-14
5013.9591758431 1.53405679679435e-14
5014.9395815431 1.55692228179889e-14
5015.9199872431 1.52574655654884e-14
5016.9003929431 1.49822781134526e-14
5017.8807986431 1.50238149151201e-14
5018.8612043431 1.52283615134207e-14
5019.8416100431 1.50869561391402e-14
5020.8220157431 1.49855086971134e-14
5021.8024214431 1.54402654399012e-14
5022.7828271431 1.51626300626479e-14
5023.7632328431 1.54428488903903e-14
5024.7436385431 1.56941330726546e-14
5025.7240442431 1.55331392144359e-14
5026.7044499431 1.54421339945829e-14
5027.6848556431 1.52624935530633e-14
5028.6652613431 1.51558809041242e-14
5029.6456670431 1.52981671926698e-14
5030.6260727431 1.54584749542013e-14
5031.6064784431 1.5613527723328e-14
5032.5868841431 1.54879432304363e-14
5033.5672898431 1.48790315734459e-14
5034.5476955431 1.53847441242746e-14
5035.5281012431 1.52624088497685e-14
5036.5085069431 1.48975697365295e-14
5037.4889126431 1.51530704488052e-14
5038.4693183431 1.50157460792645e-14
5039.4497240431 1.51891947099397e-14
5040.4301297431 1.53457331748558e-14
5041.4105354431 1.50961040949705e-14
5042.3909411431 1.49414595957244e-14
5043.3713468431 1.57714282172233e-14
5044.3517525431 1.59194878823375e-14
5045.3321582431 1.55828193908582e-14
5046.3125639431 1.56902299448336e-14
5047.2929696431 1.57012430672138e-14
5048.2733753431 1.60374135033201e-14
5049.2537810431 1.59450055969065e-14
5050.2341867431 1.58437258674033e-14
5051.2145924431 1.61692829806805e-14
5052.1949981431 1.62268049881285e-14
5053.1754038431 1.59900660556345e-14
5054.1558095431 1.63208103986807e-14
5055.1362152431 1.65042387715404e-14
5056.1166209431 1.63384117433246e-14
5057.0970266431 1.62450280549557e-14
5058.0774323431 1.64670387785629e-14
5059.0578380431 1.67726262430756e-14
5060.0382437431 1.68953663993304e-14
5061.0186494431 1.67348265507714e-14
5061.9990551431 1.6768219977684e-14
5062.9794608431 1.70648017879015e-14
5063.9598665431 1.66764016062016e-14
5064.9402722431 1.68422133878243e-14
5065.9206779431 1.73034126632089e-14
5066.9010836431 1.69893531751578e-14
5067.8814893431 1.68120031107276e-14
5068.8618950431 1.66918328524347e-14
5069.8423007431 1.69164456612558e-14
5070.8227064431 1.70339054141174e-14
5071.8031121431 1.70743563195465e-14
5072.7835178431 1.69357342955307e-14
5073.7639235431 1.68308733107265e-14
5074.7443292431 1.72158735021761e-14
5075.7247349431 1.71429930933284e-14
5076.7051406431 1.70144677020439e-14
5077.6855463431 1.72459499480672e-14
5078.6659520431 1.73285000850407e-14
5079.6463577431 1.72878374213748e-14
5080.6267634431 1.7253292029654e-14
5081.6071691431 1.73770198263253e-14
5082.5875748431 1.74010738679614e-14
5083.5679805431 1.73939808140611e-14
5084.5483862431 1.75333465330047e-14
5085.5287919431 1.74677065617902e-14
5086.5091976431 1.76785584733502e-14
5087.4896033431 1.76228626689364e-14
5088.4700090431 1.75806550171747e-14
5089.4504147431 1.7431416282198e-14
5090.4308204431 1.55277148154416e-14
5091.4112261431 1.49576650300713e-14
5092.3916318431 1.67216263893214e-14
5093.3720375431 1.76953957942757e-14
5094.3524432431 1.80373667120048e-14
5095.3328489431 1.8255152435271e-14
5096.3132546431 1.80130924418024e-14
5097.2936603431 1.77695010127651e-14
5098.2740660431 1.79887876784138e-14
5099.2544717431 1.82784932751655e-14
5100.2348774431 1.82743174027356e-14
5101.2152831431 1.84855860545056e-14
5102.1956888431 1.83914417305501e-14
5103.1760945431 1.82247947744414e-14
5104.1565002431 1.85681514380722e-14
5105.1369059431 1.87082693222729e-14
5106.1173116431 1.83907844329831e-14
5107.0977173431 1.88664408667114e-14
5108.0781230431 1.87000666552117e-14
5109.0585287431 1.85620307779953e-14
5110.0389344431 1.84697177392718e-14
5111.0193401431 1.85797236021976e-14
5111.9997458431 1.84209608287619e-14
5112.9801515431 1.86482993896073e-14
5113.9605572431 1.88142331439744e-14
5114.9409629431 1.90153848342225e-14
5115.9213686431 1.962864685243e-14
5116.9017743431 1.92904706423046e-14
5117.8821800431 1.88189121539751e-14
5118.8625857431 1.90001772046875e-14
5119.8429914431 1.90021186042026e-14
5120.8233971431 1.90459661117501e-14
5121.8038028431 1.87200803496894e-14
5122.7842085431 1.84560584859644e-14
5123.7646142431 1.86457701492268e-14
5124.7450199431 1.92216000874292e-14
5125.7254256431 1.86884521394389e-14
5126.7058313431 1.88426223002346e-14
5127.6862370431 1.91947931887145e-14
5128.6666427431 1.87722728258333e-14
5129.6470484431 1.86526785499446e-14
5130.6274541431 1.88736711399492e-14
5131.6078598431 1.87751764547765e-14
5132.5882655431 1.85856477506307e-14
5133.5686712431 1.85384205816236e-14
5134.5490769431 1.86207335493719e-14
5135.5294826431 1.86222751493359e-14
5136.5098883431 1.84178369712525e-14
5137.4902940431 1.83315056792024e-14
5138.4706997431 1.82683729255118e-14
5139.4511054431 1.79987301511487e-14
5140.4315111431 1.80509920839943e-14
5141.4119168431 1.77953660108424e-14
5142.3923225431 1.81220598423348e-14
5143.3727282431 1.82220148123085e-14
5144.3531339431 1.78656917683212e-14
5145.3335396431 1.77471461192211e-14
5146.3139453431 1.80059282371345e-14
5147.2943510431 1.78264080742934e-14
5148.2747567431 1.8046307991796e-14
5149.2551624431 1.7903801474684e-14
5150.2355681431 1.75866553985731e-14
5151.2159738431 1.78540349009011e-14
5152.1963795431 1.78090354285452e-14
5153.1767852431 1.78868133818939e-14
5154.1571909431 1.79358599776717e-14
5155.1375966431 1.76562374611241e-14
5156.1180023431 1.74818604823388e-14
5157.0984080431 1.76170689635772e-14
5158.0788137431 1.79269813783186e-14
5159.0592194431 1.787659816455e-14
5160.0396251431 1.75843413045612e-14
5161.0200308431 1.76856074815372e-14
5162.0004365431 1.76005365745127e-14
5162.9808422431 1.77277829460469e-14
5163.9612479431 1.72724434445914e-14
5164.9416536431 1.74410944806533e-14
5165.9220593431 1.72835395762004e-14
5166.9024650431 1.70871820924338e-14
5167.8828707431 1.70737024101112e-14
5168.8632764431 1.71692409502979e-14
5169.8436821431 1.75867417959337e-14
5170.8240878431 1.71505147459e-14
5171.8044935431 1.71496795714141e-14
5172.7848992431 1.72963416321652e-14
5173.7653049431 1.75017420396767e-14
5174.7457106431 1.73358641894841e-14
5175.7261163431 1.75014608247382e-14
5176.7065220431 1.74575286138959e-14
5177.6869277431 1.72868023471133e-14
5178.6673334431 1.74892787968908e-14
5179.6477391431 1.78537909554122e-14
5180.6281448431 1.75232092426919e-14
5181.6085505431 1.74861227521294e-14
5182.5889562431 1.78604842097614e-14
5183.5693619431 1.74837392014158e-14
5184.5497676431 1.75226569772103e-14
5185.5301733431 1.75750019192848e-14
5186.5105790431 1.76001486334228e-14
5187.4909847431 1.78848973933672e-14
5188.4713904431 1.81038283051781e-14
5189.4517961431 1.78137618723909e-14
5190.4322018431 1.7901040147276e-14
5191.4126075431 1.78124184781366e-14
5192.3930132431 1.75799248747742e-14
5193.3734189431 1.75235175626847e-14
5194.3538246431 1.76089374472835e-14
5195.3342303431 1.80660912933121e-14
5196.3146360431 1.80101210502234e-14
5197.2950417431 1.81288005305291e-14
5198.2754474431 1.78829746285769e-14
5199.2558531431 1.82541698770522e-14
5200.2362588431 1.8323690953231e-14
5201.2166645431 1.84086873213562e-14
5202.1970702431 1.80128789894997e-14
5203.1774759431 1.78854564351124e-14
5204.1578816431 1.78398216880461e-14
5205.1382873431 1.82173459667033e-14
5206.1186930431 1.83315243139272e-14
5207.0990987431 1.84833312528001e-14
5208.0795044431 1.83113649297826e-14
5209.0599101431 1.87293079266168e-14
5210.0403158431 1.85342243804029e-14
5211.0207215431 1.84284807872677e-14
5212.0011272431 1.85384849561276e-14
5212.9815329431 1.83662882401485e-14
5213.9619386431 1.79816793779205e-14
5214.9423443431 1.80664893987973e-14
5215.9227500431 1.8500756414591e-14
5216.9031557431 1.85288355567925e-14
5217.8835614431 1.8453366615258e-14
5218.8639671431 1.83189069111449e-14
5219.8443728431 1.82471835493032e-14
5220.8247785431 1.85094774658159e-14
5221.8051842431 1.83957615985811e-14
5222.7855899431 1.83265132670113e-14
5223.7659956431 1.82921457522094e-14
5224.7464013431 1.83406265299784e-14
5225.7268070431 1.81702695695608e-14
5226.7072127431 1.78648650641646e-14
5227.6876184431 1.8320656881214e-14
5228.6680241431 1.83309313908642e-14
5229.6484298431 1.77315285257397e-14
5230.6288355431 1.75698180776476e-14
5231.6092412431 1.7568366263176e-14
5232.5896469431 1.75138071769774e-14
5233.5700526431 1.75631908918682e-14
5234.5504583431 1.71207483140676e-14
5235.5308640431 1.69542148603739e-14
5236.5112697431 1.69324444195635e-14
5237.4916754431 1.67134457451168e-14
5238.4720811431 1.65372578098903e-14
5239.4524868431 1.63957474035243e-14
5240.4328925431 1.63151505245271e-14
5241.4132982431 1.63498568525079e-14
5242.3937039431 1.58863655059681e-14
5243.3741096431 1.55428140247594e-14
5244.3545153431 1.54573416241179e-14
5245.3349210431 1.56375461895803e-14
5246.3153267431 1.55352686552652e-14
5247.2957324431 1.55247993280372e-14
5248.2761381431 1.55338676627705e-14
5249.2565438431 1.50690837439531e-14
5250.2369495431 1.49031550717837e-14
5251.2173552431 1.50444452495834e-14
5252.1977609431 1.4579180216052e-14
5253.1781666431 1.46337969004909e-14
5254.1585723431 1.45317751701259e-14
5255.1389780431 1.44819255871141e-14
5256.1193837431 1.47685107144881e-14
5257.0997894431 1.43424294250967e-14
5258.0801951431 1.4054956607194e-14
5259.0606008431 1.39832459508465e-14
5260.0410065431 1.37354905078405e-14
5261.0214122431 1.37726811834556e-14
5262.0018179431 1.35460295663304e-14
5262.9822236431 1.31789212518257e-14
5263.9626293431 1.31708270049817e-14
5264.9430350431 1.31829370350286e-14
5265.9234407431 1.2948230981608e-14
5266.9038464431 1.29713227938161e-14
5267.8842521431 1.30550562358169e-14
5268.8646578431 1.30775771478185e-14
5269.8450635431 1.28216190377513e-14
5270.8254692431 1.2608812174149e-14
5271.8058749431 1.27569946590405e-14
5272.7862806431 1.28004931890138e-14
5273.7666863431 1.26604176564605e-14
5274.7470920431 1.2409939849562e-14
5275.7274977431 1.23142632430049e-14
5276.7079034431 1.22024193185835e-14
5277.6883091431 1.21387664866633e-14
5278.6687148431 1.20177568187197e-14
5279.6491205431 1.211412121603e-14
5280.6295262431 1.23782277830498e-14
5281.6099319431 1.22446523813336e-14
5282.5903376431 1.20680400826005e-14
5283.5707433431 1.19278510476322e-14
5284.5511490431 1.19973704297452e-14
5285.5315547431 1.20824006791882e-14
5286.5119604431 1.18788866140503e-14
5287.4923661431 1.20666085969196e-14
5288.4727718431 1.24948853957104e-14
5289.4531775431 1.20757904340679e-14
5290.4335832431 1.18001989473163e-14
5291.4139889431 1.20195889509846e-14
5292.3943946431 1.21078150557377e-14
5293.3748003431 1.20247566989958e-14
5294.3552060431 1.17405983210157e-14
5295.3356117431 1.19760421401333e-14
5296.3160174431 1.2133503870962e-14
5297.2964231431 1.21154561399548e-14
5298.2768288431 1.19917147907564e-14
5299.2572345431 1.19957077040697e-14
5300.2376402431 1.21459162917711e-14
5301.2180459431 1.20748688622213e-14
5302.1984516431 1.22574925537811e-14
5303.1788573431 1.21766601996246e-14
5304.1592630431 1.21509951013228e-14
5305.1396687431 1.20517838262768e-14
5306.1200744431 1.20110152834925e-14
5307.1004801431 1.20265176804931e-14
5308.0808858431 1.20429086150555e-14
5309.0612915431 1.18365730831702e-14
5310.0416972431 1.19005918333237e-14
5311.0221029431 1.19899258571718e-14
5312.0025086431 1.18281146121589e-14
5312.9829143431 1.19926914197445e-14
5313.9633200431 1.19388446882546e-14
5314.9437257431 1.20193407703311e-14
5315.9241314431 1.19651848718154e-14
5316.9045371431 1.18760075490626e-14
5317.8849428431 1.20425689548436e-14
5318.8653485431 1.21160998849948e-14
5319.8457542431 1.17670155845746e-14
5320.8261599431 1.15324433623597e-14
5321.8065656431 1.17773256696086e-14
5322.7869713431 1.21387148176535e-14
5323.7673770431 1.18959526338716e-14
5324.7477827431 1.1774251787043e-14
5325.7281884431 1.19018047845042e-14
5326.7085941431 1.17958248691766e-14
5327.6889998431 1.16056490318591e-14
5328.6694055431 1.15673894006646e-14
5329.6498112431 1.2043687038334e-14
5330.6302169431 1.20059229214136e-14
5331.6106226431 1.20510807889306e-14
5332.5910283431 1.20852263811003e-14
5333.5714340431 1.22667743408171e-14
5334.5518397431 1.20708039511074e-14
5335.5322454431 1.22272323017404e-14
5336.5126511431 1.24084880350904e-14
5337.4930568431 1.23297122769299e-14
5338.4734625431 1.23796482573023e-14
5339.4538682431 1.24773729895259e-14
5340.4342739431 1.2414324092097e-14
5341.4146796431 1.26306791767153e-14
5342.3950853431 1.26851476303885e-14
5343.3754910431 1.24961398515052e-14
5344.3558967431 1.26240807900562e-14
5345.3363024431 1.27418505569766e-14
5346.3167081431 1.28785184759831e-14
5347.2971138431 1.28510161632187e-14
5348.2775195431 1.27443958909831e-14
5349.2579252431 1.28799516557298e-14
5350.2383309431 1.3040184031329e-14
5351.2187366431 1.30858467304825e-14
5352.1991423431 1.33862359537979e-14
5353.1795480431 1.33012328094092e-14
5354.1599537431 1.32583026385435e-14
5355.1403594431 1.30975408673523e-14
5356.1207651431 1.30452772404408e-14
5357.1011708431 1.32777395035841e-14
5358.0815765431 1.32273105500364e-14
5359.0619822431 1.34076404763751e-14
5360.0423879431 1.37326283835117e-14
5361.0227936431 1.35360218720586e-14
5362.0031993431 1.37154607197367e-14
5362.9836050431 1.32870416194109e-14
5363.9640107431 1.33852220553601e-14
5364.9444164431 1.32554125621275e-14
5365.9248221431 1.3499578279503e-14
5366.9052278431 1.33390392779769e-14
5367.8856335431 1.33064590026937e-14
5368.8660392431 1.34905218032309e-14
5369.8464449431 1.36751715976006e-14
5370.8268506431 1.34479253633465e-14
5371.8072563431 1.30394106902481e-14
5372.7876620431 1.3257941802508e-14
5373.7680677431 1.32879674264222e-14
5374.7484734431 1.31627208996765e-14
5375.7288791431 1.31834520310605e-14
5376.7092848431 1.34149876401595e-14
5377.6896905431 1.33231345403263e-14
5378.6700962431 1.34163691508965e-14
5379.6505019431 1.3647527830334e-14
5380.6309076431 1.35001322390505e-14
5381.6113133431 1.34020238009018e-14
5382.5917190431 1.34557578770097e-14
5383.5721247431 1.33567947826173e-14
5384.5525304431 1.34583769028826e-14
5385.5329361431 1.35559855915924e-14
5386.5133418431 1.36504424707055e-14
5387.4937475431 1.35929340157846e-14
5388.4741532431 1.33957532159933e-14
5389.4545589431 1.33421453477945e-14
5390.4349646431 1.32934434944262e-14
5391.4153703431 1.35660237790504e-14
5392.3957760431 1.3608826894974e-14
5393.3761817431 1.3428549484678e-14
5394.3565874431 1.3413760289419e-14
5395.3369931431 1.33678993845558e-14
5396.3173988431 1.35199053761712e-14
5397.2978045431 1.34310380674771e-14
5398.2782102431 1.3514545351681e-14
5399.2586159431 1.34832474842799e-14
5400.2390216431 1.3334365350174e-14
5401.2194273431 1.34050985305004e-14
5402.1998330431 1.34159549517853e-14
5403.1802387431 1.30969716612118e-14
5404.1606444431 1.31312968243663e-14
5405.1410501431 1.33523419304136e-14
5406.1214558431 1.32415339272867e-14
5407.1018615431 1.30214307218768e-14
5408.0822672431 1.28726409143621e-14
5409.0626729431 1.30027045174789e-14
5410.0430786431 1.30014678493759e-14
5411.0234843431 1.30792974717344e-14
5412.0038900431 1.29995501667833e-14
5412.9842957431 1.31089012732409e-14
5413.9647014431 1.30355990419855e-14
5414.9451071431 1.28843054050787e-14
5415.9255128431 1.27988092875147e-14
5416.9059185431 1.30150949154313e-14
5417.8863242431 1.2981183951388e-14
5418.8667299431 1.25937603986763e-14
5419.8471356431 1.26903518008164e-14
5420.8275413431 1.26549839401038e-14
5421.8079470431 1.27691902394151e-14
5422.7883527431 1.25664689971158e-14
5423.7687584431 1.25032320583726e-14
5424.7491641431 1.26228348045908e-14
5425.7295698431 1.24191470976987e-14
5426.7099755431 1.23694186403983e-14
5427.6903812431 1.23709636284941e-14
5428.6707869431 1.22377194166604e-14
5429.6511926431 1.20955915232758e-14
5430.6315983431 1.22889784624964e-14
5431.6120040431 1.21204841275297e-14
5432.5924097431 1.20403539636865e-14
5433.5728154431 1.24269643647689e-14
5434.5532211431 1.20479391437292e-14
5435.5336268431 1.20811902691066e-14
5436.5140325431 1.22053153242302e-14
5437.4944382431 1.17369213509916e-14
5438.4748439431 1.18620145647739e-14
5439.4552496431 1.14849036381951e-14
5440.4356553431 1.15770997863719e-14
5441.4160610431 1.16220204846636e-14
5442.3964667431 1.1275931292745e-14
5443.3768724431 1.11700496332394e-14
5444.3572781431 1.11376709517976e-14
5445.3376838431 1.11034736906181e-14
5446.3180895431 1.10405967408776e-14
5447.2984952431 1.08663883216487e-14
5448.2789009431 1.0950773131986e-14
5449.2593066431 1.08876581659872e-14
5450.2397123431 1.07607023267539e-14
5451.2201180431 1.0638348417523e-14
5452.2005237431 1.06983132679909e-14
5453.1809294431 1.07514976197161e-14
5454.1613351431 1.06007604834557e-14
5455.1417408431 1.04398708102894e-14
5456.1221465431 1.05223294677046e-14
5457.1025522431 1.04868997735869e-14
5458.0829579431 1.06389531990474e-14
5459.0633636431 1.06942542861077e-14
5460.0437693431 1.04597049337823e-14
5461.0241750431 1.05215103868446e-14
5462.0045807431 1.0355569009181e-14
5462.9849864431 1.03778917154729e-14
5463.9653921431 1.03160549221916e-14
5464.9457978431 1.05633487322413e-14
5465.9262035431 1.03463329619241e-14
5466.9066092431 1.03036416543496e-14
5467.8870149431 1.03543992566808e-14
5468.8674206431 1.02766594198148e-14
5469.8478263431 1.02572200136753e-14
5470.8282320431 1.02804210931336e-14
5471.8086377431 1.0506875351582e-14
5472.7890434431 1.03646229443542e-14
5473.7694491431 1.03433624173781e-14
5474.7498548431 1.0244619551552e-14
5475.7302605431 1.03471503487182e-14
5476.7106662431 1.02397160778203e-14
5477.6910719431 1.02534862924438e-14
5478.6714776431 1.04728729079804e-14
5479.6518833431 1.03608705883979e-14
5480.6322890431 1.04487858320593e-14
5481.6126947431 1.05230172584578e-14
5482.5931004431 1.06570483638995e-14
5483.5735061431 1.04255999991941e-14
5484.5539118431 1.03760833001306e-14
5485.5343175431 1.04982381566188e-14
5486.5147232431 1.07821949407575e-14
5487.4951289431 1.08943615847318e-14
5488.4755346431 1.08125966473004e-14
5489.4559403431 1.08543621478636e-14
5490.4363460431 1.09190195608593e-14
5491.4167517431 1.10486969169521e-14
5492.3971574431 1.10710924680776e-14
5493.3775631431 1.11245876808943e-14
5494.3579688431 1.1473872728123e-14
5495.3383745431 1.14310052376954e-14
5496.3187802431 1.13544537880543e-14
5497.2991859431 1.13918418223461e-14
5498.2795916431 1.14519015405041e-14
5499.2599973431 1.16152831846012e-14
5500.2404030431 1.181367608854e-14
5501.2208087431 1.17365435742972e-14
5502.2012144431 1.1822413233391e-14
5503.1816201431 1.20039002067356e-14
5504.1620258431 1.18758135785177e-14
5505.1424315431 1.16125633618075e-14
5506.1228372431 1.19290216471653e-14
5507.1032429431 1.20490275810664e-14
5508.0836486431 1.23473449617929e-14
5509.0640543431 1.23381690538753e-14
5510.0444600431 1.20680553291935e-14
5511.0248657431 1.24535467997526e-14
5512.0052714431 1.2720757742524e-14
5512.9856771431 1.23875426043707e-14
5513.9660828431 1.24432443380151e-14
5514.9464885431 1.25094467391066e-14
5515.9268942431 1.30308785273705e-14
5516.9072999431 1.26572226481834e-14
5517.8877056431 1.25926448562848e-14
5518.8681113431 1.27628569740685e-14
5519.8485170431 1.27729349720749e-14
5520.8289227431 1.31396070646118e-14
5521.8093284431 1.30139073752393e-14
5522.7897341431 1.31040960553311e-14
5523.7701398431 1.33118385089418e-14
5524.7505455431 1.32168225880835e-14
5525.7309512431 1.32799324718846e-14
5526.7113569431 1.3601374699104e-14
5527.6917626431 1.33404165535492e-14
5528.6721683431 1.32269200678477e-14
5529.6525740431 1.34217706800012e-14
5530.6329797431 1.3331298243872e-14
5531.6133854431 1.34958564167328e-14
5532.5937911431 1.36542710596271e-14
5533.5741968431 1.36057377658153e-14
5534.5546025431 1.36343852671244e-14
5535.5350082431 1.38657523166669e-14
5536.5154139431 1.37802113063567e-14
5537.4958196431 1.3547353478827e-14
5538.4762253431 1.37557269719833e-14
5539.4566310431 1.38426706688542e-14
5540.4370367431 1.40944410480302e-14
5541.4174424431 1.38889627134876e-14
5542.3978481431 1.4166291464814e-14
5543.3782538431 1.43510013985229e-14
5544.3586595431 1.45619583421684e-14
5545.3390652431 1.41952100166662e-14
5546.3194709431 1.42187168750184e-14
5547.2998766431 1.43525463866187e-14
5548.2802823431 1.43099203005811e-14
5549.2606880431 1.44217320377504e-14
5550.2410937431 1.44837958358617e-14
5551.2214994431 1.41166273820176e-14
5552.2019051431 1.3910250345518e-14
5553.1823108431 1.42957528275053e-14
5554.1627165431 1.4290618113779e-14
5555.1431222431 1.44061635721799e-14
5556.1235279431 1.45547687265121e-14
5557.1039336431 1.43996532769473e-14
5558.0843393431 1.43707542068529e-14
5559.0647450431 1.43934953474208e-14
5560.0451507431 1.41976782706745e-14
5561.0255564431 1.43055394461779e-14
5562.0059621431 1.42717563841096e-14
5562.9863678431 1.40627044175625e-14
5563.9667735431 1.42074352431939e-14
5564.9471792431 1.41239914864611e-14
5565.9275849431 1.3928476800477e-14
5566.9079906431 1.39790599140211e-14
5567.8883963431 1.40809478131805e-14
5568.8688020431 1.39327890452115e-14
5569.8492077431 1.38868146379333e-14
5570.8296134431 1.39698060790724e-14
5571.8100191431 1.38885315737174e-14
5572.7904248431 1.37173868726588e-14
5573.7708305431 1.38819518217832e-14
5574.7512362431 1.36632868783177e-14
5575.7316419431 1.36090937103523e-14
5576.7120476431 1.36186660296893e-14
5577.6924533431 1.35878865464519e-14
5578.6728590431 1.35604951950036e-14
5579.6532647431 1.3629541932732e-14
5580.6336704431 1.37883936446271e-14
5581.6140761431 1.3644090570634e-14
5582.5944818431 1.32596028341175e-14
5583.5748875431 1.34196768145555e-14
5584.5552932431 1.36441193697543e-14
5585.5356989431 1.3701020502052e-14
5586.5161046431 1.38163279441946e-14
5587.4965103431 1.37204421204996e-14
5588.4769160431 1.36312724210432e-14
5589.4573217431 1.36688205445621e-14
5590.4377274431 1.37810617274357e-14
5591.4181331431 1.38201150285018e-14
5592.3985388431 1.42874654571494e-14
5593.3789445431 1.40493653427091e-14
5594.3593502431 1.38593512886845e-14
5595.3397559431 1.39419124370863e-14
5596.3201616431 1.37741075869387e-14
5597.3005673431 1.40469301229858e-14
5598.2809730431 1.39806116783805e-14
5599.2613787431 1.39879054790893e-14
5600.2417844431 1.39111617529692e-14
5601.2221901431 1.38335320303863e-14
5602.2025958431 1.39256316168072e-14
5603.1830015431 1.40877376292856e-14
5604.1634072431 1.40892292543058e-14
5605.1438129431 1.41713397811796e-14
5606.1242186431 1.4076169700325e-14
5607.1046243431 1.39319394711654e-14
5608.0850300431 1.41045207401025e-14
5609.0654357431 1.4225789600128e-14
5610.0458414431 1.41122253517908e-14
5611.0262471431 1.40648762100393e-14
5612.0066528431 1.43152887954008e-14
5612.9870585431 1.43919791584452e-14
5613.9674642431 1.41660974942691e-14
5614.9478699431 1.40712696147251e-14
5615.9282756431 1.41982017370359e-14
5616.9086813431 1.43246925551812e-14
5617.8890870431 1.44921001468765e-14
5618.8694927431 1.41273406547345e-14
5619.8498984431 1.43087751120364e-14
5620.8303041431 1.42323439410738e-14
5621.8107098431 1.40804184175884e-14
5622.7911155431 1.42453628374731e-14
5623.7715212431 1.42055861702701e-14
5624.7519269431 1.43087039612688e-14
5625.7323326431 1.41432538627146e-14
5626.7127383431 1.42569146728078e-14
5627.6931440431 1.45016123268742e-14
5628.6735497431 1.43590854809715e-14
5629.6539554431 1.40672199502043e-14
5630.6343611431 1.41724527824723e-14
5631.6147668431 1.41368621520946e-14
5632.5951725431 1.42160758262889e-14
5633.5755782431 1.44536109697533e-14
5634.5559839431 1.42567791475362e-14
5635.5363896431 1.45527849753496e-14
5636.5167953431 1.44583780711804e-14
5637.4972010431 1.43525870442002e-14
5638.4776067431 1.44904365741681e-14
5639.4580124431 1.44767993437173e-14
5640.4384181431 1.43730462780082e-14
5641.4188238431 1.43133406196221e-14
5642.3992295431 1.4248769603987e-14
5643.3796352431 1.44316033597177e-14
5644.3600409431 1.44458877233402e-14
5645.3404466431 1.42315816114213e-14
5646.3208523431 1.41859807456729e-14
5647.3012580431 1.43500188403041e-14
5648.2816637431 1.40793630145361e-14
5649.2620694431 1.43772187623063e-14
5650.2424751431 1.44390386149287e-14
5651.2228808431 1.42761474029082e-14
5652.2032865431 1.4580062824383e-14
5653.1836922431 1.4554753479919e-14
5654.1640979431 1.4433285567151e-14
5655.1445036431 1.45378077387763e-14
5656.1249093431 1.43633596092234e-14
5657.1053150431 1.44752696022146e-14
5658.0857207431 1.42260640388029e-14
5659.0661264431 1.39503285564503e-14
5660.0465321431 1.43640457059106e-14
5661.0269378431 1.43066016254937e-14
5662.0073435431 1.41138287851599e-14
5662.9877492431 1.42025563334178e-14
5663.9681549431 1.42221795457068e-14
5664.9485606431 1.4333367866627e-14
5665.9289663431 1.41689553834331e-14
5666.9093720431 1.42035549852626e-14
5667.8897777431 1.44507242814691e-14
5668.8701834431 1.45199743071048e-14
5669.8505891431 1.43522007971762e-14
5670.8309948431 1.44016675212959e-14
5671.8114005431 1.42901844329101e-14
5672.7918062431 1.4294392492592e-14
5673.7722119431 1.44710784831916e-14
5674.7526176431 1.44804280328634e-14
5675.7330233431 1.42611532256759e-14
5676.7134290431 1.42448292067164e-14
5677.6938347431 1.44411138456495e-14
5678.6742404431 1.43851859542082e-14
5679.6546461431 1.43685790262443e-14
5680.6350518431 1.3921217728119e-14
5681.6154575431 1.41935184918705e-14
5682.5958632431 1.4431855775536e-14
5683.5762689431 1.44380780795665e-14
5684.5566746431 1.45249057329237e-14
5685.5370803431 1.4474298902457e-14
5686.5174860431 1.42134296953617e-14
5687.4978917431 1.43441217969253e-14
5688.4782974431 1.46032799974672e-14
5689.4587031431 1.43645573138108e-14
5690.4391088431 1.44634077528212e-14
5691.4195145431 1.44908787253666e-14
5692.3999202431 1.43260054562494e-14
5693.3803259431 1.43258326615282e-14
5694.3607316431 1.39735084600848e-14
5695.3411373431 1.41195792918388e-14
5696.3215430431 1.42350612227686e-14
5697.3019487431 1.43598427284264e-14
5698.2823544431 1.43520940710249e-14
5699.2627601431 1.42473533648992e-14
5700.2431658431 1.44658455136434e-14
5701.2235715431 1.43625379872645e-14
5702.2039772431 1.43163340340577e-14
5703.1843829431 1.44604804069555e-14
5704.1647886431 1.4163658039381e-14
5705.1451943431 1.43163984085617e-14
5706.1256000431 1.40616108980276e-14
5707.1060057431 1.41299393518167e-14
5708.0864114431 1.43017820080239e-14
5709.0668171431 1.42093732545773e-14
5710.0472228431 1.44934808105806e-14
5711.0276285431 1.43092528386186e-14
5712.0080342431 1.41989962539404e-14
5712.9884399431 1.38641751413191e-14
5713.9688456431 1.3960417565885e-14
5714.9492513431 1.42648530655895e-14
5715.9296570431 1.42429843689573e-14
5716.9100627431 1.43488092772554e-14
5717.8904684431 1.42308938206681e-14
5718.8708741431 1.38907313182814e-14
5719.8512798431 1.42674111050902e-14
5720.8316855431 1.40177176507009e-14
5721.8120912431 1.37500984380488e-14
5722.7924969431 1.39233903676287e-14
5723.7729026431 1.39889803638994e-14
5724.7533083431 1.40879646341155e-14
5725.7337140431 1.4036118594447e-14
5726.7141197431 1.36193157039598e-14
5727.6945254431 1.37169701324488e-14
5728.6749311431 1.38966681722088e-14
5729.6553368431 1.37200541794097e-14
5730.6357425431 1.37397502365322e-14
5731.6161482431 1.38554108914139e-14
5732.5965539431 1.38725819433206e-14
5733.5769596431 1.37760117170042e-14
5734.5573653431 1.37551780946335e-14
5735.5377710431 1.36027951733566e-14
5736.5181767431 1.35101085931033e-14
5737.4985824431 1.35624738639684e-14
5738.4789881431 1.33795460875805e-14
5739.4593938431 1.31312976713992e-14
5740.4397995431 1.33001418309731e-14
5741.4202052431 1.32387260130666e-14
5742.4006109431 1.32406487778568e-14
5743.3810166431 1.3237707032431e-14
5744.3614223431 1.31526344313406e-14
5745.3418280431 1.29770326429135e-14
5746.3222337431 1.28427584390159e-14
5747.3026394431 1.27674809269275e-14
5748.2830451431 1.30151830068578e-14
5749.2634508431 1.3021619610224e-14
5750.2438565431 1.27989854703677e-14
5751.2242622431 1.26388149281737e-14
5752.2046679431 1.23860026984726e-14
5753.1850736431 1.25222640416645e-14
5754.1654793431 1.24265891291732e-14
5755.1458850431 1.25334677464578e-14
5756.1262907431 1.26267167565881e-14
5757.1066964431 1.25008705305157e-14
5758.0871021431 1.23720910293469e-14
5759.0675078431 1.24213587007239e-14
5760.0479135431 1.23285272778367e-14
5761.0283192431 1.22079572199927e-14
5762.0087249431 1.21007499539246e-14
5762.9891306431 1.21607698615341e-14
5763.9695363431 1.22463074837126e-14
5764.9499420431 1.21139111518591e-14
5765.9303477431 1.19608141818076e-14
5766.9107534431 1.23018719980195e-14
5767.8911591431 1.25312459790371e-14
5768.8715648431 1.2296388306719e-14
5769.8519705431 1.19609505541121e-14
5770.8323762431 1.20233319895785e-14
5771.8127819431 1.18375361596312e-14
5772.7931876431 1.19006392671687e-14
5773.7735933431 1.18717410441073e-14
5774.7539990431 1.18140716529264e-14
5775.7344047431 1.20299278351388e-14
5776.7148104431 1.16142642039656e-14
5777.6952161431 1.17350079035638e-14
5778.6756218431 1.19795403862055e-14
5779.6560275431 1.17582360880763e-14
5780.6364332431 1.18805332460998e-14
5781.6168389431 1.17912026103835e-14
5782.5972446431 1.18448858645146e-14
5783.5776503431 1.19648833280862e-14
5784.5580560431 1.20015776423942e-14
5785.5384617431 1.20124611687335e-14
5786.5188674431 1.20317836843262e-14
5787.4992731431 1.19102353034282e-14
5788.4796788431 1.18097661844555e-14
5789.4600845431 1.18879176793339e-14
5790.4404902431 1.17819970563127e-14
5791.4208959431 1.1876032113018e-14
5792.4013016431 1.20054130075794e-14
5793.3817073431 1.17189396885544e-14
5794.3621130431 1.17700174693397e-14
5795.3425187431 1.19581875326381e-14
5796.3229244431 1.20984273895832e-14
5797.3033301431 1.21685651057477e-14
5798.2837358431 1.19611191136686e-14
5799.2641415431 1.18600909529507e-14
5800.2445472431 1.19426893708022e-14
5801.2249529431 1.17142818543774e-14
5802.2053586431 1.18368526040428e-14
5803.1857643431 1.20426985508845e-14
5804.1661700431 1.19880547613913e-14
5805.1465757431 1.19375292460876e-14
5806.1269814431 1.18610624997412e-14
5807.1073871431 1.20029837170866e-14
5808.0877928431 1.20920339848974e-14
5809.0681985431 1.20107035753679e-14
5810.0486042431 1.20084326800363e-14
5811.0290099431 1.19722304918707e-14
5812.0094156431 1.20383617421946e-14
5812.9898213431 1.22621080363107e-14
5813.9702270431 1.22042980376606e-14
5814.9506327431 1.19689787323862e-14
5815.9310384431 1.20796986440865e-14
5816.9114441431 1.20645553890555e-14
5817.8918498431 1.22461041958052e-14
5818.8722555431 1.23920750776715e-14
5819.8526612431 1.23917625225139e-14
5820.8330669431 1.23463463099481e-14
5821.8134726431 1.22884499139373e-14
5822.7938783431 1.2391970892619e-14
5823.7742840431 1.22270095320753e-14
5824.7546897431 1.22073058516563e-14
5825.7350954431 1.24019184475515e-14
5826.7155011431 1.2357492416501e-14
5827.6959068431 1.22670191333388e-14
5828.6763125431 1.23976951412765e-14
5829.6567182431 1.24412334817983e-14
5830.6371239431 1.24196248242809e-14
5831.6175296431 1.24047704074849e-14
5832.5979353431 1.22926164690049e-14
5833.5783410431 1.22351308839736e-14
5834.5587467431 1.23473669846495e-14
5835.5391524431 1.24414545573976e-14
5836.5195581431 1.24348400771124e-14
5837.4999638431 1.24124318204928e-14
5838.4803695431 1.24126656015863e-14
5839.4607752431 1.25671601760007e-14
5840.4411809431 1.23790926036889e-14
5841.4215866431 1.24444649124921e-14
5842.4019923431 1.24399239688619e-14
5843.3823980431 1.23191523171765e-14
5844.3628037431 1.22551615191102e-14
5845.3432094431 1.25374826826278e-14
5846.3236151431 1.25755330966843e-14
5847.3040208431 1.2749471312403e-14
5848.2844265431 1.26869839978182e-14
5849.2648322431 1.22461135131677e-14
5850.2452379431 1.24942382625387e-14
5851.2256436431 1.24575134550445e-14
5852.2060493431 1.26260679293505e-14
5853.1864550431 1.26567618622601e-14
5854.1668607431 1.24808949525206e-14
5855.1472664431 1.24306836864403e-14
5856.1276721431 1.23042030326904e-14
5857.1080778431 1.23727085163654e-14
5858.0884835431 1.26701644645845e-14
5859.0688892431 1.25770848610437e-14
5860.0492949431 1.24779244079745e-14
5861.0297006431 1.25383085397513e-14
5862.0101063431 1.27218224629387e-14
5862.9905120431 1.26557809981072e-14
5863.9709177431 1.26905178192741e-14
5864.9513234431 1.25252040930244e-14
5865.9317291431 1.2411513636778e-14
5866.9121348431 1.25143900233868e-14
5867.8925405431 1.24074487256641e-14
5868.8729462431 1.22902651055433e-14
5869.8533519431 1.24271947577305e-14
5870.8337576431 1.25348433279641e-14
5871.8141633431 1.2564972289898e-14
5872.7945690431 1.2936636794626e-14
5873.7749747431 1.24724059883232e-14
5874.7553804431 1.23850311516821e-14
5875.7357861431 1.23944967448677e-14
5876.7161918431 1.27739370120515e-14
5877.6965975431 1.27617160206885e-14
5878.6770032431 1.26601889575647e-14
5879.6574089431 1.26471387209464e-14
5880.6378146431 1.25872280805871e-14
5881.6182203431 1.29249841623706e-14
5882.5986260431 1.25747165569232e-14
5883.5790317431 1.25644843989203e-14
5884.5594374431 1.28063173875591e-14
5885.5398431431 1.27255358553795e-14
5886.5202488431 1.24410530637806e-14
5887.5006545431 1.22323831090927e-14
5888.4810602431 1.23068610220788e-14
5889.4614659431 1.21363719245214e-14
5890.4418716431 1.22149003490613e-14
5891.4222773431 1.25342529459999e-14
5892.4026830431 1.25296984498425e-14
5893.3830887431 1.24845558289186e-14
5894.3634944431 1.24574185873545e-14
5895.3439001431 1.21224509380333e-14
5896.3243058431 1.23525762372751e-14
5897.3047115431 1.27323985163181e-14
5898.2851172431 1.26910150276141e-14
5899.2655229431 1.27489029532954e-14
5900.2459286431 1.2758320265603e-14
5901.2263343431 1.28178378826747e-14
5902.2067400431 1.27717313382568e-14
5903.1871457431 1.26566221018238e-14
5904.1675514431 1.24632521032622e-14
5905.1479571431 1.27884424512732e-14
5906.1283628431 1.29262733465163e-14
5907.1087685431 1.28235146974872e-14
5908.0891742431 1.30918699817704e-14
5909.0695799431 1.28369469459648e-14
5910.0499856431 1.29440957667595e-14
5911.0303913431 1.32298126853626e-14
5912.0107970431 1.28596237120287e-14
5912.9912027431 1.29334180694264e-14
5913.9716084431 1.28995951968096e-14
5914.9520141431 1.29187296710881e-14
5915.9324198431 1.29741518838599e-14
5916.9128255431 1.27912690002182e-14
5917.8932312431 1.28949653147199e-14
5918.8736369431 1.29321119446218e-14
5919.8540426431 1.28331429209987e-14
5920.8344483431 1.2623249003702e-14
5921.8148540431 1.26170351700009e-14
5922.7952597431 1.27770142827489e-14
5923.7756654431 1.29310514593718e-14
5924.7560711431 1.28580363722855e-14
5925.7364768431 1.27294491475958e-14
5926.7168825431 1.27654827762049e-14
5927.6972882431 1.26871229112215e-14
5928.6776939431 1.2944923317949e-14
5929.6580996431 1.30786960783418e-14
5930.6385053431 1.27549134990891e-14
5931.6189110431 1.28622156328473e-14
5932.5993167431 1.29693593714443e-14
5933.5797224431 1.28310295737953e-14
5934.5601281431 1.28199419125157e-14
5935.5405338431 1.28281454266099e-14
5936.5209395431 1.28622783132854e-14
5937.5013452431 1.29884955397887e-14
5938.4817509431 1.29196664895278e-14
5939.4621566431 1.28682676832554e-14
5940.4425623431 1.27002705566288e-14
5941.4229680431 1.26693521599881e-14
5942.4033737431 1.27526578503506e-14
5943.3837794431 1.26118674219898e-14
5944.3641851431 1.26005536029133e-14
5945.3445908431 1.26395399883765e-14
5946.3249965431 1.29007022688717e-14
5947.3054022431 1.29298994945635e-14
5948.2858079431 1.28399098672143e-14
5949.2662136431 1.28324415777183e-14
5950.2466193431 1.26569482095085e-14
5951.2270250431 1.28097529531932e-14
5952.2074307431 1.28840072494813e-14
5953.1878364431 1.2980027751415e-14
5954.1682421431 1.28049562056129e-14
5955.1486478431 1.28478685887867e-14
5956.1290535431 1.28728331908411e-14
5957.1094592431 1.27453504971146e-14
5958.0898649431 1.28908453464645e-14
5959.0702706431 1.26333286957743e-14
5960.0506763431 1.23153415159468e-14
5961.0310820431 1.15110303694531e-14
5962.0114877431 1.18711582854395e-14
5962.9918934431 1.28113597746941e-14
5963.9722991431 1.27028760299745e-14
5964.9527048431 1.27808860703508e-14
5965.9331105431 1.27982985266475e-14
5966.9135162431 1.26960574147491e-14
5967.8939219431 1.27022441433959e-14
5968.8743276431 1.27954008269349e-14
5969.8547333431 1.25151464238087e-14
5970.8351390431 1.26347186768408e-14
5971.8155447431 1.27060532505597e-14
5972.7959504431 1.2719762478811e-14
5973.7763561431 1.26532661572868e-14
5974.7567618431 1.26748468627169e-14
5975.7371675431 1.296629734734e-14
5976.7175732431 1.26473453969855e-14
5977.6979789431 1.26010838455383e-14
5978.6783846431 1.25927329477113e-14
5979.6587903431 1.25524404374433e-14
5980.6391960431 1.26124061349442e-14
5981.6196017431 1.27062031753914e-14
5982.6000074431 1.27588064625147e-14
5983.5804131431 1.26204190666252e-14
5984.5608188431 1.28515125245258e-14
5985.5412245431 1.26773201989229e-14
5986.5216302431 1.24189878555046e-14
5987.5020359431 1.25694429297936e-14
5988.4824416431 1.25531299222624e-14
5989.4628473431 1.28454655563153e-14
5990.4432530431 1.29618665179929e-14
5991.4236587431 1.26801763940211e-14
5992.4040644431 1.23754469738839e-14
5993.3844701431 1.2313650838184e-14
5994.3648758431 1.24278639137589e-14
5995.3452815431 1.25078119655184e-14
5996.3256872431 1.27463516900583e-14
5997.3060929431 1.26533093559671e-14
5998.2864986431 1.24908348841566e-14
5999.2669043431 1.25525852800773e-14
6000.2473100431 1.24675643479967e-14
6001.2277157431 1.25767867054463e-14
6002.2081214431 1.25499484665125e-14
6003.1885271431 1.24068558026011e-14
6004.1689328431 1.22751337089735e-14
6005.1493385431 1.25019428742269e-14
6006.1297442431 1.26074543803346e-14
6007.1101499431 1.25284965100904e-14
6008.0905556431 1.22813644833335e-14
6009.0709613431 1.22643984134e-14
6010.0513670431 1.23809365944151e-14
6011.0317727431 1.24364003118013e-14
6012.0121784431 1.24247688553696e-14
6012.9925841431 1.24118685435829e-14
6013.9729898431 1.23689188909594e-14
6014.9533955431 1.2176380678752e-14
6015.9338012431 1.22826087747331e-14
6016.9142069431 1.22664007992873e-14
6017.8946126431 1.21592011565158e-14
6018.8750183431 1.21834745796853e-14
6019.8554240431 1.24806806531849e-14
6020.8358297431 1.2500591856676e-14
6021.8162354431 1.21181607161554e-14
6022.7966411431 1.20959862406293e-14
6023.7770468431 1.22252561738745e-14
6024.7574525431 1.23253619157128e-14
6025.7378582431 1.24507829312457e-14
6026.7182639431 1.23485545248415e-14
6027.6986696431 1.24298569822837e-14
6028.6790753431 1.25272301958342e-14
6029.6594810431 1.19549476316149e-14
6030.6398867431 1.19820603092236e-14
6031.6202924431 1.22675697047546e-14
6032.6006981431 1.23805190071721e-14
6033.5811038431 1.23315096808439e-14
6034.5615095431 1.21815136984124e-14
6035.5419152431 1.21601557626473e-14
6036.5223209431 1.21701956441712e-14
6037.5027266431 1.2194206487127e-14
6038.4831323431 1.21420275635102e-14
6039.4635380431 1.21353605671824e-14
6040.4439437431 1.21217690765107e-14
6041.4243494431 1.20522344478047e-14
6042.4047551431 1.19476148673905e-14
6043.3851608431 1.18915751676002e-14
6044.3655665431 1.20679909546896e-14
6045.3459722431 1.20008458059278e-14
6046.3263779431 1.18281595049051e-14
6047.3067836431 1.18039758672281e-14
6048.2871893431 1.20750357277119e-14
6049.2675950431 1.18792025573396e-14
6050.2480007431 1.16390068833879e-14
6051.2284064431 1.1702164201034e-14
6052.2088121431 1.17029485535432e-14
6053.1892178431 1.16739749445494e-14
6054.1696235431 1.16516979780366e-14
6055.1500292431 1.18003556484115e-14
6056.1304349431 1.18619925419173e-14
6057.1108406431 1.17783344858488e-14
6058.0912463431 1.16733295054436e-14
6059.0716520431 1.15899052304685e-14
6060.0520577431 1.14833518738357e-14
6061.0324634431 1.15386267028747e-14
6062.0128691431 1.16933542113496e-14
6062.9932748431 1.14763316647688e-14
6063.9736805431 1.11960298277976e-14
6064.9540862431 1.12368686743165e-14
6065.9344919431 1.12930862510257e-14
6066.9148976431 1.11118516934994e-14
6067.8953033431 1.10289729077424e-14
6068.8757090431 1.10669623354267e-14
6069.8561147431 1.08363754032286e-14
6070.8365204431 1.07030930749123e-14
6071.8169261431 1.07052462326642e-14
6072.7973318431 1.08895174033064e-14
6073.7777375431 1.08387767416341e-14
6074.7581432431 1.07605092032419e-14
6075.7385489431 1.06035218108637e-14
6076.7189546431 1.04478346140595e-14
6077.6993603431 1.04755029452816e-14
6078.6797660431 1.07299457134061e-14
6079.6601717431 1.05205642510426e-14
6080.6405774431 1.04756477879156e-14
6081.6209831431 1.03062911734086e-14
6082.6013888431 1.00689178132371e-14
6083.5817945431 1.01873109964066e-14
6084.5622002431 1.01730562789373e-14
6085.5426059431 1.01975431544095e-14
6086.5230116431 9.80352121503865e-15
6087.5034173431 9.92197538458037e-15
6088.4838230431 9.82451577366929e-15
6089.4642287431 9.53709377774338e-15
6090.4446344431 9.54974590887652e-15
6091.4250401431 9.52049108494425e-15
6092.4054458431 9.48233817990108e-15
6093.3858515431 9.15699875409133e-15
6094.3662572431 8.38678576592236e-15
6095.3466629431 7.79403634459854e-15
6096.3270686431 8.41774990234219e-15
6097.3074743431 8.6403408435182e-15
6098.2878800431 8.74937600668646e-15
6099.2682857431 8.66403997834943e-15
6100.2486914431 8.53979040938259e-15
6101.2290971431 8.3350388291087e-15
6102.2095028431 8.14695516317089e-15
6103.1899085431 7.92442520836708e-15
6104.1703142431 7.90390922335163e-15
6105.1507199431 7.81307256305513e-15
6106.1311256431 7.69137849249016e-15
6107.1115313431 7.72348697042173e-15
6108.0919370431 7.42667222614372e-15
6109.0723427431 7.39713364617412e-15
6110.0527484431 7.44984958867944e-15
6111.0331541431 7.27079105879462e-15
6112.0135598431 6.91588171279622e-15
6112.9939655431 7.01105814639798e-15
6113.9743712431 7.11970325089403e-15
6114.9547769431 6.84990546950164e-15
6115.9351826431 6.79108072538072e-15
6116.9155883431 6.76765899383972e-15
6117.8959940431 6.75307859220216e-15
6118.8763997431 6.47362548224402e-15
6119.8568054431 6.62893151422194e-15
6120.8372111431 6.51166488487226e-15
6121.8176168431 6.19801620780052e-15
6122.7980225431 6.3946807410105e-15
6123.7784282431 6.14867865620533e-15
6124.7588339431 6.16931746099812e-15
6125.7392396431 6.20863673040967e-15
6126.7196453431 6.01742708938001e-15
6127.7000510431 5.90854100401047e-15
6128.6804567431 5.97940759202603e-15
6129.6608624431 5.81044484783953e-15
6130.6412681431 5.75403372410181e-15
6131.6216738431 5.7579313462086e-15
6132.6020795431 5.81929591862186e-15
6133.5824852431 5.57906297522044e-15
6134.5628909431 5.353371469941e-15
6135.5432966431 5.40302157669374e-15
6136.5237023431 5.37695667884083e-15
6137.5041080431 5.42141828527515e-15
6138.4845137431 5.34793140083726e-15
6139.4649194431 5.11393092586174e-15
6140.4453251431 5.29754903410163e-15
6141.4257308431 5.18830761841072e-15
6142.4061365431 5.07269143275877e-15
6143.3865422431 5.15471640930498e-15
6144.3669479431 5.12704977214881e-15
6145.3473536431 5.14983877007822e-15
6146.3277593431 5.24035525192065e-15
6147.3081650431 5.01841483204813e-15
6148.2885707431 5.01150219616559e-15
6149.2689764431 5.20852841244404e-15
6150.2493821431 5.09165014770069e-15
6151.2297878431 4.99806655955624e-15
6152.2101935431 5.17377676820057e-15
6153.1905992431 5.11811823323649e-15
6154.1710049431 4.98414557306812e-15
6155.1514106431 4.88748005554509e-15
6156.1318163431 5.01910685796604e-15
6157.1122220431 5.01386499457196e-15
6158.0926277431 4.89339785123108e-15
6159.0730334431 4.97169376522701e-15
6160.0534391431 4.97704404883834e-15
6161.0338448431 5.07396706437733e-15
6162.0142505431 5.14782579627907e-15
6162.9946562431 4.88031161571248e-15
6163.9750619431 4.95740770753861e-15
6164.9554676431 5.15797536856954e-15
6165.9358733431 5.03331075345855e-15
6166.9162790431 5.00658135825852e-15
6167.8966847431 5.23426635557931e-15
6168.8770904431 5.15030972039689e-15
6169.8574961431 5.09632831066837e-15
6170.8379018431 5.12759653191626e-15
6171.8183075431 5.16752481801688e-15
6172.7987132431 5.20233744863256e-15
6173.7791189431 5.15516025456934e-15
6174.7595246431 5.30365868275018e-15
6175.7399303431 5.34604887011199e-15
6176.7203360431 5.40009253676213e-15
6177.7007417431 5.45628004380177e-15
6178.6811474431 5.46877886197145e-15
6179.6615531431 5.37189438643156e-15
6180.6419588431 5.21696189598338e-15
6181.6223645431 5.45605685062017e-15
6182.6027702431 5.46197379927321e-15
6183.5831759431 5.41659443264054e-15
6184.5635816431 5.52161338908939e-15
6185.5439873431 5.6488792423814e-15
6186.5243930431 5.65543993607436e-15
6187.5047987431 5.92382401947778e-15
6188.4852044431 5.79732769561835e-15
6189.4656101431 5.92823917871534e-15
6190.4460158431 5.94686797432431e-15
6191.4264215431 6.11760355846941e-15
6192.4068272431 6.00958398780491e-15
6193.3872329431 6.07720898073132e-15
6194.3676386431 6.14158221417323e-15
6195.3480443431 6.29537502179088e-15
6196.3284500431 6.10587045808404e-15
6197.3088557431 6.25216829466791e-15
6198.2892614431 6.56253937775025e-15
6199.2696671431 6.34872708603958e-15
6200.2500728431 6.51485819908341e-15
6201.2304785431 6.59771326791793e-15
6202.2108842431 6.59186747003246e-15
6203.1912899431 6.58966941953433e-15
6204.1716956431 6.85058478992534e-15
6205.1521013431 6.74336143023126e-15
6206.1325070431 6.88550541724179e-15
6207.1129127431 7.03574830977749e-15
6208.0933184431 6.88215921358366e-15
6209.0737241431 7.03064917143502e-15
6210.0541298431 6.93210197021967e-15
6211.0345355431 7.05152853358484e-15
6212.0149412431 7.25389021039805e-15
6212.9953469431 7.28105794514829e-15
6213.9757526431 7.36024112615646e-15
6214.9561583431 7.3309846081583e-15
6215.9365640431 7.456215888311e-15
6216.9169697431 7.77658492478626e-15
6217.8973754431 7.6417161037597e-15
6218.8777811431 7.79666977003156e-15
6219.8581868431 7.59635071317065e-15
6220.8385925431 7.86692098861093e-15
6221.8189982431 7.69193584016946e-15
6222.7994039431 7.65566080717034e-15
6223.7798096431 7.9977494624791e-15
6224.7602153431 7.93072459239581e-15
6225.7406210431 7.98436041268185e-15
6226.7210267431 8.09681843598996e-15
6227.7014324431 8.08835488278099e-15
6228.6818381431 8.26748879859812e-15
6229.6622438431 8.29246525911381e-15
6230.6426495431 8.24883374496779e-15
6231.6230552431 8.31346151181035e-15
6232.6034609431 8.40147501129365e-15
6233.5838666431 8.40534002263197e-15
6234.5642723431 8.4055915914173e-15
6235.5446780431 8.6221110004274e-15
6236.5250837431 8.59280111935356e-15
6237.5054894431 8.36885492546194e-15
6238.4858951431 8.49302826146352e-15
6239.4663008431 8.47867359410641e-15
6240.4467065431 8.67713595474693e-15
6241.4271122431 8.79752728863903e-15
6242.4075179431 8.75872725042415e-15
6243.3879236431 8.5038635069248e-15
6244.3683293431 8.6816023594778e-15
6245.3487350431 8.77527319201581e-15
6246.3291407431 8.86890929620299e-15
6247.3095464431 8.9639692627745e-15
6248.2899521431 9.10617508319018e-15
6249.2703578431 9.30663474752033e-15
6250.2507635431 8.9159967047738e-15
6251.2311692431 8.96445545968622e-15
6252.2115749431 9.14552908095256e-15
6253.1919806431 9.36873073288354e-15
6254.1723863431 9.16648128793584e-15
6255.1527920431 9.42848382511465e-15
6256.1331977431 9.34050505398219e-15
6257.1136034431 9.3544294286021e-15
6258.0940091431 9.492247618351e-15
6259.0744148431 9.41785102052776e-15
6260.0548205431 9.52435186111784e-15
6261.0352262431 9.5707142094858e-15
6262.0156319431 9.6908743033833e-15
6262.9960376431 9.64155665706236e-15
6263.9764433431 9.64734951538863e-15
6264.9568490431 9.80903285842643e-15
6265.9372547431 9.74777628271395e-15
6266.9176604431 9.89243172241309e-15
6267.8980661431 9.83634967097538e-15
6268.8784718431 9.65806024700666e-15
6269.8588775431 9.83112517175672e-15
6270.8392832431 1.01444612936709e-14
6271.8196889431 1.01111830632392e-14
6272.8000946431 9.81893636764573e-15
6273.7805003431 9.7722089480775e-15
6274.7609060431 9.72061278312845e-15
6275.7413117431 9.4917097524295e-15
6276.7217174431 9.40501677731097e-15
6277.7021231431 9.46323165770986e-15
6278.6825288431 9.59621921856058e-15
6279.6629345431 9.80577008751361e-15
6280.6433402431 9.92814517256817e-15
6281.6237459431 9.99991850935376e-15
6282.6041516431 1.01263517292586e-14
6283.5845573431 1.0007220780392e-14
6284.5649630431 1.01489166869735e-14
6285.5453687431 1.02911784115637e-14
6286.5257744431 1.04030536762041e-14
6287.5061801431 1.05970182918947e-14
6288.4865858431 1.03703065354303e-14
6289.4669915431 1.0435333254791e-14
6290.4473972431 1.04671952461349e-14
6291.4278029431 1.03181487876372e-14
6292.4082086431 1.05079739533146e-14
6293.3886143431 1.05494446864121e-14
6294.3690200431 1.05574415244672e-14
6295.3494257431 1.06889442365614e-14
6296.3298314431 1.05346368564282e-14
6297.3102371431 1.05338957025994e-14
6298.2906428431 1.08344721201962e-14
6299.2710485431 1.07555718481924e-14
6300.2514542431 1.08710546261551e-14
6301.2318599431 1.0840945993012e-14
6302.2122656431 1.07994955887052e-14
6303.1926713431 1.08866086921656e-14
6304.1730770431 1.06935021208505e-14
6305.1534827431 1.05658542556993e-14
6306.1338884431 1.08339147725169e-14
6307.1142941431 1.09061336486327e-14
6308.0946998431 1.08324858279349e-14
6309.0751055431 1.09345024761022e-14
6310.0555112431 1.08538691746883e-14
6311.0359169431 1.10481336400422e-14
6312.0163226431 1.11061909723129e-14
6312.9967283431 1.10994519781846e-14
6313.9771340431 1.10719877819028e-14
6314.9575397431 1.10237517966555e-14
6315.9379454431 1.1178069341184e-14
6316.9183511431 1.11333282138771e-14
6317.8987568431 1.10141184909464e-14
6318.8791625431 1.11516469954273e-14
6319.8595682431 1.09806047853553e-14
6320.8399739431 1.12580292514048e-14
6321.8203796431 1.13596765932071e-14
6322.8007853431 1.12479283835088e-14
6323.7811910431 1.14325112622756e-14
6324.7615967431 1.13158553436809e-14
6325.7420024431 1.13924398276069e-14
6326.7224081431 1.14401184651749e-14
6327.7028138431 1.11571950612318e-14
6328.6832195431 1.10687487279125e-14
6329.6636252431 1.11004523240953e-14
6330.6440309431 1.12203574610757e-14
6331.6244366431 1.13551305673792e-14
6332.6048423431 1.11718843066031e-14
6333.5852480431 1.10382148842299e-14
6334.5656537431 1.09507536502282e-14
6335.5460594431 1.09450268604718e-14
6336.5264651431 1.10095529833607e-14
6337.5068708431 1.09211786478419e-14
6338.4872765431 1.08626944109657e-14
6339.4676822431 1.11221761780935e-14
6340.4480879431 1.12113535008463e-14
6341.4284936431 1.09245278161153e-14
6342.4088993431 1.09713052106274e-14
6343.3893050431 1.12626328754731e-14
6344.3697107431 1.11946957509056e-14
6345.3501164431 1.09193439744781e-14
6346.3305221431 1.08832561357603e-14
6347.3109278431 1.08401845103924e-14
6348.2913335431 1.0959653425405e-14
6349.2717392431 1.10596058542798e-14
6350.2521449431 1.08688641989535e-14
6351.2325506431 1.08414152492648e-14
6352.2129563431 1.08154985821777e-14
6353.1933620431 1.07717298486942e-14
6354.1737677431 1.08090518144161e-14
6355.1541734431 1.08687896600542e-14
6356.1345791431 1.07743556508307e-14
6357.1149848431 1.08472225071512e-14
6358.0953905431 1.08272850456387e-14
6359.0757962431 1.07203030903346e-14
6360.0562019431 1.0879712149909e-14
6361.0366076431 1.09768244773117e-14
6362.0170133431 1.10768412806906e-14
6362.9974190431 1.09558070487915e-14
6363.9778247431 1.09480643206207e-14
6364.9582304431 1.07970425812899e-14
6365.9386361431 1.09297116577525e-14
6366.9190418431 1.07577106063842e-14
6367.8994475431 1.05871579813557e-14
6368.8798532431 1.06730047705599e-14
6369.8602589431 1.08761300475751e-14
6370.8406646431 1.07863962241759e-14
6371.8210703431 1.07738296433704e-14
6372.8014760431 1.09853778160131e-14
6373.7818817431 1.09717261860022e-14
6374.7622874431 1.11135135721419e-14
6375.7426931431 1.09185511516395e-14
6376.7230988431 1.07703644315832e-14
6377.7035045431 1.08946444937362e-14
6378.6839102431 1.07805322150821e-14
6379.6643159431 1.07391521145099e-14
6380.6447216431 1.07558107114835e-14
6381.6251273431 1.0874156460808e-14
6382.6055330431 1.08480102477921e-14
6383.5859387431 1.08999765661391e-14
6384.5663444431 1.0981894816534e-14
6385.5467501431 1.09966518245411e-14
6386.5271558431 1.09196971872171e-14
6387.5075615431 1.08461272935504e-14
6388.4879672431 1.08514500485909e-14
6389.4683729431 1.06542709428655e-14
6390.4487786431 1.07168023031636e-14
6391.4291843431 1.1035965164722e-14
6392.4095900431 1.0863846375774e-14
6393.3899957431 1.11209064757056e-14
6394.3704014431 1.08548635913684e-14
6395.3508071431 1.09039017168167e-14
6396.3312128431 1.11556009452251e-14
6397.3116185431 1.10309176953893e-14
6398.2920242431 1.10732354614341e-14
6399.2724299431 1.09081631395743e-14
6400.2528356431 1.11332409694835e-14
6401.2332413431 1.1135465278003e-14
6402.2136470431 1.12073021422596e-14
6403.1940527431 1.10103517354299e-14
6404.1744584431 1.12939553068296e-14
6405.1548641431 1.10929179660295e-14
6406.1352698431 1.11323075391756e-14
6407.1156755431 1.0978297467607e-14
6408.0960812431 1.10193379079674e-14
6409.0764869431 1.09710248427219e-14
6410.0568926431 1.10566530974257e-14
6411.0372983431 1.10380590301676e-14
6412.0177040431 1.10806266709318e-14
6412.9981097431 1.08865239888708e-14
6413.9785154431 1.07952782116608e-14
6414.9589211431 1.12793668583791e-14
6415.9393268431 1.11139768991641e-14
6416.9197325431 1.10436867170691e-14
6417.9001382431 1.10900888759856e-14
6418.8805439431 1.10618538797218e-14
6419.8609496431 1.06976906987747e-14
6420.8413553431 1.07855322505697e-14
6421.8217610431 1.09231708693338e-14
6422.8021667431 1.08531051509699e-14
6423.7825724431 1.07193374727747e-14
6424.7629781431 1.0876083460763e-14
6425.7433838431 1.10275456572263e-14
6426.7237895431 1.10347200262895e-14
6427.7041952431 1.08136740732093e-14
6428.6846009431 1.1002081305733e-14
6429.6650066431 1.09691672994685e-14
6430.6454123431 9.96236530363724e-15
6431.6258180431 9.12525619439298e-15
6432.6062237431 9.69453687384722e-15
6433.5866294431 1.02307968208857e-14
6434.5670351431 1.06878752809819e-14
6435.5474408431 1.08286250517613e-14
6436.5278465431 1.06914133376026e-14
6437.5082522431 1.07679156593327e-14
6438.4886579431 1.07190511756386e-14
6439.4690636431 1.07254903201036e-14
6440.4494693431 1.08053883969192e-14
6441.4298750431 1.08499050604951e-14
6442.4102807431 1.06208732807882e-14
6443.3906864431 1.06385474702656e-14
6444.3710921431 1.07380713004692e-14
6445.3514978431 1.05895610138271e-14
6446.3319035431 1.08530111303127e-14
6447.3123092431 1.10610754564433e-14
6448.2927149431 1.08473902196747e-14
6449.2731206431 1.08301573343629e-14
6450.2535263431 1.11181629359894e-14
6451.2339320431 1.10472662783042e-14
6452.2143377431 1.07793116406051e-14
6453.1947434431 1.07881961691888e-14
6454.1751491431 1.08638023300607e-14
6455.1555548431 1.08158001259069e-14
6456.1359605431 1.08132200635496e-14
6457.1163662431 1.09354147305864e-14
6458.0967719431 1.09058287167717e-14
6459.0771776431 1.09704937530639e-14
6460.0575833431 1.08618931177976e-14
6461.0379890431 1.09773352381789e-14
6462.0183947431 1.09928257767183e-14
6462.9988004431 1.09354265890476e-14
6463.9792061431 1.08248345793223e-14
6464.9596118431 1.07229907258762e-14
6465.9400175431 1.07917833537204e-14
6466.9204232431 1.0887083877649e-14
6467.9008289431 1.06400467185823e-14
6468.8812346431 1.08947037860425e-14
6469.8616403431 1.1167132451769e-14
6470.8420460431 1.09320443864892e-14
6471.8224517431 1.07570372151911e-14
6472.8028574431 1.08534541285441e-14
6473.7832631431 1.06851224239033e-14
6474.7636688431 1.05464317902188e-14
6475.7440745431 1.06372786149106e-14
6476.7244802431 1.07169954266756e-14
6477.7048859431 1.07795615153245e-14
6478.6852916431 1.08682746640222e-14
6479.6656973431 1.06929185151499e-14
6480.6461030431 1.08055891437277e-14
6481.6265087431 1.05453975629902e-14
6482.6069144431 1.03326305099364e-14
6483.5873201431 1.05750725152643e-14
6484.5677258431 1.06717045749859e-14
6485.5481315431 1.06722898747524e-14
6486.5285372431 1.05807146017259e-14
6487.5089429431 1.06697606343719e-14
6488.4893486431 1.07212898837182e-14
6489.4697543431 1.07390496235232e-14
6490.4501600431 1.04791189289334e-14
6491.4305657431 1.05227063973662e-14
6492.4109714431 1.06663377742321e-14
6493.3913771431 1.05379504493179e-14
6494.3717828431 1.09136959587858e-14
6495.3521885431 1.06429859229092e-14
6496.3325942431 1.07038867447839e-14
6497.3129999431 1.07072935112977e-14
6498.2934056431 1.04861281265719e-14
6499.2738113431 1.06499527689004e-14
6500.2542170431 1.05541694361919e-14
6501.2346227431 1.05963245719109e-14
6502.2150284431 1.06660607944583e-14
6503.1954341431 1.04828213099459e-14
6504.1758398431 1.04512464627711e-14
6505.1562455431 1.04403459957728e-14
6506.1366512431 1.03800457202578e-14
6507.1170569431 1.03804777070609e-14
6508.0974626431 1.05969988101369e-14
6509.0778683431 1.04964255061117e-14
6510.0582740431 1.01440199895054e-14
6511.0386797431 1.03704640835585e-14
6512.0190854431 1.05443150548836e-14
6512.9994911431 1.02768881187106e-14
6513.9798968431 1.04123075111528e-14
6514.9603025431 1.05628091722539e-14
6515.9407082431 1.01980234220905e-14
6516.9211139431 1.02112362890348e-14
6517.9015196431 1.03500387310684e-14
6518.8819253431 1.0167553105879e-14
6519.8623310431 1.01692141374885e-14
6520.8427367431 1.02794910509575e-14
6521.8231424431 1.02829808267002e-14
6522.8035481431 1.0111153417086e-14
6523.7839538431 1.02971889573574e-14
6524.7643595431 1.02997952777361e-14
6525.7447652431 1.03326034048821e-14
6526.7251709431 1.0244570423641e-14
6527.7055766431 1.0132720569989e-14
6528.6859823431 1.01999300932548e-14
6529.6663880431 1.02854897382899e-14
6530.6467937431 1.01366092982499e-14
6531.6271994431 1.00888408751895e-14
6532.6076051431 1.01135395088985e-14
6533.5880108431 1.00272708972865e-14
6534.5684165431 1.02312889470281e-14
6535.5488222431 1.00614097131926e-14
6536.5292279431 1.01822703033375e-14
6537.5096336431 1.01841769745018e-14
6538.4900393431 1.00358775990636e-14
6539.4704450431 9.93717793191769e-15
6540.4508507431 9.84313864004762e-15
6541.4312564431 9.88646183420084e-15
6542.4116621431 1.00384847664752e-14
6543.3920678431 1.01123816148596e-14
6544.3724735431 1.00248678648151e-14
6545.3528792431 9.82020352893482e-15
6546.3332849431 9.66211075856043e-15
6547.3136906431 9.81617504023768e-15
6548.2940963431 1.00538042043592e-14
6549.2745020431 9.69274963432852e-15
6550.2549077431 9.86548760436093e-15
6551.2353134431 9.87633132015168e-15
6552.2157191431 9.79696941519163e-15
6553.1961248431 9.67878629619303e-15
6554.1765305431 9.8512599919459e-15
6555.1569362431 9.80395404887469e-15
6556.1373419431 9.79310101572152e-15
6557.1177476431 9.58368736610595e-15
6558.0981533431 9.65305851745313e-15
6559.0785590431 9.85957023219141e-15
6560.0589647431 9.76023359626921e-15
6561.0393704431 9.6770380201899e-15
6562.0197761431 9.55386841823081e-15
6563.0001818431 9.55344490175718e-15
6563.9805875431 9.54157204093552e-15
6564.9609932431 9.43407339553358e-15
6565.9413989431 9.52170488315767e-15
6566.9218046431 9.63141936674962e-15
6567.9022103431 9.53573683096188e-15
6568.8826160431 9.50416452488593e-15
6569.8630217431 9.53649153731789e-15
6570.8434274431 9.43779356423792e-15
6571.8238331431 9.50490737278067e-15
6572.8042388431 9.51460505299378e-15
6573.7846445431 9.42651447351228e-15
6574.7650502431 9.49316580206583e-15
6575.7454559431 9.4284973776418e-15
6576.7258616431 9.36737039797025e-15
6577.7062673431 9.23737709858808e-15
6578.6866730431 9.28875727013558e-15
6579.6670787431 9.34801145996075e-15
6580.6474844431 9.2874706270887e-15
6581.6278901431 9.15707075189185e-15
6582.6082958431 9.26413741049069e-15
6583.5887015431 9.15447544294146e-15
6584.5691072431 8.91674802299802e-15
6585.5495129431 8.87172991591734e-15
6586.5299186431 8.92319817889136e-15
6587.5103243431 8.79273138809167e-15
6588.4907300431 9.04584939668673e-15
6589.4711357431 9.21812488672994e-15
6590.4515414431 8.92408925755187e-15
6591.4319471431 9.07455364920328e-15
6592.4123528431 8.97863987342094e-15
6593.3927585431 8.6860298006931e-15
6594.3731642431 8.85123341265968e-15
6595.3535699431 9.20973502538738e-15
6596.3339756431 8.83808915538419e-15
6597.3143813431 8.90210875257062e-15
6598.2947870431 8.80513618560421e-15
6599.2751927431 8.84168057508055e-15
6600.2555984431 8.77299128525591e-15
6601.2360041431 8.59870155086413e-15
6602.2164098431 8.6317510824001e-15
6603.1968155431 8.71830429708233e-15
6604.1772212431 8.55074593352238e-15
6605.1576269431 8.37762425756486e-15
6606.1380326431 8.4819914221608e-15
6607.1184383431 8.61462661730546e-15
6608.0988440431 8.67888168965122e-15
6609.0792497431 8.57110098227785e-15
6610.0596554431 8.44269502263883e-15
6611.0400611431 8.42985823832319e-15
6612.0204668431 8.45166256045141e-15
6613.0008725431 8.30033758332559e-15
6613.9812782431 8.16943372352512e-15
6614.9616839431 8.01825020090149e-15
6615.9420896431 8.10478478085888e-15
6616.9224953431 8.20000822478921e-15
6617.9029010431 7.94727646321811e-15
6618.8833067431 8.03428707569186e-15
6619.8637124431 7.98910549125236e-15
6620.8441181431 7.95150146355901e-15
6621.8245238431 7.91847395487967e-15
6622.8049295431 7.87841522570517e-15
6623.7853352431 7.82683430734918e-15
6624.7657409431 7.85826515892294e-15
6625.7461466431 7.74649153823621e-15
6626.7265523431 7.81968365520845e-15
6627.7069580431 7.65933354202964e-15
6628.6873637431 7.73864123688106e-15
6629.6677694431 7.88717947561041e-15
6630.6481751431 7.83877577783957e-15
6631.6285808431 7.71377912581325e-15
6632.6089865431 7.5580817646137e-15
6633.5893922431 7.48409597776988e-15
