2806.32314299388 -5.22642754210851e-17
2810.07062004848 -2.70721755371499e-17
2813.81809710307 -2.87721243401749e-17
2817.56557415767 -5.00169646631214e-17
2821.31305121226 -5.20864845289454e-17
2825.06052826686 -2.02867104019814e-17
2828.80800532146 2.4225208465922e-17
2832.55548237605 -3.06231626451665e-17
2836.30295943065 4.65645278532843e-17
2840.05043648524 3.32524104024964e-18
2843.79791353984 4.37769258802582e-17
2847.54539059444 -6.15359303217745e-18
2851.29286764903 4.13466560056876e-17
2855.04034470363 1.86277252372512e-17
2858.78782175822 -4.87888529163864e-17
2862.53529881282 -5.42621879156416e-17
2866.28277586742 5.48594950359661e-17
2870.03025292201 2.09131408973127e-17
2873.77772997661 -3.75149304152154e-17
2877.5252070312 4.3133710235937e-17
2881.2726840858 -3.30580349526653e-17
2885.02016114039 -4.07263797341137e-17
2888.76763819499 -7.56632859650218e-18
2892.51511524959 1.44778792180809e-17
2896.26259230418 -3.0315372047958e-17
2900.01006935878 1.80204671341576e-17
2903.75754641337 -3.79578293849558e-18
2907.50502346797 -1.9271768062185e-17
2911.25250052257 7.79434837697793e-18
2914.99997757716 2.48905222403076e-18
2918.74745463176 -1.32015875093871e-17
2922.49493168635 -1.06514037429565e-17
2926.24240874095 -8.09471999127247e-18
2929.98988579555 -1.3375084506967e-17
2933.73736285014 2.9985545359231e-17
2937.48483990474 2.55338032318972e-17
2941.23231695933 2.86239696750218e-17
2944.97979401393 3.94918788443273e-17
2948.72727106853 3.26252342038429e-17
2952.47474812312 5.46978507093834e-17
2956.22222517772 4.8570533482954e-17
2959.96970223231 6.35168500450073e-17
2963.71717928691 4.63879644971737e-17
2967.46465634151 2.15570265579301e-17
2971.2121333961 4.21854403078735e-17
2974.9596104507 3.09761503910449e-17
2978.70708750529 1.75924503844079e-18
2982.45456455989 6.31596072820579e-17
2986.20204161449 4.31275990255714e-17
2989.94951866908 4.02327381968767e-17
2993.69699572368 4.7918764791099e-17
2997.44447277827 3.29149691026406e-17
3001.19194983287 6.89704518235695e-17
3004.93942688747 4.54692083733661e-17
3008.68690394206 3.31722057295324e-17
3012.43438099666 3.10331762224743e-17
3016.18185805125 3.31825521046342e-17
3019.92933510585 7.24117812521412e-17
3023.67681216045 5.64321407427193e-17
3027.42428921504 3.90994842140668e-17
3031.17176626964 6.75395484778609e-17
3034.91924332423 1.57237488782062e-17
3038.66672037883 1.45208760663214e-17
3042.41419743342 1.88481275114659e-17
3046.16167448802 2.13107467654323e-17
3049.90915154262 4.46280186299589e-17
3053.65662859721 5.3762670087333e-17
3057.40410565181 4.31816238457385e-17
3061.1515827064 4.11924596133404e-17
3064.899059761 4.36628047342279e-17
3068.6465368156 5.23947780519663e-17
3072.39401387019 3.32249600002785e-17
3076.14149092479 9.88693748290539e-18
3079.88896797938 3.20523785424254e-17
3083.63644503398 3.6145916722938e-17
3087.38392208858 3.28351527909741e-17
3091.13139914317 2.2867603248653e-17
3094.87887619777 8.83916434459672e-18
3098.62635325236 9.29342712159247e-18
3102.37383030696 1.69483401442542e-17
3106.12130736156 -8.25767457194542e-18
3109.86878441615 7.60338794230578e-18
3113.61626147075 2.3494832800456e-17
3117.36373852534 2.32148635959701e-17
3121.11121557994 2.44695311490906e-17
3124.85869263454 4.75800177866463e-17
3128.60616968913 1.45457659309531e-17
3132.35364674373 3.24060975159653e-17
3136.10112379832 5.37256024697233e-17
3139.84860085292 3.98238595113693e-17
3143.59607790752 4.08734325946909e-17
3147.34355496211 4.35118310375472e-17
3151.09103201671 4.7493411976512e-17
3154.8385090713 5.51898941336769e-17
3158.5859861259 6.2189271483974e-17
3162.3334631805 5.64819965725991e-17
3166.08094023509 5.86747332624689e-17
3169.82841728969 5.74963979362749e-17
3173.57589434428 5.04655678703661e-17
3177.32337139888 4.96924319303148e-17
3181.07084845348 4.56519226445117e-17
3184.81832550807 5.43199317398427e-17
3188.56580256267 5.8167069359488e-17
3192.31327961726 6.86012050155707e-17
3196.06075667186 6.32338616312856e-17
3199.80823372646 4.92725385077706e-17
3203.55571078105 6.39100718558804e-17
3207.30318783565 7.15763486857973e-17
3211.05066489024 7.02621439809078e-17
3214.79814194484 5.81818328790608e-17
3218.54561899943 6.22499336013762e-17
3222.29309605403 6.68135155106109e-17
3226.04057310863 6.60615223070165e-17
3229.78805016322 6.80150185114013e-17
3233.53552721782 6.21201787417687e-17
3237.28300427241 6.97693693289528e-17
3241.03048132701 6.63632844119207e-17
3244.77795838161 6.07840702942588e-17
3248.5254354362 5.82721676193965e-17
3252.2729124908 5.91182476545852e-17
3256.02038954539 5.97731364717107e-17
3259.76786659999 7.46362353554188e-17
3263.51534365459 8.42894000166881e-17
3267.26282070918 8.04670447281949e-17
3271.01029776378 7.82504786192386e-17
3274.75777481837 7.84780591668091e-17
3278.50525187297 8.02933698867832e-17
3282.25272892757 7.87932745371959e-17
3286.00020598216 7.28560963550904e-17
3289.74768303676 9.13362310643661e-17
3293.49516009135 8.15760755539468e-17
3297.24263714595 8.8653267438828e-17
3300.99011420055 9.80483451315358e-17
3304.73759125514 1.0732638007629e-16
3308.48506830974 9.4343925946058e-17
3312.23254536433 9.28655689029685e-17
3315.98002241893 9.69806534840769e-17
3319.72749947353 9.45703947628852e-17
3323.47497652812 9.42259766081528e-17
3327.22245358272 1.02623388455338e-16
3330.96993063731 1.03419321493071e-16
3334.71740769191 9.88018206427879e-17
3338.46488474651 9.95042094794088e-17
3342.2123618011 1.07257843199456e-16
3345.9598388557 1.09415037592766e-16
3349.70731591029 1.09746564964832e-16
3353.45479296489 1.1160217592425e-16
3357.20227001948 1.03243165109822e-16
3360.94974707408 9.73008914951431e-17
3364.69722412868 1.08591496574908e-16
3368.44470118327 1.2009729434539e-16
3372.19217823787 1.2038372383046e-16
3375.93965529246 1.03190225550619e-16
3379.68713234706 9.34626609563338e-17
3383.43460940166 1.08098040326128e-16
3387.18208645625 1.0376531459969e-16
3390.92956351085 9.83584915391289e-17
3394.67704056544 9.91513408475385e-17
3398.42451762004 1.13480405310337e-16
3402.17199467464 1.1210524732047e-16
3405.91947172923 1.11464122788737e-16
3409.66694878383 1.16489317801891e-16
3413.41442583842 1.26081463003733e-16
3417.16190289302 1.36465570776369e-16
3420.90937994762 1.28050827840989e-16
3424.65685700221 1.35709038005573e-16
3428.40433405681 1.43564196565283e-16
3432.1518111114 1.5553053541361e-16
3435.899288166 1.66396379940106e-16
3439.6467652206 1.75355315074317e-16
3443.39424227519 1.7634396134244e-16
3447.14171932979 1.97611476340338e-16
3450.88919638438 2.08068799523352e-16
3454.63667343898 2.02027482610848e-16
3458.38415049358 2.03218622692925e-16
3462.13162754817 2.12020750852775e-16
3465.87910460277 2.20746513698474e-16
3469.62658165736 2.24903526410472e-16
3473.37405871196 2.23071579434018e-16
3477.12153576656 2.29233982353309e-16
3480.86901282115 2.37521326239466e-16
3484.61648987575 2.24648516553789e-16
3488.36396693034 2.22272006801589e-16
3492.11144398494 2.29547781590488e-16
3495.85892103953 2.36599516164837e-16
3499.60639809413 2.29056237783284e-16
3503.35387514873 2.3112929798213e-16
3507.10135220332 2.23452585441605e-16
3510.84882925792 2.25494067193386e-16
3514.59630631251 2.2590913980732e-16
3518.34378336711 2.07348689169288e-16
3522.09126042171 1.92208266404693e-16
3525.8387374763 1.86107617481212e-16
3529.5862145309 1.67214560827595e-16
3533.33369158549 1.46688014370087e-16
3537.08116864009 1.37835937736128e-16
3540.82864569469 1.31052858189847e-16
3544.57612274928 1.17781347448919e-16
3548.32359980388 1.061819723901e-16
3552.07107685847 1.0763305232531e-16
3555.81855391307 9.74244524263238e-17
3559.56603096767 8.98482125517221e-17
3563.31350802226 8.1778086294422e-17
3567.06098507686 7.93768670029643e-17
3570.80846213145 7.2400293367794e-17
3574.55593918605 7.23664848417978e-17
3578.30341624065 6.75742371240289e-17
3582.05089329524 6.42452719098664e-17
3585.79837034984 6.73424942036161e-17
3589.54584740443 7.59966562954929e-17
3593.29332445903 8.42265872296933e-17
3597.04080151363 9.33231652178328e-17
3600.78827856822 9.36578491111167e-17
3604.53575562282 9.37966698702378e-17
3608.28323267741 1.00964117086116e-16
3612.03070973201 1.11531514847603e-16
3615.77818678661 1.20249429403651e-16
3619.5256638412 1.2716496372706e-16
3623.2731408958 1.36866177655751e-16
3627.02061795039 1.50696108102045e-16
3630.76809500499 1.67529498265296e-16
3634.51557205958 1.6978210297918e-16
3638.26304911418 1.71717996780129e-16
3642.01052616878 1.87211685223288e-16
3645.75800322337 1.95537423524757e-16
3649.50548027797 2.09884189652665e-16
3653.25295733256 2.22781417710024e-16
3657.00043438716 2.15445305058524e-16
3660.74791144176 2.23853046737199e-16
3664.49538849635 2.4031751434725e-16
3668.24286555095 2.47799965175278e-16
3671.99034260554 2.56393114425173e-16
3675.73781966014 2.63659995368125e-16
3679.48529671474 2.67017528091923e-16
3683.23277376933 2.7850800647746e-16
3686.98025082393 2.99556034062901e-16
3690.72772787852 3.09766751544255e-16
3694.47520493312 3.17079742843273e-16
3698.22268198772 3.18406884652943e-16
3701.97015904231 3.18667797270477e-16
3705.71763609691 3.28457539377046e-16
3709.4651131515 3.36700440503251e-16
3713.2125902061 3.41593114564829e-16
3716.9600672607 3.48763169053998e-16
3720.70754431529 3.52913498146646e-16
3724.45502136989 3.61474010158292e-16
3728.20249842448 3.64039937653321e-16
3731.94997547908 3.60997871762817e-16
3735.69745253368 3.60617130453026e-16
3739.44492958827 3.68287066729973e-16
3743.19240664287 3.59000276905615e-16
3746.93988369746 3.43437925854169e-16
3750.68736075206 3.44001996857482e-16
3754.43483780666 3.37121680575833e-16
3758.18231486125 3.28900219971105e-16
3761.92979191585 3.24637288436031e-16
3765.67726897044 3.15909857994217e-16
3769.42474602504 3.11779698873626e-16
3773.17222307963 3.00420934111386e-16
3776.91970013423 2.88276387471891e-16
3780.66717718883 2.84809508088559e-16
3784.41465424342 2.78749410867428e-16
3788.16213129802 2.62919291525531e-16
3791.90960835261 2.54671519959879e-16
3795.65708540721 2.47039329588644e-16
3799.40456246181 2.35144075333437e-16
3803.1520395164 2.40891458578354e-16
3806.899516571 2.36156517933423e-16
3810.64699362559 2.3439164537848e-16
3814.39447068019 2.28561252904732e-16
3818.14194773479 2.33710683828446e-16
3821.88942478938 2.33301911022057e-16
3825.63690184398 2.19212431151878e-16
3829.38437889857 2.12182348857243e-16
3833.13185595317 2.13478971011032e-16
3836.87933300777 2.12357128811953e-16
3840.62681006236 2.09623700551604e-16
3844.37428711696 2.03799316717827e-16
3848.12176417155 1.95777875002659e-16
3851.86924122615 1.97914621491226e-16
3855.61671828075 1.89769182093515e-16
3859.36419533534 1.90209202474723e-16
3863.11167238994 1.93427424748477e-16
3866.85914944453 1.92705355630723e-16
3870.60662649913 1.94700197630845e-16
3874.35410355373 1.91860347621608e-16
3878.10158060832 1.81589252572982e-16
3881.84905766292 1.90976892257622e-16
3885.59653471751 1.85526023483803e-16
3889.34401177211 1.85726889406311e-16
3893.09148882671 1.86735149781119e-16
3896.8389658813 1.84874774261373e-16
3900.5864429359 1.88715102530216e-16
3904.33391999049 1.88915465526911e-16
3908.08139704509 1.90969216021537e-16
3911.82887409968 1.83290518247542e-16
3915.57635115428 1.87423456694992e-16
3919.32382820888 1.86101966183267e-16
3923.07130526347 1.884151072831e-16
3926.81878231807 1.86770658990455e-16
3930.56625937267 1.90589109986457e-16
3934.31373642726 1.96336188828908e-16
3938.06121348186 1.99696990570486e-16
3941.80869053645 1.99632152845352e-16
3945.55616759105 1.99230156302541e-16
3949.30364464564 1.99186984092011e-16
3953.05112170024 2.02680187671157e-16
3956.79859875484 2.01265033844311e-16
3960.54607580943 2.15471933656803e-16
3964.29355286403 2.27497908918573e-16
3968.04102991862 2.2765627760993e-16
3971.78850697322 2.22029146573744e-16
3975.53598402782 2.14002622660893e-16
3979.28346108241 2.14554477860919e-16
3983.03093813701 2.18912780011897e-16
3986.7784151916 2.23258694306022e-16
3990.5258922462 2.26890559825612e-16
3994.2733693008 2.25050327808143e-16
3998.02084635539 2.23918241804358e-16
4001.76832340999 2.23414151321623e-16
4005.51580046458 2.22884596910912e-16
4009.26327751918 2.22315417240136e-16
4013.01075457378 2.24735231551764e-16
4016.75823162837 2.2947382502628e-16
4020.50570868297 2.28013910802128e-16
4024.25318573756 2.28269211826387e-16
4028.00066279216 2.29147002657538e-16
4031.74813984676 2.25805563559738e-16
4035.49561690135 2.26397374892073e-16
4039.24309395595 2.32198385910463e-16
4042.99057101054 2.37621064369005e-16
4046.73804806514 2.43995331404228e-16
4050.48552511974 2.46827147835357e-16
4054.23300217433 2.4707215211535e-16
4057.98047922893 2.56671550036804e-16
4061.72795628352 2.5881764035757e-16
4065.47543333812 2.52308827432631e-16
4069.22291039272 2.55769407008418e-16
4072.97038744731 2.58137922887178e-16
4076.71786450191 2.65411977140402e-16
4080.4653415565 2.69368997432619e-16
4084.2128186111 2.61802716812592e-16
4087.96029566569 2.70548014355638e-16
4091.70777272029 2.7140383526972e-16
4095.45524977489 2.60246134953335e-16
4099.20272682948 2.52272325606561e-16
4102.95020388408 2.51026525429607e-16
4106.69768093867 2.46171729622639e-16
4110.44515799327 2.36071735229359e-16
4114.19263504787 2.20693587374161e-16
4117.94011210246 2.11955079329583e-16
4121.68758915706 2.06986013484075e-16
4125.43506621165 2.05072976337811e-16
4129.18254326625 1.97452062092687e-16
4132.93002032085 1.91282935849376e-16
4136.67749737544 1.76248511317196e-16
4140.42497443004 1.74508229187503e-16
4144.17245148463 1.69374190440628e-16
4147.91992853923 1.61719619870739e-16
4151.66740559383 1.55096867779505e-16
4155.41488264842 1.47924113372817e-16
4159.16235970302 1.44389325769916e-16
4162.90983675761 1.36169162184389e-16
4166.65731381221 1.34127706902388e-16
4170.40479086681 1.40341474428996e-16
4174.1522679214 1.30739217771346e-16
4177.899744976 1.24595926032927e-16
4181.64722203059 1.18513025096669e-16
4185.39469908519 1.23060771460257e-16
4189.14217613979 1.26349032770837e-16
4192.88965319438 1.30091436090044e-16
4196.63713024898 1.32247637866618e-16
4200.38460730357 1.29572191658487e-16
4204.13208435817 1.30865002164013e-16
4207.87956141276 1.27716911571314e-16
4211.62703846736 1.26660992358333e-16
4215.37451552196 1.39193612436569e-16
4219.12199257655 1.45060453796828e-16
4222.86946963115 1.40664392505247e-16
4226.61694668574 1.45965627614977e-16
4230.36442374034 1.51006744200561e-16
4234.11190079494 1.49463569284672e-16
4237.85937784953 1.56242307787099e-16
4241.60685490413 1.62139668803239e-16
4245.35433195872 1.637604795827e-16
4249.10180901332 1.7784125089539e-16
4252.84928606792 1.8513679860965e-16
4256.59676312251 1.87942026147169e-16
4260.34424017711 1.92427528824023e-16
4264.0917172317 2.04362765681318e-16
4267.8391942863 2.10794075091583e-16
4271.5866713409 2.13292478178849e-16
4275.33414839549 2.20160856589897e-16
4279.08162545009 2.33975355154684e-16
4282.82910250468 2.47362472658022e-16
4286.57657955928 2.50128432277501e-16
4290.32405661388 2.64336007069373e-16
4294.07153366847 2.81234632004451e-16
4297.81901072307 2.95180261857385e-16
4301.56648777766 3.08087455786764e-16
4305.31396483226 3.12756407271149e-16
4309.06144188686 3.24681598847085e-16
4312.80891894145 3.43932910732721e-16
4316.55639599605 3.63472822625355e-16
4320.30387305064 3.74675574506622e-16
4324.05135010524 3.88836721305073e-16
4327.79882715984 3.94885436520975e-16
4331.54630421443 3.98137540112619e-16
4335.29378126903 3.88629992326383e-16
4339.04125832362 3.96219910459594e-16
4342.78873537822 4.3452231681796e-16
4346.53621243282 4.52735404538279e-16
4350.28368948741 4.60587664657123e-16
4354.03116654201 4.74599707187077e-16
4357.7786435966 4.84994230817986e-16
4361.5261206512 4.85359354957812e-16
4365.2735977058 4.95906185700548e-16
4369.02107476039 5.02699178179291e-16
4372.76855181499 5.10218183772949e-16
4376.51602886958 5.16982112433689e-16
4380.26350592418 5.19256713534422e-16
4384.01098297878 5.18652884922148e-16
4387.75846003337 5.33492902158044e-16
4391.50593708797 5.29255037504253e-16
4395.25341414256 5.2766023328325e-16
4399.00089119716 5.25459376988488e-16
4402.74836825175 5.15114669482789e-16
4406.49584530635 5.13586886743739e-16
4410.24332236095 5.12816986734244e-16
4413.99079941554 5.05829706073225e-16
4417.73827647014 4.84395960859428e-16
4421.48575352473 4.64452093660293e-16
4425.23323057933 4.55160036349795e-16
4428.98070763393 4.33581157334442e-16
4432.72818468852 4.2070472128896e-16
4436.47566174312 3.96535959628039e-16
4440.22313879771 3.7754995434335e-16
4443.97061585231 3.5871556795622e-16
4447.71809290691 3.36349530635072e-16
4451.4655699615 3.1889286980643e-16
4455.2130470161 3.0246686278614e-16
4458.96052407069 2.92214190704117e-16
4462.70800112529 2.83630358816642e-16
4466.45547817989 2.73011636152507e-16
4470.20295523448 2.57905756450292e-16
4473.95043228908 2.46194414223758e-16
4477.69790934367 2.35872603077415e-16
4481.44538639827 2.31203281016116e-16
4485.19286345287 2.27243534336601e-16
4488.94034050746 2.14134137760844e-16
4492.68781756206 2.05752429110407e-16
4496.43529461665 2.02116063728285e-16
4500.18277167125 1.92690810486832e-16
4503.93024872585 1.82408677540112e-16
4507.67772578044 1.80425217545218e-16
4511.42520283504 1.91083247832061e-16
4515.17267988963 1.82095037121611e-16
4518.92015694423 1.73514341903019e-16
4522.66763399883 1.74036947996585e-16
4526.41511105342 1.74949096601659e-16
4530.16258810802 1.75573492232684e-16
4533.91006516261 1.73270952279581e-16
4537.65754221721 1.74736438392339e-16
4541.40501927181 1.757259449283e-16
4545.1524963264 1.78027836371802e-16
4548.899973381 1.93991958972933e-16
4552.64745043559 2.02694971043064e-16
4556.39492749019 2.10586697603294e-16
4560.14240454478 2.14289846239351e-16
4563.88988159938 2.15415738314709e-16
4567.63735865398 2.26956760744396e-16
4571.38483570857 2.35879988145924e-16
4575.13231276317 2.43724360270446e-16
4578.87978981776 2.43277259223194e-16
4582.62726687236 2.39710297603187e-16
4586.37474392696 2.39504839173919e-16
4590.12222098155 2.41359206053696e-16
4593.86969803615 2.41269420561287e-16
4597.61717509074 2.41561911625885e-16
4601.36465214534 2.31040941857819e-16
4605.11212919994 2.19659770427147e-16
4608.85960625453 2.21305634853001e-16
4612.60708330913 2.15869178874176e-16
4616.35456036372 2.0804696195518e-16
4620.10203741832 2.1668031880029e-16
4623.84951447292 2.16642864062154e-16
4627.59699152751 2.15529902474131e-16
4631.34446858211 2.23061256219973e-16
4635.0919456367 2.22136852106943e-16
4638.8394226913 2.27162351522562e-16
4642.5868997459 2.37683638927983e-16
4646.33437680049 2.37256443154992e-16
4650.08185385509 2.45321096785359e-16
4653.82933090968 2.55074945870788e-16
4657.57680796428 2.6723172154846e-16
4661.32428501888 2.69844262325368e-16
4665.07176207347 2.79848939042303e-16
4668.81923912807 2.93795415928183e-16
4672.56671618266 3.12413941262662e-16
4676.31419323726 3.14865439900473e-16
4680.06167029186 3.3223001236588e-16
4683.80914734645 3.3900458187802e-16
4687.55662440105 3.52690304965045e-16
4691.30410145564 3.6739874092654e-16
4695.05157851024 3.86691822124388e-16
4698.79905556483 3.94245609008443e-16
4702.54653261943 3.97768577854751e-16
4706.29400967403 4.07580978092659e-16
4710.04148672862 4.13466083600843e-16
4713.78896378322 4.09975513764767e-16
4717.53644083781 3.96519733653143e-16
4721.28391789241 3.99137409567293e-16
4725.03139494701 3.93263394896762e-16
4728.7788720016 3.74796594338961e-16
4732.5263490562 3.59637139802832e-16
4736.27382611079 3.54212793748175e-16
4740.02130316539 3.40085792965411e-16
4743.76878021999 3.20775691699279e-16
4747.51625727458 3.05844697830892e-16
4751.26373432918 2.93687763334543e-16
4755.01121138377 2.80236694843688e-16
4758.75868843837 2.69122563784527e-16
4762.50616549297 2.62910450619144e-16
4766.25364254756 2.54354967865622e-16
4770.00111960216 2.42976377238461e-16
4773.74859665675 2.37902464595951e-16
4777.49607371135 2.42055943592371e-16
4781.24355076595 2.34221418225861e-16
4784.99102782054 2.25525486821773e-16
4788.73850487514 2.27274424569396e-16
4792.48598192973 2.24107130151596e-16
4796.23345898433 2.21228025459209e-16
4799.98093603893 2.18453105819334e-16
4803.72841309352 2.18610706887083e-16
4807.47589014812 2.16850572422688e-16
4811.22336720271 2.16672126403503e-16
4814.97084425731 2.17413042004335e-16
4818.71832131191 2.1880225544717e-16
4822.4657983665 2.16753335687322e-16
4826.2132754211 2.14622981650528e-16
4829.96075247569 2.13282697595286e-16
4833.70822953029 2.23902756983291e-16
4837.45570658488 2.22060883839486e-16
4841.20318363948 2.12711400342142e-16
4844.95066069408 2.10581324238035e-16
4848.69813774867 2.16194241002574e-16
4852.44561480327 2.21971363044873e-16
4856.19309185786 2.20156727304279e-16
4859.94056891246 2.23413860154047e-16
4863.68804596706 2.21802710844141e-16
4867.43552302165 2.19384656772857e-16
4871.18300007625 2.19902617420103e-16
4874.93047713084 2.18137877214058e-16
4878.67795418544 2.23914059579181e-16
4882.42543124004 2.15973363926688e-16
4886.17290829463 2.15939138501663e-16
4889.92038534923 2.21747216951206e-16
4893.66786240382 2.12137164943463e-16
4897.41533945842 2.08863859058358e-16
4901.16281651302 2.18090933059934e-16
4904.91029356761 2.21747150776757e-16
4908.65777062221 2.18118091053805e-16
4912.4052476768 2.13233993200819e-16
4916.1527247314 2.19211835581837e-16
4919.900201786 2.20593743365503e-16
4923.64767884059 2.21192092733399e-16
4927.39515589519 2.20818379150093e-16
4931.14263294978 2.2410083034405e-16
4934.89011000438 2.2663615877386e-16
4938.63758705898 2.36306839811781e-16
4942.38506411357 2.40847386395317e-16
4946.13254116817 2.42522923444105e-16
4949.88001822276 2.48649883328509e-16
4953.62749527736 2.53418467063314e-16
4957.37497233196 2.56137151656425e-16
4961.12244938655 2.62976175081895e-16
4964.86992644115 2.66949183120991e-16
4968.61740349574 2.65703065306682e-16
4972.36488055034 2.67420186379224e-16
4976.11235760493 2.73057561220116e-16
4979.85983465953 2.8115167571518e-16
4983.60731171413 2.89608585009465e-16
4987.35478876872 2.70214151025522e-16
4991.10226582332 2.07935285955041e-16
4994.84974287791 2.59250580072736e-16
4998.59721993251 3.16483749285761e-16
5002.34469698711 3.23460892021193e-16
5006.0921740417 3.26407375537556e-16
5009.8396510963 3.25830890207611e-16
5013.58712815089 3.31602413891524e-16
5017.33460520549 3.3391936663962e-16
5021.08208226009 3.45351293872678e-16
5024.82955931468 3.50691677786439e-16
5028.57703636928 3.56408011979882e-16
5032.32451342387 3.63263631957163e-16
5036.07199047847 3.68738111774386e-16
5039.81946753307 3.67412372863035e-16
5043.56694458766 3.80193861809086e-16
5047.31442164226 3.83786710873542e-16
5051.06189869685 3.95731701844621e-16
5054.80937575145 3.98734804219552e-16
5058.55685280605 3.98753306595493e-16
5062.30432986064 4.03822031161202e-16
5066.05180691524 4.10677968775837e-16
5069.79928396983 4.085458544987e-16
5073.54676102443 4.10409459331558e-16
5077.29423807903 4.19221857765893e-16
5081.04171513362 4.18469216052699e-16
5084.78919218822 4.19246262902686e-16
5088.53666924281 4.16680441286775e-16
5092.28414629741 4.21676215139901e-16
5096.03162335201 4.28476433868475e-16
5099.7791004066 4.16197288399705e-16
5103.5265774612 4.14873481782265e-16
5107.27405451579 4.16489144189594e-16
5111.02153157039 4.1330946191494e-16
5114.76900862499 4.10179966342411e-16
5118.51648567958 4.15191913230874e-16
5122.26396273418 4.15694733164188e-16
5126.01143978877 4.19110287644872e-16
5129.75891684337 4.16397505812613e-16
5133.50639389797 4.11986264102431e-16
5137.25387095256 4.13995346843979e-16
5141.00134800716 4.20173816919489e-16
5144.74882506175 4.23501412322557e-16
5148.49630211635 4.2453590424895e-16
5152.24377917095 4.24759600356364e-16
5155.99125622554 4.34652812831396e-16
5159.73873328014 4.33331494373239e-16
5163.48621033473 4.25796421623363e-16
5167.23368738933 4.22466285121453e-16
5170.98116444393 4.22129907162274e-16
5174.72864149852 4.18323049929738e-16
5178.47611855312 4.14005140662432e-16
5182.22359560771 4.20629441235773e-16
5185.97107266231 4.17370693729449e-16
5189.7185497169 4.177660198878e-16
5193.4660267715 4.27497475539686e-16
5197.2135038261 4.26973876829385e-16
5200.96098088069 4.27771834805258e-16
5204.70845793529 4.39954630276278e-16
5208.45593498988 4.46271749057341e-16
5212.20341204448 4.3602357683785e-16
5215.95088909908 4.44751113158783e-16
5219.69836615367 4.56187010858781e-16
5223.44584320827 4.59900191541307e-16
5227.19332026286 4.58689887338799e-16
5230.94079731746 4.64507680197456e-16
5234.68827437206 4.69626459116392e-16
5238.43575142665 4.81017569949304e-16
5242.18322848125 4.87353111696971e-16
5245.93070553584 4.88042067120443e-16
5249.67818259044 4.94178556125505e-16
5253.42565964504 4.99464676991082e-16
5257.17313669963 5.10781619501551e-16
5260.92061375423 5.04776473542873e-16
5264.66809080882 5.11885250492264e-16
5268.41556786342 5.1885347291197e-16
5272.16304491802 5.10729791673091e-16
5275.91052197261 5.16160384595734e-16
5279.65799902721 5.26670475284384e-16
5283.4054760818 5.22773435512744e-16
5287.1529531364 5.19363069108862e-16
5290.900430191 5.16731814197775e-16
5294.64790724559 5.18576387259099e-16
5298.39538430019 5.20677505424323e-16
5302.14286135478 5.18403274900504e-16
5305.89033840938 5.10136074516625e-16
5309.63781546398 5.10714174503126e-16
5313.38529251857 5.14107017912912e-16
5317.13276957317 5.07532454055443e-16
5320.88024662776 5.02869908257722e-16
5324.62772368236 4.9068592164662e-16
5328.37520073695 4.83970697380347e-16
5332.12267779155 4.8365819516237e-16
5335.87015484615 4.77093266304675e-16
5339.61763190074 4.62346793269892e-16
5343.36510895534 4.51696359809794e-16
5347.11258600993 4.53885887038887e-16
5350.86006306453 4.42752406570838e-16
5354.60754011913 4.3369230393899e-16
5358.35501717372 4.30021607252724e-16
5362.10249422832 4.18700614865977e-16
5365.84997128291 4.17526044865931e-16
5369.59744833751 4.08166621966347e-16
5373.34492539211 3.98499514348672e-16
5377.0924024467 3.9074752175496e-16
5380.8398795013 3.74298962482449e-16
5384.58735655589 3.60223948346822e-16
5388.33483361049 3.56336331816721e-16
5392.08231066509 3.44939715269651e-16
5395.82978771968 3.29613474652252e-16
5399.57726477428 3.18944379997535e-16
5403.32474182887 3.09961913229259e-16
5407.07221888347 3.00759297304035e-16
5410.81969593807 2.87289249981205e-16
5414.56717299266 2.7862566464779e-16
5418.31465004726 2.66080974350056e-16
5422.06212710185 2.53364839289841e-16
5425.80960415645 2.42753316405758e-16
5429.55708121105 2.38698807915268e-16
5433.30455826564 2.37163878335725e-16
5437.05203532024 2.28790401786744e-16
5440.79951237483 2.18162930860451e-16
5444.54698942943 2.19168226619944e-16
5448.29446648403 2.16749338750602e-16
5452.04194353862 2.10197962420063e-16
5455.78942059322 2.10117203122498e-16
5459.53689764781 2.05238055118297e-16
5463.28437470241 2.05274331951241e-16
5467.031851757 2.12675811723468e-16
5470.7793288116 2.14357939747376e-16
5474.5268058662 2.12173150608832e-16
5478.27428292079 2.15072412038385e-16
5482.02175997539 2.13858719704088e-16
5485.76923702998 2.11559012017403e-16
5489.51671408458 2.2027030912855e-16
5493.26419113918 2.25568447274066e-16
5497.01166819377 2.24647457762605e-16
5500.75914524837 2.34564598918397e-16
5504.50662230296 2.43387611734353e-16
5508.25409935756 2.48711452035863e-16
5512.00157641216 2.63426134865344e-16
5515.74905346675 2.73234273468736e-16
5519.49653052135 2.86988209177795e-16
5523.24400757594 2.93956246309043e-16
5526.99148463054 3.04600829947849e-16
5530.73896168514 3.23052119214804e-16
5534.48643873973 3.32501221727679e-16
5538.23391579433 3.41511375885419e-16
5541.98139284892 3.61524699786229e-16
5545.72886990352 3.78390687483059e-16
5549.47634695812 3.84840711027502e-16
5553.22382401271 3.93573303076339e-16
5556.97130106731 4.08309876413551e-16
5560.7187781219 4.18559583880259e-16
5564.4662551765 4.37506599179594e-16
5568.2137322311 4.49004912619894e-16
5571.96120928569 4.57924222494041e-16
5575.70868634029 4.65184830099227e-16
5579.45616339488 4.7031239698499e-16
5583.20364044948 4.76003293720237e-16
5586.95111750408 4.88491312219843e-16
5590.69859455867 4.93997767530825e-16
5594.44607161327 5.03656166591011e-16
5598.19354866786 5.07278873566858e-16
5601.94102572246 5.08954251796968e-16
5605.68850277705 5.2163068218778e-16
5609.43597983165 5.19607596932822e-16
5613.18345688625 5.19250149029081e-16
5616.93093394084 5.248577718377e-16
5620.67841099544 5.16409094644872e-16
5624.42588805003 5.16554307855767e-16
5628.17336510463 5.05623453550568e-16
5631.92084215923 5.01142119864001e-16
5635.66831921382 4.93606067732279e-16
5639.41579626842 4.99583155724579e-16
5643.16327332301 5.02203028630437e-16
5646.91075037761 4.99778979154073e-16
5650.65822743221 4.95881674684637e-16
5654.4057044868 4.8371664043573e-16
5658.1531815414 4.85464492922389e-16
5661.90065859599 4.86020093596229e-16
5665.64813565059 4.73137251864083e-16
5669.39561270519 4.68893669737898e-16
5673.14308975978 4.63718033732379e-16
5676.89056681438 4.53059712277959e-16
5680.63804386897 4.4864227663935e-16
5684.38552092357 4.44774406564832e-16
5688.13299797817 4.45877931676427e-16
5691.88047503276 4.40390137560064e-16
5695.62795208736 4.32767582188604e-16
5699.37542914195 4.18681741913121e-16
5703.12290619655 4.10512082667073e-16
5706.87038325115 4.0341939934368e-16
5710.61786030574 3.94778710369621e-16
5714.36533736034 3.88254412623615e-16
5718.11281441493 3.76906685759469e-16
5721.86029146953 3.65972125685127e-16
5725.60776852413 3.60070847141606e-16
5729.35524557872 3.49684370323696e-16
5733.10272263332 3.3935612702091e-16
5736.85019968791 3.30231782233968e-16
5740.59767674251 3.2424924146707e-16
5744.34515379711 3.23680723540785e-16
5748.0926308517 3.06944755401359e-16
5751.8401079063 2.96778083633262e-16
5755.58758496089 2.99326541073754e-16
5759.33506201549 2.90857482150632e-16
5763.08253907008 2.80587710590986e-16
5766.83001612468 2.80257738318471e-16
5770.57749317928 2.72304522460227e-16
5774.32497023387 2.68744628271374e-16
5778.07244728847 2.71173971703659e-16
5781.81992434306 2.63928081295931e-16
5785.56740139766 2.56274609221896e-16
5789.31487845226 2.47892715283003e-16
5793.06235550685 2.47496250924129e-16
5796.80983256145 2.4838002392547e-16
5800.55730961604 2.40431096171521e-16
5804.30478667064 2.3997128963006e-16
5808.05226372524 2.42769648259772e-16
5811.79974077983 2.42558789995465e-16
5815.54721783443 2.41512254319353e-16
5819.29469488902 2.38802834149102e-16
5823.04217194362 2.44947740544077e-16
5826.78964899822 2.50236958373868e-16
5830.53712605281 2.42198033369273e-16
5834.28460310741 2.36801136476063e-16
5838.032080162 2.4075545685076e-16
5841.7795572166 2.41281887827479e-16
5845.5270342712 2.43651118390288e-16
5849.27451132579 2.41872322731274e-16
5853.02198838039 2.44155235342802e-16
5856.76946543498 2.47884430241987e-16
5860.51694248958 3.17886965242007e-16
5864.26441954418 3.50365755390203e-16
5868.01189659877 3.10577097376982e-16
5871.75937365337 3.07081180645426e-16
5875.50685070796 3.096999947601e-16
5879.25432776256 2.94167422210706e-16
5883.00180481716 2.74279988581681e-16
5886.74928187175 2.65447658403305e-16
5890.49675892635 2.62221204028095e-16
5894.24423598094 2.56536633570174e-16
5897.99171303554 2.60715814722588e-16
5901.73919009013 2.6559753029541e-16
5905.48666714473 2.6386638023968e-16
5909.23414419933 2.68999082262685e-16
5912.98162125392 2.69829889235044e-16
5916.72909830852 2.61610043286872e-16
5920.47657536311 2.64452685857857e-16
5924.22405241771 2.69503093336081e-16
5927.97152947231 2.70975765994001e-16
5931.7190065269 2.71826345891722e-16
5935.4664835815 2.72529806754417e-16
5939.21396063609 2.72360294285848e-16
5942.96143769069 2.78057490828639e-16
5946.70891474529 2.7820431869609e-16
5950.45639179988 2.81230317430376e-16
5954.20386885448 2.85551958936607e-16
5957.95134590907 2.83372410814423e-16
5961.69882296367 2.85364049971214e-16
5965.44630001827 2.91164955110485e-16
5969.19377707286 2.87495343685184e-16
5972.94125412746 2.97650421689815e-16
5976.68873118205 3.01570807807063e-16
5980.43620823665 2.97820701781993e-16
5984.18368529125 3.02507970353862e-16
5987.93116234584 3.0264765138082e-16
5991.67863940044 2.93062203033216e-16
5995.42611645503 2.90376076269016e-16
5999.17359350963 2.90339971489639e-16
6002.92107056423 2.86651116534567e-16
6006.66854761882 2.79943409685701e-16
6010.41602467342 2.77857829281104e-16
6014.16350172801 2.72627586120266e-16
6017.91097878261 2.59738815157489e-16
6021.65845583721 2.58495900186512e-16
6025.4059328918 2.52506027290664e-16
6029.1534099464 2.4829825877628e-16
6032.90088700099 2.42717370445059e-16
6036.64836405559 2.3469795366803e-16
6040.39584111018 2.34059687872495e-16
6044.14331816478 2.28162591554151e-16
6047.89079521938 2.23417565923192e-16
6051.63827227397 2.23873825514186e-16
6055.38574932857 2.22597849788486e-16
6059.13322638316 2.18708658306499e-16
6062.88070343776 2.13376307970847e-16
6066.62818049236 2.17193170780073e-16
6070.37565754695 2.14808084819283e-16
6074.12313460155 2.11274461886685e-16
6077.87061165614 2.11748257706665e-16
6081.61808871074 2.10397676907158e-16
6085.36556576534 2.1170410611429e-16
6089.11304281993 2.1464945143013e-16
6092.86051987453 2.12670769230454e-16
6096.60799692912 2.0512224983254e-16
6100.35547398372 2.08561468296188e-16
6104.10295103832 2.23742588346921e-16
6107.85042809291 2.3021082309973e-16
6111.59790514751 2.26808027052814e-16
6115.3453822021 2.28609613192065e-16
6119.0928592567 2.29936119727024e-16
6122.8403363113 2.39826896982333e-16
6126.58781336589 2.47542043642839e-16
6130.33529042049 2.48039966666927e-16
6134.08276747508 2.5386199469032e-16
6137.83024452968 2.5367461512052e-16
6141.57772158428 2.54177514463172e-16
6145.32519863887 2.57844028924261e-16
6149.07267569347 2.71180059752967e-16
6152.82015274806 2.79493449902252e-16
6156.56762980266 2.80213533786536e-16
6160.31510685726 2.86645213773716e-16
6164.06258391185 2.88723462049363e-16
6167.81006096645 2.960910605037e-16
6171.55753802104 3.0429245701549e-16
6175.30501507564 3.06256144085021e-16
6179.05249213023 3.13173359239434e-16
6182.79996918483 3.17224056081662e-16
6186.54744623943 3.22776118822897e-16
6190.29492329402 3.24992009952474e-16
6194.04240034862 3.3632970477015e-16
6197.78987740321 3.49300929096386e-16
6201.53735445781 3.5341232114324e-16
6205.28483151241 3.5587255480832e-16
6209.032308567 3.61889903335394e-16
6212.7797856216 3.64315885105669e-16
6216.52726267619 3.65647262080075e-16
6220.27473973079 3.65680640472153e-16
6224.02221678539 3.64395373853813e-16
6227.76969383998 3.71793386084912e-16
6231.51717089458 3.82585935791691e-16
6235.26464794917 3.92195815745867e-16
6239.01212500377 3.92475574846477e-16
6242.75960205837 3.9048303571718e-16
6246.50707911296 3.90013514766605e-16
6250.25455616756 3.93214928730312e-16
6254.00203322215 3.95646813261438e-16
6257.74951027675 3.95691732477422e-16
6261.49698733135 3.9225804619771e-16
6265.24446438594 3.9838132678275e-16
6268.99194144054 3.91814518570704e-16
6272.73941849513 3.95647157368573e-16
6276.48689554973 4.0314363717979e-16
6280.23437260433 3.94807880066742e-16
6283.98184965892 3.98563544745529e-16
6287.72932671352 3.92311832789861e-16
6291.47680376811 3.97729084943585e-16
6295.22428082271 3.98204164547876e-16
6298.97175787731 3.8615072688977e-16
6302.7192349319 3.77651333599224e-16
6306.4667119865 3.77266992399408e-16
6310.21418904109 3.76163229059797e-16
6313.96166609569 3.71316056549354e-16
6317.70914315028 3.76102322096933e-16
6321.45662020488 3.66778289292676e-16
6325.20409725948 3.55981742649177e-16
6328.95157431407 3.44774385026259e-16
6332.69905136867 3.44288161644756e-16
6336.44652842326 3.39511266399156e-16
6340.19400547786 3.30653287004346e-16
6343.94148253246 3.26204802314264e-16
6347.68895958705 3.22684559855255e-16
6351.43643664165 3.14933361354931e-16
6355.18391369624 3.06717538813258e-16
6358.93139075084 3.03358788479599e-16
6362.67886780544 2.9935737836699e-16
6366.42634486003 2.89085356876078e-16
6370.17382191463 2.84098847445812e-16
6373.92129896922 2.79857885827808e-16
6377.66877602382 2.78283675095336e-16
6381.41625307842 2.66139657851432e-16
6385.16373013301 2.5558390679297e-16
6388.91120718761 2.42707656035945e-16
6392.6586842422 2.3674885866135e-16
6396.4061612968 2.39865913437466e-16
6400.1536383514 2.34630985125638e-16
6403.90111540599 2.26447773352435e-16
6407.64859246059 2.17321800674048e-16
6411.39606951518 2.06925357984118e-16
6415.14354656978 1.99249757174336e-16
6418.89102362438 1.97077501476433e-16
6422.63850067897 1.9156045825361e-16
6426.38597773357 1.85902860501103e-16
6430.13345478816 1.8569038758024e-16
6433.88093184276 1.78726545909058e-16
6437.62840889736 1.69499273384135e-16
6441.37588595195 1.66183284979423e-16
6445.12336300655 1.64286381163826e-16
6448.87084006114 1.53651551638803e-16
6452.61831711574 1.46887517098945e-16
6456.36579417033 1.5097290258734e-16
6460.11327122493 1.45968658404742e-16
6463.86074827953 1.33608131598586e-16
6467.60822533412 1.27633187658434e-16
6471.35570238872 1.32394426029399e-16
6475.10317944331 1.31518938069073e-16
6478.85065649791 1.3020333708331e-16
6482.59813355251 1.26686231293183e-16
6486.3456106071 1.18471838119609e-16
6490.0930876617 1.07683106678537e-16
6493.84056471629 1.05845018713216e-16
6497.58804177089 1.08322795224726e-16
6501.33551882549 1.02091650287809e-16
6505.08299588008 1.05888971782244e-16
6508.83047293468 1.05279730100042e-16
6512.57794998927 1.01690123583586e-16
6516.32542704387 9.8024012786637e-17
6520.07290409847 9.26436661231226e-17
6523.82038115306 9.53818787961344e-17
6527.56785820766 9.34578699262259e-17
6531.31533526225 9.17369769100909e-17
6535.06281231685 9.33772959171183e-17
6538.81028937145 9.32142089875473e-17
6542.55776642604 9.42439959106167e-17
6546.30524348064 9.14948313662946e-17
6550.05272053523 8.58346726626107e-17
6553.80019758983 8.60361606249388e-17
6557.54767464443 8.92991631483339e-17
6561.29515169902 9.11346703101441e-17
6565.04262875362 9.08611779298545e-17
6568.79010580821 8.53802130166291e-17
6572.53758286281 8.79817357477778e-17
6576.28505991741 8.29874111150847e-17
6580.032536972 8.49573847572716e-17
6583.7800140266 8.90383299401387e-17
6587.52749108119 9.10464200649521e-17
6591.27496813579 9.04012919790546e-17
6595.02244519039 8.59667965674925e-17
6598.76992224498 8.79111342281352e-17
6602.51739929958 8.81967894721518e-17
6606.26487635417 7.95202140943973e-17
6610.01235340877 7.34712606504787e-17
6613.75983046336 7.4720223966095e-17
6617.50730751796 8.37401190027284e-17
6621.25478457256 8.67397670714213e-17
6625.00226162715 8.61315378582886e-17
6628.74973868175 8.74065474370329e-17
6632.49721573634 8.68193418463489e-17
6636.24469279094 8.63475511121731e-17
6639.99216984554 8.95718614352354e-17
6643.73964690013 9.54637961465568e-17
6647.48712395473 1.0487611228323e-16
6651.23460100932 1.05573504948951e-16
6654.98207806392 1.00816402481049e-16
6658.72955511852 1.10688207521828e-16
6662.47703217311 1.14902441279879e-16
6666.22450922771 1.12942354100374e-16
6669.9719862823 1.12480840258128e-16
6673.7194633369 1.13727844810054e-16
6677.4669403915 1.14877996438417e-16
6681.21441744609 1.11326294646351e-16
6684.96189450069 1.1314066568915e-16
6688.70937155528 1.18866343714793e-16
6692.45684860988 1.27283442460557e-16
6696.20432566448 1.33395076342572e-16
6699.95180271907 1.28212161147662e-16
6703.69927977367 1.26130246807539e-16
6707.44675682826 1.27538492021909e-16
6711.19423388286 1.30305960418825e-16
6714.94171093746 1.38113989535954e-16
6718.68918799205 1.38103335449665e-16
6722.43666504665 1.3591722282214e-16
6726.18414210124 1.31211518048779e-16
6729.93161915584 1.30154884151749e-16
6733.67909621044 1.33876257231062e-16
6737.42657326503 1.29862882778073e-16
6741.17405031963 1.2808400770972e-16
6744.92152737422 1.26660026211378e-16
6748.66900442882 1.35487022729164e-16
6752.41648148341 1.42796175910139e-16
6756.16395853801 1.35098869881084e-16
6759.91143559261 1.27905720509213e-16
6763.6589126472 1.32821158581248e-16
6767.4063897018 1.38867584161215e-16
6771.15386675639 1.35909321592929e-16
6774.90134381099 1.36356912331104e-16
6778.64882086559 1.34677669513172e-16
6782.39629792018 1.34976063338622e-16
6786.14377497478 1.35916283144964e-16
6789.89125202937 1.35259064987234e-16
6793.63872908397 1.37042625206576e-16
6797.38620613857 1.3857084469699e-16
6801.13368319316 1.43806408283528e-16
6804.88116024776 1.4501643455335e-16
6808.62863730235 1.42841902454401e-16
6812.37611435695 1.43710984728064e-16
6816.12359141155 1.50573857424955e-16
6819.87106846614 1.45438270195973e-16
6823.61854552074 1.45880461099109e-16
6827.36602257533 1.48023772093017e-16
6831.11349962993 1.52250175332241e-16
6834.86097668453 1.51830271983529e-16
6838.60845373912 1.50199508566938e-16
6842.35593079372 1.54810583878223e-16
6846.10340784831 1.52785076638432e-16
6849.85088490291 1.56123749644263e-16
6853.59836195751 1.57680556496647e-16
6857.3458390121 1.55514124150256e-16
6861.0933160667 1.6276762461962e-16
6864.84079312129 1.63917127738383e-16
6868.58827017589 1.60449679254789e-16
6872.33574723049 1.60253313194814e-16
6876.08322428508 1.66178666002882e-16
6879.83070133968 1.61534450527536e-16
6883.57817839427 1.6189171314282e-16
6887.32565544887 1.71163084320559e-16
6891.07313250346 1.75136926157713e-16
6894.82060955806 1.73365105285624e-16
6898.56808661266 1.77588530674643e-16
6902.31556366725 1.7579773097058e-16
6906.06304072185 1.74644905894477e-16
6909.81051777644 1.77832317344774e-16
6913.55799483104 1.70806576093994e-16
6917.30547188564 1.7615592002815e-16
6921.05294894023 1.80575526188686e-16
6924.80042599483 1.78128950929881e-16
6928.54790304942 1.72543708319914e-16
6932.29538010402 1.72105845225743e-16
6936.04285715862 1.78423771335084e-16
6939.79033421321 1.74704807005715e-16
6943.53781126781 1.82040734368758e-16
6947.2852883224 1.94373891422805e-16
6951.032765377 1.93599729778795e-16
6954.7802424316 1.98354866865562e-16
6958.52771948619 2.0083112798219e-16
6962.27519654079 2.03241571991839e-16
6966.02267359538 2.04203669071022e-16
6969.77015064998 2.08267097877238e-16
6973.51762770458 2.09153081105176e-16
6977.26510475917 2.11058309666457e-16
6981.01258181377 2.14339847653018e-16
6984.76005886836 2.07304299348896e-16
6988.50753592296 2.120948132961e-16
6992.25501297756 2.14163995672235e-16
6996.00249003215 2.17062714471306e-16
6999.74996708675 2.20952342704657e-16
7003.49744414134 2.19827205018018e-16
7007.24492119594 2.16870252703822e-16
7010.99239825054 2.13645135052482e-16
7014.73987530513 2.06316407469491e-16
7018.48735235973 2.14826481316106e-16
7022.23482941432 2.30873096985365e-16
7025.98230646892 2.21889306728108e-16
7029.72978352351 2.1942164828985e-16
7033.47726057811 2.31653955483615e-16
7037.22473763271 2.35281082912656e-16
7040.9722146873 2.26221853783534e-16
7044.7196917419 2.24405735735282e-16
7048.46716879649 2.3021881697317e-16
7052.21464585109 2.23326271653345e-16
7055.96212290569 2.24006730277566e-16
7059.70959996028 2.28844294258013e-16
7063.45707701488 2.23945267449331e-16
7067.20455406947 2.25060148096375e-16
7070.95203112407 2.30708190258446e-16
7074.69950817867 2.28982281219077e-16
7078.44698523326 2.26171905309426e-16
7082.19446228786 2.13399416088439e-16
7085.94193934245 2.22056383976954e-16
7089.68941639705 2.2775193939341e-16
7093.43689345165 2.26789762904889e-16
7097.18437050624 2.20194354095983e-16
7100.93184756084 2.23016734050683e-16
7104.67932461543 2.2432082068232e-16
7108.42680167003 2.21477000206142e-16
7112.17427872463 2.31213392471924e-16
7115.92175577922 2.21057335085447e-16
7119.66923283382 2.13001615005695e-16
7123.41670988841 2.18640617738033e-16
7127.16418694301 2.24546157916069e-16
7130.91166399761 2.23815803757299e-16
7134.6591410522 2.25583190941305e-16
7138.4066181068 2.27077780576735e-16
7142.15409516139 2.23558226331995e-16
7145.90157221599 2.21063330490527e-16
7149.64904927059 2.26571863679208e-16
7153.39652632518 2.30754035916716e-16
7157.14400337978 2.24299936026214e-16
7160.89148043437 2.31039036033688e-16
7164.63895748897 2.3230688553705e-16
7168.38643454356 2.20420313369553e-16
7172.13391159816 2.34369384293835e-16
7175.88138865276 2.32356834011158e-16
7179.62886570735 2.18515720082982e-16
7183.37634276195 2.31523988865771e-16
7187.12381981654 2.3947222840545e-16
7190.87129687114 2.33959605635821e-16
7194.61877392574 2.28564932204097e-16
7198.36625098033 2.41582743342432e-16
7202.11372803493 2.51195005576772e-16
7205.86120508952 2.46499504903447e-16
7209.60868214412 2.36906618547776e-16
7213.35615919872 2.38433448374761e-16
7217.10363625331 2.42152796515934e-16
7220.85111330791 2.42543755160651e-16
7224.5985903625 2.40556165880139e-16
7228.3460674171 2.37883168126621e-16
7232.0935444717 2.44844799571206e-16
7235.84102152629 2.40057475232443e-16
7239.58849858089 2.34032503408844e-16
7243.33597563548 2.33205984540781e-16
7247.08345269008 2.32508849955411e-16
7250.83092974468 2.32374912870626e-16
7254.57840679927 2.25889896277549e-16
7258.32588385387 2.24085451402102e-16
7262.07336090846 2.21496256970803e-16
7265.82083796306 2.22613043441978e-16
7269.56831501766 2.15638163872702e-16
7273.31579207225 2.04822823685685e-16
7277.06326912685 2.07513265023961e-16
7280.81074618144 2.1188084483269e-16
7284.55822323604 2.08955815072694e-16
7288.30570029064 2.01718103826864e-16
7292.05317734523 1.97862674548758e-16
7295.80065439983 1.95075525870708e-16
7299.54813145442 1.9840015665846e-16
7303.29560850902 2.01586707840921e-16
7307.04308556362 1.95423894640046e-16
7310.79056261821 1.89221098837082e-16
7314.53803967281 1.83314526337641e-16
7318.2855167274 1.83898357031426e-16
7322.032993782 1.76400500791669e-16
7325.7804708366 1.68862238433351e-16
7329.52794789119 1.58915054077711e-16
7333.27542494579 1.30046530108949e-16
7337.02290200038 9.63303637911571e-17
7340.77037905498 7.45428698253187e-17
7344.51785610958 5.86319183939632e-17
7348.26533316417 6.44389380523223e-17
7352.01281021877 8.77545787166809e-17
7355.76028727336 1.182053139088e-16
7359.50776432796 1.33067274591985e-16
7363.25524138256 1.21913650621658e-16
7367.00271843715 1.09271743440892e-16
7370.75019549175 1.0356497145533e-16
7374.49767254634 1.04944702099623e-16
7378.24514960094 1.12513649549945e-16
7381.99262665554 1.25988090856188e-16
7385.74010371013 1.29184329977983e-16
7389.48758076473 1.4184978864515e-16
7393.23505781932 1.56261127800396e-16
7396.98253487392 1.61322956988518e-16
7400.73001192852 1.65913518220612e-16
7404.47748898311 1.71867948081573e-16
7408.22496603771 1.81752081422202e-16
7411.9724430923 1.91157058812481e-16
7415.7199201469 2.00224612687287e-16
7419.4673972015 2.01730915200191e-16
7423.21487425609 2.06462719176239e-16
7426.96235131069 2.09329052199968e-16
7430.70982836528 2.11991541450984e-16
7434.45730541988 2.1130933582131e-16
7438.20478247447 2.10896261675736e-16
7441.95225952907 2.06625733313916e-16
7445.69973658367 2.16741913977423e-16
7449.44721363826 2.174578553412e-16
7453.19469069286 2.11108509603472e-16
7456.94216774745 2.1369843195371e-16
7460.68964480205 2.16862669111966e-16
7464.43712185665 2.22481515107137e-16
7468.18459891124 2.22322087624596e-16
7471.93207596584 2.26453967280862e-16
7475.67955302043 2.223124790946e-16
7479.42703007503 2.23736050311359e-16
7483.17450712963 2.1964031513914e-16
7486.92198418422 2.35300591140222e-16
7490.66946123882 2.39339773628323e-16
7494.41693829341 2.41771419931433e-16
7498.16441534801 2.42060099347769e-16
7501.91189240261 2.27089480219319e-16
7505.6593694572 2.25376038446142e-16
7509.4068465118 2.34103812995091e-16
7513.15432356639 2.3084615074973e-16
7516.90180062099 2.28207563709694e-16
7520.64927767559 2.19484077265041e-16
7524.39675473018 2.20933959442724e-16
7528.14423178478 2.17257452639836e-16
7531.89170883937 2.17686832169645e-16
7535.63918589397 2.2160139493538e-16
7539.38666294857 2.20774558429962e-16
7543.13414000316 2.18843707122027e-16
7546.88161705776 2.09170511455044e-16
7550.62909411235 2.16720314637268e-16
7554.37657116695 2.16866136653094e-16
7558.12404822155 2.10573608297281e-16
7561.87152527614 1.95411321494735e-16
7565.61900233074 1.97573849548634e-16
7569.36647938533 1.99119009697993e-16
7573.11395643993 1.98927646426363e-16
7576.86143349453 2.07204759742703e-16
7580.60891054912 2.07259896293614e-16
7584.35638760372 1.84397960886518e-16
7588.10386465831 1.79234620093623e-16
7591.85134171291 1.89384814423918e-16
7595.5988187675 1.96610680443377e-16
7599.3462958221 1.85732527469366e-16
7603.0937728767 1.8436394721973e-16
7606.84124993129 1.90017243633052e-16
7610.58872698589 1.81613141549072e-16
7614.33620404048 1.76853385485765e-16
7618.08368109508 1.753278262082e-16
7621.83115814968 1.73442780853866e-16
7625.57863520427 1.72414310802331e-16
7629.32611225887 1.79932535537491e-16
7633.07358931346 1.71897170718253e-16
7636.82106636806 1.54402472816324e-16
7640.56854342266 1.52765713994653e-16
7644.31602047725 1.63778280509482e-16
7648.06349753185 1.61833334043908e-16
7651.81097458644 1.48568771620126e-16
7655.55845164104 1.47553814391079e-16
7659.30592869564 1.53947748472546e-16
7663.05340575023 1.4434921081893e-16
7666.80088280483 1.12872487117115e-16
7670.54835985942 8.32195047600773e-17
7674.29583691402 1.05801561952555e-16
7678.04331396862 1.26076619034066e-16
7681.79079102321 1.33825924945149e-16
7685.53826807781 1.35790472282517e-16
7689.2857451324 1.32274279699787e-16
7693.033222187 1.30865094808242e-16
7696.7806992416 1.29361664266425e-16
7700.52817629619 1.30632796022457e-16
7704.27565335079 1.30323139305787e-16
7708.02313040538 1.17791723602523e-16
7711.77060745998 1.21299684083797e-16
7715.51808451458 1.16741415982817e-16
7719.26556156917 1.16075595146716e-16
7723.01303862377 1.16266177559849e-16
7726.76051567836 1.13208573908718e-16
7730.50799273296 1.18869493618565e-16
7734.25546978755 1.18505865021287e-16
7738.00294684215 1.00305939398875e-16
7741.75042389675 1.01006515055593e-16
7745.49790095134 1.02711426942293e-16
7749.24537800594 1.0124829663992e-16
7752.99285506053 1.01690130201031e-16
7756.74033211513 1.08199115179537e-16
7760.48780916973 1.06083518044872e-16
7764.23528622432 9.47038156869675e-17
7767.98276327892 9.08423512991128e-17
7771.73024033351 9.65224880689511e-17
7775.47771738811 8.90526302385686e-17
7779.22519444271 8.58904974277906e-17
7782.9726714973 9.33096391604564e-17
7786.7201485519 9.90088209367181e-17
7790.46762560649 9.06155648449303e-17
7794.21510266109 8.44789302560812e-17
7797.96257971569 9.5881390006998e-17
7801.71005677028 9.06968733904219e-17
7805.45753382488 7.95053380782611e-17
7809.20501087947 8.34609422372693e-17
7812.95248793407 8.5174271513883e-17
7816.69996498867 8.40883554231683e-17
7820.44744204326 8.49302069110656e-17
7824.19491909786 8.55963056798525e-17
7827.94239615245 8.31764384286654e-17
7831.68987320705 8.14886524893673e-17
7835.43735026165 7.99576536720949e-17
7839.18482731624 8.17754459339067e-17
7842.93230437084 8.01196354883675e-17
7846.67978142543 8.48896287389362e-17
7850.42725848003 8.52057308469396e-17
7854.17473553463 7.82939618496793e-17
7857.92221258922 7.89972506588065e-17
7861.66968964382 8.39656084377103e-17
7865.41716669841 8.46510698502759e-17
7869.16464375301 8.29846582580062e-17
7872.9121208076 8.21020433095223e-17
7876.6595978622 7.51377847393117e-17
7880.4070749168 7.25356201160077e-17
7884.15455197139 6.80827017378428e-17
7887.90202902599 6.66451875646788e-17
7891.64950608058 7.54030781053697e-17
7895.39698313518 7.83298085487049e-17
7899.14446018978 7.09742803138669e-17
7902.89193724437 6.76277391660489e-17
7906.63941429897 6.97040551477856e-17
7910.38689135356 6.39754058893822e-17
7914.13436840816 6.10388220705904e-17
7917.88184546276 5.76846576262471e-17
7921.62932251735 5.25973214967561e-17
7925.37679957195 5.3044508570792e-17
7929.12427662654 4.9817892068182e-17
7932.87175368114 4.07310450327685e-17
7936.61923073574 3.95659148178732e-17
7940.36670779033 3.91124213188472e-17
7944.11418484493 4.0041490730532e-17
7947.86166189952 3.93690888454775e-17
7951.60913895412 3.55240985867023e-17
7955.35661600872 2.98526935354101e-17
7959.10409306331 2.57246801213275e-17
7962.85157011791 2.78813997129656e-17
7966.5990471725 2.31148938558594e-17
7970.3465242271 2.01953400315188e-17
7974.0940012817 2.10731391344764e-17
7977.84147833629 1.96090675005657e-17
7981.58895539089 1.50096438553891e-17
7985.33643244548 1.24115696402142e-17
7989.08390950008 1.19871110078694e-17
7992.83138655468 1.26305805966386e-17
7996.57886360927 -5.34544046884529e-18
8000.32634066387 -3.68899160530927e-17
8004.07381771846 -3.31506891074386e-17
8007.82129477306 7.44680017080765e-18
8011.56877182765 1.58842632760721e-17
8015.31624888225 2.32562127004304e-17
8019.06372593685 1.62233610051045e-17
8022.81120299144 1.40966366368388e-17
8026.55868004604 2.72539335875074e-17
8030.30615710063 3.1404686196629e-17
8034.05363415523 2.56418098588395e-17
8037.80111120983 1.18399249712135e-17
8041.54858826442 1.99169755574212e-17
8045.29606531902 2.37703964409995e-17
8049.04354237361 3.21061022688495e-17
8052.79101942821 3.32781013915514e-17
8056.53849648281 3.12904591714804e-17
8060.2859735374 3.11320309231193e-17
8064.033450592 2.44690629648639e-17
8067.78092764659 2.7958393684382e-17
8071.52840470119 3.47859987086764e-17
8075.27588175579 3.53484682903226e-17
8079.02335881038 3.43028789088311e-17
8082.77083586498 3.92462558332358e-17
8086.51831291957 4.46778115941121e-17
8090.26578997417 4.32957846964381e-17
8094.01326702877 3.53009153312682e-17
8097.76074408336 2.9577440914777e-17
8101.50822113796 1.58631453550336e-17
8105.25569819255 1.83615236268806e-17
8109.00317524715 3.24858840491298e-17
8112.75065230175 2.99823623682339e-17
8116.49812935634 2.35502936061665e-17
8120.24560641094 3.12248670576274e-17
8123.99308346553 4.07681589724925e-17
8127.74056052013 3.69404832582993e-17
8131.48803757473 3.84597261847061e-17
8135.23551462932 3.72945992785333e-17
8138.98299168392 4.30182622922042e-17
8142.73046873851 5.07305899211832e-17
8146.47794579311 3.83967810488132e-17
8150.2254228477 3.71052477101525e-17
8153.9728999023 4.27857285871257e-17
8157.7203769569 3.60832362848412e-17
8161.46785401149 3.27970363083477e-17
8165.21533106609 2.87452972185486e-17
8168.96280812068 4.65536520825905e-17
8172.71028517528 5.24395880801096e-17
8176.45776222988 4.77944097665302e-17
8180.20523928447 4.65011592009179e-17
8183.95271633907 4.87154158216039e-17
8187.70019339366 5.71552157120988e-17
8191.44767044826 5.07450258772334e-17
8195.19514750286 4.46865664737154e-17
8198.94262455745 4.92321456240985e-17
8202.69010161205 5.89309541115685e-17
8206.43757866664 5.73431577647158e-17
8210.18505572124 3.91232573848716e-17
8213.93253277584 4.8929867358492e-17
8217.68000983043 6.27542027551233e-17
8221.42748688503 6.61314620821691e-17
8225.17496393962 6.34010976988091e-17
8228.92244099422 6.75724040917915e-17
8232.66991804882 7.84381824438391e-17
8236.41739510341 8.72870032949068e-17
8240.16487215801 8.87066834540642e-17
8243.9123492126 9.24467044931063e-17
8247.6598262672 1.01630255559572e-16
8251.4073033218 1.13663192373377e-16
8255.15478037639 1.06675991121697e-16
8258.90225743099 1.09307669549257e-16
8262.64973448558 1.14289904110117e-16
8266.39721154018 1.1116159967767e-16
8270.14468859478 1.12587645818821e-16
8273.89216564937 1.22681525693014e-16
8277.63964270397 1.203983351488e-16
8281.38711975856 1.20432467929597e-16
8285.13459681316 1.35167373670694e-16
8288.88207386776 1.31645053333986e-16
8292.62955092235 1.31636662413852e-16
8296.37702797695 1.31424348311667e-16
8300.12450503154 1.39797361639504e-16
8303.87198208614 1.36557712079162e-16
8307.61945914073 1.31563076426559e-16
8311.36693619533 1.28772764609846e-16
8315.11441324993 1.25255817638397e-16
8318.86189030452 1.31793363509094e-16
8322.60936735912 1.35549689932371e-16
8326.35684441371 1.36227210411056e-16
8330.10432146831 1.32219685779359e-16
8333.85179852291 1.42677128076381e-16
8337.5992755775 1.43487645962674e-16
8341.3467526321 1.30370215808809e-16
8345.09422968669 1.2296088774693e-16
8348.84170674129 1.30336043323343e-16
8352.58918379589 1.2814384264651e-16
8356.33666085048 1.3823257414857e-16
8360.08413790508 1.34202523734432e-16
8363.83161495967 1.3850108359285e-16
8367.57909201427 1.51049717887744e-16
8371.32656906887 1.32239789576966e-16
8375.07404612346 1.25666681557375e-16
8378.82152317806 1.32304044966949e-16
8382.56900023265 1.38316496584797e-16
8386.31647728725 1.45964979105377e-16
8390.06395434185 1.38835277795211e-16
8393.81143139644 1.43963546130133e-16
8397.55890845104 1.53945432366831e-16
8401.30638550563 1.52284255173478e-16
8405.05386256023 1.53365545670207e-16
8408.80133961483 1.40921136132494e-16
8412.54881666942 1.34120493887446e-16
8416.29629372402 1.43086959673954e-16
8420.04377077861 1.4702472320151e-16
8423.79124783321 1.54059755344931e-16
8427.53872488781 1.53302666708763e-16
8431.2862019424 1.46638595291571e-16
8435.033678997 1.47011700069946e-16
8438.78115605159 1.470081266497e-16
8442.52863310619 1.44624073010314e-16
8446.27611016078 1.46611119660344e-16
8450.02358721538 1.51937262832679e-16
8453.77106426998 1.49201280238599e-16
8457.51854132457 1.42789029069647e-16
8461.26601837917 1.70465049762683e-16
8465.01349543376 2.94645995825904e-16
8468.76097248836 3.18593920115609e-16
8472.50844954296 1.90640606942672e-16
8476.25592659755 1.59173055019489e-16
8480.00340365215 1.53551588516138e-16
8483.75088070674 1.57880853318893e-16
8487.49835776134 1.54923795125579e-16
8491.24583481594 1.58292603975487e-16
8494.99331187053 1.61788242774357e-16
8498.74078892513 1.48877779827197e-16
8502.48826597972 1.41523098625306e-16
8506.23574303432 1.61109888497614e-16
8509.98322008892 1.85930719944134e-16
8513.73069714351 1.66240539112701e-16
8517.47817419811 1.56151264980159e-16
8521.2256512527 1.69298791273432e-16
8524.9731283073 1.69316115744181e-16
8528.7206053619 1.66937329590936e-16
8532.46808241649 1.71557232573718e-16
8536.21555947109 1.81802374003445e-16
8539.96303652568 1.5709091568624e-16
8543.71051358028 1.50865025000574e-16
8547.45799063488 1.61361047001365e-16
8551.20546768947 1.54152478982876e-16
8554.95294474407 1.61892520471098e-16
8558.70042179866 1.70487906417369e-16
8562.44789885326 1.77532083869642e-16
8566.19537590786 1.67942056250168e-16
8569.94285296245 1.69019667447532e-16
8573.69033001705 1.56084203793538e-16
8577.43780707164 1.454470581628e-16
8581.18528412624 1.7055164564665e-16
8584.93276118083 1.67731621502334e-16
8588.68023823543 1.66038746747908e-16
8592.42771529003 1.75422032153803e-16
8596.17519234462 1.67516700126858e-16
8599.92266939922 1.54912545469249e-16
8603.67014645381 1.56833192677148e-16
8607.41762350841 1.67862858669599e-16
8611.16510056301 1.46661041664673e-16
8614.9125776176 1.49497265314105e-16
8618.6600546722 1.72737811213734e-16
8622.40753172679 1.69775287010932e-16
8626.15500878139 1.43995270160986e-16
8629.90248583599 1.48630472676378e-16
8633.64996289058 1.54672504272931e-16
8637.39743994518 1.54173919504353e-16
8641.14491699977 1.66984869315101e-16
8644.89239405437 1.63882558206223e-16
8648.63987110897 1.56800899546034e-16
8652.38734816356 1.45482739425703e-16
8656.13482521816 1.431882462856e-16
8659.88230227275 1.52882432487807e-16
8663.62977932735 1.46248854256715e-16
8667.37725638195 1.40726159735948e-16
8671.12473343654 1.45665089737379e-16
8674.87221049114 1.35298822596196e-16
8678.61968754573 1.28180675344826e-16
8682.36716460033 1.51464830206348e-16
8686.11464165493 1.5724976083363e-16
8689.86211870952 1.42100722155774e-16
8693.60959576412 1.33622147346885e-16
8697.35707281871 1.35044514188672e-16
8701.10454987331 1.40719648170166e-16
8704.85202692791 1.3469507339326e-16
8708.5995039825 1.24936261224156e-16
8712.3469810371 1.21952256795208e-16
8716.09445809169 1.24195345623325e-16
8719.84193514629 1.34540026659243e-16
8723.58941220088 1.35588626978165e-16
8727.33688925548 1.19937046299681e-16
8731.08436631008 1.18488792013444e-16
8734.83184336467 1.22947176401097e-16
8738.57932041927 1.14676296717852e-16
8742.32679747386 1.04429441369897e-16
8746.07427452846 1.13611099847121e-16
8749.82175158306 1.1566196513577e-16
8753.56922863765 1.08796432226029e-16
8757.31670569225 1.15904481256481e-16
8761.06418274684 1.14485198144018e-16
8764.81165980144 1.09031907385366e-16
8768.55913685604 1.1020592152004e-16
8772.30661391063 1.100278063731e-16
8776.05409096523 1.14309147639887e-16
8779.80156801982 1.07178248572194e-16
8783.54904507442 1.1343171415076e-16
8787.29652212902 1.16051256184373e-16
8791.04399918361 1.14650329864063e-16
8794.79147623821 1.08095234529491e-16
8798.5389532928 9.84860891116989e-17
8802.2864303474 9.51990321760908e-17
8806.033907402 9.16731384191365e-17
8809.78138445659 1.00122927342709e-16
8813.52886151119 9.88985346000076e-17
8817.27633856578 9.89198229202523e-17
8821.02381562038 9.77718484312614e-17
8824.77129267498 9.69999896580759e-17
8828.51876972957 9.94758007884512e-17
8832.26624678417 9.04165319546603e-17
8836.01372383876 7.93842851586977e-17
8839.76120089336 8.31341132510822e-17
8843.50867794796 9.04353056458428e-17
8847.25615500255 9.88947163343001e-17
8851.00363205715 9.56645694248356e-17
8854.75110911174 9.4328705822787e-17
8858.49858616634 1.04705832191053e-16
8862.24606322093 1.00038303457322e-16
8865.99354027553 9.0174981980905e-17
8869.74101733013 8.68859530467166e-17
8873.48849438472 8.65342821723733e-17
8877.23597143932 9.13825862658936e-17
8880.98344849391 9.51815555041088e-17
8884.73092554851 9.58683999626585e-17
8888.47840260311 9.92229283664713e-17
8892.2258796577 1.0493427300646e-16
8895.9733567123 1.01818561571659e-16
8899.72083376689 9.21429703896218e-17
8903.46831082149 9.26898823583071e-17
8907.21578787609 9.6692225530647e-17
8910.96326493068 9.49771360136898e-17
8914.71074198528 1.04152971139402e-16
8918.45821903987 1.09537301504746e-16
8922.20569609447 9.47511304180056e-17
8925.95317314907 9.15922533901187e-17
8929.70065020366 9.5533960914836e-17
8933.44812725826 1.00095120839237e-16
8937.19560431285 9.9524200780453e-17
8940.94308136745 1.03830939800767e-16
8944.69055842205 1.11818341379367e-16
8948.43803547664 1.14222856158385e-16
8952.18551253124 1.14908529329188e-16
8955.93298958583 1.12894536443523e-16
8959.68046664043 1.19588306953429e-16
8963.42794369503 1.1739651655818e-16
8967.17542074962 1.21334094797279e-16
8970.92289780422 1.16439144334656e-16
8974.67037485881 1.15565522493792e-16
8978.41785191341 1.14458569545739e-16
8982.16532896801 1.12585951752927e-16
8985.9128060226 1.13941230938313e-16
8989.6602830772 1.2064419969663e-16
8993.40776013179 1.31205694697267e-16
8997.15523718639 1.2779493124669e-16
9000.90271424099 1.24903094590315e-16
9004.65019129558 1.20200910297641e-16
9008.39766835018 1.31364023683954e-16
9012.14514540477 1.25212910125663e-16
9015.89262245937 1.21569755245073e-16
9019.64009951396 1.19786645011985e-16
9023.38757656856 1.27816371768167e-16
9027.13505362316 1.38694008581477e-16
9030.88253067775 1.22316454492747e-16
9034.63000773235 1.15686621735469e-16
9038.37748478694 1.26795736771395e-16
9042.12496184154 1.24494083555909e-16
9045.87243889614 1.11561597752121e-16
9049.61991595073 8.69308193231414e-17
9053.36739300533 6.90788257187037e-17
9057.11487005992 1.04434576507139e-16
9060.86234711452 1.14446936077604e-16
9064.60982416912 8.34021925614433e-17
9068.35730122371 1.0354501324151e-16
9072.10477827831 1.14213154984161e-16
9075.8522553329 9.64201161963416e-17
9079.5997323875 8.91219281215658e-17
9083.3472094421 8.76106228203171e-17
9087.09468649669 9.78926366530289e-17
9090.84216355129 1.08167973483836e-16
9094.58964060588 9.06189198894949e-17
9098.33711766048 8.71768426896494e-17
9102.08459471508 9.2968940009758e-17
9105.83207176967 1.11161057047188e-16
9109.57954882427 1.03216562981322e-16
9113.32702587886 1.04975890117439e-16
9117.07450293346 1.05947767780185e-16
9120.82197998806 1.28401128904238e-16
9124.56945704265 1.38102739879624e-16
9128.31693409725 1.2367594237309e-16
9132.06441115184 1.10390508528093e-16
9135.81188820644 1.01685696512948e-16
9139.55936526104 1.05413528218483e-16
9143.30684231563 1.20946008123649e-16
9147.05431937023 1.23174167996071e-16
9150.80179642482 1.14731645026999e-16
9154.54927347942 1.19214831598139e-16
9158.29675053401 9.78785282605012e-17
9162.04422758861 9.54083684280708e-17
9165.79170464321 1.14605635641206e-16
9169.5391816978 1.13321771921184e-16
9173.2866587524 1.00479792911299e-16
9177.03413580699 1.04061570990437e-16
9180.78161286159 1.09846250154812e-16
9184.52908991619 1.27286499720101e-16
9188.27656697078 1.38076098046455e-16
9192.02404402538 1.17000263957542e-16
9195.77152107997 1.04678409499385e-16
9199.51899813457 1.07197359753066e-16
9203.26647518917 1.02698516307293e-16
9207.01395224376 8.915852920931e-17
9210.76142929836 8.76671556521014e-17
9214.50890635295 1.14258802119085e-16
9218.25638340755 1.14137014663137e-16
9222.00386046215 9.96590246028542e-17
9225.75133751674 1.09574802564997e-16
9229.49881457134 8.85635282685333e-17
9233.24629162593 9.32426706180641e-17
9236.99376868053 9.04270139873826e-17
9240.74124573513 6.40783667145879e-17
9244.48872278972 7.01739069706055e-17
9248.23619984432 1.02129316784183e-16
9251.98367689891 1.31232455644444e-16
9255.73115395351 1.30723785889838e-16
9259.47863100811 1.18992247221468e-16
9263.2261080627 9.76113224528669e-17
9266.9735851173 9.75839990228731e-17
9270.72106217189 1.0180215692575e-16
9274.46853922649 1.07684264731395e-16
9278.21601628109 1.0420224463413e-16
9281.96349333568 9.70444787401415e-17
9285.71097039028 1.00180214563212e-16
9289.45844744487 1.18553391510562e-16
9293.20592449947 9.74033890992058e-17
9296.95340155406 1.15160084879633e-16
9300.70087860866 1.50207158333243e-16
9304.44835566326 1.12711894964272e-16
9308.19583271785 8.01624238870936e-17
9311.94330977245 9.08145117084167e-17
9315.69078682704 1.09855971181371e-16
9319.43826388164 1.05699123905496e-16
9323.18574093624 9.18552041806819e-17
9326.93321799083 9.33469681671396e-17
9330.68069504543 8.44232576921339e-17
9334.42817210002 8.1932001445361e-17
9338.17564915462 8.96343168802056e-17
9341.92312620922 1.11426681285491e-16
9345.67060326381 1.18837213722341e-16
9349.41808031841 1.17191865457189e-16
9353.165557373 9.73195593072072e-17
9356.9130344276 1.07690610861054e-16
9360.6605114822 1.17170716103288e-16
9364.40798853679 9.09988869582323e-17
9368.15546559139 7.83485557701078e-17
9371.90294264598 1.01863970478565e-16
9375.65041970058 8.14647039562726e-17
9379.39789675518 8.96398027420281e-17
9383.14537380977 9.66294789181012e-17
9386.89285086437 8.69153477369642e-17
9390.64032791896 9.68384909152811e-17
9394.38780497356 8.99385142048332e-17
9398.13528202816 1.13716555449054e-16
9401.88275908275 9.22721760013025e-17
9405.63023613735 9.88499824067732e-17
9409.37771319194 1.00020032691952e-16
9413.12519024654 1.01189778574665e-16
9416.87266730114 1.02359828859844e-16
9420.62014435573 1.03529574742557e-16
9424.36762141033 1.04699625027736e-16
9428.11509846492 1.08340033668692e-16
9431.86257551952 9.7504788207415e-17
9435.61005257411 9.79844404661324e-17
9439.35752962871 9.24516675767817e-17
9443.10500668331 1.07800328097503e-16
9446.8524837379 1.03493026594372e-16
9450.5999607925 1.09432203244838e-16
9454.34743784709 1.20551740756482e-16
9458.09491490169 8.53072623040469e-17
9461.84239195629 6.75091413185435e-17
9465.58986901088 8.30210674398483e-17
9469.33734606548 9.24183752114876e-17
9473.08482312007 8.2811215027166e-17
9476.83230017467 6.54468940246651e-17
9480.57977722927 7.74527919586067e-17
9484.32725428386 9.293823506542e-17
9488.07473133846 7.63082453060743e-17
9491.82220839305 7.09634210867853e-17
9495.56968544765 7.55863283895523e-17
9499.31716250225 8.05324647884805e-17
9503.06463955684 1.03186506546585e-16
9506.81211661144 1.04136738547061e-16
9510.55959366603 9.43940530911787e-17
9514.30707072063 1.02581632378016e-16
9518.05454777523 9.85650153770263e-17
9521.80202482982 9.33087722751744e-17
9525.54950188442 9.70369083831754e-17
9529.29697893901 9.04166113639991e-17
9533.04445599361 7.1026379457568e-17
9536.79193304821 8.75468438863668e-17
9540.5394101028 1.25292015062003e-16
9544.2868871574 9.70061174120537e-17
9548.03436421199 5.69004639357672e-17
9551.78184126659 8.86265726660996e-17
9555.52931832119 1.2580858604582e-16
9559.27679537578 8.20209531397125e-17
9563.02427243038 8.3527083599049e-17
9566.77174948497 8.36744474795366e-17
9570.51922653957 1.20737810072192e-16
9574.26670359416 1.19704363702093e-16
9578.01418064876 1.09646529050273e-16
9581.76165770336 1.17960547856823e-16
9585.50913475795 1.11089681286492e-16
9589.25661181255 1.23807854519735e-16
9593.00408886714 1.45077685623348e-16
9596.75156592174 8.2296113116117e-17
9600.49904297634 8.43819714534001e-17
9604.24652003093 9.52212667909562e-17
9607.99399708553 1.23968446672579e-16
9611.74147414012 1.26419429149688e-16
9615.48895119472 1.15661647498415e-16
9619.23642824932 9.23565947458973e-17
9622.98390530391 7.67651732590036e-17
9626.73138235851 1.23304214023254e-16
9630.4788594131 1.44521423205019e-16
9634.2263364677 1.33370022696179e-16
9637.9738135223 1.50984258122789e-16
9641.72129057689 1.51005606000038e-16
9645.46876763149 1.28317418226248e-16
9649.21624468608 1.33230169615654e-16
9652.96372174068 1.41601740340503e-16
9656.71119879528 9.87613218799973e-17
9660.45867584987 1.46072539054788e-16
9664.20615290447 1.81988496258714e-16
9667.95362995906 1.36280547016953e-16
9671.70110701366 1.40763363011178e-16
9675.44858406826 1.45918034951253e-16
9679.19606112285 1.41250777532764e-16
9682.94353817745 1.44489116839015e-16
9686.69101523204 1.9137572566177e-16
9690.43849228664 1.54889344707428e-16
9694.18596934124 1.73282598982606e-16
9697.93344639583 1.72444790753543e-16
9701.68092345043 1.87727501818387e-16
9705.42840050502 2.19711849718513e-16
9709.17587755962 1.9010246308848e-16
9712.92335461421 1.55203580695969e-16
9716.67083166881 1.209838334387e-16
9720.41830872341 9.75888959320994e-17
9724.165785778 1.23803950227244e-16
9727.9132628326 1.43888596949191e-16
9731.66073988719 1.47592658792644e-16
9735.40821694179 1.52851211382767e-16
9739.15569399639 1.4959595788735e-16
9742.90317105098 1.5842736162344e-16
9746.65064810558 1.42472609324288e-16
9750.39812516017 1.32769145464331e-16
9754.14560221477 7.99700613812832e-17
9757.89307926937 1.03483914372744e-16
9761.64055632396 1.82306173318604e-16
9765.38803337856 1.13331684853645e-16
9769.13551043315 4.29272658073784e-17
9772.88298748775 9.76296990973554e-17
9776.63046454235 1.51924252936005e-16
9780.37794159694 1.59479720651064e-16
9784.12541865154 1.00676106031715e-16
9787.87289570613 1.20784965984552e-16
9791.62037276073 1.06586245333957e-16
9795.36784981533 1.12551130757861e-16
9799.11532686992 1.56486425329476e-16
9802.86280392452 1.44463613206369e-16
9806.61028097911 9.37935001141305e-17
9810.35775803371 3.27644950230499e-17
9814.10523508831 7.83460874631599e-17
9817.8527121429 1.32685977416822e-16
9821.6001891975 1.07918912710119e-16
9825.34766625209 1.14151890679273e-16
9829.09514330669 1.18154306643507e-16
9832.84262036129 7.85216350414783e-17
9836.59009741588 4.46995565180549e-17
9840.33757447048 8.50046664010852e-17
9844.08505152507 1.38169152556644e-16
9847.83252857967 1.16477949031552e-16
9851.58000563427 -5.2295388165465e-18
9855.32748268886 6.42296944445708e-17
9859.07495974346 1.50163880243594e-16
9862.82243679805 1.4196873059979e-16
9866.56991385265 1.20071618659176e-16
9870.31739090725 8.0127113201105e-17
9874.06486796184 7.83291004821005e-17
9877.81234501644 1.15216028758821e-16
9881.55982207103 1.00541500584995e-16
9885.30729912563 5.97502533472451e-17
9889.05477618023 1.03603299696193e-16
9892.80225323482 1.52494584042193e-16
9896.54973028942 1.22682902121553e-16
9900.29720734401 9.01204740872602e-17
9904.04468439861 4.46046094186236e-17
9907.79216145321 1.22745463445642e-16
9911.5396385078 1.51642296843688e-16
9915.2871155624 9.26818289278633e-17
9919.03459261699 1.34896018725107e-16
9922.78206967159 1.05280471253871e-16
9926.52954672619 4.17177325372013e-17
9930.27702378078 7.03707031644992e-17
9934.02450083538 2.30107908596639e-16
9937.77197788997 1.72914324939008e-16
9941.51945494457 9.02424402142199e-17
9945.26693199917 8.55948498419744e-17
9949.01440905376 1.19983805165348e-17
9952.76188610836 1.09591928512399e-16
9956.50936316295 1.67672223316908e-16
9960.25684021755 7.87814226933792e-17
9964.00431727215 6.33060778074839e-17
9967.75179432674 -1.50670253744819e-17
9971.49927138134 -3.30955823350303e-17
9975.24674843593 1.00017749673461e-16
9978.99422549053 1.01513219429063e-16
9982.74170254513 1.03009079613914e-16
9986.48917959972 1.04504549369516e-16
9990.23665665432 1.06000019125118e-16
9993.98413370891 9.9102398225055e-17
9997.73161076351 8.02657817589934e-17
10001.4790878181 1.79944420468532e-16
10005.2265648727 1.77893039019181e-16
10008.9740419273 1.11942524350369e-16
10012.7215189819 6.26591696289083e-17
10016.4689960365 1.25133461082188e-16
10020.2164730911 1.13270433783647e-16
10023.9639501457 9.89255867147606e-17
10027.7114272003 1.47557903972027e-16
10031.4589042549 8.24404726766198e-17
10035.2063813095 6.81934976178106e-17
10038.9538583641 7.89708205838742e-17
10042.7013354187 7.81672113100565e-17
10046.4488124733 1.37206208444514e-16
10050.1962895279 2.91780516452568e-17
10053.9437665824 1.8779842759283e-16
10057.691243637 2.24765168872494e-16
10061.4387206916 2.35606614879642e-17
10065.1861977462 -1.87901653115831e-17
10068.9336748008 3.62894093981588e-17
10072.6811518554 1.581462128594e-17
10076.42862891 2.4720408411433e-17
10080.1761059646 3.04890038759777e-17
10083.9235830192 1.44423087973798e-16
10087.6710600738 -1.98200548050484e-17
10091.4185371284 3.12140938573295e-17
10095.166014183 5.58747665936463e-17
10098.9134912376 -7.69264982938699e-18
10102.6609682922 1.43951608259533e-16
10106.4084453468 1.45018790363735e-16
10110.1559224014 1.92599294532581e-17
10113.903399456 1.13438516884118e-16
10117.6508765106 1.98713267681369e-16
10121.3983535652 1.36031863437595e-16
10125.1458306198 5.62273440579409e-17
10128.8933076744 4.69800074400799e-17
10132.640784729 3.77350795721627e-17
10136.3882617836 2.84877462630241e-17
10140.1357388382 1.92428183951068e-17
10143.8832158928 9.99548508596828e-18
10147.6306929473 7.50557218051016e-19
10151.3781700019 -8.49437064986624e-18
10155.1256470565 -1.77417006502824e-17
10158.8731241111 1.66241333206089e-16
10162.6206011657 9.060927165483e-17
10166.3680782203 4.50462179866086e-17
10170.1155552749 -1.87659884766394e-17
10173.8630323295 3.87325733641179e-17
10177.6105093841 1.21685269363255e-16
10181.3579864387 9.15908107871304e-17
10185.1054634933 1.66123225049506e-16
10188.8529405479 2.9581189697313e-17
10192.6004176025 -6.71857864909291e-17
10196.3478946571 -3.60841395660701e-17
10200.0953717117 -3.4914248099569e-17
10203.8428487663 -3.4914248099569e-17
