3113.94 1.3329009984365e-15
3117.64000004768 1.17348590375233e-15
3121.34000009536 1.67565700982857e-15
3125.04000014304 1.62220033701088e-15
3128.74000019072 8.67236694749565e-16
3132.4400002384 1.1482198638478e-15
3136.14000028608 9.87639992982041e-16
3139.84000033376 6.79080660434317e-16
3143.54000038144 1.44139077826584e-15
3147.24000042912 1.21938047817517e-15
3150.9400004768 1.011694775772e-15
3154.64000052448 2.67999477505807e-16
3158.34000057216 2.74678438174025e-16
3162.04000061984 4.68597367025037e-16
3165.74000066752 5.77659052912455e-16
3169.4400007152 9.42975522156848e-16
3173.14000076288 5.19481124325885e-16
3176.84000081056 5.56089888306216e-16
3180.54000085824 7.24593805333099e-16
3184.24000090592 8.58912584339542e-16
3187.9400009536 8.33375123314976e-16
3191.64000100128 7.52787773438491e-16
3195.34000104896 7.51238656057082e-16
3199.04000109664 6.51554366049598e-16
3202.74000114432 7.65455045285561e-16
3206.440001192 7.79511451166128e-16
3210.14000123968 6.38047684551799e-16
3213.84000128736 6.41742336388604e-16
3217.54000133504 6.69196897670602e-16
3221.24000138272 5.01593376666651e-16
3224.9400014304 4.2430662301804e-16
3228.64000147808 6.45768760442936e-16
3232.34000152576 4.93747310476234e-16
3236.04000157344 4.15805985647853e-16
3239.74000162112 4.33477157570387e-16
3243.4400016688 6.0124272656506e-16
3247.14000171648 5.55405432745276e-16
3250.84000176416 4.83796367411891e-16
3254.54000181184 4.44804158597104e-16
3258.24000185952 4.09212654716646e-16
3261.9400019072 5.30395990884204e-16
3265.64000195488 5.34037650222246e-16
3269.34000200256 4.9318069837408e-16
3273.04000205024 4.72792350635873e-16
3276.74000209792 4.32907157336444e-16
3280.4400021456 4.57705952691445e-16
3284.14000219328 4.93153063924176e-16
3287.84000224096 4.68982555257801e-16
3291.54000228864 5.23278320088867e-16
3295.24000233632 5.41297516673604e-16
3298.940002384 4.93163598896457e-16
3302.64000243168 5.40893693716e-16
3306.34000247936 4.20358152464635e-16
3310.04000252704 5.01148102034191e-16
3313.74000257472 5.40007750192732e-16
3317.4400026224 5.02964934766492e-16
3321.14000267008 4.02316985962829e-16
3324.84000271776 5.11406994514421e-16
3328.54000276544 5.18566328742851e-16
3332.24000281312 5.34498118508198e-16
3335.9400028608 5.25247936389029e-16
3339.64000290848 5.08675948534236e-16
3343.34000295616 5.19522840698538e-16
3347.04000300384 5.54045627227577e-16
3350.74000305152 5.19880129783601e-16
3354.4400030992 4.79711233386401e-16
3358.14000314688 5.10290446271262e-16
3361.84000319456 5.28453479638354e-16
3365.54000324224 5.76277436296365e-16
3369.24000328992 6.14419276971667e-16
3372.9400033376 5.9393389102144e-16
3376.64000338528 4.09910027530033e-16
3380.34000343296 4.93282448206869e-16
3384.04000348064 4.59262216913347e-16
3387.74000352832 5.91958292551088e-16
3391.440003576 5.77282970283874e-16
3395.14000362368 5.84592176404409e-16
3398.84000367136 6.88129989865867e-16
3402.54000371904 6.9251126778554e-16
3406.24000376672 7.02123450610541e-16
3409.9400038144 7.11674223546866e-16
3413.64000386208 7.43358179153183e-16
3417.34000390976 7.38350679187693e-16
3421.04000395744 8.09749256833685e-16
3424.74000400512 8.33442568313401e-16
3428.4400040528 7.38211659905225e-16
3432.14000410048 7.07918479458741e-16
3435.84000414816 7.95923508612568e-16
3439.54000419584 8.21725508614473e-16
3443.24000424352 8.2033610988318e-16
3446.9400042912 8.36361179151843e-16
3450.64000433888 8.20191637826114e-16
3454.34000438656 8.36616824283237e-16
3458.04000443424 9.25435375643342e-16
3461.74000448192 8.25955802911298e-16
3465.4400045296 8.06558483721378e-16
3469.14000457728 8.65297359877267e-16
3472.84000462496 8.32419617210914e-16
3476.54000467264 8.6450564876938e-16
3480.24000472032 8.62927679328205e-16
3483.940004768 8.8741720177834e-16
3487.64000481568 8.86340940539735e-16
3491.34000486336 8.53729642674852e-16
3495.04000491104 9.18021613893381e-16
3498.74000495872 8.95591122658903e-16
3502.4400050064 9.14193024971791e-16
3506.14000505408 9.39715292342866e-16
3509.84000510176 9.45963430878287e-16
3513.54000514944 9.29812100760924e-16
3517.24000519712 9.75647912273051e-16
3520.9400052448 1.05710220037105e-15
3524.64000529248 1.1082169329687e-15
3528.34000534016 1.15948010809036e-15
3532.04000538784 1.16340017657026e-15
3535.74000543552 1.18898385383001e-15
3539.4400054832 1.19923602298622e-15
3543.14000553088 1.24614343705574e-15
3546.84000557856 1.30235699035851e-15
3550.54000562624 1.33473461300907e-15
3554.24000567392 1.28325883261765e-15
3557.9400057216 1.3293133903884e-15
3561.64000576928 1.28167625743482e-15
3565.34000581696 1.3271936904379e-15
3569.04000586464 1.32406379781867e-15
3572.74000591232 1.31557525713777e-15
3576.44000596 1.34355053192409e-15
3580.14000600768 1.38141491636961e-15
3583.84000605536 1.40769760756908e-15
3587.54000610304 1.37208220147764e-15
3591.24000615072 1.37800105595482e-15
3594.9400061984 1.380370842383e-15
3598.64000624608 1.38423363025983e-15
3602.34000629376 1.3590768576055e-15
3606.04000634144 1.43380909223409e-15
3609.74000638912 1.40767420828391e-15
3613.4400064368 1.37842361951638e-15
3617.14000648448 1.39568075114638e-15
3620.84000653216 1.39339789147441e-15
3624.54000657984 1.37843992490061e-15
3628.24000662752 1.38679569316704e-15
3631.9400066752 1.38564118725993e-15
3635.64000672288 1.4143334754361e-15
3639.34000677056 1.44867727331548e-15
3643.04000681824 1.45726523448857e-15
3646.74000686592 1.51852392778342e-15
3650.4400069136 1.60423910924347e-15
3654.14000696128 1.64972784900546e-15
3657.84000700896 1.73240662910783e-15
3661.54000705664 1.87298678153949e-15
3665.24000710432 1.95847654635645e-15
3668.940007152 2.06891630190949e-15
3672.64000719968 2.19149276904727e-15
3676.34000724736 2.31618067756431e-15
3680.04000729504 2.38536082298188e-15
3683.74000734272 2.41644312049785e-15
3687.4400073904 2.63565249439019e-15
3691.14000743808 2.62691852591281e-15
3694.84000748576 2.67384605701483e-15
3698.54000753344 2.70002509255738e-15
3702.24000758112 2.81334899529583e-15
3705.9400076288 2.86213449316765e-15
3709.64000767648 2.80131731579655e-15
3713.34000772416 2.80044127197085e-15
3717.04000777184 2.81578972073334e-15
3720.74000781952 2.70888442191095e-15
3724.4400078672 2.68711101648531e-15
3728.14000791488 2.66112891610299e-15
3731.84000796256 2.53404242203756e-15
3735.54000801024 2.57458099537668e-15
3739.24000805792 2.56481703483544e-15
3742.9400081056 2.55099917460865e-15
3746.64000815328 2.43657095266522e-15
3750.34000820096 2.4980926496902e-15
3754.04000824864 2.59510439193041e-15
3757.74000829632 2.61962557223695e-15
3761.440008344 2.54513834188836e-15
3765.14000839168 2.51664330650977e-15
3768.84000843936 2.46240185766645e-15
3772.54000848704 2.40010957241771e-15
3776.24000853472 2.2935170405111e-15
3779.9400085824 2.18656642542604e-15
3783.64000863008 2.05028030652048e-15
3787.34000867776 1.95441396458318e-15
3791.04000872544 1.8657425322581e-15
3794.74000877312 1.76060562647135e-15
3798.4400088208 1.72892500605726e-15
3802.14000886848 1.67342486625432e-15
3805.84000891616 1.61814103749028e-15
3809.54000896384 1.57664118763514e-15
3813.24000901152 1.53865313637933e-15
3816.9400090592 1.49213895735557e-15
3820.64000910688 1.40899769726399e-15
3824.34000915456 1.34389707427863e-15
3828.04000920224 1.36144558524249e-15
3831.74000924992 1.37119789908071e-15
3835.4400092976 1.45681133070796e-15
3839.14000934528 1.46998205776305e-15
3842.84000939296 1.53983707668135e-15
3846.54000944064 1.62115456895837e-15
3850.24000948832 1.71645678695279e-15
3853.940009536 1.77135341578082e-15
3857.64000958368 1.8072049323063e-15
3861.34000963136 1.96447269259006e-15
3865.04000967904 2.07202067766118e-15
3868.74000972672 2.17268164959641e-15
3872.4400097744 2.1777901053013e-15
3876.14000982208 2.32375675200279e-15
3879.84000986976 2.40135280502604e-15
3883.54000991744 2.48784270399547e-15
3887.24000996512 2.63479677935522e-15
3890.9400100128 2.71363775905271e-15
3894.64001006048 2.77772088371018e-15
3898.34001010816 2.86025217420061e-15
3902.04001015584 2.93914821103967e-15
3905.74001020352 2.92372818799314e-15
3909.4400102512 3.06709105541477e-15
3913.14001029888 3.08782536317237e-15
3916.84001034656 3.16511330796106e-15
3920.54001039424 3.26684429426691e-15
3924.24001044192 3.33136152330985e-15
3927.9400104896 3.37105602831703e-15
3931.64001053728 3.48373660953203e-15
3935.34001058496 3.48629104914271e-15
3939.04001063264 3.60517974658638e-15
3942.74001068032 3.67729274358382e-15
3946.440010728 3.78710971816239e-15
3950.14001077568 3.87320934670137e-15
3953.84001082336 3.93860113726235e-15
3957.54001087104 4.08592091909708e-15
3961.24001091872 4.07954318452073e-15
3964.9400109664 4.17069578810656e-15
3968.64001101408 4.17019815625004e-15
3972.34001106176 4.21337227260454e-15
3976.04001110944 4.28263585076742e-15
3979.74001115712 4.31372704212934e-15
3983.4400112048 4.30863933873166e-15
3987.14001125248 4.30658401328514e-15
3990.84001130016 4.23768508280606e-15
3994.54001134784 4.13699912339889e-15
3998.24001139552 4.09391055737206e-15
4001.9400114432 4.05838048985006e-15
4005.64001149088 3.95430724568682e-15
4009.34001153856 3.88307728053689e-15
4013.04001158624 3.78756076320681e-15
4016.74001163392 3.68394830496687e-15
4020.4400116816 3.58533927034637e-15
4024.14001172928 3.51074044340697e-15
4027.84001177696 3.40118011981142e-15
4031.54001182464 3.29810912738301e-15
4035.24001187232 3.27073175197833e-15
4038.94001192 3.2375403424237e-15
4042.64001196768 3.20895785089332e-15
4046.34001201536 3.1726362310821e-15
4050.04001206304 3.1422048783861e-15
4053.74001211072 3.1118287945899e-15
4057.4400121584 3.19477936638923e-15
4061.14001220608 3.19697042886554e-15
4064.84001225376 3.17477414224097e-15
4068.54001230144 3.23816481746406e-15
4072.24001234912 3.18177508130827e-15
4075.9400123968 3.15374189064418e-15
4079.64001244448 3.1227383671923e-15
4083.34001249216 3.04247945434111e-15
4087.04001253984 2.95773169038595e-15
4090.74001258752 2.94273285447245e-15
4094.4400126352 2.90880558504489e-15
4098.14001268288 2.85017989366657e-15
4101.84001273056 2.80344146267003e-15
4105.54001277824 2.76610636793743e-15
4109.24001282592 2.72807416508924e-15
4112.9400128736 2.68454937709457e-15
4116.64001292128 2.66056881556662e-15
4120.34001296896 2.68415042457642e-15
4124.04001301664 2.67393266613369e-15
4127.74001306432 2.61065252871021e-15
4131.440013112 2.62367206038422e-15
4135.14001315968 2.55220577304201e-15
4138.84001320736 2.57470889735171e-15
4142.54001325504 2.56971860274297e-15
4146.24001330272 2.55632044734153e-15
4149.9400133504 2.50120020181543e-15
4153.64001339808 2.57897836692235e-15
4157.34001344576 2.4991942160381e-15
4161.04001349344 2.54311943885858e-15
4164.74001354112 2.55081240384378e-15
4168.4400135888 2.59873159876879e-15
4172.14001363648 2.57895867340633e-15
4175.84001368416 2.63349806608885e-15
4179.54001373184 2.68477129972675e-15
4183.24001377952 2.72498355362294e-15
4186.9400138272 2.75278084561122e-15
4190.64001387488 2.80360748112769e-15
4194.34001392256 2.86921695915611e-15
4198.04001397024 2.89600225853066e-15
4201.74001401792 2.86608907824014e-15
4205.4400140656 2.86791972819739e-15
4209.14001411328 2.89456018493796e-15
4212.84001416096 2.93284988580212e-15
4216.54001420864 2.91295117604699e-15
4220.24001425632 2.95038389132676e-15
4223.940014304 2.96749205103716e-15
4227.64001435168 2.93137266034211e-15
4231.34001439936 2.9252327302657e-15
4235.04001444704 2.97188434038515e-15
4238.74001449472 2.92715083637476e-15
4242.4400145424 2.93415812818915e-15
4246.14001459008 2.95882923332736e-15
4249.84001463776 2.95980819165615e-15
4253.54001468544 2.96334751882625e-15
4257.24001473312 2.95009357078409e-15
4260.9400147808 2.93342946809628e-15
4264.64001482848 2.94795460083403e-15
4268.34001487616 2.95381945696082e-15
4272.04001492384 2.94252977832334e-15
4275.74001497152 2.96588057085501e-15
4279.4400150192 3.01556582947506e-15
4283.14001506688 3.03237646886274e-15
4286.84001511456 3.06196121212796e-15
4290.54001516224 3.12278749510324e-15
4294.24001520992 3.12994407647459e-15
4297.9400152576 3.17929200422339e-15
4301.64001530528 3.23017602622204e-15
4305.34001535296 3.28971397208454e-15
4309.04001540064 3.30744321870352e-15
4312.74001544832 3.36755481762955e-15
4316.440015496 3.41691820372964e-15
4320.14001554368 3.41297335953604e-15
4323.84001559136 3.45092212963893e-15
4327.54001563904 3.44651586424731e-15
4331.24001568672 3.45844102935347e-15
4334.9400157344 3.45137508050747e-15
4338.64001578208 3.39934311710706e-15
4342.34001582976 3.34431223355689e-15
4346.04001587744 3.24827288514012e-15
4349.74001592512 3.16920108896451e-15
4353.4400159728 3.1367368571951e-15
4357.14001602048 3.05701009279302e-15
4360.84001606816 2.96054701614439e-15
4364.54001611584 2.88901741308937e-15
4368.24001616352 2.7925621714955e-15
4371.9400162112 2.72168520732633e-15
4375.64001625888 2.66378965834856e-15
4379.34001630656 2.62429907652343e-15
4383.04001635424 2.53064624343555e-15
4386.74001640192 2.46952900464289e-15
4390.4400164496 2.39065244956162e-15
4394.14001649728 2.30692514854966e-15
4397.84001654496 2.21935507081425e-15
4401.54001659264 2.16027261691913e-15
4405.24001664032 2.13682229801616e-15
4408.940016688 2.09146093083361e-15
4412.64001673568 2.0415785252951e-15
4416.34001678336 2.0208891102837e-15
4420.04001683104 1.96325741206899e-15
4423.74001687872 1.92484976186693e-15
4427.4400169264 1.90766685149893e-15
4431.14001697408 1.88439462127312e-15
4434.84001702176 1.88690120352228e-15
4438.54001706944 1.92077680394006e-15
4442.24001711712 1.95306379406526e-15
4445.9400171648 1.95768901747374e-15
4449.64001721248 1.94553917687832e-15
4453.34001726016 1.94530327820251e-15
4457.04001730784 1.9554253219222e-15
4460.74001735552 1.96904772929642e-15
4464.4400174032 2.00086398086119e-15
4468.14001745088 2.00207989665697e-15
4471.84001749856 2.01869275385147e-15
4475.54001754624 2.02977406238392e-15
4479.24001759392 2.10768309408119e-15
4482.9400176416 2.10883209427414e-15
4486.64001768928 2.15700942248983e-15
4490.34001773696 2.22303881710186e-15
4494.04001778464 2.24542060394187e-15
4497.74001783232 2.28582979299829e-15
4501.44001788 2.37515661706631e-15
4505.14001792768 2.44328517107987e-15
4508.84001797536 2.52717827879125e-15
4512.54001802304 2.58533577270797e-15
4516.24001807072 2.64134857920224e-15
4519.9400181184 2.75421508414916e-15
4523.64001816608 2.83717412627796e-15
4527.34001821376 2.92776112361325e-15
4531.04001826144 3.04548451547973e-15
4534.74001830912 3.23952239952028e-15
4538.4400183568 3.38859553955582e-15
4542.14001840448 3.57157583198643e-15
4545.84001845216 3.7563120237167e-15
4549.54001849984 3.91121656207762e-15
4553.24001854752 4.17832204924716e-15
4556.9400185952 4.39917403178246e-15
4560.64001864288 4.62384613290987e-15
4564.34001869056 4.86127200912409e-15
4568.04001873824 5.05618064303441e-15
4571.74001878592 5.2459155997029e-15
4575.4400188336 5.44081915141554e-15
4579.14001888128 5.57609835990505e-15
4582.84001892896 5.76551864383363e-15
4586.54001897664 5.93227274961017e-15
4590.24001902432 6.0717879698689e-15
4593.940019072 6.1803775937069e-15
4597.64001911968 6.24303812652945e-15
4601.34001916736 6.35305965956479e-15
4605.04001921504 6.38956296794319e-15
4608.74001926272 6.40803336839101e-15
4612.4400193104 6.4714803713051e-15
4616.14001935808 6.5473165016222e-15
4619.84001940576 6.58970923008285e-15
4623.54001945344 6.67615021289958e-15
4627.24001950112 6.75738829583779e-15
4630.9400195488 6.80992847900655e-15
4634.64001959648 6.89738674839293e-15
4638.34001964416 6.89080487887629e-15
4642.04001969184 6.94633466483238e-15
4645.74001973952 6.8834496682788e-15
4649.4400197872 6.81083311019422e-15
4653.14001983488 6.68868079480478e-15
4656.84001988256 6.52769328933316e-15
4660.54001993024 6.35285679517392e-15
4664.24001997792 6.10467825921078e-15
4667.9400200256 5.86662981378033e-15
4671.64002007328 5.67537485648799e-15
4675.34002012096 5.42003677453818e-15
4679.04002016864 5.17426550621113e-15
4682.74002021632 4.94826906907069e-15
4686.440020264 4.75881278624185e-15
4690.14002031168 4.51212629881529e-15
4693.84002035936 4.37182079681677e-15
4697.54002040704 4.15822068685939e-15
4701.24002045472 3.93146403764879e-15
4704.9400205024 3.84871908309741e-15
4708.64002055008 3.68632550293334e-15
4712.34002059776 3.56914738852666e-15
4716.04002064544 3.49952000971293e-15
4719.74002069312 3.35976825550368e-15
4723.4400207408 3.27173633305378e-15
4727.14002078848 3.19589956746197e-15
4730.84002083616 3.10351326038847e-15
4734.54002088384 3.08849155458539e-15
4738.24002093152 3.05514174986962e-15
4741.9400209792 3.00006364423264e-15
4745.64002102688 2.91539507785805e-15
4749.34002107456 2.84125682508372e-15
4753.04002112224 2.74888407053738e-15
4756.74002116992 2.70430515003986e-15
4760.4400212176 2.66606351829546e-15
4764.14002126528 2.65676669642463e-15
4767.84002131296 2.62026254101329e-15
4771.54002136064 2.63384767893783e-15
4775.24002140832 2.68276361988353e-15
4778.940021456 2.69763963601968e-15
4782.64002150368 2.74444646492671e-15
4786.34002155136 2.80485791351608e-15
4790.04002159904 2.85072813574168e-15
4793.74002164672 2.97514965239682e-15
4797.4400216944 3.06776508188255e-15
4801.14002174208 3.16140351541033e-15
4804.84002178976 3.30829215747491e-15
4808.54002183744 3.51490742199099e-15
4812.24002188512 3.60858566606729e-15
4815.9400219328 3.75608332482094e-15
4819.64002198048 3.85697596026724e-15
4823.34002202816 3.99135096108556e-15
4827.04002207584 4.01896254110016e-15
4830.74002212352 3.9918625689857e-15
4834.4400221712 4.00116214371361e-15
4838.14002221888 3.94544092831143e-15
4841.84002226656 3.84502601944738e-15
4845.54002231424 3.73731815690747e-15
4849.24002236192 3.66523988826087e-15
4852.9400224096 3.611922552363e-15
4856.64002245728 3.5253028455944e-15
4860.34002250496 3.52490812824098e-15
4864.04002255264 3.47360546020816e-15
4867.74002260032 3.44647075974287e-15
4871.440022648 3.5020657672359e-15
4875.14002269568 3.45794085639811e-15
4878.84002274336 3.54125311126591e-15
4882.54002279104 3.61147997764806e-15
4886.24002283872 3.68374628760895e-15
4889.9400228864 3.83930346485573e-15
4893.64002293408 3.97299745118446e-15
4897.34002298176 4.11764611462002e-15
4901.04002302944 4.25969904558872e-15
4904.74002307712 4.4711104224104e-15
4908.4400231248 4.60860377502403e-15
4912.14002317248 4.82869427493975e-15
4915.84002322016 5.00282053197271e-15
4919.54002326784 5.25835724314865e-15
4923.24002331552 5.51819603466369e-15
4926.9400233632 5.70935315965062e-15
4930.64002341088 5.94354887572049e-15
4934.34002345856 6.15178091437464e-15
4938.04002350624 6.35224100222127e-15
4941.74002355392 6.51175594091409e-15
4945.4400236016 6.66912492163505e-15
4949.14002364928 6.71382496784403e-15
4952.84002369696 6.79753003424112e-15
4956.54002374464 6.85502705421721e-15
4960.24002379232 6.83593959026731e-15
4963.94002384 6.79403771739959e-15
4967.64002388768 6.69982774839065e-15
4971.34002393536 6.53585487529642e-15
4975.04002398304 6.33401920594346e-15
4978.74002403072 6.11461649678091e-15
4982.4400240784 5.84790911509659e-15
4986.14002412608 5.57820874249313e-15
4989.84002417376 5.35667278085293e-15
4993.54002422144 5.11507272627464e-15
4997.24002426912 4.93828382117198e-15
5000.9400243168 4.73349920661315e-15
5004.64002436448 4.54829799379484e-15
5008.34002441216 4.38065873858843e-15
5012.04002445984 4.2151442655302e-15
5015.74002450752 4.08942890604814e-15
5019.4400245552 3.94850718758049e-15
5023.14002460288 3.8458285831649e-15
5026.84002465056 3.77093858864989e-15
5030.54002469824 3.67500448407681e-15
5034.24002474592 3.59149211767522e-15
5037.9400247936 3.54038638480264e-15
5041.64002484128 3.49585362760074e-15
5045.34002488896 3.40422965017977e-15
5049.04002493664 3.37593366754379e-15
5052.74002498432 3.31239730265377e-15
5056.440025032 3.26683751800333e-15
5060.14002507968 3.18105743264371e-15
5063.84002512736 3.17859786072312e-15
5067.54002517504 3.16913099698813e-15
5071.24002522272 3.11709013974177e-15
5074.9400252704 3.09237498889031e-15
5078.64002531808 3.08323571514767e-15
5082.34002536576 3.03325208917196e-15
5086.04002541344 3.02714476986402e-15
5089.74002546112 2.97403114538997e-15
5093.4400255088 2.96856418299015e-15
5097.14002555648 2.93407067203735e-15
5100.84002560416 2.89356216836786e-15
5104.54002565184 2.91369232987583e-15
5108.24002569952 2.8832671181687e-15
5111.9400257472 2.87199332139898e-15
5115.64002579488 2.7988964956333e-15
5119.34002584256 2.79341894532164e-15
5123.04002589024 2.76125731607263e-15
5126.74002593792 2.7483193113198e-15
5130.4400259856 2.73195696411945e-15
5134.14002603328 2.72995330768272e-15
5137.84002608096 2.71127919581108e-15
5141.54002612864 2.71824794762638e-15
5145.24002617632 2.69462017532095e-15
5148.940026224 2.67081770247016e-15
5152.64002627168 2.72938791319043e-15
5156.34002631936 2.72278973828955e-15
5160.04002636704 2.77172431396009e-15
5163.74002641472 2.76548655157827e-15
5167.4400264624 2.81453632372964e-15
5171.14002651008 2.87288694115833e-15
5174.84002655776 2.88205501402117e-15
5178.54002660544 2.93618041935072e-15
5182.24002665312 2.98763343573169e-15
5185.9400267008 3.06131196137389e-15
5189.64002674848 3.09488686509539e-15
5193.34002679616 3.151331870151e-15
5197.04002684384 3.21662476961539e-15
5200.74002689152 3.29406856846637e-15
5204.4400269392 3.36204465654943e-15
5208.14002698688 3.43672966909121e-15
5211.84002703456 3.51466898221634e-15
5215.54002708224 3.58994670606296e-15
5219.24002712992 3.69817422331601e-15
5222.9400271776 3.77272879278391e-15
5226.64002722528 3.90652061141804e-15
5230.34002727296 4.01791984354209e-15
5234.04002732064 4.10769432452273e-15
5237.74002736832 4.22026500321282e-15
5241.440027416 4.30466506014314e-15
5245.14002746368 4.38159894515988e-15
5248.84002751136 4.50725289475326e-15
5252.54002755904 4.63140209031585e-15
5256.24002760672 4.69113146562444e-15
5259.9400276544 4.72848434804893e-15
5263.64002770208 4.81889452725649e-15
5267.34002774976 4.91756327769977e-15
5271.04002779744 4.99411557437377e-15
5274.74002784512 5.04489265846283e-15
5278.4400278928 5.12660126820324e-15
5282.14002794048 5.2035686110214e-15
5285.84002798816 5.27988712660196e-15
5289.54002803584 5.40367125096428e-15
5293.24002808352 5.48718531143176e-15
5296.9400281312 5.59412957376972e-15
5300.64002817888 5.72166266595659e-15
5304.34002822656 5.76615688315939e-15
5308.04002827424 5.86944958646174e-15
5311.74002832192 5.94140672939688e-15
5315.4400283696 6.06823381962222e-15
5319.14002841728 6.00410834331738e-15
5322.84002846496 6.06684002690751e-15
5326.54002851264 6.04175387562515e-15
5330.24002856032 6.02567930786863e-15
5333.940028608 6.0347129142511e-15
5337.64002865568 5.94960473777688e-15
5341.34002870336 5.92580734712377e-15
5345.04002875104 5.85650649951122e-15
5348.74002879872 5.76002267055537e-15
5352.4400288464 5.72698415044772e-15
5356.14002889408 5.71940108798743e-15
5359.84002894176 5.6640580727962e-15
5363.54002898944 5.59220257381472e-15
5367.24002903712 5.59676511678511e-15
5370.9400290848 5.59163040305885e-15
5374.64002913248 5.58208688284214e-15
5378.34002918016 5.56174919826209e-15
5382.04002922784 5.59590114317891e-15
5385.74002927552 5.66532226946997e-15
5389.4400293232 5.65696036021468e-15
5393.14002937088 5.69208978115263e-15
5396.84002941856 5.81273310734653e-15
5400.54002946624 5.91191643030528e-15
5404.24002951392 6.0477639979024e-15
5407.9400295616 6.18704331948531e-15
5411.64002960928 6.39875454597032e-15
5415.34002965696 6.52697669945978e-15
5419.04002970464 6.6490570170487e-15
5422.74002975232 6.83901601393174e-15
5426.4400298 7.03995171077824e-15
5430.14002984768 7.23773813912686e-15
5433.84002989536 7.40919539534302e-15
5437.54002994304 7.64380065184289e-15
5441.24002999072 7.84417137771358e-15
5444.9400300384 8.05384506644396e-15
5448.64003008608 8.25317224772363e-15
5452.34003013376 8.48652728359335e-15
5456.04003018144 8.68713517868927e-15
5459.74003022912 8.83596818488427e-15
5463.4400302768 9.0062616178309e-15
5467.14003032448 9.08068108554372e-15
5470.84003037216 9.25426270039159e-15
5474.54003041984 9.43489078232768e-15
5478.24003046752 9.47695613255422e-15
5481.9400305152 9.58692811416214e-15
5485.64003056288 9.65135089903146e-15
5489.34003061056 9.77220047774802e-15
5493.04003065824 9.80354577899412e-15
5496.74003070592 9.88366239031016e-15
5500.4400307536 9.87945009546347e-15
5504.14003080128 9.91376763532148e-15
5507.84003084896 9.89612732716196e-15
5511.54003089664 9.96493266050037e-15
5515.24003094432 9.98940174828065e-15
5518.940030992 9.95851384482608e-15
5522.64003103968 9.97442874687204e-15
5526.34003108736 9.91229718612504e-15
5530.04003113504 9.85681229291515e-15
5533.74003118272 9.90990770618084e-15
5537.4400312304 9.8236484119313e-15
5541.14003127808 9.81589806046393e-15
5544.84003132576 9.83222123239046e-15
5548.54003137344 9.73733829570493e-15
5552.24003142112 9.67199902118668e-15
5555.9400314688 9.67947069881441e-15
5559.64003151648 9.67076912934727e-15
5563.34003156416 9.50655739296192e-15
5567.04003161184 9.4850774844525e-15
5570.74003165952 9.40624582211743e-15
5574.4400317072 9.37314800970347e-15
5578.14003175488 9.28141349448288e-15
5581.84003180256 9.12836057014466e-15
5585.54003185024 9.135260500533e-15
5589.24003189792 9.09931750444921e-15
5592.9400319456 8.98353487682312e-15
5596.64003199328 8.91109407807509e-15
5600.34003204096 8.816493203361e-15
5604.04003208864 8.69154483221267e-15
5607.74003213632 8.66924584284326e-15
5611.440032184 8.58401569362463e-15
5615.14003223168 8.45757654448914e-15
5618.84003227936 8.40266424555159e-15
5622.54003232704 8.29731875790158e-15
5626.24003237472 8.15653002360665e-15
5629.9400324224 8.09130933370102e-15
5633.64003247008 7.98734196865618e-15
5637.34003251776 7.89165096253897e-15
5641.04003256544 7.76302731543251e-15
5644.74003261312 7.63247751540399e-15
5648.4400326608 7.53598013392099e-15
5652.14003270848 7.38021839821745e-15
5655.84003275616 7.29038547196345e-15
5659.54003280384 7.1381744983748e-15
5663.24003285152 7.00300074548722e-15
5666.9400328992 6.81819806167059e-15
5670.64003294688 6.6621915334453e-15
5674.34003299456 6.5382672251302e-15
5678.04003304224 6.37206326725291e-15
5681.74003308992 6.23406677706861e-15
5685.4400331376 6.14537819232635e-15
5689.14003318528 6.03939870051531e-15
5692.84003323296 5.89422275907008e-15
5696.54003328064 5.78861511472289e-15
5700.24003332832 5.73897517236552e-15
5703.940033376 5.64399397985811e-15
5707.64003342368 5.56406329227399e-15
5711.34003347136 5.48569919212581e-15
5715.04003351904 5.39168277014532e-15
5718.74003356672 5.32243825022375e-15
5722.4400336144 5.24791036229369e-15
5726.14003366208 5.21071333393149e-15
5729.84003370976 5.15440597172981e-15
5733.54003375744 5.08813750206842e-15
5737.24003380512 5.07892263063524e-15
5740.9400338528 5.04856369925623e-15
5744.64003390048 5.01175927066508e-15
5748.34003394816 4.98678704531413e-15
5752.04003399584 4.9593334369442e-15
5755.74003404352 5.01884427775239e-15
5759.4400340912 5.02375833939589e-15
5763.14003413888 4.98227278322174e-15
5766.84003418656 5.03596154306698e-15
5770.54003423424 5.10157949142487e-15
5774.24003428192 5.17015189070279e-15
5777.9400343296 5.21703050565211e-15
5781.64003437728 5.2991698316462e-15
5785.34003442496 5.38695463223374e-15
5789.04003447264 5.43636714624477e-15
5792.74003452032 5.50321075127734e-15
5796.440034568 5.61824841342632e-15
5800.14003461568 5.74309598765392e-15
5803.84003466336 5.76937518484248e-15
5807.54003471104 5.87190301739346e-15
5811.24003475872 6.04803886009378e-15
5814.9400348064 6.11033686281491e-15
5818.64003485408 6.25168590940445e-15
5822.34003490176 6.34417428394809e-15
5826.04003494944 6.43996227533777e-15
5829.74003499712 6.51837465636394e-15
5833.4400350448 6.55828091960793e-15
5837.14003509248 6.57299472893468e-15
5840.84003514016 6.70013988003171e-15
5844.54003518784 6.74089741138769e-15
5848.24003523552 6.85299332811085e-15
5851.9400352832 6.91310217417981e-15
5855.64003533088 6.95980164166078e-15
5859.34003537856 7.00764079197228e-15
5863.04003542624 7.16749539087696e-15
5866.74003547392 7.25287970009198e-15
5870.4400355216 7.24978379466976e-15
5874.14003556928 7.23150058850328e-15
5877.84003561696 7.23907645118352e-15
5881.54003566464 7.3169619777165e-15
5885.24003571232 7.26223602602735e-15
5888.94003576 7.16948253017121e-15
5892.64003580768 7.08317707262605e-15
5896.34003585536 7.16956977456478e-15
5900.04003590304 7.15877010448729e-15
5903.74003595072 7.19780477082856e-15
5907.4400359984 7.16172624947321e-15
5911.14003604608 7.10743821381778e-15
5914.84003609376 7.05785756376673e-15
5918.54003614144 7.02050468134223e-15
5922.24003618912 6.93701476131374e-15
5925.9400362368 6.89975759361229e-15
5929.64003628448 6.81398491979095e-15
5933.34003633216 6.70371139445381e-15
5937.04003637984 6.6228040778815e-15
5940.74003642752 6.44989670125964e-15
5944.4400364752 6.28130538102051e-15
5948.14003652288 6.23259251622391e-15
5951.84003657056 6.13580460244001e-15
5955.54003661824 5.93231340719163e-15
5959.24003666592 5.77289757135364e-15
5962.9400367136 5.65895596983841e-15
5966.64003676128 5.55195199167767e-15
5970.34003680896 5.34790937798063e-15
5974.04003685664 5.17722927449358e-15
5977.74003690432 5.03563797648113e-15
5981.440036952 4.92154390903539e-15
5985.14003699968 4.80368139200733e-15
5988.84003704736 4.66599788049703e-15
5992.54003709504 4.60985823081891e-15
5996.24003714272 4.53635355868913e-15
5999.9400371904 4.46647757570539e-15
6003.64003723808 4.44649183331492e-15
6007.34003728576 4.40156224117724e-15
6011.04003733344 4.37557399980606e-15
6014.74003738112 4.37764626591152e-15
6018.4400374288 4.37032832476371e-15
6022.14003747648 4.33064356063543e-15
6025.84003752416 4.32407905529421e-15
6029.54003757184 4.29207179779983e-15
6033.24003761952 4.29006263564895e-15
6036.9400376672 4.30687496910252e-15
6040.64003771488 4.30872743015817e-15
6044.34003776256 4.28844183810438e-15
6048.04003781024 4.29379508633102e-15
6051.74003785792 4.28266253230526e-15
6055.4400379056 4.23193161151183e-15
6059.14003795328 4.21944084015515e-15
6062.84003800096 4.18852583164626e-15
6066.54003804864 4.12505257071081e-15
6070.24003809632 4.08883513595211e-15
6073.940038144 4.04454420665666e-15
6077.64003819168 4.03395290668419e-15
6081.34003823936 3.98028616969558e-15
6085.04003828704 3.98648179218827e-15
6088.74003833472 4.01300154673385e-15
6092.4400383824 4.06327888138403e-15
6096.14003843008 4.10957473766563e-15
6099.84003847776 4.1435106891809e-15
6103.54003852544 4.171290828752e-15
6107.24003857312 4.15519296758943e-15
6110.9400386208 4.16856931189247e-15
6114.64003866848 4.17566702447399e-15
6118.34003871616 4.18129005269434e-15
6122.04003876384 4.13493405707348e-15
6125.74003881152 4.06973200189269e-15
6129.4400388592 4.00774486026319e-15
6133.14003890688 3.96269202483169e-15
6136.84003895456 3.83017202616786e-15
6140.54003900224 3.75345498158561e-15
6144.24003904992 3.67456572101014e-15
6147.9400390976 3.57061995530546e-15
6151.64003914528 3.47686081958269e-15
6155.34003919296 3.38022240711398e-15
6159.04003924064 3.30323579429627e-15
6162.74003928832 3.21274662926638e-15
6166.440039336 3.17978285981632e-15
6170.14003938368 3.08714371340807e-15
6173.84003943136 3.04816304541719e-15
6177.54003947904 3.01991534365921e-15
6181.24003952672 2.98121229071679e-15
6184.9400395744 2.99180337893102e-15
6188.64003962208 2.99355292548357e-15
6192.34003966976 2.98346052791704e-15
6196.04003971744 2.95950876550929e-15
6199.74003976512 3.01486406267825e-15
6203.4400398128 3.04236214027792e-15
6207.14003986048 3.11135572668886e-15
6210.84003990816 3.13543073239043e-15
6214.54003995584 3.21052570887868e-15
6218.24004000352 3.28316280751224e-15
6221.9400400512 3.39075462653837e-15
6225.64004009888 3.39348122559559e-15
6229.34004014656 3.44978435263253e-15
6233.04004019424 3.53457235065268e-15
6236.74004024192 3.57015069905268e-15
6240.4400402896 3.59265212929649e-15
6244.14004033728 3.57862822830527e-15
6247.84004038496 3.58007665464508e-15
6251.54004043264 3.60584805558176e-15
6255.24004048032 3.64088769102731e-15
6258.940040528 3.60029956626077e-15
6262.64004057568 3.58832760258428e-15
6266.34004062336 3.57353501919343e-15
6270.04004067104 3.57513802904611e-15
6273.74004071872 3.55161804168323e-15
6277.4400407664 3.49465994641982e-15
6281.14004081408 3.47271522858059e-15
6284.84004086176 3.54889377196662e-15
6288.54004090944 3.66001665959162e-15
6292.24004095712 3.69721707608561e-15
6295.9400410048 3.75980264649234e-15
6299.64004105248 3.76221711390849e-15
6303.34004110016 3.85898004022045e-15
6307.04004114784 3.9319553167582e-15
6310.74004119552 4.02395495329127e-15
6314.4400412432 4.05829959820359e-15
6318.14004129088 4.14407735422262e-15
6321.84004133856 4.19604113147077e-15
6325.54004138624 4.28104342882658e-15
6329.24004143392 4.39400586025479e-15
6332.9400414816 4.45654103220115e-15
6336.64004152928 4.50817446659988e-15
6340.34004157696 4.58561530083555e-15
6344.04004162464 4.68782888416309e-15
6347.74004167232 4.76683249418645e-15
6351.44004172 4.83682155606865e-15
6355.14004176768 4.9278420225147e-15
6358.84004181536 5.03057949572012e-15
6362.54004186304 5.14975406678349e-15
6366.24004191072 5.22925064998215e-15
6369.9400419584 5.35516506220681e-15
6373.64004200608 5.50269194359715e-15
6377.34004205376 5.67523001385401e-15
6381.04004210144 5.79625704597302e-15
6384.74004214912 5.93653163126896e-15
6388.4400421968 6.05049694970671e-15
6392.14004224448 6.22665312119777e-15
6395.84004229216 6.36092012531531e-15
6399.54004233984 6.4849681004407e-15
6403.24004238752 6.61594776968995e-15
6406.9400424352 6.75201133068862e-15
6410.64004248288 6.86876126994047e-15
6414.34004253056 7.0571723141124e-15
6418.04004257824 7.19755574314206e-15
6421.74004262592 7.33098376112535e-15
6425.4400426736 7.37253157422112e-15
6429.14004272128 7.48204869913636e-15
6432.84004276896 7.60537076702596e-15
6436.54004281664 7.67482492760197e-15
6440.24004286432 7.78032288118249e-15
6443.940042912 7.8776215558336e-15
6447.64004295968 7.91993339264779e-15
6451.34004300736 7.88344744844481e-15
6455.04004305504 7.94548837666645e-15
6458.74004310272 8.01398369594617e-15
6462.4400431504 8.01876858506521e-15
6466.14004319808 8.07964823111617e-15
6469.84004324576 8.10782393507363e-15
6473.54004329344 8.07582387735931e-15
6477.24004334112 8.11192526860424e-15
6480.9400433888 8.12492976544343e-15
6484.64004343648 8.16349856366371e-15
6488.34004348416 8.23525157165857e-15
6492.04004353184 8.21702765779839e-15
6495.74004357952 8.28360444745258e-15
6499.4400436272 8.33101965777398e-15
6503.14004367488 8.35514908534242e-15
6506.84004372256 8.35744115649769e-15
6510.54004377024 8.41137259128232e-15
6514.24004381792 8.36844326744957e-15
6517.9400438656 8.40330714355856e-15
6521.64004391328 8.43888591547503e-15
6525.34004396096 8.45195393978527e-15
6529.04004400864 8.48709479566801e-15
6532.74004405632 8.44893934952599e-15
6536.440044104 8.41404413319796e-15
6540.14004415168 8.47934190310179e-15
6543.84004419936 8.42225018839095e-15
6547.54004424704 8.39305211566615e-15
6551.24004429472 8.41824541661634e-15
6554.9400443424 8.411345486228e-15
6558.64004439008 8.45149145979607e-15
6562.34004443776 8.44837014338544e-15
6566.04004448544 8.38714829602379e-15
6569.74004453312 8.24978581000051e-15
6573.4400445808 8.19738242265272e-15
6577.14004462848 8.22324487963124e-15
6580.84004467616 8.11386751515229e-15
6584.54004472384 8.03986055248479e-15
6588.24004477152 7.99723107831538e-15
6591.9400448192 7.92626326986262e-15
6595.64004486688 7.90710253756278e-15
6599.34004491456 7.76388959497281e-15
6603.04004496224 7.76484420110437e-15
6606.74004500992 7.73120682870301e-15
6610.4400450576 7.56168504277132e-15
6614.14004510528 7.46254576552583e-15
6617.84004515296 7.412487812409e-15
6621.54004520064 7.32080750729704e-15
6625.24004524832 7.22663777235309e-15
6628.940045296 7.05752764443377e-15
6632.64004534368 6.93741837251311e-15
6636.34004539136 6.87679071876396e-15
6640.04004543904 6.71092472703263e-15
6643.74004548672 6.53736174690959e-15
6647.4400455344 6.45392900160504e-15
6651.14004558208 6.36134533585483e-15
6654.84004562976 6.24651223216262e-15
6658.54004567744 6.11218635925524e-15
6662.24004572512 5.98701098327705e-15
6665.9400457728 5.84500421560398e-15
6669.64004582048 5.74794355721105e-15
6673.34004586816 5.60430625111451e-15
6677.04004591584 5.47855701031456e-15
6680.74004596352 5.36178250710724e-15
6684.4400460112 5.3251915308188e-15
6688.14004605888 5.19962313155309e-15
6691.84004610656 5.17286239613401e-15
6695.54004615424 5.07359140526522e-15
6699.24004620192 5.03202580447756e-15
6702.9400462496 4.99771927604787e-15
6706.64004629728 4.88890900012711e-15
6710.34004634496 4.8322568955159e-15
6714.04004639264 4.81870394484336e-15
6717.74004644032 4.74205508641337e-15
6721.440046488 4.69428031060586e-15
6725.14004653568 4.61213505538113e-15
6728.84004658336 4.57404313671016e-15
6732.54004663104 4.47174739118673e-15
6736.24004667872 4.50298511924852e-15
6739.9400467264 4.41293154091176e-15
6743.64004677408 4.37119356891933e-15
6747.34004682176 4.34706117673558e-15
6751.04004686944 4.26569434478939e-15
6754.74004691712 4.23138781635969e-15
6758.4400469648 4.18079580896962e-15
6762.14004701248 4.15797208268938e-15
6765.84004706016 4.14361063906868e-15
6769.54004710784 4.08842517200564e-15
6773.24004715552 4.03924432150569e-15
6776.9400472032 3.98742792799035e-15
6780.64004725088 3.94045613941684e-15
6784.34004729856 3.90773864479619e-15
6788.04004734624 3.88901794611245e-15
6791.74004739392 3.81008463982372e-15
6795.4400474416 3.77539101733713e-15
6799.14004748928 3.75680965557321e-15
6802.84004753696 3.66626945680825e-15
6806.54004758464 3.64599487618278e-15
6810.24004763232 3.60936620692818e-15
6813.94004768 3.60352422069097e-15
6817.64004772768 3.52377225705872e-15
6821.34004777536 3.52001121901467e-15
6825.04004782304 3.49052197871425e-15
6828.74004787072 3.46007643821638e-15
6832.4400479184 3.41481099751511e-15
6836.14004796608 3.39221364079002e-15
6839.84004801376 3.38428329482135e-15
6843.54004806144 3.36295204059417e-15
6847.24004810912 3.3186196066843e-15
6850.9400481568 3.33253551097474e-15
6854.64004820448 3.31982980500769e-15
6858.34004825216 3.30262381299188e-15
6862.04004829984 3.26374309488878e-15
6865.74004834752 3.24329360195969e-15
6869.4400483952 3.21745401487075e-15
6873.14004844288 3.14472586019536e-15
6876.84004849056 3.16656406364147e-15
6880.54004853824 3.16061386894525e-15
6884.24004858592 3.15497517061538e-15
6887.9400486336 3.18818161500482e-15
6891.64004868128 3.16728340637193e-15
6895.34004872896 3.15500142863674e-15
6899.04004877664 3.15852656800498e-15
6902.74004882432 3.13372607858408e-15
6906.440048872 3.17552757804756e-15
6910.14004891968 3.1966947196412e-15
6913.84004896736 3.19608358536976e-15
6917.54004901504 3.20981377768652e-15
6921.24004906272 3.20159332293341e-15
6924.9400491104 3.19133236581037e-15
6928.64004915808 3.18101359868869e-15
6932.34004920576 3.19552496714105e-15
6936.04004925344 3.20045004021286e-15
6939.74004930112 3.20071812614066e-15
6943.4400493488 3.23040472511779e-15
6947.14004939648 3.24214460176674e-15
6950.84004944416 3.24060893103337e-15
6954.54004949184 3.26050975837087e-15
6958.24004953952 3.26248313337974e-15
6961.9400495872 3.24956164576937e-15
6965.64004963488 3.25424531445121e-15
6969.34004968256 3.28520987438752e-15
6973.04004973024 3.26861162851136e-15
6976.74004977792 3.27145638866471e-15
6980.4400498256 3.24002257247563e-15
6984.14004987328 3.19443970617738e-15
6987.84004992096 3.16568166706867e-15
6991.54004996864 3.12695976764318e-15
6995.24005001632 3.11602351350294e-15
6998.940050064 3.12415312397245e-15
7002.64005011168 3.08462019049996e-15
7006.34005015936 3.06744807980204e-15
7010.04005020704 3.09267737965248e-15
7013.74005025472 3.06713700695216e-15
7017.4400503024 3.00200462023128e-15
7021.14005035008 2.97030801207031e-15
7024.84005039776 2.95141218932472e-15
7028.54005044544 2.91075841950478e-15
7032.24005049312 2.88748153059776e-15
7035.9400505408 2.89864140143607e-15
7039.64005058848 2.87466676913875e-15
7043.34005063616 2.87235860435748e-15
7047.04005068384 2.85095746991215e-15
7050.74005073152 2.81452785340017e-15
7054.4400507792 2.82779768331009e-15
7058.14005082688 2.8264091845513e-15
7061.84005087456 2.83016111699117e-15
7065.54005092224 2.83038134555745e-15
7069.24005096992 2.84501426323774e-15
7072.9400510176 2.82645153619867e-15
7076.64005106528 2.81013577581042e-15
7080.34005111296 2.7933594412571e-15
7084.04005116064 2.80366889101637e-15
7087.74005120832 2.80314605992967e-15
7091.440051256 2.78658804811851e-15
7095.14005130368 2.79191461480732e-15
7098.84005135136 2.80105282975877e-15
7102.54005139904 2.7604702107064e-15
7106.24005144672 2.75574779026722e-15
7109.9400514944 2.73527500393208e-15
7113.64005154208 2.72011480824212e-15
7117.34005158976 2.73886176494723e-15
7121.04005163744 2.74816133967514e-15
7124.74005168512 2.78521246661217e-15
7128.4400517328 2.77645986340995e-15
7132.14005178048 2.77922987290571e-15
7135.84005182816 2.801101322395e-15
7139.54005187584 2.82453893580377e-15
7143.24005192352 2.85783813030094e-15
7146.9400519712 2.91133524894186e-15
7150.64005201888 2.93691056175126e-15
7154.34005206656 2.97744807629919e-15
7158.04005211424 2.99377294229162e-15
7161.74005216192 3.03804354279634e-15
7165.4400522096 3.079075301069e-15
7169.14005225728 3.0985826816025e-15
7172.84005230496 3.13092896403401e-15
7176.54005235264 3.18876395015606e-15
7180.24005240032 3.21987102338574e-15
7183.940052448 3.20763309136381e-15
7187.64005249568 3.3246208351156e-15
7191.34005254336 3.31212985200068e-15
7195.04005259104 3.39629888069463e-15
7198.74005263872 3.41021711432567e-15
7202.4400526864 3.45951252603174e-15
7206.14005273408 3.48720288011043e-15
7209.84005278176 3.47535140687069e-15
7213.54005282944 3.4694399639318e-15
7217.24005287712 3.48149154870533e-15
7220.9400529248 3.53520699008841e-15
7224.64005297248 3.51561956494139e-15
7228.34005302016 3.4862599206819e-15
7232.04005306784 3.47075964126362e-15
7235.74005311552 3.4770943889179e-15
7239.4400531632 3.40532253443996e-15
7243.14005321088 3.41342334578927e-15
7246.84005325856 3.41059107937189e-15
7250.54005330624 3.41324631590329e-15
7254.24005335392 3.42041179112059e-15
7257.9400534016 3.34975569079242e-15
7261.64005344928 3.37105518128408e-15
7265.34005349696 3.3770174461998e-15
7269.04005354464 3.33207790142499e-15
7272.74005359232 3.31679996815536e-15
7276.44005364 3.32213055825067e-15
7280.14005368768 3.36008843395774e-15
7283.84005373536 3.36931092868745e-15
7287.54005378304 3.3967416671678e-15
7291.24005383072 3.45586816677618e-15
7294.9400538784 3.38581621269764e-15
7298.64005392608 3.4032600092134e-15
7302.34005397376 3.42721918315944e-15
7306.04005402144 3.41791622029974e-15
7309.74005406912 3.44426529770645e-15
7313.4400541168 3.46813701550069e-15
7317.14005416448 3.47322831878839e-15
7320.84005421216 3.49556203650865e-15
7324.54005425984 3.52114560788928e-15
7328.24005430752 3.58169109944254e-15
7331.9400543552 3.60724269532942e-15
7335.64005440288 3.59850089179728e-15
7339.34005445056 3.63289720571938e-15
7343.04005449824 3.66617120098637e-15
7346.74005454592 3.70576025039162e-15
7350.4400545936 3.77877406692846e-15
7354.14005464128 3.77578912282234e-15
7357.84005468896 3.87285571044589e-15
7361.54005473664 3.83093859098512e-15
7365.24005478432 3.82144377516287e-15
7368.940054832 3.87397802910101e-15
7372.64005487968 3.91191409370968e-15
7376.34005492736 3.96555584322635e-15
7380.04005497504 4.03768620439921e-15
7383.74005502272 4.07217442139609e-15
7387.4400550704 4.13929542971889e-15
7391.14005511808 4.14512216936305e-15
7394.84005516576 4.18595508665134e-15
7398.54005521344 4.19343184647676e-15
7402.24005526112 4.22993727243752e-15
7405.9400553088 4.26750106606588e-15
7409.64005535648 4.36351606228542e-15
7413.34005540416 4.38157353417146e-15
7417.04005545184 4.41428128791321e-15
7420.74005549952 4.43412769338385e-15
7424.4400555472 4.38329089347202e-15
7428.14005559488 4.39404524728683e-15
7431.84005564256 4.40462977099572e-15
7435.54005569024 4.39089470823952e-15
7439.24005573792 4.4384789016339e-15
7442.9400557856 4.3888249832329e-15
7446.64005583328 4.36460111149085e-15
7450.34005588096 4.29178761824603e-15
7454.04005592864 4.27217075870409e-15
7457.74005597632 4.21085150255351e-15
7461.440056024 4.16047718263088e-15
7465.14005607168 4.12689063220635e-15
7468.84005611936 4.17846858594704e-15
7472.54005616704 4.12023337675741e-15
7476.24005621472 4.07228622974513e-15
7479.9400562624 3.97546062299507e-15
7483.64005631008 3.93346218837136e-15
7487.34005635776 3.77628167248117e-15
7491.04005640544 3.70859357560018e-15
7494.74005645312 3.66166964438819e-15
7498.4400565008 3.64279647977394e-15
7502.14005654848 3.59039224539321e-15
7505.84005659616 3.55954161138832e-15
7509.54005664384 3.49049360311052e-15
7513.24005669152 3.43040529759053e-15
7516.9400567392 3.29986015624323e-15
7520.64005678688 3.30746947672488e-15
7524.34005683456 3.26387713785268e-15
7528.04005688224 3.2103302560261e-15
7531.74005692992 3.26860696983015e-15
7535.4400569776 3.29917511834713e-15
7539.14005702528 3.22708986167871e-15
7542.84005707296 3.25343068051419e-15
7546.54005712064 3.22434039273193e-15
7550.24005716832 3.24097484926658e-15
7553.940057216 3.21815175826105e-15
7557.64005726368 3.27612354020408e-15
7561.34005731136 3.35360122037296e-15
7565.04005735904 3.3600674698923e-15
7568.74005740672 3.433003359398e-15
7572.4400574544 3.41548481222465e-15
7576.14005750208 3.46771582836766e-15
7579.84005754976 3.50296658677531e-15
7583.54005759744 3.55709241562133e-15
7587.24005764512 3.6609323022076e-15
7590.9400576928 3.46890548614208e-15
7594.64005774048 3.37754154783592e-15
7598.34005778816 3.26445312025681e-15
7602.04005783584 3.02240413821648e-15
7605.74005788352 2.97192923313136e-15
7609.4400579312 3.18247938920391e-15
7613.14005797888 3.52384086672744e-15
7616.84005802656 3.70477642162338e-15
7620.54005807424 3.61204960730509e-15
7624.24005812192 3.65794481700264e-15
7627.9400581696 3.63737081023031e-15
7631.64005821728 3.6522252270263e-15
7635.34005826496 3.51189791392939e-15
7639.04005831264 3.71408489019723e-15
7642.74005836032 3.79094720092993e-15
7646.440058408 3.84772636048323e-15
7650.14005845568 3.93617565841789e-15
7653.84005850336 4.07787876477938e-15
7657.54005855104 4.11886795964643e-15
7661.24005859872 4.17537988030487e-15
7664.9400586464 4.27469152875512e-15
7668.64005869408 4.22350829236786e-15
7672.34005874176 4.15231432611819e-15
7676.04005878944 4.14392742939095e-15
7679.74005883712 4.22187055416435e-15
7683.4400588848 4.23844656542564e-15
7687.14005893248 4.22071011902661e-15
7690.84005898016 4.2218777539444e-15
7694.54005902784 4.20890459732425e-15
7698.24005907552 4.30132647978154e-15
7701.9400591232 4.24365539453478e-15
7705.64005917088 4.24244117280489e-15
7709.34005921856 4.24936312604985e-15
7713.04005926624 4.2108163506862e-15
7716.74005931392 4.16946462571772e-15
7720.4400593616 4.15701874710724e-15
7724.14005940928 4.17776851321613e-15
7727.84005945696 4.18015799316033e-15
7731.54005950464 4.27830539482458e-15
7735.24005955232 4.1843884992154e-15
7738.9400596 4.17018079207463e-15
7742.64005964768 4.14659643020775e-15
7746.34005969536 4.14086159363837e-15
7750.04005974304 4.05947739751675e-15
7753.74005979072 4.05110151221783e-15
7757.4400598384 4.06073778254227e-15
7761.14005988608 4.08570789031085e-15
7764.84005993376 4.11538919533206e-15
7768.54005998144 4.0561074769361e-15
7772.24006002912 4.04283192955378e-15
7775.9400600768 3.97925448356582e-15
7779.64006012448 3.91051564231377e-15
7783.34006017216 3.85626233500918e-15
7787.04006021984 3.85849087869341e-15
7790.74006026752 3.86465134931879e-15
7794.4400603152 3.88750006307097e-15
7798.14006036288 3.85873143605043e-15
7801.84006041056 3.80428754633271e-15
7805.54006045824 3.8094425888497e-15
7809.24006050592 3.8234186324794e-15
7812.9400605536 3.73175442099343e-15
7816.64006060128 3.68137501887311e-15
7820.34006064896 3.63896534975351e-15
7824.04006069664 3.62070628402602e-15
7827.74006074432 3.61687473048912e-15
7831.440060792 3.61266836487305e-15
7835.14006083968 3.60798130805942e-15
7838.84006088736 3.58295233150101e-15
7842.54006093504 3.54655574927396e-15
7846.24006098272 3.51742946259144e-15
7849.9400610304 3.49348744106259e-15
7853.64006107808 3.47030584336213e-15
7857.34006112576 3.46091944775713e-15
7861.04006117344 3.47733494627492e-15
7864.74006122112 3.49797629216656e-15
7868.4400612688 3.50678734064214e-15
7872.14006131648 3.51570680933496e-15
7875.84006136416 3.47371451570012e-15
7879.54006141184 3.41619420231797e-15
7883.24006145952 3.39746397451358e-15
7886.9400615072 3.36514267955401e-15
7890.64006155488 3.36018330164784e-15
7894.34006160256 3.33545396299451e-15
7898.04006165024 3.33957414300819e-15
7901.74006169792 3.3424244088757e-15
7905.4400617456 3.34751994732815e-15
7909.14006179328 3.33216556933503e-15
7912.84006184096 3.30321948891204e-15
7916.54006188864 3.24344013865956e-15
7920.24006193632 3.21289951871336e-15
7923.940061984 3.21965312416006e-15
7927.64006203168 3.20293502312186e-15
7931.34006207936 3.1669145235234e-15
7935.04006212704 3.18181976229623e-15
7938.74006217472 3.2131735338718e-15
7942.4400622224 3.18003485211813e-15
7946.14006227008 3.16225436000584e-15
7949.84006231776 3.10564206594316e-15
7953.54006236544 3.02469239772348e-15
7957.24006241312 2.97093439293481e-15
7960.9400624608 2.96750242719077e-15
7964.64006250848 2.94560620198777e-15
7968.34006255616 2.9317798714315e-15
7972.04006260384 2.96041466724638e-15
7975.74006265152 2.91623554629996e-15
7979.4400626992 2.91224750342605e-15
7983.14006274688 2.87994907835606e-15
7986.84006279456 2.83174485684429e-15
7990.54006284224 2.79608159339134e-15
7994.24006288992 2.75617829476266e-15
7997.9400629376 2.70495037738743e-15
8001.64006298528 2.67979116951337e-15
8005.34006303296 2.66846337439327e-15
8009.04006308064 2.66083520742853e-15
8012.74006312832 2.60602349365347e-15
8016.440063176 2.62193161943585e-15
8020.14006322368 2.57709880081239e-15
8023.84006327136 2.5494711271718e-15
8027.54006331904 2.51861710503511e-15
8031.24006336672 2.51639830222978e-15
8034.9400634144 2.44480877159374e-15
8038.64006346208 2.43239740957586e-15
8042.34006350976 2.44015263148269e-15
8046.04006355744 2.4183887551777e-15
8049.74006360512 2.43344137768335e-15
8053.4400636528 2.40462976374073e-15
8057.14006370048 2.38439774652086e-15
8060.84006374816 2.35564013092862e-15
8064.54006379584 2.30374517510743e-15
8068.24006384352 2.33595593226738e-15
8071.9400638912 2.27737089847054e-15
8075.64006393888 2.2828363785627e-15
8079.34006398656 2.31105761054108e-15
8083.04006403424 2.30718095249973e-15
8086.74006408192 2.3001003923354e-15
8090.4400641296 2.28937293181666e-15
8094.14006417728 2.25346932276492e-15
8097.84006422496 2.23324132895154e-15
8101.54006427264 2.24203903665819e-15
8105.24006432032 2.25299392552327e-15
8108.940064368 2.24511567208086e-15
8112.64006441568 2.23415252464455e-15
8116.34006446336 2.25816019122681e-15
8120.04006451104 2.27431374480566e-15
8123.74006455872 2.25450524405941e-15
8127.4400646064 2.23533138274889e-15
8131.14006465408 2.18913547635506e-15
8134.84006470176 2.1454813040777e-15
8138.54006474944 2.14119150571633e-15
8142.24006479712 2.14010052728027e-15
8145.9400648448 2.13065420409425e-15
8149.64006489248 2.10523114545713e-15
8153.34006494016 2.09383177605298e-15
8157.04006498784 2.08792350948764e-15
8160.74006503552 2.05536038662163e-15
8164.4400650832 1.92272942664171e-15
8168.14006513088 1.90393778894864e-15
8171.84006517856 1.81347848183014e-15
8175.54006522624 1.7708402196939e-15
8179.24006527392 1.63079359213989e-15
8182.9400653216 1.60278761240923e-15
8186.64006536928 1.5438828236748e-15
8190.34006541696 1.4053462441075e-15
8194.04006546464 1.35991425555298e-15
8197.74006551232 1.27252618402211e-15
8201.44006556 1.20735313971975e-15
8205.14006560768 1.16814673744843e-15
8208.84006565536 1.07688317254652e-15
8212.54006570304 1.02100906769736e-15
8216.24006575072 9.57848573677686e-16
8219.9400657984 8.97880652715331e-16
8223.64006584608 8.39450520068717e-16
8227.34006589376 7.51664290113077e-16
8231.04006594144 6.96336256817104e-16
8234.74006598912 6.65880657802983e-16
8238.4400660368 6.92852780881961e-16
8242.14006608448 6.50979813013563e-16
8245.84006613216 6.70342827369119e-16
8249.54006617984 6.6303325067167e-16
8253.24006622752 6.37131618419343e-16
8256.9400662752 6.13615283886045e-16
8260.64006632288 6.17841184199456e-16
8264.34006637056 6.37050726772881e-16
8268.04006641824 6.51110097268763e-16
8271.74006646592 6.5253115385646e-16
8275.4400665136 6.31019534551075e-16
8279.14006656128 6.42112966242587e-16
8282.84006660896 6.72989381812815e-16
8286.54006665664 6.66252664085506e-16
8290.24006670432 7.04912624226731e-16
8293.940066752 7.11525675143741e-16
8297.64006679968 7.47612719768123e-16
8301.34006684736 7.94930680119267e-16
8305.04006689504 8.28129395333071e-16
8308.74006694272 8.34112571374679e-16
8312.4400669904 8.80490378093931e-16
8316.14006703808 8.94877073884367e-16
8319.84006708576 9.07806290670376e-16
8323.54006713344 9.1822236070188e-16
8327.24006718112 9.08580161146811e-16
8330.9400672288 9.19682963140302e-16
8334.64006727648 9.10118372979025e-16
8338.34006732416 9.11578869538328e-16
8342.04006737184 9.10083962265542e-16
8345.74006741952 8.69313248959318e-16
8349.4400674672 8.53740177647134e-16
8353.14006751488 8.48701231583477e-16
8356.84006756256 8.63687467881892e-16
8360.54006761024 8.54811303748496e-16
8364.24006765792 8.49366205386631e-16
8367.9400677056 8.45353863255046e-16
8371.64006775328 8.56548674202433e-16
8375.34006780096 8.70284636931141e-16
8379.04006784864 9.03698604392666e-16
8382.74006789632 9.26976552090872e-16
8386.440067944 9.30719061289196e-16
8390.14006799168 9.33218867274781e-16
8393.84006803936 9.48893635480195e-16
8397.54006808704 9.50398601269229e-16
8401.24006813472 9.95592150049101e-16
8404.9400681824 1.00234459082549e-15
8408.64006823008 1.00976957576201e-15
8412.34006827776 1.06621860422411e-15
8416.04006832544 1.08329605899018e-15
8419.74006837312 1.09775766425689e-15
8423.4400684208 1.12900725077994e-15
8427.14006846848 1.2162790670388e-15
8430.84006851616 1.22804615462118e-15
8434.54006856384 1.2865464851233e-15
8438.24006861152 1.30106632390513e-15
8441.9400686592 1.33717184443567e-15
8445.64006870688 1.34277814375531e-15
8449.34006875456 1.39815895779181e-15
8453.04006880224 1.42733839579177e-15
8456.74006884992 1.47796026109324e-15
8460.4400688976 1.51152923558411e-15
8464.14006894528 1.58143909988575e-15
8467.84006899296 1.66640232784687e-15
8471.54006904064 1.72664659330826e-15
8475.24006908832 1.7733803656236e-15
8478.940069136 1.80286113559455e-15
8482.64006918368 1.88850866029793e-15
8486.34006923136 1.94959244128917e-15
8490.04006927904 2.05680817768673e-15
8493.74006932672 2.12528846213163e-15
8497.4400693744 2.27249664737556e-15
8501.14006942208 2.35181281255646e-15
8504.84006946976 2.500532739853e-15
8508.54006951744 2.59314118131692e-15
8512.24006956512 2.65369133155139e-15
8515.9400696128 2.76602293519212e-15
8519.64006966048 2.79455629881157e-15
8523.34006970816 2.87733301709847e-15
8527.04006975584 2.91797768131423e-15
8530.74006980352 2.99827598119746e-15
8534.4400698512 3.08417147479615e-15
8538.14006989888 3.11545451912062e-15
8541.84006994656 3.20504117054521e-15
8545.54006999424 3.23942329666545e-15
8549.24007004192 3.29478769943859e-15
8552.9400700896 3.3428403020528e-15
8556.64007013728 3.36499423703e-15
8560.34007018496 3.44081279141345e-15
8564.04007023264 3.53806678507658e-15
8567.74007028032 3.52240345181595e-15
8571.440070328 3.55155938465163e-15
8575.14007037568 3.52740200499594e-15
8578.84007042336 3.55138531938097e-15
8582.54007047104 3.54614853818457e-15
8586.24007051872 3.57678000241436e-15
8589.9400705664 3.56635556793251e-15
8593.64007061408 3.60165651304228e-15
8597.34007066176 3.67064395846435e-15
8601.04007070944 3.79613061905065e-15
8604.74007075712 3.85469828867208e-15
8608.4400708048 3.838881642448e-15
8612.14007085248 3.79001377062206e-15
8615.84007090016 3.78565409204254e-15
8619.54007094784 3.79063845742066e-15
8623.24007099552 3.82667505064512e-15
8626.9400710432 3.79129236685594e-15
8630.64007109088 3.81835168138892e-15
8634.34007113856 3.85996175140632e-15
8638.04007118624 3.92985721614785e-15
8641.74007123392 4.00623756513356e-15
8645.4400712816 3.99004525979737e-15
8649.14007132928 3.99790530203142e-15
8652.84007137696 4.07380453630308e-15
8656.54007142464 4.10200819234781e-15
8660.24007147232 4.0921931980715e-15
8663.94007152 4.00151577996909e-15
8667.64007156768 4.04730045186702e-15
8671.34007161536 4.1137874560288e-15
8675.04007166304 4.13938055653009e-15
8678.74007171072 4.21899953598963e-15
8682.4400717584 4.2931322830498e-15
8686.14007180608 4.36026684389975e-15
8689.84007185376 4.33297544233922e-15
8693.54007190144 4.3900743568301e-15
8697.24007194912 4.33802206463896e-15
8700.9400719968 4.38482444662302e-15
8704.64007204448 4.35692360485694e-15
8708.34007209216 4.33416933527837e-15
8712.04007213984 4.40433161539829e-15
8715.74007218752 4.35827292834192e-15
8719.4400722352 4.40922492473458e-15
8723.14007228288 4.48339578827737e-15
8726.84007233056 4.46844565675833e-15
8730.54007237824 4.54123500956416e-15
8734.24007242592 4.61859198753805e-15
8737.9400724736 4.64652501655613e-15
8741.64007252128 4.61342000436212e-15
8745.34007256896 4.62950219541516e-15
8749.04007261664 4.6133721470006e-15
8752.74007266432 4.62954073541426e-15
8756.440072712 4.64841686464382e-15
8760.14007275968 4.62262344085051e-15
8763.84007280736 4.59210907892567e-15
8767.54007285504 4.6531225561823e-15
8771.24007290272 4.53395476138251e-15
8774.9400729504 4.61446227840371e-15
8778.64007299808 4.64853248464112e-15
8782.34007304576 4.71894294541459e-15
8786.04007309344 4.73900026208909e-15
8789.74007314112 4.72464008901782e-15
8793.4400731888 4.69925874675334e-15
8797.14007323648 4.64415628891914e-15
8800.84007328416 4.60454987533847e-15
8804.54007333184 4.63269720369221e-15
8808.24007337952 4.58160248224793e-15
8811.9400734272 4.55026776891368e-15
8815.64007347488 4.60858217568388e-15
8819.34007352256 4.62922945080615e-15
8823.04007357024 4.67532498379573e-15
8826.74007361792 4.71860032058742e-15
8830.4400736656 4.64069234768134e-15
8834.14007371328 4.63678329062976e-15
8837.84007376096 4.64866885694563e-15
8841.54007380864 4.5456810855043e-15
8845.24007385632 4.47621294888466e-15
8848.940073904 4.47149497536845e-15
8852.64007395168 4.39938324892043e-15
8856.34007399936 4.41020282427218e-15
8860.04007404704 4.41114557194248e-15
8863.74007409472 4.41936645021205e-15
8867.4400741424 4.42562517665931e-15
8871.14007419008 4.4269469715735e-15
8874.84007423776 4.41401108440304e-15
8878.54007428544 4.39888561706392e-15
8882.24007433312 4.38769631183069e-15
8885.9400743808 4.39212417656246e-15
8889.64007442848 4.28614637881732e-15
8893.34007447616 4.14277377051679e-15
8897.04007452384 4.12343897294629e-15
8900.74007457152 4.10030184447557e-15
8904.4400746192 4.12028928093193e-15
8908.14007466688 4.07083229769117e-15
8911.84007471456 4.09241257960484e-15
8915.54007476224 4.08498155955858e-15
8919.24007480992 4.06648913625412e-15
8922.9400748576 4.12847754843303e-15
8926.64007490528 4.0688548992758e-15
8930.34007495296 4.01475532845114e-15
8934.04007500064 3.85429213637387e-15
8937.74007504832 3.80687014978889e-15
8941.440075096 3.74957430013777e-15
8945.14007514368 3.74647077141903e-15
8948.84007519136 3.61800763705607e-15
8952.54007523904 3.55143232970954e-15
8956.24007528672 3.57045944256195e-15
8959.9400753344 3.57600242616878e-15
8963.64007538208 3.44884944001699e-15
8967.34007542976 3.3733336999122e-15
8971.04007547744 3.43797184290835e-15
8974.74007552512 3.42452032443125e-15
8978.4400755728 3.48190363023417e-15
8982.14007562048 3.40817428261513e-15
8985.84007566816 3.25555821551946e-15
8989.54007571584 3.06057546622625e-15
8993.24007576352 2.99053939401548e-15
8996.9400758112 3.13905963329471e-15
9000.64007585888 3.06930287019829e-15
9004.34007590656 2.98736450277093e-15
9008.04007595424 2.99489864907852e-15
9011.74007600192 3.05535414338114e-15
9015.4400760496 3.00956354225257e-15
9019.14007609728 3.0306281928596e-15
9022.84007614496 3.05154143632731e-15
9026.54007619264 3.01567213210994e-15
9030.24007624032 3.02392244477443e-15
9033.940076288 3.11977121077807e-15
9037.64007633568 3.14191540487637e-15
9041.34007638336 3.05299790948012e-15
9045.04007643104 3.04238395137631e-15
9048.74007647872 3.06970817546355e-15
9052.4400765264 3.0630445672675e-15
9056.14007657408 3.01512685465014e-15
9059.84007662176 2.95150070426771e-15
9063.54007666944 2.95411824783297e-15
9067.24007671712 2.91847954833548e-15
9070.9400767648 2.90642881059489e-15
9074.64007681248 2.85304222975358e-15
9078.34007686016 2.86507793265936e-15
9082.04007690784 2.68648929430202e-15
9085.74007695552 2.67045453709403e-15
9089.4400770032 2.66333924857885e-15
9093.14007705088 2.76814009404379e-15
9096.84007709856 2.74541123545364e-15
9100.54007714624 2.68796016701493e-15
9104.24007719392 2.69953762509624e-15
9107.9400772416 2.70333275621641e-15
9111.64007728928 2.75291319450923e-15
9115.34007733696 2.8669585575605e-15
9119.04007738464 2.703439694126e-15
9122.74007743232 2.71321233675495e-15
9126.44007748 2.77938551520977e-15
9130.14007752768 2.64623384172553e-15
9133.84007757536 2.50622776587386e-15
9137.54007762304 2.42149778961059e-15
9141.24007767072 2.52823685821708e-15
9144.9400777184 2.5661674171116e-15
9148.64007776608 2.56683403204109e-15
9152.34007781376 2.48287167938627e-15
9156.04007786144 2.38869707400288e-15
9159.74007790912 2.45880789687125e-15
9163.4400779568 2.5985573217399e-15
9167.14007800448 2.58072452534311e-15
9170.84007805216 2.51767435736482e-15
9174.54007809984 2.40420582375063e-15
9178.24007814752 2.33949356537159e-15
9181.9400781952 2.38360428840751e-15
9185.64007824288 2.36240432428716e-15
9189.34007829056 2.37323427579252e-15
9193.04007833824 2.41906320516195e-15
9196.74007838592 2.37876624797104e-15
9200.4400784336 2.39047160802738e-15
9204.14007848128 2.47707776226882e-15
9207.84007852896 2.49214330202692e-15
9211.54007857664 2.46333211160077e-15
9215.24007862432 2.44865260710838e-15
9218.940078672 2.40526525020941e-15
9222.64007871968 2.45109312078766e-15
9226.34007876736 2.36655753858579e-15
9230.04007881504 2.36295637801053e-15
9233.74007886272 2.30214682393596e-15
9237.4400789104 2.30854340499539e-15
9241.14007895808 2.26606025576761e-15
9244.84007900576 2.16943857219961e-15
9248.54007905344 2.19200183584857e-15
9252.24007910112 2.23949942012409e-15
9255.9400791488 2.20709045725448e-15
9259.64007919648 2.3052359530946e-15
9263.34007924416 2.30156575933415e-15
9267.04007929184 2.25963191097267e-15
9270.74007933952 2.27744564912813e-15
9274.4400793872 2.25337784320661e-15
9278.14007943488 2.24861518870244e-15
9281.84007948256 2.21979171629856e-15
9285.54007953024 2.21058171530483e-15
9289.24007957792 2.23697039150182e-15
9292.9400796256 2.19920161590023e-15
9296.64007967328 2.15646880371125e-15
9300.34007972096 2.15074434329547e-15
9304.04007976864 2.14869050015661e-15
9307.74007981632 2.17265052113559e-15
9311.440079864 2.04769622075664e-15
9315.14007991168 2.0917743330241e-15
9318.84007995936 1.96551454311519e-15
9322.54008000704 1.90994007617112e-15
9326.24008005472 1.87675099595709e-15
9329.9400801024 1.94969704985816e-15
9333.64008015008 1.92684240687534e-15
9337.34008019776 1.86651439103129e-15
9341.04008024544 1.89651227461654e-15
9344.74008029312 1.80484446324054e-15
9348.4400803408 1.78326185198627e-15
9352.14008038848 1.87657375431288e-15
9355.84008043616 1.97900375455845e-15
9359.54008048384 1.80888353984953e-15
9363.24008053152 1.96229878253094e-15
9366.9400805792 1.93754953860335e-15
9370.64008062688 1.87943121996044e-15
9374.34008067456 1.92005153197897e-15
9378.04008072224 1.94123328489096e-15
9381.74008076992 1.96675184649289e-15
9385.4400808176 1.83603073405079e-15
9389.14008086528 1.89951077124982e-15
9392.84008091296 1.90580697890499e-15
9396.54008096064 2.02195573652253e-15
9400.24008100832 2.0716710648122e-15
9403.940081056 2.04377699930969e-15
9407.64008110368 2.09448081504881e-15
9411.34008115136 2.09214935686149e-15
9415.04008119904 2.04816611228413e-15
9418.74008124672 2.12376486161776e-15
9422.4400812944 2.09732832805924e-15
9426.14008134208 2.08407459177532e-15
9429.84008138976 2.00907342418598e-15
9433.54008143744 2.05940518070301e-15
9437.24008148512 2.09148337720671e-15
9440.9400815328 1.99883830156783e-15
9444.64008158048 1.95413698480943e-15
9448.34008162816 2.04199166561512e-15
9452.04008167584 2.10150928268689e-15
9455.74008172352 2.06211420382657e-15
9459.4400817712 2.04064933015196e-15
9463.14008181888 2.04743300526828e-15
9466.84008186656 2.03131418004027e-15
9470.54008191424 2.03987789489525e-15
9474.24008196192 2.01769367849018e-15
9477.9400820096 2.00896119232046e-15
9481.64008205728 1.98248336590577e-15
9485.34008210496 1.96079487553309e-15
9489.04008215264 2.00413395155406e-15
9492.74008220032 2.01988368217531e-15
9496.440082248 2.0405707678461e-15
9500.14008229568 2.06672142778492e-15
9503.84008234336 1.91919835804285e-15
9507.54008239104 1.90845840378814e-15
9511.24008243872 1.94775543858482e-15
9514.9400824864 2.00280876850808e-15
9518.64008253408 2.02527504688458e-15
9522.34008258176 2.01115860754388e-15
9526.04008262944 1.96424949940846e-15
9529.74008267712 1.92009578945046e-15
9533.4400827248 1.96486571587759e-15
9537.14008277248 1.9193758114453e-15
9540.84008282016 1.84967262318279e-15
9544.54008286784 1.92693960390604e-15
9548.24008291552 1.92945846813294e-15
9551.9400829632 1.97110792518238e-15
9555.64008301088 1.85642305225594e-15
9559.34008305856 1.76333222552856e-15
9563.04008310624 1.80536009454718e-15
9566.74008315392 1.80019149950304e-15
9570.4400832016 1.809285456983e-15
9574.14008324928 1.81601852188072e-15
9577.84008329696 1.78897148932547e-15
9581.54008334464 1.81577118826012e-15
9585.24008339232 1.6833254108583e-15
9588.94008344 1.62482910376268e-15
9592.64008348768 1.64102342080212e-15
9596.34008353536 1.63295839659483e-15
9600.04008358304 1.69083509908954e-15
9603.74008363072 1.68539513586491e-15
9607.4400836784 1.71367269553429e-15
9611.14008372608 1.6547928942718e-15
9614.84008377376 1.67900215469551e-15
9618.54008382144 1.76062786108621e-15
9622.24008386912 1.71995429187113e-15
9625.9400839168 1.60186265243083e-15
9629.64008396448 1.62855594285148e-15
9633.34008401216 1.62175564471357e-15
9637.04008405984 1.68516791927681e-15
9640.74008410752 1.6553870878843e-15
9644.4400841552 1.62155585081713e-15
9648.14008420288 1.67232965265352e-15
9651.84008425056 1.58141315950174e-15
9655.54008429824 1.63859402443027e-15
9659.24008434592 1.64775881504044e-15
9662.9400843936 1.63664468398128e-15
9666.64008444128 1.68987382257352e-15
9670.34008448896 1.65444709307108e-15
9674.04008453664 1.69556821331967e-15
9677.74008458432 1.64967713290774e-15
9681.440084632 1.70442140168438e-15
9685.14008467968 1.68820707349156e-15
9688.84008472736 1.6220140956416e-15
9692.54008477504 1.66272260496576e-15
9696.24008482272 1.65236180383406e-15
9699.9400848704 1.69557033090204e-15
9703.64008491808 1.71766380890263e-15
9707.34008496576 1.64401365886416e-15
9711.04008501344 1.70208475542026e-15
9714.74008506112 1.67239275660809e-15
9718.4400851088 1.7199691149477e-15
9722.14008515648 1.72099667179184e-15
9725.84008520416 1.60758986570369e-15
9729.54008525184 1.46631504037615e-15
9733.24008529952 1.48241427796726e-15
9736.9400853472 1.50747290067883e-15
9740.64008539488 1.42551018105424e-15
9744.34008544256 1.4324096879261e-15
9748.04008549024 1.56001890719911e-15
9751.74008553792 1.60683283000708e-15
9755.4400855856 1.59500719127222e-15
9759.14008563328 1.69308810085011e-15
9762.84008568096 1.71680978793356e-15
9766.54008572864 1.61692607460656e-15
9770.24008577632 1.77528036640341e-15
9773.940085824 1.84626945655896e-15
9777.64008587168 1.75364566262288e-15
9781.34008591936 1.7281487003611e-15
9785.04008596704 1.70615856038008e-15
9788.74008601472 1.80271904581765e-15
9792.4400860624 1.75123606564617e-15
9796.14008611008 1.83828341817401e-15
9799.84008615776 1.81036309465014e-15
9803.54008620544 1.88098065497921e-15
9807.24008625312 1.9285309670557e-15
9810.9400863008 2.00515780262906e-15
9814.64008634848 2.05617078539392e-15
9818.34008639616 2.03958418622079e-15
9822.04008644384 1.99604266932542e-15
9825.74008649152 1.9918026341497e-15
9829.4400865392 1.9577796499991e-15
9833.14008658688 1.90557679770158e-15
9836.84008663456 1.88574945047225e-15
9840.54008668224 1.91745939940213e-15
9844.24008672992 2.00568190426517e-15
9847.9400867776 2.09334536738302e-15
9851.64008682528 1.96771704053628e-15
9855.34008687296 2.06123688945145e-15
9859.04008692064 2.11896239656506e-15
9862.74008696832 2.16098264228717e-15
9866.440087016 2.18867003175054e-15
9870.14008706368 2.28375498579399e-15
9873.84008711136 2.14080525869239e-15
9877.54008715904 2.12575623607675e-15
9881.24008720672 2.05209655691763e-15
9884.9400872544 1.97850315808662e-15
9888.64008730208 2.02577458456523e-15
9892.34008734976 2.00930360538939e-15
9896.04008739744 2.05543916068573e-15
9899.74008744512 2.19918933392249e-15
9903.4400874928 2.09246042971137e-15
9907.14008754048 2.11875614404241e-15
9910.84008758816 2.21314398997027e-15
9914.54008763584 2.24523446845171e-15
9918.24008768352 2.24929937956558e-15
9921.9400877312 2.22714904447841e-15
9925.64008777888 2.16637485402939e-15
9929.34008782656 2.07056483978309e-15
9933.04008787424 2.04337508217622e-15
9936.74008792192 1.94095948149076e-15
9940.4400879696 1.9781895441379e-15
9944.14008801728 1.95125834333819e-15
9947.84008806496 1.89751134997782e-15
9951.54008811264 1.94685207794657e-15
9955.24008816032 1.99526784593691e-15
9958.940088208 2.1113001365242e-15
9962.64008825568 2.23368263311706e-15
9966.34008830336 2.09914902537937e-15
9970.04008835104 2.1219077418809e-15
9973.74008839872 2.07676300337462e-15
9977.4400884464 1.95952242028807e-15
9981.14008849408 1.84805881366004e-15
9984.84008854176 1.82919771926529e-15
9988.54008858944 1.85736283531092e-15
9992.24008863712 1.80560044014597e-15
9995.9400886848 1.91964093275779e-15
9999.64008873248 1.87425330755388e-15
10003.3400887802 1.84279746850817e-15
10007.0400888278 2.01787049661792e-15
10010.7400888755 2.01395318099511e-15
10014.4400889232 2.0904904428343e-15
10018.1400889709 2.08459212890609e-15
10021.8400890186 1.95143833783948e-15
10025.5400890662 2.01096230765835e-15
10029.2400891139 1.79007538501398e-15
10032.9400891616 1.72922686742384e-15
10036.6400892093 1.68483122368028e-15
10040.340089257 1.60080746113678e-15
10044.0400893046 1.71507008813902e-15
10047.7400893523 1.65458155955146e-15
10051.4400894 1.65768604118227e-15
10055.1400894477 1.75946615539905e-15
10058.8400894954 1.84934778604752e-15
10062.540089543 1.9408688489654e-15
10066.2400895907 1.88209047989835e-15
10069.9400896384 1.81130605407867e-15
10073.6400896861 1.80072745960041e-15
10077.3400897338 1.79782488944841e-15
10081.0400897814 1.734593985815e-15
10084.7400898291 1.71143186987233e-15
10088.4400898768 1.55722507490171e-15
10092.1400899245 1.7249257399968e-15
10095.8400899722 1.63375164294994e-15
10099.5400900198 1.55585341092275e-15
10103.2400900675 1.64381047683594e-15
10106.9400901152 1.81938971301079e-15
10110.6400901629 1.66579892275107e-15
10114.3400902106 1.63920124117433e-15
10118.0400902582 1.57352992974076e-15
10121.7400903059 1.67039153539108e-15
10125.4400903536 1.65276488563784e-15
10129.1400904013 1.59474461105857e-15
10132.840090449 1.51634122975747e-15
10136.5400904966 1.40016674351416e-15
10140.2400905443 1.40772227740367e-15
10143.940090592 1.38563515215018e-15
10147.6400906397 1.42173431993362e-15
10151.3400906874 1.5918491348075e-15
10155.040090735 1.58988348897428e-15
10158.7400907827 1.48019441637074e-15
10162.4400908304 1.70251462464099e-15
10166.1400908781 1.51721155611077e-15
10169.8400909258 1.48230839884885e-15
10173.5400909734 1.55023620605391e-15
10177.2400910211 1.43374249426861e-15
10180.9400910688 1.39391394629753e-15
10184.6400911165 1.19592920636014e-15
10188.3400911642 1.18840670675557e-15
10192.0400912118 1.439896718026e-15
10195.7400912595 1.51222052034819e-15
10199.4400913072 1.29316308299077e-15
10203.1400913549 1.23230027171964e-15
10206.8400914026 1.3308900363406e-15
10210.5400914502 1.52853596309909e-15
10214.2400914979 1.54770887149754e-15
10217.9400915456 1.52589258502894e-15
10221.6400915933 1.41656921890038e-15
10225.340091641 1.34538658171638e-15
10229.0400916886 1.25644462824377e-15
10232.7400917363 1.13061417816e-15
10236.440091784 1.11147440992561e-15
10240.1400918317 1.21513578431825e-15
10243.8400918794 1.09303439678476e-15
10247.540091927 1.18292650946595e-15
10251.2400919747 1.34031634837324e-15
10254.9400920224 1.3165550624995e-15
10258.6400920701 1.33481984569938e-15
10262.3400921178 1.28635283221573e-15
10266.0400921654 1.1926502359422e-15
10269.7400922131 1.14975489930646e-15
10273.4400922608 1.13003851339322e-15
10277.1400923085 1.17570100078852e-15
10280.8400923562 1.07956625528606e-15
10284.5400924038 1.14945769662109e-15
10288.2400924515 1.24117495354538e-15
10291.9400924992 1.16099799113184e-15
10295.6400925469 1.20963938752351e-15
10299.3400925946 1.05773768683973e-15
10303.0400926422 1.01835594874832e-15
10306.7400926899 1.05338383161172e-15
10310.4400927376 1.11884264365465e-15
10314.1400927853 8.98122904138246e-16
10317.840092833 1.05726747767488e-15
10321.5400928806 1.01259887756407e-15
10325.2400929283 9.38935280877563e-16
10328.940092976 8.21538843728722e-16
10332.6400930237 8.53142013567694e-16
10336.3400930714 8.05878263325174e-16
10340.040093119 8.27321855296982e-16
10343.7400931667 9.31313996055524e-16
10347.4400932144 9.67858173773627e-16
10351.1400932621 1.02019210441973e-15
10354.8400933098 9.48305582856564e-16
10358.5400933574 1.01310445035447e-15
10362.2400934051 1.01951670152342e-15
10365.9400934528 9.210255103617e-16
10369.6400935005 1.13709366256914e-15
10373.3400935482 8.89312914453854e-16
10377.0400935958 1.17162232538925e-15
10380.7400936435 1.04254593917249e-15
10384.4400936912 1.0503218075074e-15
10388.1400937389 8.42729861063571e-16
10391.8400937866 9.99527782759399e-16
10395.5400938342 1.09321227370369e-15
10399.2400938819 1.16933099538781e-15
10402.9400939296 1.10120487659398e-15
10406.6400939773 1.11084188807224e-15
10410.340094025 9.77750353927255e-16
10414.0400940726 1.0058448486009e-15
10417.7400941203 1.18816276126676e-15
10421.440094168 1.05591222495928e-15
10425.1400942157 9.89716282493998e-16
10428.8400942634 1.14307583275913e-15
10432.540094311 1.4178986371111e-15
10436.2400943587 1.25703098680151e-15
10439.9400944064 1.22571628462064e-15
10443.6400944541 1.21434952598496e-15
10447.3400945018 1.33160757912604e-15
10451.0400945494 1.20306471778692e-15
10454.7400945971 1.2671087730497e-15
10458.4400946448 1.24464683571706e-15
10462.1400946925 1.17382323462357e-15
10465.8400947402 1.25514051514236e-15
10469.5400947878 1.32302533542534e-15
10473.2400948355 1.4059191560172e-15
10476.9400948832 1.41482846031466e-15
10480.6400949309 1.41894715802068e-15
10484.3400949786 1.19979082956667e-15
10488.0400950262 1.41019137844491e-15
10491.7400950739 1.37311494639858e-15
10495.4400951216 1.42768006770687e-15
10499.1400951693 1.23762853247435e-15
10502.840095217 1.53595247770613e-15
10506.5400952646 1.48233126873843e-15
10510.2400953123 1.45448527235568e-15
10513.94009536 1.50176072224079e-15
10517.6400954077 1.46481452151009e-15
10521.3400954554 1.41092279139487e-15
10525.040095503 1.40411465820219e-15
10528.7400955507 1.5131409275245e-15
10532.4400955984 1.43897673436617e-15
10536.1400956461 1.15821358207598e-15
10539.8400956938 1.3302877959151e-15
10543.5400957414 1.43973260539247e-15
10547.2400957891 1.45196863159027e-15
10550.9400958368 1.48894204325439e-15
10554.6400958845 1.44723689378867e-15
10558.3400959322 1.36086219130007e-15
10562.0400959798 1.4694059694798e-15
10565.7400960275 1.80745861867401e-15
10569.4400960752 1.74900191036867e-15
10573.1400961229 1.57452349938789e-15
10576.8400961706 1.54428431729179e-15
10580.5400962182 1.71798197565344e-15
10584.2400962659 1.822517805685e-15
10587.9400963136 1.79731095220766e-15
10591.6400963613 1.90870044345281e-15
