3371 2.03832771210521e-17
3375.06703948975 2.70393629366111e-17
3379.13407897949 3.36950500511149e-17
3383.20111846924 4.53531648595923e-17
3387.26815795898 1.71194592043682e-18
3391.33519744873 5.28073674697017e-18
3395.40223693848 4.38281854356375e-18
3399.46927642822 2.18669033046435e-17
3403.53631591797 2.01393084711857e-18
3407.60335540771 1.83535196204784e-19
3411.67039489746 2.59281466996808e-17
3415.73743438721 1.76390045228727e-17
3419.80447387695 9.35036361751572e-18
3423.8715133667 1.46252381354847e-17
3427.93855285645 2.34642353895977e-17
3432.00559234619 1.37403633295673e-17
3436.07263183594 2.4548737001465e-17
3440.13967132568 3.65725103084439e-17
3444.20671081543 4.58671616573429e-17
3448.27375030518 2.13976735216442e-17
3452.34078979492 1.89262977337134e-17
3456.40782928467 1.8545978286035e-17
3460.47486877441 1.74071325622843e-17
3464.54190826416 1.97169682483896e-17
3468.60894775391 3.39918987031806e-17
3472.67598724365 2.46434789601043e-17
3476.7430267334 2.9980459852825e-17
3480.81006622314 2.48344220239836e-17
3484.87710571289 2.78774027762457e-17
3488.94414520264 2.62077453272523e-17
3493.01118469238 1.81531799916356e-17
3497.07822418213 3.02414452622529e-17
3501.14526367188 2.55383990473806e-17
3505.21230316162 3.70448072771545e-17
3509.27934265137 2.86590189719369e-17
3513.34638214111 1.50756065461566e-17
3517.41342163086 1.07278575654329e-17
3521.48046112061 2.04919090965374e-17
3525.54750061035 2.57299294094948e-17
3529.6145401001 2.19842124047546e-17
3533.68157958984 2.44383398225524e-17
3537.74861907959 2.44017403891694e-17
3541.81565856934 2.22505629076354e-17
3545.88269805908 2.03397790013604e-17
3549.94973754883 2.65927863218672e-17
3554.01677703857 2.37901759838069e-17
3558.08381652832 2.3065474777343e-17
3562.15085601807 1.86582548192993e-17
3566.21789550781 2.7558145801386e-17
3570.28493499756 3.01586279393241e-17
3574.35197448731 2.27519418923222e-17
3578.41901397705 2.63151646559597e-17
3582.4860534668 2.80788146379575e-17
3586.55309295654 2.53606114639633e-17
3590.62013244629 2.63313310738514e-17
3594.68717193604 2.67672850351689e-17
3598.75421142578 2.10066867527863e-17
3602.82125091553 2.34165715883412e-17
3606.88829040527 2.62321239942655e-17
3610.95532989502 3.21029225865749e-17
3615.02236938477 2.38118745856354e-17
3619.08940887451 2.53795175040438e-17
3623.15644836426 2.08985742467257e-17
3627.223487854 2.82171953369927e-17
3631.29052734375 3.47349385038247e-17
3635.3575668335 2.50913525940487e-17
3639.42460632324 2.39436791988008e-17
3643.49164581299 2.55303704323551e-17
3647.55868530273 2.70311639223795e-17
3651.62572479248 2.28585423122231e-17
3655.69276428223 2.29872466524527e-17
3659.75980377197 2.90069344462991e-17
3663.82684326172 3.79429070467054e-17
3667.89388275147 2.72953058530248e-17
3671.96092224121 3.73029207154956e-17
3676.02796173096 2.60734872963901e-17
3680.0950012207 3.38911348696818e-17
3684.16204071045 2.98497322288172e-17
3688.2290802002 2.85731642417988e-17
3692.29611968994 2.4767840602118e-17
3696.36315917969 2.15539047782983e-17
3700.43019866943 2.75182310281078e-17
3704.49723815918 2.71100571004823e-17
3708.56427764893 2.85585429972913e-17
3712.63131713867 2.95167060054809e-17
3716.69835662842 1.71165241607597e-17
3720.76539611816 1.80551326192685e-17
3724.83243560791 2.03199084686856e-17
3728.89947509766 2.0480573413423e-17
3732.9665145874 1.75961764194771e-17
3737.03355407715 2.25301334110661e-17
3741.10059356689 2.35513209644873e-17
3745.16763305664 1.8485853836031e-17
3749.23467254639 2.03351550617362e-17
3753.30171203613 2.62929151518432e-17
3757.36875152588 2.28326763744686e-17
3761.43579101563 2.18021846935174e-17
3765.50283050537 2.39860506984982e-17
3769.56986999512 2.69978053826364e-17
3773.63690948486 2.17902286249435e-17
3777.70394897461 1.71258117446774e-17
3781.77098846436 2.22364644412751e-17
3785.8380279541 1.62959808454418e-17
3789.90506744385 2.49740219872417e-17
3793.97210693359 1.52665380295073e-17
3798.03914642334 1.51266750228144e-17
3802.10618591309 1.48126987689852e-17
3806.17322540283 1.60767564764193e-17
3810.24026489258 1.02079522165668e-17
3814.30730438233 1.97019433397432e-17
3818.37434387207 1.48590324638167e-17
3822.44138336182 1.33375271984346e-17
3826.50842285156 2.02303860197114e-17
3830.57546234131 2.12709577236072e-17
3834.64250183106 2.32726835207876e-17
3838.7095413208 1.84260073187128e-17
3842.77658081055 1.51445801743537e-17
3846.84362030029 1.83910672096385e-17
3850.91065979004 2.04234532834038e-17
3854.97769927979 2.2757768552557e-17
3859.04473876953 2.03316593964675e-17
3863.11177825928 2.23304850984203e-17
3867.17881774902 2.58230666377458e-17
3871.24585723877 2.37366623612584e-17
3875.31289672852 2.62491936933861e-17
3879.37993621826 2.56276352918628e-17
3883.44697570801 2.73018819388946e-17
3887.51401519775 2.95208385998212e-17
3891.5810546875 3.77013537642277e-17
3895.64809417725 3.25805102024834e-17
3899.71513366699 2.81827713886207e-17
3903.78217315674 3.46397465589321e-17
3907.84921264649 3.31387777066179e-17
3911.91625213623 3.44231377350065e-17
3915.98329162598 3.66103687107192e-17
3920.05033111572 3.51040033320887e-17
3924.11737060547 3.80421819551016e-17
3928.18441009522 4.01436111402354e-17
3932.25144958496 3.68630591529644e-17
3936.31848907471 3.55368173158009e-17
3940.38552856445 3.45485250809797e-17
3944.4525680542 3.32273952200019e-17
3948.51960754395 3.48947332545577e-17
3952.58664703369 3.87704317663932e-17
3956.65368652344 3.95324967211261e-17
3960.72072601318 4.28189481605258e-17
3964.78776550293 3.84438178471654e-17
3968.85480499268 3.82445533463239e-17
3972.92184448242 3.96228347701842e-17
3976.98888397217 3.27410229459881e-17
3981.05592346191 3.80047239082427e-17
3985.12296295166 3.10500076935786e-17
3989.19000244141 2.95822716495543e-17
3993.25704193115 3.49369029221856e-17
3997.3240814209 3.13877124504595e-17
4001.39112091065 3.33309780850282e-17
4005.45816040039 3.39030727402822e-17
4009.52519989014 3.27007425588792e-17
4013.59223937988 3.20964077120704e-17
4017.65927886963 3.07050270560296e-17
4021.72631835938 2.90088402704305e-17
4025.79335784912 3.09565627541397e-17
4029.86039733887 3.13691174302893e-17
4033.92743682861 3.7813674965245e-17
4037.99447631836 3.27956896583105e-17
4042.06151580811 3.26276032491172e-17
4046.12855529785 3.28791389472273e-17
4050.1955947876 3.1710289728298e-17
4054.26263427734 3.25771419230291e-17
4058.32967376709 3.00848798246313e-17
4062.39671325684 3.54136997534285e-17
4066.46375274658 3.02953145724648e-17
4070.53079223633 3.19372482360478e-17
4074.59783172608 3.55372739194991e-17
4078.66487121582 2.95844752587061e-17
4082.73191070557 3.00063572234429e-17
4086.79895019531 3.54549826834398e-17
4090.86598968506 3.43449724758427e-17
4094.93302917481 3.18978115731638e-17
4099.00006866455 3.11346712836346e-17
4103.0671081543 3.36860635609401e-17
4107.13414764404 3.14306596678632e-17
4111.20118713379 2.63087639323798e-17
4115.26822662354 2.97580078250524e-17
4119.33526611328 2.9852832501753e-17
4123.40230560303 3.10219265661436e-17
4127.46934509277 2.96599108218485e-17
4131.53638458252 2.94385275114273e-17
4135.60342407227 3.10238588600545e-17
4139.67046356201 3.0391194731627e-17
4143.73750305176 2.74621680349115e-17
4147.8045425415 2.90734099890463e-17
4151.87158203125 2.60576600225495e-17
4155.938621521 2.94970720464613e-17
4160.00566101074 2.78702162310839e-17
4164.07270050049 2.71894813285384e-17
4168.13973999024 2.38259912499692e-17
4172.20677947998 2.75981217860294e-17
4176.27381896973 2.97114309391207e-17
4180.34085845947 3.17436780465431e-17
4184.40789794922 2.75971109713209e-17
4188.47493743897 2.74079397283137e-17
4192.54197692871 3.28571954999375e-17
4196.60901641846 3.24189684462967e-17
4200.6760559082 2.8191321127432e-17
4204.74309539795 2.57588592242382e-17
4208.8101348877 3.28847968626171e-17
4212.87717437744 2.70309935231733e-17
4216.94421386719 2.24492500364094e-17
4221.01125335693 2.561195360181e-17
4225.07829284668 2.5801138079707e-17
4229.14533233643 2.57282634677411e-17
4233.21237182617 2.88982793097566e-17
4237.27941131592 2.65462094359356e-17
4241.34645080567 3.04453750617492e-17
4245.41349029541 2.81377893069101e-17
4249.48052978516 2.55950030166976e-17
4253.5475692749 2.85720723633902e-17
4257.61460876465 2.77068182816026e-17
4261.6816482544 2.4091665119109e-17
4265.74868774414 2.44830439715772e-17
4269.81572723389 2.47352480316222e-17
4273.88276672363 2.57749065281217e-17
4277.94980621338 2.56783927486103e-17
4282.01684570313 2.28842361964102e-17
4286.08388519287 2.51151753956902e-17
4290.15092468262 2.11661671748866e-17
4294.21796417237 2.58056313247944e-17
4298.28500366211 2.22889953732558e-17
4302.35204315186 2.43284224083951e-17
4306.4190826416 2.39363073651817e-17
4310.48612213135 2.333549299906e-17
4314.5531616211 2.04645261095395e-17
4318.62020111084 2.52771340509057e-17
4322.68724060059 2.64520994432842e-17
4326.75428009033 2.36946498579468e-17
4330.82131958008 2.11946767818788e-17
4334.88835906983 2.76329593247077e-17
4338.95539855957 2.59986522663724e-17
4343.02243804932 2.38589841758815e-17
4347.08947753906 2.6699811912603e-17
4351.15651702881 2.6705838750546e-17
4355.22355651856 2.28586945134558e-17
4359.2905960083 2.42014915433989e-17
4363.35763549805 2.55615783025055e-17
4367.42467498779 2.48869364123522e-17
4371.49171447754 2.5225390594868e-17
4375.55875396729 2.37505887740513e-17
4379.62579345703 2.17285987062246e-17
4383.69283294678 2.35307043149e-17
4387.75987243653 2.1585460064306e-17
4391.82691192627 1.84030199694899e-17
4395.89395141602 2.16992916971219e-17
4399.96099090576 2.24927828976869e-17
4404.02803039551 2.01564096031696e-17
4408.09506988526 1.8971580909167e-17
4412.162109375 2.17855765611785e-17
4416.22914886475 2.28253095039332e-17
4420.29618835449 2.03264713196656e-17
4424.36322784424 2.1284449039398e-17
4428.43026733399 2.10444558195555e-17
4432.49730682373 1.96217647229684e-17
4436.56434631348 1.93599140826198e-17
4440.63138580322 2.30794028444972e-17
4444.69842529297 2.10379558343021e-17
4448.76546478272 1.65111652643525e-17
4452.83250427246 1.9863258448442e-17
4456.89954376221 2.06945964707538e-17
4460.96658325195 2.10916233124445e-17
4465.0336227417 2.22361534213647e-17
4469.10066223145 2.08437602962542e-17
4473.16770172119 2.38675074449132e-17
4477.23474121094 2.45955603872191e-17
4481.30178070069 2.07862513913471e-17
4485.36882019043 2.52375551129562e-17
4489.43585968018 2.31932874168723e-17
4493.50289916992 2.56696825367601e-17
4497.56993865967 2.63292283807343e-17
4501.63697814942 2.27022283375077e-17
4505.70401763916 2.40173115082078e-17
4509.77105712891 2.30021127424215e-17
4513.83809661865 2.44302218720208e-17
4517.9051361084 2.9236751690246e-17
4521.97217559815 2.60233634599918e-17
4526.03921508789 2.28197756656352e-17
4530.10625457764 2.48112129903566e-17
4534.17329406738 2.9458545282251e-17
4538.24033355713 2.62031081527384e-17
4542.30737304688 2.67476874720963e-17
4546.37441253662 2.74652352206228e-17
4550.44145202637 2.75177181761281e-17
4554.50849151612 2.58993806666987e-17
4558.57553100586 2.95407802700286e-17
4562.64257049561 2.85411424259256e-17
4566.70960998535 2.69904633275194e-17
4570.7766494751 2.55550402669439e-17
4574.84368896485 2.70942860749234e-17
4578.91072845459 2.74176690266786e-17
4582.97776794434 2.96838560462207e-17
4587.04480743408 3.05497718724983e-17
4591.11184692383 2.64232407660734e-17
4595.17888641358 3.23914134057313e-17
4599.24592590332 3.68639293469688e-17
4603.31296539307 2.99895025912815e-17
4607.38000488281 3.39985029131912e-17
4611.44704437256 3.13746827014505e-17
4615.51408386231 3.27303324637514e-17
4619.58112335205 3.00692527284989e-17
4623.6481628418 3.34317088313025e-17
4627.71520233154 3.20483915318729e-17
4631.78224182129 3.07404700909163e-17
4635.84928131104 2.77914719454913e-17
4639.91632080078 2.78281292815172e-17
4643.98336029053 3.55870768098197e-17
4648.05039978028 3.41733655859624e-17
4652.11743927002 2.81696059819913e-17
4656.18447875977 2.71759304557436e-17
4660.25151824951 2.68823590932649e-17
4664.31855773926 2.99765224731093e-17
4668.38559722901 2.79853399200165e-17
4672.45263671875 2.52486773834726e-17
4676.5196762085 2.84134455916821e-17
4680.58671569824 2.50586111310426e-17
4684.65375518799 2.51896017984853e-17
4688.72079467774 2.61607217637899e-17
4692.78783416748 2.36500433162343e-17
4696.85487365723 2.49699836914913e-17
4700.92191314697 2.49175387862942e-17
4704.98895263672 2.41001602639999e-17
4709.05599212647 2.43870298091557e-17
4713.12303161621 2.71364739405248e-17
4717.19007110596 2.47393343038482e-17
4721.2571105957 2.44594428543399e-17
4725.32415008545 2.25490725383711e-17
4729.3911895752 2.36991993513158e-17
4733.45822906494 2.36812528407459e-17
4737.52526855469 1.66812038197914e-17
4741.59230804444 1.56932126787132e-17
4745.65934753418 1.95100539812431e-17
4749.72638702393 1.79153771460552e-17
4753.79342651367 1.81279840701773e-17
4757.86046600342 2.02995515538107e-17
4761.92750549317 1.7891696619479e-17
4765.99454498291 1.64091920927982e-17
4770.06158447266 1.76681510589366e-17
4774.1286239624 1.85246105564515e-17
4778.19566345215 1.79240708142931e-17
4782.2627029419 1.33984722116063e-17
4786.32974243164 1.55101063239572e-17
4790.39678192139 2.05658375366038e-17
4794.46382141113 1.77666682698917e-17
4798.53086090088 1.59145827542446e-17
4802.59790039063 1.89422077256153e-17
4806.66493988037 1.39526443445281e-17
4810.73197937012 1.85137397488414e-17
4814.79901885987 2.0170655307679e-17
4818.86605834961 1.34464908733456e-17
4822.93309783936 1.98152025635752e-17
4827.0001373291 1.98823630118696e-17
4831.06717681885 1.52482474118025e-17
4835.1342163086 1.36797177557774e-17
4839.20125579834 1.3688140935955e-17
4843.26829528809 1.96717446299401e-17
4847.33533477783 1.73466408440883e-17
4851.40237426758 1.44177663486054e-17
4855.46941375733 1.92470320531472e-17
4859.53645324707 1.63705826105267e-17
4863.60349273682 1.47579873889097e-17
4867.67053222656 1.86872077950999e-17
4871.73757171631 1.65651619603788e-17
4875.80461120606 9.67407826869651e-18
4879.8716506958 1.38440338757386e-17
4883.93869018555 1.90836556103618e-17
4888.00572967529 1.58476969299136e-17
4892.07276916504 1.33208437926601e-17
4896.13980865479 1.63105838919758e-17
4900.20684814453 1.6864748580272e-17
4904.27388763428 1.65327215911157e-17
4908.34092712403 1.53044907303724e-17
4912.40796661377 1.95664627359356e-17
4916.47500610352 2.05520418183476e-17
4920.54204559326 1.91052499874331e-17
4924.60908508301 1.72953391024977e-17
4928.67612457276 1.91491170296781e-17
4932.7431640625 1.76575102075367e-17
4936.81020355225 1.84128766536691e-17
4940.87724304199 2.06977447201651e-17
4944.94428253174 1.81932486205077e-17
4949.01132202149 1.75420804617774e-17
4953.07836151123 1.94514217650641e-17
4957.14540100098 2.28072471880775e-17
4961.21244049073 2.10900400887521e-17
4965.27947998047 2.12726517895017e-17
4969.34651947022 2.10156848234897e-17
4973.41355895996 2.16239388520408e-17
4977.48059844971 2.01577215116211e-17
4981.54763793946 1.82021954060131e-17
4985.6146774292 1.80575446779347e-17
4989.68171691895 1.77553176975262e-17
4993.74875640869 1.69028931870393e-17
4997.81579589844 1.56451567938463e-17
5001.88283538819 1.80749816452473e-17
5005.94987487793 1.58941944065064e-17
5010.01691436768 1.90253178704809e-17
5014.08395385742 1.62939790683594e-17
5018.15099334717 1.98710240200327e-17
5022.21803283692 2.11310119988531e-17
5026.28507232666 1.48818328702211e-17
5030.35211181641 1.66974728080791e-17
5034.41915130616 1.87127312800808e-17
5038.4861907959 1.60328546925887e-17
5042.55323028565 2.05113643845447e-17
5046.62026977539 1.90179526543067e-17
5050.68730926514 1.28394519731144e-17
5054.75434875489 1.20162848408935e-17
5058.82138824463 1.55390874238986e-17
5062.88842773438 1.44060683603827e-17
5066.95546722412 1.46998316287635e-17
5071.02250671387 1.70214529842365e-17
5075.08954620362 1.83804081602652e-17
5079.15658569336 1.59185118621542e-17
5083.22362518311 1.42294057425985e-17
5087.29066467285 1.69730083244817e-17
5091.3577041626 1.51236309981602e-17
5095.42474365235 1.46429464180383e-17
5099.49178314209 1.47370117429366e-17
5103.55882263184 1.51615820446641e-17
5107.62586212158 1.42315564121911e-17
5111.69290161133 1.80999608453852e-17
5115.75994110108 1.42094442200564e-17
5119.82698059082 1.42048864548812e-17
5123.89402008057 1.65785093467429e-17
5127.96105957032 1.65552837695037e-17
5132.02809906006 1.3079096949919e-17
5136.09513854981 1.30696406211563e-17
5140.16217803955 1.75279737236109e-17
5144.2292175293 2.04346566176202e-17
5148.29625701905 1.97553825160365e-17
5152.36329650879 1.66844364416253e-17
5156.43033599854 1.64016564774179e-17
5160.49737548828 1.96243885398714e-17
5164.56441497803 1.92566174220854e-17
5168.63145446778 1.75281259248436e-17
5172.69849395752 1.68069402359831e-17
5176.76553344727 2.04483216413396e-17
5180.83257293701 1.8761296708205e-17
5184.89961242676 1.66676066248823e-17
5188.96665191651 1.46724618766554e-17
5193.03369140625 1.86145598306218e-17
5197.100730896 1.74562571645026e-17
5201.16777038574 1.70907607934011e-17
5205.23480987549 1.90486774509794e-17
5209.30184936524 2.03361046650794e-17
5213.36888885498 1.95837061429848e-17
5217.43592834473 1.89136948099006e-17
5221.50296783448 1.86218936139327e-17
5225.57000732422 1.75586621243366e-17
5229.63704681397 2.10937309686453e-17
5233.70408630371 2.24593333680764e-17
5237.77112579346 2.13025229357823e-17
5241.83816528321 2.20868721362173e-17
5245.90520477295 1.95857608596264e-17
5249.9722442627 1.91096307359572e-17
5254.03928375244 1.97983049180219e-17
5258.10632324219 1.90349214373927e-17
5262.17336273194 1.96695029704801e-17
5266.24040222168 1.87458896421156e-17
5270.30744171143 1.92030177727532e-17
5274.37448120117 1.77392091822773e-17
5278.44152069092 1.9366581158357e-17
5282.50856018067 2.1552035350114e-17
5286.57559967041 2.00394015968015e-17
5290.64263916016 1.82768153690715e-17
5294.70967864991 1.98499871626942e-17
5298.77671813965 1.80507899210526e-17
5302.8437576294 2.31707235841231e-17
5306.91079711914 2.06867167482386e-17
5310.97783660889 2.09374451180708e-17
5315.04487609864 2.04019300438651e-17
5319.11191558838 2.09694355010806e-17
5323.17895507813 1.98041861721772e-17
5327.24599456787 2.02156175370549e-17
5331.31303405762 2.06193561222359e-17
5335.38007354737 2.1763201325609e-17
5339.44711303711 1.78359975857522e-17
5343.51415252686 1.88411494158184e-17
5347.5811920166 1.66749056666074e-17
5351.64823150635 1.84306262952533e-17
5355.7152709961 1.9183827182542e-17
5359.78231048584 1.80694263002534e-17
5363.84934997559 2.28319501098908e-17
5367.91638946533 2.24356164455533e-17
5371.98342895508 1.87479145802551e-17
5376.05046844483 2.37938139241409e-17
5380.11750793457 2.2189164599488e-17
5384.18454742432 1.91120444489847e-17
5388.25158691407 1.85560136412265e-17
5392.31862640381 1.22262580219452e-17
5396.38566589356 1.94840226073661e-17
5400.4527053833 2.08560753612139e-17
5404.51974487305 2.05228026380551e-17
5408.5867843628 2.10481698605059e-17
5412.65382385254 1.79717098001313e-17
5416.72086334229 1.95354765501893e-17
5420.78790283203 1.97984736628669e-17
5424.85494232178 1.84060673028666e-17
5428.92198181153 1.90107512198939e-17
5432.98902130127 1.90584117124279e-17
5437.05606079102 1.93994400810101e-17
5441.12310028077 1.72804597776391e-17
5445.19013977051 1.79834855433316e-17
5449.25717926026 1.6011066755254e-17
5453.32421875 1.56422351919227e-17
5457.39125823975 1.70607771505573e-17
5461.4582977295 1.85149093822275e-17
5465.52533721924 1.8227968699539e-17
5469.59237670899 1.57176161611447e-17
5473.65941619873 1.47502863374068e-17
5477.72645568848 1.3997004386418e-17
5481.79349517823 1.80109495940296e-17
5485.86053466797 1.55026170306911e-17
5489.92757415772 1.74224354036165e-17
5493.99461364746 1.67912271130671e-17
5498.06165313721 1.94444420150554e-17
5502.12869262696 1.95934867265477e-17
5506.1957321167 1.42685313855723e-17
5510.26277160645 1.7440944397003e-17
5514.3298110962 1.98901302378214e-17
5518.39685058594 1.82407668379764e-17
5522.46389007569 1.95602803880373e-17
5526.53092956543 1.75828621203375e-17
5530.59796905518 1.65924225246461e-17
5534.66500854493 1.77397997892347e-17
5538.73204803467 1.55611979616721e-17
5542.79908752442 1.51978224816613e-17
5546.86612701416 1.40967441703185e-17
5550.93316650391 1.84550148884338e-17
5555.00020599366 1.46082610805927e-17
5559.0672454834 1.67031042536894e-17
5563.13428497315 1.86768432220246e-17
5567.20132446289 1.61511977684654e-17
5571.26836395264 4.28150256700611e-18
5575.33540344239 1.42551641468734e-17
5579.40244293213 1.76088289741267e-17
5583.46948242188 1.89986032454179e-17
5587.53652191162 1.15820547239725e-17
5591.60356140137 1.18433511533107e-17
5595.67060089112 1.59652938888778e-17
5599.73764038086 1.99666378270377e-17
5603.80467987061 1.76349447204263e-17
5607.87171936036 1.79118947156764e-17
5611.9387588501 1.84435981416193e-17
5616.00579833985 1.74403256659048e-17
5620.07283782959 1.55701910692918e-17
5624.13987731934 1.81922593124951e-17
5628.20691680909 1.83743482350976e-17
5632.27395629883 1.62655621055958e-17
5636.34099578858 1.34070823346024e-17
5640.40803527832 1.32174892294828e-17
5644.47507476807 1.5298409298509e-17
5648.54211425782 1.08252986144111e-17
5652.60915374756 1.53328944582463e-17
5656.67619323731 1.36595453021791e-17
5660.74323272705 1.25873802619674e-17
5664.8102722168 1.29431398900785e-17
5668.87731170655 1.16665404701969e-17
5672.94435119629 1.38546284050242e-17
5677.01139068604 1.61767014011116e-17
5681.07843017578 1.45405116797021e-17
5685.14546966553 1.38370863857738e-17
5689.21250915528 1.24615892518553e-17
5693.27954864502 1.32663739493234e-17
5697.34658813477 9.41294562111964e-18
5701.41362762452 1.29577785053789e-17
5705.48066711426 1.46682912320069e-17
5709.54770660401 1.11152816673925e-17
5713.61474609375 1.19289329138467e-17
5717.6817855835 1.42745135557622e-17
5721.74882507325 1.16419624526561e-17
5725.81586456299 1.13779603155343e-17
5729.88290405274 1.19833704971394e-17
5733.94994354248 1.29302491074125e-17
5738.01698303223 1.13206482796129e-17
5742.08402252198 1.49573991279003e-17
5746.15106201172 1.35228818300955e-17
5750.21810150147 1.3613413439417e-17
5754.28514099121 1.34693260213358e-17
5758.35218048096 1.17633660967993e-17
5762.41921997071 1.33527861991944e-17
5766.48625946045 1.39299134212951e-17
5770.5532989502 1.45799963190617e-17
5774.62033843995 1.42491091847895e-17
5778.68737792969 1.05332922776513e-17
5782.75441741944 1.4956456142002e-17
5786.82145690918 1.38981496857731e-17
5790.88849639893 1.36303102577896e-17
5794.95553588868 1.2589975127549e-17
5799.02257537842 1.593989613535e-17
5803.08961486817 1.58592278276526e-17
5807.15665435791 1.39791472113543e-17
5811.22369384766 1.5994104589613e-17
5815.29073333741 1.55587296547243e-17
5819.35777282715 1.72595155645293e-17
5823.4248123169 1.68430450153598e-17
5827.49185180664 1.48174252790053e-17
5831.55889129639 2.03014656497481e-17
5835.62593078614 1.68274460433683e-17
5839.69297027588 1.61921878765398e-17
5843.76000976563 1.62135655322907e-17
5847.82704925537 1.58797882289582e-17
5851.89408874512 2.00022297544346e-17
5855.96112823487 1.85455564239226e-17
5860.02816772461 1.67409907801055e-17
5864.09520721436 1.59831179767171e-17
5868.16224670411 1.95647124217594e-17
5872.22928619385 1.82680985397764e-17
5876.2963256836 1.56956611333263e-17
5880.36336517334 1.71738477772096e-17
5884.43040466309 1.4714967379612e-17
5888.49744415284 1.96608357720217e-17
5892.56448364258 2.01970340974133e-17
5896.63152313233 1.33281436615658e-17
5900.69856262207 1.28605177817743e-17
5904.76560211182 1.99153245049186e-17
5908.83264160157 1.57868710307501e-17
5912.89968109131 1.84983756961438e-17
5916.96672058106 1.14816019103841e-17
5921.0337600708 1.2563143042839e-17
5925.10079956055 1.44082769326182e-17
5929.1678390503 1.07483013342722e-17
5933.23487854004 1.51502612508007e-17
5937.30191802979 1.13585521768219e-17
5941.36895751953 1.3095188094375e-17
5945.43599700928 1.75233745994051e-17
5949.50303649903 1.51083149219381e-17
5953.57007598877 1.3109398230118e-17
5957.63711547852 1.58093571085217e-17
5961.70415496827 1.01236525859803e-17
5965.77119445801 1.42047938106526e-17
5969.83823394776 1.35973512462824e-17
5973.9052734375 1.37016951174723e-17
5977.97231292725 1.05885917831423e-17
5982.039352417 1.33304787924351e-17
5986.10639190674 1.31666606352026e-17
5990.17343139649 1.00556343513907e-17
5994.24047088623 1.05487266407009e-17
5998.30751037598 1.08034800713937e-17
6002.37454986573 9.14792770620562e-18
6006.44158935547 1.30014387524707e-17
6010.50862884522 1.66242176930314e-17
6014.57566833496 1.08034089338611e-17
6018.64270782471 1.09365428262709e-17
6022.70974731446 1.25901215385174e-17
6026.7767868042 1.096932895703e-17
6030.84382629395 1.00653487605045e-17
6034.9108657837 1.48044203454147e-17
6038.97790527344 8.02796320711699e-18
6043.04494476319 8.28616846250603e-18
6047.11198425293 7.37506127782276e-18
6051.17902374268 8.87953406721176e-18
6055.24606323243 1.16835233153532e-17
6059.31310272217 1.01843420003427e-17
6063.38014221192 6.71391856167597e-18
6067.44718170166 9.72395725963346e-18
6071.51422119141 1.16179328558614e-17
6075.58126068116 1.07346156310375e-17
6079.6483001709 9.97929716138061e-18
6083.71533966065 7.67144836310664e-18
6087.78237915039 6.11024794089906e-18
6091.84941864014 9.6786178358982e-18
6095.91645812989 7.45316367126002e-18
6099.98349761963 6.74575632986283e-18
6104.05053710938 9.87643228912597e-18
6108.11757659912 8.70158187485262e-18
6112.18461608887 5.5518307170737e-18
6116.25165557862 4.67477235435465e-18
6120.31869506836 4.49102907052702e-18
6124.38573455811 5.4749641314716e-18
6128.45277404786 6.5486230598695e-18
6132.5198135376 7.22201301216575e-18
6136.58685302735 7.01710962108841e-18
6140.65389251709 5.17870898149543e-18
6144.72093200684 8.67357353931157e-18
6148.78797149659 6.72051077756772e-18
6152.85501098633 8.34514726736168e-18
6156.92205047608 9.31699349724411e-18
6160.98908996582 3.43725721841611e-18
6165.05612945557 5.79599830387741e-18
6169.12316894532 4.61804637589729e-18
6173.19020843506 5.10006892066001e-18
6177.25724792481 3.26012021255064e-18
6181.32428741455 6.06998947407641e-18
6185.3913269043 7.57496849800029e-18
6189.45836639405 5.6862889256442e-18
6193.52540588379 3.70116092104503e-18
6197.59244537354 7.98584813340947e-18
6201.65948486329 1.1297810650081e-18
6205.72652435303 8.48065268658767e-18
6209.79356384278 7.88516453643013e-18
6213.86060333252 6.97427986333163e-18
6217.92764282227 6.1179403070055e-18
6221.99468231202 6.77298463408624e-18
6226.06172180176 6.05473874512277e-18
6230.12876129151 9.21432053089157e-18
6234.19580078125 7.98320860007481e-18
6238.262840271 5.31617936826653e-18
6242.32987976075 6.89880666347138e-18
6246.39691925049 5.06330074243203e-18
6250.46395874024 7.47761926607015e-18
6254.53099822999 6.42681078850372e-18
6258.59803771973 8.59294080038051e-18
6262.66507720948 5.24395533385238e-18
6266.73211669922 8.69602487549748e-18
6270.79915618897 8.09371579400883e-18
6274.86619567872 4.0646021619146e-18
6278.93323516846 6.59727203323558e-18
6283.00027465821 1.27413574514524e-17
6287.06731414795 5.32668828435871e-18
6291.1343536377 1.09921434255048e-17
6295.20139312745 1.10435849606189e-17
6299.26843261719 1.01812789505344e-17
6303.33547210694 6.8210653343715e-18
6307.40251159668 -1.16650757401272e-18
6311.46955108643 4.54829354356314e-18
6315.53659057618 1.10756291103686e-17
6319.60363006592 8.32565392904625e-18
6323.67066955567 6.45510946443977e-18
6327.73770904541 6.04907131715587e-18
6331.80474853516 7.28392748101535e-18
6335.87178802491 6.88673933910515e-18
6339.93882751465 1.41784778866448e-17
6344.0058670044 1.02226048939376e-17
6348.07290649415 6.13508941546495e-18
6352.13994598389 9.50837744838989e-18
6356.20698547364 5.07656458355432e-18
6360.27402496338 8.18639559138111e-18
6364.34106445313 6.30132004495391e-18
6368.40810394288 5.01923848556255e-18
6372.47514343262 5.34761181795324e-18
6376.54218292237 9.2800987603824e-18
6380.60922241211 9.99623616596447e-18
6384.67626190186 5.96334645437393e-18
6388.74330139161 7.70162722057502e-18
6392.81034088135 8.27062739315739e-18
6396.8773803711 1.05957609575113e-17
6400.94441986084 1.13220668943635e-17
6405.01145935059 9.46547572591982e-18
6409.07849884034 6.18980658580472e-18
6413.14553833008 7.25114300461742e-18
6417.21257781983 1.0135916365742e-17
6421.27961730957 1.21689848635126e-17
6425.34665679932 1.04754682169307e-17
6429.41369628907 9.15138532116609e-18
6433.48073577881 1.25829019061311e-17
6437.54777526856 1.02707095824606e-17
6441.61481475831 8.76761653033334e-18
6445.68185424805 1.10062716703672e-17
6449.7488937378 1.15907392932237e-17
6453.81593322754 9.49563886695657e-18
6457.88297271729 6.36080136203168e-18
6461.95001220704 7.28225409463615e-18
6466.01705169678 9.15722356192949e-18
6470.08409118653 6.88760167489373e-18
6474.15113067627 8.93477897878234e-18
6478.21817016602 1.03643894411934e-17
6482.28520965577 1.0640140851736e-17
6486.35224914551 1.17726048770609e-17
6490.41928863526 6.72170315842071e-18
6494.486328125 3.38540809005522e-18
6498.55336761475 7.59826852149469e-18
6502.6204071045 7.86146829342232e-18
6506.68744659424 9.04116019582095e-18
6510.75448608399 7.7811738713618e-18
6514.82152557374 7.35009448539408e-18
6518.88856506348 6.53361800355779e-18
6522.95560455323 8.644212763469e-18
6527.02264404297 1.13098585357028e-17
6531.08968353272 1.16519035092578e-17
6535.15672302247 9.17589716425787e-18
6539.22376251221 8.15984309371816e-18
6543.29080200196 4.98251745662949e-18
6547.3578414917 4.45301515829653e-18
6551.42488098145 6.04651822419522e-18
6555.4919204712 9.87070902646771e-18
6559.55895996094 8.21616995752996e-18
6563.62599945069 1.03115218467033e-17
6567.69303894044 1.09166325889267e-17
6571.76007843018 1.15314263074006e-17
6575.82711791993 1.16190842912741e-17
6579.89415740967 1.08980640385361e-17
6583.96119689942 9.29619486792207e-18
6588.02823638917 1.10001761764333e-17
6592.09527587891 5.42051372687938e-18
6596.16231536866 6.43472235747248e-18
6600.2293548584 9.28136600108083e-18
6604.29639434815 1.08298704416566e-17
6608.3634338379 1.00183359503901e-17
6612.43047332764 7.99438132860857e-18
6616.49751281739 5.67386219130181e-18
6620.56455230713 4.7825072524657e-18
6624.63159179688 4.16281083450118e-18
6628.69863128663 4.17250704564153e-18
6632.76567077637 2.48327974412606e-18
6636.83271026612 1.31152968550661e-17
6640.89974975586 6.49754589781527e-18
6644.96678924561 6.80866631057964e-18
6649.03382873536 6.61169971747973e-18
6653.1008682251 6.7028496443091e-18
6657.16790771485 8.55282171349108e-18
6661.2349472046 7.96258202432019e-18
6665.30198669434 1.05307718583248e-17
6669.36902618409 7.99694641568809e-18
6673.43606567383 4.26794466317606e-18
6677.50310516358 1.61652691446607e-18
6681.57014465333 4.23077266571279e-19
6685.63718414307 3.05832019633644e-18
6689.70422363282 3.23873387140339e-18
6693.77126312256 6.76778621752665e-18
6697.83830261231 5.52728082367374e-18
6701.90534210206 5.71697277687655e-18
6705.9723815918 4.74329434193731e-18
6710.03942108155 5.33093006653988e-18
6714.10646057129 4.96052768722538e-18
6718.17350006104 4.65034488368534e-18
6722.24053955079 4.74688223784426e-18
6726.30757904053 4.04340814025977e-18
6730.37461853028 5.12548818088376e-18
6734.44165802002 7.67690692796888e-18
6738.50869750977 1.96684172959261e-18
6742.57573699952 3.85309993750061e-18
6746.64277648926 4.95684094323523e-18
6750.70981597901 3.60879850253403e-19
6754.77685546876 5.20164339115907e-18
6758.8438949585 4.76655921025567e-18
6762.91093444825 3.99523272779437e-18
6766.97797393799 4.5689288047142e-18
6771.04501342774 1.84713029018756e-18
6775.11205291749 2.541833584942e-18
6779.17909240723 2.67730839848532e-18
6783.24613189698 1.10867937738914e-18
6787.31317138672 5.10231637038432e-18
6791.38021087647 5.69131611581699e-18
6795.44725036622 4.84258331240389e-18
6799.51428985596 4.40800205731293e-18
6803.58132934571 4.74689960863713e-18
6807.64836883545 6.48463112691148e-18
6811.7154083252 4.1983622300481e-18
6815.78244781495 5.39174066286203e-18
6819.84948730469 2.41949026362296e-18
6823.91652679444 2.46250220790964e-18
6827.98356628419 4.2886911801195e-18
6832.05060577393 2.50908881321348e-18
6836.11764526368 1.40886022315491e-18
6840.18468475342 5.84368485260079e-18
6844.25172424317 5.35797680461884e-18
6848.31876373292 8.60321355640781e-18
6852.38580322266 8.20934985337946e-18
6856.45284271241 6.85140052897566e-19
6860.51988220215 5.70129119022134e-19
6864.5869216919 4.17296034061721e-18
6868.65396118165 3.92967990502046e-18
6872.72100067139 4.72418150670366e-18
6876.78804016114 4.81577687029289e-18
6880.85507965088 2.63476794714779e-18
6884.92211914063 2.66429622706441e-18
6888.98915863038 4.35676400862955e-18
6893.05619812012 3.0469638337067e-18
6897.12323760987 3.44171861704992e-18
6901.19027709961 2.15076782033561e-18
6905.25731658936 2.3777583813342e-18
6909.32435607911 5.1185121531878e-18
6913.39139556885 2.42673326386163e-18
6917.4584350586 2.13901916730037e-18
6921.52547454835 1.97274779916624e-18
6925.59251403809 6.87890118241575e-19
6929.65955352784 3.63877744078812e-18
6933.72659301758 5.22698282845371e-18
6937.79363250733 5.03359710022556e-18
6941.86067199708 1.97627510409332e-18
6945.92771148682 3.056604623746e-18
6949.99475097657 1.90161171405275e-18
6954.06179046631 4.07582162615296e-18
6958.12882995606 2.71789628998692e-18
6962.19586944581 4.2365221396567e-18
6966.26290893555 2.41063839709288e-18
6970.3299484253 8.0287199739799e-19
6974.39698791504 5.0833821027654e-19
6978.46402740479 3.16518510723823e-18
6982.53106689454 4.9107128027859e-18
6986.59810638428 1.01781296671473e-18
6990.66514587403 1.6506012756317e-18
6994.73218536377 7.29370382527753e-19
6998.79922485352 1.15286002448378e-18
7002.86626434327 2.17832699680404e-18
7006.93330383301 4.20478549429973e-19
7011.00034332276 7.65955764180119e-18
7015.06738281251 3.78722865019087e-18
7019.13442230225 8.07169562571721e-19
7023.201461792 2.44341170655253e-18
7027.26850128174 4.00161194467838e-18
7031.33554077149 4.95005682144137e-18
7035.40258026124 3.67474614895407e-18
7039.46961975098 3.98344664483641e-18
7043.53665924073 6.12794888222466e-19
7047.60369873047 1.16693222785969e-18
7051.67073822022 1.67939326140556e-18
7055.73777770997 6.43435012619683e-18
7059.80481719971 6.00414258859474e-18
7063.87185668946 2.80541716867386e-18
7067.9388961792 3.05757077070146e-18
7072.00593566895 3.41304729624791e-18
7076.0729751587 4.18147078834946e-18
7080.14001464844 4.21635588991296e-18
7084.20705413819 2.33959702415952e-18
7088.27409362794 2.55829654708334e-18
7092.34113311768 1.96686406346915e-18
7096.40817260743 2.37439651252963e-18
7100.47521209717 1.10596839632907e-18
7104.54225158692 3.79244567831424e-18
7108.60929107667 2.8703061790062e-18
7112.67633056641 6.65294583795377e-18
7116.74337005616 7.20943903967433e-18
7120.8104095459 4.15381193661722e-18
7124.87744903565 2.4560644679973e-18
7128.9444885254 4.63756618399232e-18
7133.01152801514 5.64473995366839e-19
7137.07856750489 1.33273075887617e-18
7141.14560699463 6.81192043910942e-18
7145.21264648438 5.30148409109422e-18
7149.27968597413 2.17570442067194e-18
7153.34672546387 5.54704134132702e-18
7157.41376495362 3.94375479673336e-18
7161.48080444336 5.40003201112953e-19
7165.54784393311 1.45067678805888e-18
7169.61488342286 1.39297641668933e-19
7173.6819229126 -9.48630048897933e-20
7177.74896240235 3.38583584582948e-19
7181.8160018921 1.51320905742848e-18
7185.88304138184 3.92613336814414e-18
7189.95008087159 3.50065440851371e-18
7194.01712036133 1.06327377920488e-18
7198.08415985108 4.38358678755766e-19
7202.15119934083 1.38105558083971e-18
7206.21823883057 1.34712545929339e-18
7210.28527832032 2.99500758545647e-18
7214.35231781006 1.66748672027089e-18
7218.41935729981 5.27337980260212e-19
7222.48639678956 3.27673516912953e-18
7226.5534362793 4.70698773049114e-18
7230.62047576905 1.78481815425848e-18
7234.68751525879 1.99459550030014e-18
7238.75455474854 3.47423508692938e-18
7242.82159423829 3.2796487060421e-18
7246.88863372803 1.8343530380606e-18
7250.95567321778 3.0374289227858e-18
7255.02271270752 1.53410394989429e-18
7259.08975219727 2.20422995089099e-18
7263.15679168702 2.49404239787114e-18
7267.22383117676 3.13747186838072e-18
7271.29087066651 2.88419474828611e-18
7275.35791015626 2.56079215099141e-18
7279.424949646 6.15074494593086e-19
7283.49198913575 4.13975937878086e-18
7287.55902862549 3.56591275498955e-18
7291.62606811524 1.52922782358087e-18
7295.69310760499 2.04930439883379e-18
7299.76014709473 1.27000461905051e-18
7303.82718658448 2.84284212830821e-18
7307.89422607422 2.18596270103852e-18
7311.96126556397 4.21949007725393e-18
7316.02830505372 6.60972192863512e-18
7320.09534454346 5.15757534402531e-18
7324.16238403321 4.80008359971153e-18
7328.22942352295 2.18934711051478e-18
7332.2964630127 3.6020398682428e-18
7336.36350250245 4.13594524897638e-18
7340.43054199219 3.66189093505438e-18
7344.49758148194 2.08525490902626e-18
7348.56462097169 4.99071853881264e-18
7352.63166046143 3.77436681884628e-18
7356.69869995118 2.73659367375792e-18
7360.76573944092 2.10308706187652e-18
7364.83277893067 -7.04456943248575e-19
7368.89981842042 8.33148875768963e-19
7372.96685791016 1.73203234725144e-18
7377.03389739991 3.82867246683131e-18
7381.10093688965 4.815046469812e-18
7385.1679763794 5.55530570282704e-18
7389.23501586915 5.6787512940111e-20
7393.30205535889 3.37998612793509e-19
7397.36909484864 3.911389700906e-18
7401.43613433839 7.01407634978217e-18
7405.50317382813 6.15196803586409e-18
7409.57021331788 5.68853720254912e-18
7413.63725280762 4.02419025308832e-18
7417.70429229737 1.51896437333547e-18
7421.77133178712 2.02724142394547e-18
7425.83837127686 2.54419725354237e-18
7429.90541076661 5.40778093571035e-18
7433.97245025635 3.55871214775727e-18
7438.0394897461 8.1000065025673e-18
7442.10652923585 4.67541145477542e-19
7446.17356872559 -6.29595443451301e-19
7450.24060821534 -1.88560292576649e-19
7454.30764770508 2.86278090338349e-18
7458.37468719483 1.50775307750565e-18
7462.44172668458 4.91748069116023e-19
7466.50876617432 3.93624110163923e-18
7470.57580566407 4.88652562808455e-18
7474.64284515381 3.66229046329025e-18
7478.70988464356 1.45046882968301e-19
7482.77692413331 -1.22764159795437e-18
7486.84396362305 2.21307127086826e-18
