3274.35572895526 -1.06511534381031e-15
3278.54814800738 2.68289660405624e-15
3282.74056705951 1.65469315614226e-15
3286.93298611163 1.05113866490591e-15
3291.12540516376 1.78237119684223e-15
3295.31782421588 2.0056855041552e-15
3299.510243268 4.22505666859544e-15
3303.70266232013 6.56366571981186e-16
3307.89508137225 1.98365057730708e-15
3312.08750042438 -1.02252366848617e-15
3316.2799194765 -3.08720554681322e-15
3320.47233852862 -2.87896143793957e-15
3324.66475758075 -2.50270559112094e-15
3328.85717663287 -2.05918855202675e-15
3333.049595685 -2.75912810023636e-17
3337.24201473712 1.41254549476357e-15
3341.43443378924 -2.82638504411231e-15
3345.62685284137 -1.26740258760328e-15
3349.81927189349 5.28124619096583e-15
3354.01169094562 6.37635348913076e-15
3358.20410999774 4.92556985663369e-15
3362.39652904986 4.86572443781134e-15
3366.58894810199 3.94235222266927e-15
3370.78136715411 1.98267987754953e-15
3374.97378620624 2.20412330084025e-15
3379.16620525836 2.15198884645322e-15
3383.35862431048 1.65671280032587e-15
3387.55104336261 2.63788675554681e-15
3391.74346241473 2.51831407899823e-15
3395.93588146686 1.68581526420675e-15
3400.12830051898 2.36193040935317e-15
3404.3207195711 2.80713230285857e-16
3408.51313862323 3.55018761479355e-15
3412.70555767535 3.43986750264431e-15
3416.89797672748 2.10338609593977e-15
3421.0903957796 1.94766247671885e-15
3425.28281483172 3.1395945346009e-15
3429.47523388385 1.12977910955313e-15
3433.66765293597 1.43192656150881e-15
3437.8600719881 2.68574814047318e-15
3442.05249104022 1.99749342500583e-15
3446.24491009234 3.1625658563722e-15
3450.43732914447 3.21341430298706e-15
3454.62974819659 3.18265620733165e-15
3458.82216724872 2.4642807885017e-15
3463.01458630084 1.11544011230553e-15
3467.20700535297 1.15557412153322e-15
3471.39942440509 1.82250806480611e-15
3475.59184345721 8.95898172102283e-16
3479.78426250934 1.81481520570003e-16
3483.97668156146 6.33662065588271e-16
3488.16910061359 2.11172365299783e-15
3492.36151966571 1.79460087029292e-15
3496.55393871783 9.48649478233149e-16
3500.74635776996 3.30303488866909e-16
3504.93877682208 2.12906601731815e-16
3509.13119587421 4.48988236658745e-16
3513.32361492633 9.41430534061056e-16
3517.51603397845 -1.22145896467884e-16
3521.70845303058 2.09874614209894e-17
3525.9008720827 1.32532227702006e-15
3530.09329113483 1.44743457010274e-15
3534.28571018695 9.15061869017437e-16
3538.47812923907 3.47331471614901e-16
3542.6705482912 6.02175945114698e-16
3546.86296734332 1.02140897312758e-15
3551.05538639545 7.17478993273959e-16
3555.24780544757 8.66760079898057e-16
3559.44022449969 6.51587876790573e-16
3563.63264355182 9.65088905431697e-16
3567.82506260394 1.42779833468213e-15
3572.01748165607 1.90829407939637e-15
3576.20990070819 1.99295438719973e-15
3580.40231976031 2.06458415190076e-15
3584.59473881244 2.21590785847716e-15
3588.78715786456 2.0465012690263e-15
3592.97957691669 1.50404167608862e-15
3597.17199596881 1.63291191566185e-15
3601.36441502093 2.46413742817538e-15
3605.55683407306 2.18883308559289e-15
3609.74925312518 1.8093481374211e-15
3613.94167217731 1.6703623127544e-15
3618.13409122943 1.72427363050653e-15
3622.32651028155 1.72850456007807e-15
3626.51892933368 1.6461617344184e-15
3630.7113483858 2.08648334171907e-15
3634.90376743793 2.16208272632741e-15
3639.09618649005 2.48888963671828e-15
3643.28860554217 2.1884667438432e-15
3647.4810245943 2.13117872924684e-15
3651.67344364642 2.58559390599864e-15
3655.86586269855 2.15529481604635e-15
3660.05828175067 2.09473704251536e-15
3664.25070080279 2.57573423073437e-15
3668.44311985492 2.56552557789582e-15
3672.63553890704 2.76437460907677e-15
3676.82795795917 2.72125554986384e-15
3681.02037701129 2.82282284705263e-15
3685.21279606341 3.26785459281475e-15
3689.40521511554 3.37277592871643e-15
3693.59763416766 3.40521580828861e-15
3697.79005321979 3.74938202365874e-15
3701.98247227191 3.99803870972061e-15
3706.17489132403 4.03194162695093e-15
3710.36731037616 4.26921164910286e-15
3714.55972942828 4.52594140618501e-15
3718.75214848041 4.22133988802289e-15
3722.94456753253 4.36205535396788e-15
3727.13698658465 4.47352361927712e-15
3731.32940563678 4.58277011716572e-15
3735.5218246889 4.67322391857006e-15
3739.71424374103 4.66714306904172e-15
3743.90666279315 4.65350668562388e-15
3748.09908184527 4.45664479373719e-15
3752.2915008974 4.51788781692252e-15
3756.48391994952 4.90199735322808e-15
3760.67633900165 4.99698574551555e-15
3764.86875805377 4.99045173336043e-15
3769.06117710589 4.99877425558367e-15
3773.25359615802 5.28126440217419e-15
3777.44601521014 5.23833380779203e-15
3781.63843426227 5.2658687313249e-15
3785.83085331439 5.35050045176629e-15
3790.02327236651 5.51976219858316e-15
3794.21569141864 5.46350142319359e-15
3798.40811047076 5.32810701822325e-15
3802.60052952289 5.19893872893171e-15
3806.79294857501 5.0508540763456e-15
3810.98536762713 4.99007734479774e-15
3815.17778667926 4.92581888432019e-15
3819.37020573138 4.9102351721566e-15
3823.56262478351 4.89747885597095e-15
3827.75504383563 4.91017249171851e-15
3831.94746288775 4.88503721252521e-15
3836.13988193988 4.81536494096528e-15
3840.332300992 4.97798764354158e-15
3844.52472004413 5.13690457697364e-15
3848.71713909625 5.2962407917146e-15
3852.90955814837 5.36549166438327e-15
3857.1019772005 5.32215745880174e-15
3861.29439625262 5.26908788004094e-15
3865.48681530475 5.26303625314928e-15
3869.67923435687 5.4446883979186e-15
3873.87165340899 5.64535262070551e-15
3878.06407246112 5.77979326657724e-15
3882.25649151324 5.85790749200597e-15
3886.44891056537 5.95960099710391e-15
3890.64132961749 5.9745871275232e-15
3894.83374866962 6.0368969887056e-15
3899.02616772174 5.89661816824492e-15
3903.21858677386 5.95597781367203e-15
3907.41100582599 6.22930602838857e-15
3911.60342487811 6.017106063893e-15
3915.79584393024 6.06378012038555e-15
3919.98826298236 6.20220182110938e-15
3924.18068203448 6.234333592447e-15
3928.37310108661 6.10431361152699e-15
3932.56552013873 6.24785774399933e-15
3936.75793919086 6.2954982650847e-15
3940.95035824298 6.22494084409489e-15
3945.1427772951 6.09938091515865e-15
3949.33519634723 6.19336811450246e-15
3953.52761539935 6.21119265232801e-15
3957.72003445148 5.95312161857388e-15
3961.9124535036 5.82698062503583e-15
3966.10487255572 5.93932387537958e-15
3970.29729160785 5.8615700624699e-15
3974.48971065997 5.79093090280068e-15
3978.6821297121 5.92458338451499e-15
3982.87454876422 5.93964574789954e-15
3987.06696781634 5.90923514751074e-15
3991.25938686847 5.91851651103028e-15
3995.45180592059 6.00927439726269e-15
3999.64422497272 5.94447425921536e-15
4003.83664402484 6.06019335937041e-15
4008.02906307696 5.87432044942492e-15
4012.22148212909 5.89462255862119e-15
4016.41390118121 6.01960777570272e-15
4020.60632023334 5.71568811906314e-15
4024.79873928546 5.55709814034871e-15
4028.99115833758 5.59122552131006e-15
4033.18357738971 5.33315406403946e-15
4037.37599644183 5.18515962046225e-15
4041.56841549396 5.33217531746891e-15
4045.76083454608 5.30132298939812e-15
4049.9532535982 5.05679304785528e-15
4054.14567265033 4.91680475969551e-15
4058.33809170245 4.90137181939653e-15
4062.53051075458 4.62850396708682e-15
4066.7229298067 4.59069665148613e-15
4070.91534885882 4.63703104776683e-15
4075.10776791095 4.45333585952874e-15
4079.30018696307 4.43674417815792e-15
4083.4926060152 4.26586671599415e-15
4087.68502506732 4.070875072855e-15
4091.87744411944 4.0350976717124e-15
4096.06986317157 4.03407996162628e-15
4100.26228222369 3.84789280245736e-15
4104.45470127582 3.85279754673844e-15
4108.64712032794 3.79235327562237e-15
4112.83953938006 3.74210135196062e-15
4117.03195843219 3.58611049384484e-15
4121.22437748431 3.64675000605525e-15
4125.41679653644 3.67343112037729e-15
4129.60921558856 3.6243777483359e-15
4133.80163464068 3.51833091740555e-15
4137.99405369281 3.42115866242183e-15
4142.18647274493 3.71790670285524e-15
4146.37889179706 3.86867814395004e-15
4150.57131084918 3.95908747612464e-15
4154.7637299013 3.9835794337945e-15
4158.95614895343 4.15375258806263e-15
4163.14856800555 4.38487696266575e-15
4167.34098705768 4.42051756798737e-15
4171.5334061098 4.53861259555946e-15
4175.72582516192 4.55696144677936e-15
4179.91824421405 4.55333741631453e-15
4184.11066326617 4.80957589428727e-15
4188.3030823183 4.89433721076959e-15
4192.49550137042 4.90394214087498e-15
4196.68792042254 5.1061831154932e-15
4200.88033947467 5.31887944129586e-15
4205.07275852679 5.44299306147467e-15
4209.26517757892 5.44821247849565e-15
4213.45759663104 5.49312301239202e-15
4217.65001568316 5.62733622991741e-15
4221.84243473529 5.74283679557206e-15
4226.03485378741 5.74805155391183e-15
4230.22727283954 5.58952298508608e-15
4234.41969189166 5.52037121527224e-15
4238.61211094378 5.48796669932561e-15
4242.80452999591 5.55881084096806e-15
4246.99694904803 5.48626246903573e-15
4251.18936810016 5.40722286011212e-15
4255.38178715228 5.38437711097525e-15
4259.5742062044 5.16834051074509e-15
4263.76662525653 5.07417839909767e-15
4267.95904430865 5.04813764168376e-15
4272.15146336078 5.11384579905054e-15
4276.3438824129 5.25514529421266e-15
4280.53630146502 5.32743786219492e-15
4284.72872051715 5.44187455446782e-15
4288.92113956927 5.61905775340742e-15
4293.1135586214 5.66803912764829e-15
4297.30597767352 5.88994100752171e-15
4301.49839672564 6.0512728318864e-15
4305.69081577777 6.20033411346068e-15
4309.88323482989 6.22159633450266e-15
4314.07565388202 6.16269493390002e-15
4318.26807293414 6.29917142346047e-15
4322.46049198626 6.49852952144272e-15
4326.65291103839 6.61653518703887e-15
4330.84533009051 6.68345671910259e-15
4335.03774914264 6.70843021500296e-15
4339.23016819476 6.6632257606739e-15
4343.42258724689 6.63708759447105e-15
4347.61500629901 6.78880644191734e-15
4351.80742535113 6.85445149532955e-15
4355.99984440326 6.65636479380114e-15
4360.19226345538 6.67983946490134e-15
4364.38468250751 6.79323218906675e-15
4368.57710155963 6.83890801723096e-15
4372.76952061175 6.83106703323823e-15
4376.96193966388 6.76943098676538e-15
4381.154358716 6.65163580885661e-15
4385.34677776813 6.67555093708939e-15
4389.53919682025 6.65959918911023e-15
4393.73161587237 6.67018413633559e-15
4397.9240349245 6.61889247973108e-15
4402.11645397662 6.62081355045545e-15
4406.30887302875 6.79430834442623e-15
4410.50129208087 6.83901516689879e-15
4414.69371113299 6.70763442754902e-15
4418.88613018512 6.72092310394202e-15
4423.07854923724 6.88019240308014e-15
4427.27096828937 6.84076598400076e-15
4431.46338734149 6.77502267476668e-15
4435.65580639361 6.82900196691282e-15
4439.84822544574 6.85619257155263e-15
4444.04064449786 6.8721282259058e-15
4448.23306354999 6.7583018208714e-15
4452.42548260211 6.7293735281403e-15
4456.61790165423 6.82609325577195e-15
4460.81032070636 6.78258202030445e-15
4465.00273975848 6.63906668695231e-15
4469.19515881061 6.53448014082303e-15
4473.38757786273 6.39097835999805e-15
4477.57999691485 6.27988405973502e-15
4481.77241596698 6.18263239541249e-15
4485.9648350191 6.02967815041262e-15
4490.15725407123 5.93466519416969e-15
4494.34967312335 5.86327852792451e-15
4498.54209217547 5.75960127166411e-15
4502.7345112276 5.6916277246799e-15
4506.92693027972 5.65391908841756e-15
4511.11934933185 5.50955587508522e-15
4515.31176838397 5.5319150037939e-15
4519.50418743609 5.67155727899471e-15
4523.69660648822 5.60820810838604e-15
4527.88902554034 5.5296860365932e-15
4532.08144459247 5.60469249813846e-15
4536.27386364459 5.60179056326117e-15
4540.46628269671 5.59384073553471e-15
4544.65870174884 5.6811414567929e-15
4548.85112080096 5.68095045086329e-15
4553.04353985309 5.5268933689661e-15
4557.23595890521 5.49488187630699e-15
4561.42837795733 5.52883942716242e-15
4565.62079700946 5.48223906253627e-15
4569.81321606158 5.39183608310877e-15
4574.00563511371 5.29693112356661e-15
4578.19805416583 5.23792342032908e-15
4582.39047321795 5.02455836201457e-15
4586.58289227008 4.96311967421842e-15
4590.7753113222 5.03029531616632e-15
4594.96773037433 5.02533255012836e-15
4599.16014942645 5.01185837351991e-15
4603.35256847857 5.04093870866505e-15
4607.5449875307 5.03067351637727e-15
4611.73740658282 5.21024196009634e-15
4615.92982563495 5.32469813412702e-15
4620.12224468707 5.37128918139075e-15
4624.31466373919 5.53527433646271e-15
4628.50708279132 5.42587664319302e-15
4632.69950184344 5.43526515638039e-15
4636.89192089557 5.48308736603295e-15
4641.08433994769 5.37770418541678e-15
4645.27675899981 5.3207175027914e-15
4649.46917805194 5.28370555112818e-15
4653.66159710406 5.22734948453204e-15
4657.85401615619 5.23090321126224e-15
4662.04643520831 5.12441761726522e-15
4666.23885426043 4.93616030957321e-15
4670.43127331256 4.78748866315467e-15
4674.62369236468 4.72474723868565e-15
4678.81611141681 4.58175452466196e-15
4683.00853046893 4.46179644812239e-15
4687.20094952106 4.47465483177818e-15
4691.39336857318 4.42027997524567e-15
4695.5857876253 4.3308896237066e-15
4699.77820667743 4.1599469400059e-15
4703.97062572955 4.182636411564e-15
4708.16304478168 4.3266582706186e-15
4712.3554638338 4.32084381295217e-15
4716.54788288592 4.25862797242692e-15
4720.74030193805 4.25796262804685e-15
4724.93272099017 4.25363301913696e-15
4729.1251400423 4.29823057435932e-15
4733.31755909442 4.38794745709955e-15
4737.50997814654 4.37442584664605e-15
4741.70239719867 4.35448203238648e-15
4745.89481625079 4.38140836274675e-15
4750.08723530292 4.41915935065645e-15
4754.27965435504 4.45596970847823e-15
4758.47207340716 4.42775588803813e-15
4762.66449245929 4.44674975484736e-15
4766.85691151141 4.52595834684395e-15
4771.04933056354 4.61966051960101e-15
4775.24174961566 4.67357077856196e-15
4779.43416866778 4.59022273655214e-15
4783.62658771991 4.55422044816204e-15
4787.81900677203 4.67091490675585e-15
4792.01142582416 4.57957299130631e-15
4796.20384487628 4.50462539855088e-15
4800.3962639284 4.48511950032504e-15
4804.58868298053 4.4834965851981e-15
4808.78110203265 4.48575181042016e-15
4812.97352108478 4.42069629193924e-15
4817.1659401369 4.35157416827855e-15
4821.35835918902 4.32656001479671e-15
4825.55077824115 4.48627485326509e-15
4829.74319729327 4.55620377580804e-15
4833.9356163454 4.64857398925554e-15
4838.12803539752 4.66793970352861e-15
4842.32045444964 4.73946274207829e-15
4846.51287350177 4.78970619541058e-15
4850.70529255389 4.86877883861913e-15
4854.89771160602 4.91748111550389e-15
4859.09013065814 5.0211100908863e-15
4863.28254971026 5.17313810535834e-15
4867.47496876239 5.23045386028372e-15
4871.66738781451 5.222122867731e-15
4875.85980686664 5.26995524177893e-15
4880.05222591876 5.3684588207975e-15
4884.24464497088 5.44022961648425e-15
4888.43706402301 5.54817464824939e-15
4892.62948307513 5.69805501068367e-15
4896.82190212726 5.87874323195901e-15
4901.01432117938 6.01139197963082e-15
4905.2067402315 6.02855032604335e-15
4909.39915928363 6.15237976666835e-15
4913.59157833575 6.18668968322984e-15
4917.78399738788 6.2843470763341e-15
4921.97641644 6.43322116362704e-15
4926.16883549212 6.55084100571572e-15
4930.36125454425 6.65274838663283e-15
4934.55367359637 6.7291117949596e-15
4938.7460926485 6.80246865984008e-15
4942.93851170062 6.96825418344143e-15
4947.13093075274 7.0417317505169e-15
4951.32334980487 6.94156586933934e-15
4955.51576885699 6.91710525188853e-15
4959.70818790912 6.92247882890591e-15
4963.90060696124 6.87176146063964e-15
4968.09302601336 6.85629294495688e-15
4972.28544506549 6.85151822023321e-15
4976.47786411761 6.79800013752684e-15
4980.67028316974 6.78397369543678e-15
4984.86270222186 6.83603911663861e-15
4989.05512127398 6.78953489025198e-15
4993.24754032611 6.72874841782523e-15
4997.43995937823 6.70333234720991e-15
5001.63237843036 6.71245192743653e-15
5005.82479748248 6.76384014579702e-15
5010.0172165346 6.762467528906e-15
5014.20963558673 6.82115886533772e-15
5018.40205463885 6.86058486090062e-15
5022.59447369098 6.93278976097284e-15
5026.7868927431 6.97312631695404e-15
5030.97931179522 6.93485567433119e-15
5035.17173084735 6.93654550506097e-15
5039.36414989947 7.02581600143799e-15
5043.5565689516 6.9504711502303e-15
5047.74898800372 6.83378219735065e-15
5051.94140705584 6.76297574867435e-15
5056.13382610797 6.65938319570868e-15
5060.32624516009 6.56237039467727e-15
5064.51866421222 6.43430197766774e-15
5068.71108326434 6.29986556696075e-15
5072.90350231646 6.20437869578382e-15
5077.09592136859 6.03442238195019e-15
5081.28834042071 5.83589437625626e-15
5085.48075947284 5.60528626823448e-15
5089.67317852496 5.40768661065074e-15
5093.86559757708 5.33519117827761e-15
5098.05801662921 5.21492944042645e-15
5102.25043568133 5.03822693268441e-15
5106.44285473346 4.9811750285221e-15
5110.63527378558 4.96964733362644e-15
5114.8276928377 4.91309009670532e-15
5119.02011188983 4.87636867734301e-15
5123.21253094195 4.89717731224173e-15
5127.40494999408 4.95356048389219e-15
5131.5973690462 4.89269227278602e-15
5135.78978809832 4.82220896717909e-15
5139.98220715045 4.80974741845909e-15
5144.17462620257 4.81649954159813e-15
5148.3670452547 4.86719658107366e-15
5152.55946430682 4.92576848585983e-15
5156.75188335894 4.95190029931557e-15
5160.94430241107 5.05297801146084e-15
5165.13672146319 5.09528476607735e-15
5169.32914051532 5.11916135431103e-15
5173.52155956744 5.14011567887668e-15
5177.71397861956 5.1753852837674e-15
5181.90639767169 5.29863916550475e-15
5186.09881672381 5.37927797263278e-15
5190.29123577594 5.38903960383341e-15
5194.48365482806 5.42306872897288e-15
5198.67607388018 5.46796952199035e-15
5202.86849293231 5.47873531074996e-15
5207.06091198443 5.52810970827836e-15
5211.25333103656 5.57254463317484e-15
5215.44575008868 5.56163866046247e-15
5219.63816914081 5.59288951753494e-15
5223.83058819293 5.5585982356983e-15
5228.02300724505 5.51236844798658e-15
5232.21542629718 5.48399665590183e-15
5236.4078453493 5.50902902059203e-15
5240.60026440143 5.50732182568684e-15
5244.79268345355 5.39552152346227e-15
5248.98510250567 5.31796888087756e-15
5253.1775215578 5.24598124475631e-15
5257.36994060992 5.11427482123832e-15
5261.56235966205 5.05217375367743e-15
5265.75477871417 4.9991672788712e-15
5269.94719776629 4.87687732062783e-15
5274.13961681842 4.80232359819288e-15
5278.33203587054 4.73262252751274e-15
5282.52445492267 4.63251466809207e-15
5286.71687397479 4.59411527646125e-15
5290.90929302691 4.6198278086081e-15
5295.10171207904 4.63259555973853e-15
5299.29413113116 4.63633902184893e-15
5303.48655018329 4.64315594300843e-15
5307.67896923541 4.72472945099375e-15
5311.87138828753 4.83468237436036e-15
5316.06380733966 4.94847066291213e-15
5320.25622639178 5.01857407424222e-15
5324.44864544391 5.13656152863e-15
5328.64106449603 5.21903373857237e-15
5332.83348354815 5.38098262643913e-15
5337.02590260028 5.57385626369367e-15
5341.2183216524 5.54452308921378e-15
5345.41074070453 5.68544141954963e-15
5349.60315975665 5.83628274086257e-15
5353.79557880877 5.89082234530333e-15
5357.9879978609 5.96757115362109e-15
5362.18041691302 6.02515499447428e-15
5366.37283596515 6.2052092115886e-15
5370.56525501727 6.27389934844619e-15
5374.75767406939 6.23898295629447e-15
5378.95009312152 6.29897194720139e-15
5383.14251217364 6.28547701828574e-15
5387.33493122577 6.27773598418078e-15
5391.52735027789 6.26258129420498e-15
5395.71976933001 6.20403183579192e-15
5399.91218838214 6.18530732545992e-15
5404.10460743426 6.22346700676667e-15
5408.29702648639 6.28430811281853e-15
5412.48944553851 6.27742808770445e-15
5416.68186459063 6.28244633440046e-15
5420.87428364276 6.3167922498622e-15
5425.06670269488 6.40936151605231e-15
5429.25912174701 6.4816841537042e-15
5433.45154079913 6.51010549721637e-15
5437.64395985125 6.58245269882373e-15
5441.83637890338 6.6083896947016e-15
5446.0287979555 6.55076180813515e-15
5450.22121700763 6.56073731515497e-15
5454.41363605975 6.5355308851941e-15
5458.60605511187 6.50323690704708e-15
5462.798474164 6.52050155609449e-15
5466.99089321612 6.55995762132702e-15
5471.18331226825 6.57635914380118e-15
5475.37573132037 6.51262118506971e-15
5479.56815037249 6.51435633206216e-15
5483.76056942462 6.43096424433908e-15
5487.95298847674 6.46736887337913e-15
5492.14540752887 6.50471286195767e-15
5496.33782658099 6.50299719672301e-15
5500.53024563311 6.46532582991035e-15
5504.72266468524 6.42182560587116e-15
5508.91508373736 6.4347136356801e-15
5513.10750278949 6.46899051795664e-15
5517.29992184161 6.51423732393307e-15
5521.49234089373 6.52833406975775e-15
5525.68475994586 6.48709203555594e-15
5529.87717899798 6.4234468269322e-15
5534.06959805011 6.38155808307516e-15
5538.26201710223 6.43444216162051e-15
5542.45443615435 6.40881645035075e-15
5546.64685520648 6.33352157408695e-15
5550.8392742586 6.380002930584e-15
5555.03169331073 6.25217634148091e-15
5559.22411236285 6.13965648476765e-15
5563.41653141497 6.07915546244411e-15
5567.6089504671 6.03415641360476e-15
5571.80136951922 6.01918934142677e-15
5575.99378857135 5.94237785267091e-15
5580.18620762347 5.89506174520434e-15
5584.3786266756 5.87772763945525e-15
5588.57104572772 5.77209246653727e-15
5592.76346477984 5.75557447703287e-15
5596.95588383197 5.79770843692814e-15
5601.14830288409 5.77304199047115e-15
5605.34072193622 5.7374564422911e-15
5609.53314098834 5.71672234629173e-15
5613.72556004046 5.67241108820555e-15
5617.91797909259 5.71680704958646e-15
5622.11039814471 5.848352113328e-15
5626.30281719684 5.8547450944974e-15
5630.49523624896 5.83560638505419e-15
5634.68765530108 5.89228771230208e-15
5638.88007435321 5.89227331274198e-15
5643.07249340533 5.86434917756984e-15
5647.26491245746 5.92146037403847e-15
5651.45733150958 5.979624855977e-15
5655.6497505617 5.95864512042293e-15
5659.84216961383 5.95130092125376e-15
5664.03458866595 5.99702968897718e-15
5668.22700771808 6.07011592683102e-15
5672.4194267702 6.09040448350012e-15
5676.61184582232 6.04215494572568e-15
5680.80426487445 6.00723982412338e-15
5684.99668392657 5.98670139273483e-15
5689.1891029787 5.9541427167918e-15
5693.38152203082 5.96224628099818e-15
5697.57394108294 5.97964984344894e-15
5701.76636013507 5.90702185041957e-15
5705.95877918719 5.82691328591652e-15
5710.15119823931 5.84215352621999e-15
5714.34361729144 5.86962068711708e-15
5718.53603634356 5.85390060264899e-15
5722.72845539569 5.94992279864858e-15
5726.92087444781 5.91762712643567e-15
5731.11329349994 5.89521802278311e-15
5735.30571255206 5.96391832403606e-15
5739.49813160418 5.98059767331692e-15
5743.69055065631 5.96981197928306e-15
5747.88296970843 5.96468150072154e-15
5752.07538876056 5.99743457072597e-15
5756.26780781268 6.09567684008031e-15
5760.4602268648 6.09439697329701e-15
5764.65264591693 6.10394684626083e-15
5768.84506496905 6.07578765944583e-15
5773.03748402118 6.11415062865992e-15
5777.2299030733 6.13803484019013e-15
5781.42232212542 6.12563004267759e-15
5785.61474117755 6.11502053149676e-15
5789.80716022967 6.1365305096758e-15
5793.9995792818 6.17458897054536e-15
5798.19199833392 6.1056913106157e-15
5802.38441738604 5.9752118143218e-15
5806.57683643817 5.99358522949717e-15
5810.76925549029 6.01427993846449e-15
5814.96167454242 5.93438355571472e-15
5819.15409359454 5.96338638734518e-15
5823.34651264666 5.9767534142858e-15
5827.53893169879 5.89491351443857e-15
5831.73135075091 5.85207270554881e-15
5835.92376980304 5.90532270232738e-15
5840.11618885516 5.87080441566087e-15
5844.30860790728 5.70437345295371e-15
5848.50102695941 5.65670879142935e-15
5852.69344601153 5.70927523261947e-15
5856.88586506366 5.62172590719127e-15
5861.07828411578 5.50841746280411e-15
5865.2707031679 5.4559696062266e-15
5869.46312222003 5.43825687675009e-15
5873.65554127215 5.36694178478896e-15
5877.84796032428 5.30266130145478e-15
5882.0403793764 5.19767072060967e-15
5886.23279842852 5.08379010546664e-15
5890.42521748065 4.99775103978339e-15
5894.61763653277 4.87080494142897e-15
5898.8100555849 4.79254460281683e-15
5903.00247463702 4.67492010204694e-15
5907.19489368914 4.53490470883285e-15
5911.38731274127 4.40995591416806e-15
5915.57973179339 4.20627117189124e-15
5919.77215084552 3.97550424519185e-15
5923.96456989764 3.87191126870971e-15
5928.15698894976 3.68478729110113e-15
5932.34940800189 3.45305114695185e-15
5936.54182705401 3.32096313509112e-15
5940.73424610614 3.13778654277498e-15
5944.92666515826 3.05238592817573e-15
5949.11908421038 3.02648874284637e-15
5953.31150326251 2.91116584235241e-15
5957.50392231463 2.85087636650745e-15
5961.69634136676 2.78593964439739e-15
5965.88876041888 2.64490251769068e-15
5970.081179471 2.61131850836499e-15
5974.27359852313 2.63828210817494e-15
5978.46601757525 2.66252609694949e-15
5982.65843662738 2.71624069129962e-15
5986.8508556795 2.70169988845234e-15
5991.04327473162 2.67951990721201e-15
5995.23569378375 2.66708927519458e-15
5999.42811283587 2.73449234548882e-15
6003.620531888 2.79856255289384e-15
6007.81295094012 2.9236445434896e-15
6012.00536999224 3.02549559671572e-15
6016.19778904437 3.07429824700472e-15
6020.39020809649 3.15275975594183e-15
6024.58262714862 3.24173993177619e-15
6028.77504620074 3.30576249357793e-15
6032.96746525286 3.40666021122192e-15
6037.15988430499 3.54022968370739e-15
6041.35230335711 3.62692985860598e-15
6045.54472240924 3.72304480471329e-15
6049.73714146136 3.79028397413223e-15
6053.92956051348 3.91163796096888e-15
6058.12197956561 4.01699064839895e-15
6062.31439861773 4.03893473096347e-15
6066.50681766986 4.10070672622435e-15
6070.69923672198 4.21290894558239e-15
6074.8916557741 4.27965005962835e-15
6079.08407482623 4.32483799681495e-15
6083.27649387835 4.29408943028019e-15
6087.46891293048 4.32669426951885e-15
6091.6613319826 4.36295532647434e-15
6095.85375103473 4.3461535809326e-15
6100.04617008685 4.35115954565087e-15
6104.23858913897 4.39582655757491e-15
6108.4310081911 4.468210181599e-15
6112.62342724322 4.52177400408452e-15
6116.81584629535 4.53656701099184e-15
6121.00826534747 4.6221402085541e-15
6125.20068439959 4.63089514109692e-15
6129.39310345172 4.59818357570691e-15
6133.58552250384 4.61012546971377e-15
6137.77794155597 4.70418636092399e-15
6141.97036060809 4.74782041616885e-15
6146.16277966021 4.75989444731549e-15
6150.35519871234 4.78504454958536e-15
6154.54761776446 4.79150105822581e-15
6158.74003681659 4.82658939806582e-15
6162.93245586871 4.81779634904037e-15
6167.12487492083 4.81308049310653e-15
6171.31729397296 4.82175961620058e-15
6175.50971302508 4.85420902489341e-15
6179.70213207721 4.83413476755996e-15
6183.89455112933 4.80542500932925e-15
6188.08697018145 4.84068190872576e-15
6192.27938923358 4.84012032588173e-15
6196.4718082857 4.76541710213159e-15
6200.66422733783 4.7602074259895e-15
6204.85664638995 4.81665031346274e-15
6209.04906544207 4.8205949458981e-15
6213.2414844942 4.79197624370922e-15
6217.43390354632 4.78309171512547e-15
6221.62632259845 4.69458990114808e-15
6225.81874165057 4.65346814562478e-15
6230.01116070269 4.65577715743899e-15
6234.20357975482 4.61022541960155e-15
6238.39599880694 4.5941754158005e-15
6242.58841785907 4.56083154031536e-15
6246.78083691119 4.58550095138767e-15
6250.97325596331 4.49590138271064e-15
6255.16567501544 4.41649416148791e-15
6259.35809406756 4.41197608774726e-15
6263.55051311969 4.41670888434004e-15
6267.74293217181 4.4037725736531e-15
6271.93535122393 4.36167418914161e-15
6276.12777027606 4.29639547747909e-15
6280.32018932818 4.23080124604372e-15
6284.51260838031 4.15428960695119e-15
6288.70502743243 4.13437543884477e-15
6292.89744648455 4.09791871727847e-15
6297.08986553668 4.08207708358244e-15
6301.2822845888 4.07279783764527e-15
6305.47470364093 4.08423955869678e-15
6309.66712269305 4.11097657719334e-15
6313.85954174517 4.08014966011097e-15
6318.0519607973 4.00107193470473e-15
6322.24437984942 3.98335920522822e-15
6326.43679890155 4.04828512766821e-15
6330.62921795367 4.0224209766238e-15
6334.82163700579 3.95458422546057e-15
6339.01405605792 3.94983152359352e-15
6343.20647511004 3.94007539810705e-15
6347.39889416217 3.91793861554703e-15
6351.59131321429 3.8903918335529e-15
6355.78373226641 3.82227979668181e-15
6359.97615131854 3.80445907050453e-15
6364.16857037066 3.80504860543582e-15
6368.36098942279 3.762313252148e-15
6372.55340847491 3.80878994996384e-15
6376.74582752703 3.77700207400281e-15
6380.93824657916 3.70573907456794e-15
6385.13066563128 3.73973558893894e-15
6389.32308468341 3.73184674758468e-15
6393.51550373553 3.64496869576718e-15
6397.70792278765 3.68033570944683e-15
6401.90034183978 3.72174418562278e-15
6406.0927608919 3.69790232573994e-15
6410.28517994403 3.68906607803418e-15
6414.47759899615 3.65821247941397e-15
6418.67001804827 3.63136153498601e-15
6422.8624371004 3.63355873845119e-15
6427.05485615252 3.66895201015221e-15
6431.24727520465 3.63790952318476e-15
6435.43969425677 3.5269208902819e-15
6439.63211330889 3.55860140481687e-15
6443.82453236102 3.51132574317352e-15
6448.01695141314 3.42877751202415e-15
6452.20937046527 3.3823715414594e-15
6456.40178951739 3.38498400282697e-15
6460.59420856952 3.38458145041878e-15
6464.78662762164 3.36893823419066e-15
6468.97904667376 3.36165946831666e-15
6473.17146572589 3.33740976206972e-15
6477.36388477801 3.29997895261408e-15
6481.55630383014 3.23039773709598e-15
6485.74872288226 3.18194025273298e-15
6489.94114193438 3.23744018077769e-15
6494.13356098651 3.26560212044976e-15
6498.32598003863 3.24040797246663e-15
6502.51839909076 3.19698906359038e-15
6506.71081814288 3.13040952107911e-15
6510.903237195 3.12513970559777e-15
6515.09565624713 3.19146090306012e-15
6519.28807529925 3.22183762213103e-15
6523.48049435138 3.17812754567915e-15
6527.6729134035 3.11202064755245e-15
6531.86533245562 3.08811801305565e-15
6536.05775150775 3.08642415891938e-15
6540.25017055987 3.04734142345835e-15
6544.442589612 2.99217607342781e-15
6548.63500866412 2.99698912639235e-15
6552.82742771624 3.04969659856819e-15
6557.01984676837 3.04156529403279e-15
6561.21226582049 2.95771962016645e-15
6565.40468487262 2.93250937855732e-15
6569.59710392474 2.92658798298131e-15
6573.78952297686 2.93952725828356e-15
6577.98194202899 2.95574158647638e-15
6582.17436108111 2.90250217760966e-15
6586.36678013324 2.84822705920668e-15
6590.55919918536 2.84920220588721e-15
6594.75161823748 2.89912103384245e-15
6598.94403728961 2.88119400503029e-15
6603.13645634173 2.77929361213499e-15
6607.32887539386 2.76130623222534e-15
6611.52129444598 2.75424324799466e-15
6615.7137134981 2.71982385242474e-15
6619.90613255023 2.75841742635873e-15
6624.09855160235 2.75350929394586e-15
6628.29097065448 2.71046519714877e-15
6632.4833897066 2.70195950405068e-15
6636.67580875872 2.73148791962491e-15
6640.86822781085 2.71292349851994e-15
6645.06064686297 2.71967943330724e-15
6649.2530659151 2.7590103494218e-15
6653.44548496722 2.73604029819993e-15
6657.63790401934 2.67730618660437e-15
6661.83032307147 2.64169099227116e-15
6666.02274212359 2.63134173196337e-15
6670.21516117572 2.64607354074026e-15
6674.40758022784 2.63675893117754e-15
6678.59999927996 2.53530068948071e-15
6682.79241833209 2.49108112271106e-15
6686.98483738421 2.55137758657783e-15
6691.17725643634 2.69690907010267e-15
6695.36967548846 2.89819268573226e-15
6699.56209454058 2.86162944977285e-15
6703.75451359271 2.72921702429332e-15
6707.94693264483 2.6420910035805e-15
6712.13935169696 2.58486206953222e-15
6716.33177074908 2.52871013787636e-15
6720.5241898012 2.49346996738055e-15
6724.71660885333 2.48570373404542e-15
6728.90902790545 2.46880521498946e-15
6733.10144695758 2.42347582330067e-15
6737.2938660097 2.38658838548069e-15
6741.48628506182 2.38809906874212e-15
6745.67870411395 2.36743358241148e-15
6749.87112316607 2.34485634271889e-15
6754.0635422182 2.29685604438918e-15
6758.25596127032 2.31242980391563e-15
6762.44838032244 2.3701239708102e-15
6766.64079937457 2.36832127294021e-15
6770.83321842669 2.39622783217868e-15
6775.02563747882 2.3980358240046e-15
6779.21805653094 2.36501953851181e-15
6783.41047558306 2.31092674395073e-15
6787.60289463519 2.32888532474018e-15
6791.79531368731 2.36287019240815e-15
6795.98773273944 2.38212854525516e-15
6800.18015179156 2.38869707400288e-15
6804.37257084369 2.33436647494186e-15
6808.56498989581 2.30928794695603e-15
6812.75740894793 2.32844804398116e-15
6816.94982800006 2.30787551951648e-15
6821.14224705218 2.32433209913221e-15
6825.33466610431 2.28940787192573e-15
6829.52708515643 2.28330203492545e-15
6833.71950420855 2.32883090287332e-15
6837.91192326068 2.27733278198791e-15
6842.1043423128 2.21833587842047e-15
6846.29676136493 2.25307778178505e-15
6850.48918041705 2.28005387533097e-15
6854.68159946917 2.29022716454396e-15
6858.8740185213 2.28246791923064e-15
6863.06643757342 2.26585209742083e-15
6867.25885662555 2.25552803634322e-15
6871.45127567767 2.26181323257008e-15
6875.64369472979 2.25045430898916e-15
6879.83611378192 2.19324633900632e-15
6884.02853283404 2.19226420430398e-15
6888.22095188617 2.22803948786421e-15
6892.41337093829 2.22752851523878e-15
6896.60578999041 2.22166937658439e-15
6900.79820904254 2.19406266700924e-15
6904.99062809466 2.18481433777464e-15
6909.18304714679 2.21337840633842e-15
6913.37546619891 2.23657948579667e-15
6917.56788525103 2.28812376997769e-15
6921.76030430316 2.24725781840446e-15
6925.95272335528 2.23257873742855e-15
6930.14514240741 2.21691625120087e-15
6934.33756145953 2.2222705582187e-15
6938.52998051165 2.17818926957769e-15
6942.72239956378 2.1315984340722e-15
6946.9148186159 2.18942558513949e-15
6951.10723766803 2.19951755918955e-15
6955.29965672015 2.19836157097479e-15
6959.49207577227 2.26246650673065e-15
6963.6844948244 2.27768747703457e-15
6967.87691387652 2.17432849340411e-15
6972.06933292865 2.15111386141871e-15
6976.26175198077 2.17529622854634e-15
6980.45417103289 2.12921975379808e-15
6984.64659008502 2.13591893737791e-15
6988.83900913714 2.20093295124442e-15
6993.03142818927 2.23227804073227e-15
6997.22384724139 2.15239266941082e-15
7001.41626629351 2.13479767751398e-15
7005.60868534564 2.16106141635126e-15
7009.80110439776 2.16261254543592e-15
7013.99352344989 2.19478455083853e-15
7018.18594250201 2.23123894306423e-15
7022.37836155413 2.2139609532479e-15
7026.57078060626 2.19497492149343e-15
7030.76319965838 2.11328304065372e-15
7034.95561871051 2.12626000892213e-15
7039.14803776263 2.06190075152386e-15
7043.34045681475 2.01714141300857e-15
7047.53287586688 2.02559543709688e-15
7051.725294919 2.02898843932534e-15
7055.91771397113 2.0780559991686e-15
7060.11013302325 2.09411680263973e-15
7064.30255207537 2.14974717375831e-15
7068.4949711275 2.14035654298858e-15
7072.68739017962 2.10268496441768e-15
7076.87980923175 2.04398346359059e-15
7081.07222828387 2.01130789710083e-15
7085.26464733599 2.0347679568827e-15
7089.45706638812 2.05769353887485e-15
7093.64948544024 2.04267712702768e-15
7097.84190449237 2.01651545566055e-15
7102.03432354449 2.05922137455346e-15
7106.22674259661 2.07450820166903e-15
7110.41916164874 2.09980187602346e-15
7114.61158070086 2.01841090363827e-15
7118.80399975299 1.94371255032757e-15
7122.99641880511 1.95700503836883e-15
7127.18883785723 1.91419980486286e-15
7131.38125690936 1.93115782798337e-15
7135.57367596148 1.98986822265641e-15
7139.76609501361 1.93814352045761e-15
7143.95851406573 1.90732803832003e-15
7148.15093311785 1.91989885429023e-15
7152.34335216998 1.87890987118141e-15
7156.5357712221 1.88090251618982e-15
7160.72819027423 1.90404536213294e-15
7164.92060932635 1.83873022805369e-15
7169.11302837848 1.86304748517818e-15
7173.3054474306 1.8429149943296e-15
7177.49786648272 1.84840842650902e-15
7181.69028553485 1.84118408250188e-15
7185.88270458697 1.8144009007097e-15
7190.0751236391 1.81166667835597e-15
7194.26754269122 1.80189932968294e-15
7198.45996174334 1.79149416520063e-15
7202.65238079547 1.79972669017323e-15
7206.84479984759 1.7638847027684e-15
7211.03721889972 1.85004108251485e-15
7215.22963795184 1.88704668143097e-15
7219.42205700396 1.79138659201633e-15
7223.61447605609 1.76365250986174e-15
7227.80689510821 1.82331931061134e-15
7231.99931416034 1.81687741328924e-15
7236.19173321246 1.75282118192784e-15
7240.38415226458 1.72342966805371e-15
7244.57657131671 1.76940534588125e-15
7248.76899036883 1.79127986586498e-15
7252.96140942096 1.7567899548022e-15
7257.15382847308 1.76733795021524e-15
7261.3462475252 1.81467724520875e-15
7265.53866657733 1.8137416973185e-15
7269.73108562945 1.76884153957574e-15
7273.92350468158 1.759204104581e-15
7278.1159237337 1.78643420213197e-15
7282.30834278582 1.70759639880804e-15
7286.50076183795 1.65011642537001e-15
7290.69318089007 1.65956052509454e-15
7294.8855999422 1.67807825350829e-15
7299.07801899432 1.62433475415884e-15
7303.27043804644 1.60164147095247e-15
7307.46285709857 1.63596419888728e-15
7311.65527615069 1.57218092389314e-15
7315.84769520281 1.64901750600006e-15
7320.04011425494 1.64494147757876e-15
7324.23253330706 1.55003641215748e-15
7328.42495235919 1.52087211487145e-15
7332.61737141131 1.56828203123693e-15
7336.80979046344 1.57364925550721e-15
7341.00220951556 1.56657250699113e-15
7345.19462856768 1.61626009495178e-15
7349.38704761981 1.59865980909902e-15
