3360.5078131688 1.05107522213816e-14
3364.78446092201 -1.86676045410247e-15
3369.06110867521 5.28682009127523e-15
3373.33775642842 2.14015367859771e-15
3377.61440418162 3.38936168085661e-15
3381.89105193483 8.96845091409842e-15
3386.16769968803 5.2990944457139e-15
3390.44434744124 7.99704642513287e-15
3394.72099519444 4.38996297199754e-15
3398.99764294765 6.35216011057481e-15
3403.27429070085 8.97818184035471e-16
3407.55093845406 1.03355188922865e-14
3411.82758620726 2.85275254448562e-15
3416.10423396047 -3.67875640328179e-17
3420.38088171367 -9.98736018711953e-16
3424.65752946688 1.0553751001916e-15
3428.93417722008 1.63446770342772e-15
3433.21082497329 1.73547924112399e-15
3437.48747272649 3.46567193786594e-15
3441.7641204797 2.99983346302923e-15
3446.0407682329 2.98010034821528e-15
3450.31741598611 6.03800109615234e-15
3454.59406373931 4.51524253302824e-15
3458.87071149252 3.80626367419866e-15
3463.14735924572 3.16877143150202e-15
3467.42400699893 2.85603267957386e-15
3471.70065475213 4.39478428353331e-15
3475.97730250534 4.62960553343473e-15
3480.25395025854 5.42631074757849e-15
3484.53059801175 3.58766903446779e-15
3488.80724576495 5.14793548704573e-15
3493.08389351816 4.21770908129449e-15
3497.36054127136 2.86528227935788e-15
3501.63718902457 5.90616433543959e-16
3505.91383677777 1.82785496028565e-15
3510.19048453098 4.78414965927659e-15
3514.46713228418 4.85261067372194e-15
3518.74378003739 3.72148329947503e-15
3523.02042779059 3.78958601898369e-15
3527.2970755438 3.70346267352219e-15
3531.573723297 3.13473574185721e-15
3535.85037105021 3.5382037926558e-15
3540.12701880341 2.58230720640506e-15
3544.40366655662 2.2953163502493e-15
3548.68031430982 5.07821324054192e-15
3552.95696206303 4.1950530675378e-15
3557.23360981623 3.93293829849348e-15
3561.51025756944 2.05853887775621e-15
3565.78690532264 2.54283420051359e-15
3570.06355307585 3.64005421060721e-15
3574.34020082905 3.18739281557269e-15
3578.61684858226 1.91343302828736e-15
3582.89349633547 2.08666397149507e-15
3587.17014408867 3.09128443397072e-15
3591.44679184188 1.96618793430825e-15
3595.72343959508 2.56104519712132e-15
3600.00008734829 2.09374410814294e-15
3604.27673510149 2.51714919693752e-15
3608.5533828547 1.7468242945404e-15
3612.8300306079 1.80972252598378e-15
3617.10667836111 1.68847357123259e-15
3621.38332611431 1.59027566522886e-15
3625.65997386752 9.2401670133581e-16
3629.93662162072 1.1393264414181e-15
3634.21326937393 1.14367542620666e-15
3638.48991712713 2.25720198520523e-15
3642.76656488034 1.55024901742724e-15
3647.04321263354 8.96286642587717e-16
3651.31986038675 1.29152481539166e-15
3655.59650813995 5.22923095646612e-16
3659.87315589316 8.10324656902667e-16
3664.14980364636 5.6271469180537e-16
3668.42645139957 1.43260588193251e-15
3672.70309915277 1.35256116253786e-15
3676.97974690598 3.03693790010238e-16
3681.25639465918 6.92195536254451e-16
3685.53304241239 8.67407054251082e-16
3689.80969016559 1.26699389420623e-15
3694.0863379188 3.90565171443284e-16
3698.362985672 7.89048883333534e-16
3702.63963342521 1.37758865678862e-15
3706.91628117841 1.19561474537847e-15
3711.19292893162 1.14259387101214e-15
3715.46957668482 1.18996863551031e-15
3719.74622443803 1.72655161973905e-15
3724.02287219123 1.76698177286092e-15
3728.29951994444 1.69050835613013e-15
3732.57616769764 2.31815320554023e-15
3736.85281545085 2.00481433076894e-15
3741.12946320405 2.24330577443081e-15
3745.40611095726 2.28461281841133e-15
3749.68275871046 2.80617144985903e-15
3753.95940646367 2.55353540301096e-15
3758.23605421687 2.68168534694167e-15
3762.51270197008 2.87121913328519e-15
3766.78934972328 3.27490868319948e-15
3771.06599747649 3.00719693219795e-15
3775.34264522969 3.19867042399067e-15
3779.6192929829 3.9418554378457e-15
3783.8959407361 3.933427883537e-15
3788.17258848931 3.77962279394161e-15
3792.44923624252 4.44428023028964e-15
3796.72588399572 4.93551614101683e-15
3801.00253174893 4.41009990976909e-15
3805.27917950213 4.88432062265183e-15
3809.55582725534 5.22478085711949e-15
3813.83247500854 5.62560701215559e-15
3818.10912276175 5.45377621440969e-15
3822.38577051495 5.62465155899109e-15
3826.66241826816 6.10103559402111e-15
3830.93906602136 6.4815380405208e-15
3835.21571377457 6.54973605123603e-15
3839.49236152777 6.45848307424595e-15
3843.76900928098 6.69411705226026e-15
3848.04565703418 7.02760789963791e-15
3852.32230478739 6.77223085417252e-15
3856.59895254059 7.30694073091754e-15
3860.8756002938 7.61864800847417e-15
3865.152248047 7.48824135701374e-15
3869.42889580021 7.66228968701555e-15
3873.70554355341 7.64382860393015e-15
3877.98219130662 7.6722855228261e-15
3882.25883905982 7.51440196958969e-15
3886.53548681303 7.56743724351612e-15
3890.81213456623 7.29555152590875e-15
3895.08878231944 7.31512899841864e-15
3899.36543007264 7.20298268323512e-15
3903.64207782585 7.09702775537955e-15
3907.91872557905 7.02172906746749e-15
3912.19537333226 7.24722744923495e-15
3916.47202108546 6.90802463517749e-15
3920.74866883867 7.18946234333105e-15
3925.02531659187 7.17365755556823e-15
3929.30196434508 6.92311579768225e-15
3933.57861209828 6.79632089470891e-15
3937.85525985149 6.76524664400594e-15
3942.13190760469 6.82991464491349e-15
3946.4085553579 6.77352342645004e-15
3950.6852031111 6.6958475405715e-15
3954.96185086431 6.46304985238108e-15
3959.23849861751 6.4774943052306e-15
3963.51514637072 6.56237420632554e-15
3967.79179412392 6.72695524907589e-15
3972.06844187713 6.54099297715447e-15
3976.34508963033 6.24814065300371e-15
3980.62173738354 6.24187091512814e-15
3984.89838513674 6.04753953417137e-15
3989.17503288995 6.1131714585729e-15
3993.45168064315 6.27937922809845e-15
3997.72832839636 6.41594338556895e-15
4002.00497614957 6.62977770013624e-15
4006.28162390277 6.74180670125657e-15
4010.55827165598 6.85763718624418e-15
4014.83491940918 6.85025232949354e-15
4019.11156716239 7.13596035425068e-15
4023.38821491559 7.13466862900611e-15
4027.6648626688 7.28492549758545e-15
4031.941510422 7.58486579343883e-15
4036.21815817521 7.53846024639055e-15
4040.49480592841 7.67791236269471e-15
4044.77145368162 7.84653883480115e-15
4049.04810143482 8.06790666040133e-15
4053.32474918803 7.96076800400197e-15
4057.60139694123 7.91416086311225e-15
4061.87804469444 8.4402691202779e-15
4066.15469244764 8.35445451832567e-15
4070.43134020085 8.14368138082975e-15
4074.70798795405 8.16728649500383e-15
4078.98463570726 8.14842645940027e-15
4083.26128346046 8.30354783819568e-15
4087.53793121367 8.04238894583234e-15
4091.81457896687 8.03771417099645e-15
4096.09122672008 7.98177696219272e-15
4100.36787447328 7.86519304139853e-15
4104.64452222649 7.81080420882239e-15
4108.92116997969 7.56980385357075e-15
4113.1978177329 7.70669623630831e-15
4117.4744654861 7.72342259591774e-15
4121.75111323931 7.50194550306737e-15
4126.02776099251 7.47091360401176e-15
4130.30440874572 7.51368368565042e-15
4134.58105649892 7.62027007656816e-15
4138.85770425213 7.46998694996746e-15
4143.13435200533 7.37225713554621e-15
4147.41099975854 7.58533166155982e-15
4151.68764751174 7.43030006825681e-15
4155.96429526495 7.29502213031672e-15
4160.24094301815 7.23221887244255e-15
4164.51759077136 7.25885467050191e-15
4168.79423852456 7.21130224084305e-15
4173.07088627777 7.0821068464972e-15
4177.34753403097 6.97923342450374e-15
4181.62418178418 6.71339467510682e-15
4185.90082953738 6.62836103753196e-15
4190.17747729059 6.50086860292656e-15
4194.45412504379 6.45799603030128e-15
4198.730772797 6.1576398412708e-15
4203.00742055021 5.88734823967017e-15
4207.28406830341 5.95761851649086e-15
4211.56071605662 5.96486869500288e-15
4215.83736380982 5.6852059443903e-15
4220.11401156303 5.3648856123095e-15
4224.39065931623 5.20274190686488e-15
4228.66730706944 5.18415207477149e-15
4232.94395482264 4.92828459722964e-15
4237.22060257585 4.79794189675673e-15
4241.49725032905 4.78370157884749e-15
4245.77389808226 4.6688007125195e-15
4250.05054583546 4.56902997221184e-15
4254.32719358867 4.41644376302755e-15
4258.60384134187 4.30388155466693e-15
4262.88048909508 4.17401785132569e-15
4267.15713684828 4.16165667600993e-15
4271.43378460149 4.11035654907595e-15
4275.71043235469 4.14876398751977e-15
4279.9870801079 3.99083384747126e-15
4284.2637278611 4.125218165652e-15
4288.54037561431 3.96405786545913e-15
4292.81702336751 4.08894906188352e-15
4297.09367112072 4.1716698759959e-15
4301.37031887392 3.99233224875496e-15
4305.64696662713 4.03775989626562e-15
4309.92361438033 4.18634810993887e-15
4314.20026213354 4.32034236944739e-15
4318.47690988674 4.40702941533529e-15
4322.75355763995 4.53549297321472e-15
4327.03020539315 4.60617575508073e-15
4331.30685314636 4.68083662718351e-15
4335.58350089956 4.85069341464583e-15
4339.86014865277 4.93746389327904e-15
4344.13679640597 4.95739881369267e-15
4348.41344415918 5.15189663662357e-15
4352.69009191238 5.30296242166753e-15
4356.96673966559 5.26181567867229e-15
4361.24338741879 5.33221639856685e-15
4365.520035172 5.49844788501493e-15
4369.7966829252 5.38752172079193e-15
4374.07333067841 5.3800339495382e-15
4378.34997843161 5.34022763618199e-15
4382.62662618482 5.46142534543987e-15
4386.90327393802 5.47984238281202e-15
4391.17992169123 5.51099710164498e-15
4395.45656944443 5.58058170529487e-15
4399.73321719764 5.66006007728516e-15
4404.00986495084 5.84419741672172e-15
4408.28651270405 5.9462225352185e-15
4412.56316045725 6.07929395233099e-15
4416.83980821046 6.21373502171919e-15
4421.11645596366 6.31549925406822e-15
4425.39310371687 6.49341386595777e-15
4429.66975147008 6.5968738582672e-15
4433.94639922328 6.85008292290409e-15
4438.22304697649 6.96641188678115e-15
4442.49969472969 7.00883129677965e-15
4446.7763424829 7.22940841712356e-15
4451.0529902361 7.26402495961195e-15
4455.32963798931 7.31731180232372e-15
4459.60628574251 7.52222601292348e-15
4463.88293349572 7.63391747141432e-15
4468.15958124892 7.66695853262082e-15
4472.43622900213 7.82217562613928e-15
4476.71287675533 7.99351006257809e-15
4480.98952450854 7.81071696442882e-15
4485.26617226174 7.77253610729839e-15
4489.54282001495 7.84769926993889e-15
4493.81946776815 7.89174667726201e-15
4498.09611552136 7.801994219138e-15
4502.37276327456 7.83621435020707e-15
4506.64941102777 7.99640183306001e-15
4510.92605878097 7.85355480870326e-15
4515.20270653418 7.77048882866487e-15
4519.47935428738 7.78893551219018e-15
4523.75600204059 7.71096612939542e-15
4528.03264979379 7.67638770338966e-15
4532.309297547 7.61740710520644e-15
4536.5859453002 7.55417863679275e-15
4540.86259305341 7.56935746720755e-15
4545.13924080661 7.51569792999899e-15
4549.41588855982 7.40150264211606e-15
4553.69253631302 7.36005986110575e-15
4557.96918406623 7.31912614689674e-15
4562.24583181943 7.19994352902037e-15
4566.52247957264 6.98409285252214e-15
4570.79912732584 6.94034360079645e-15
4575.07577507905 6.8809221219642e-15
4579.35242283225 6.74803789913305e-15
4583.62907058546 6.60586468948583e-15
4587.90571833866 6.46184283043124e-15
4592.18236609187 6.37938883169724e-15
4596.45901384507 6.16307525169333e-15
4600.73566159828 5.93684969214065e-15
4605.01230935148 5.86345598132696e-15
4609.28895710469 5.63471812205273e-15
4613.56560485789 5.46497526052181e-15
4617.8422526111 5.35428711255699e-15
4622.1189003643 5.19539728417923e-15
4626.39554811751 5.09784746425927e-15
4630.67219587071 4.97840734836694e-15
4634.94884362392 4.87583123493797e-15
4639.22549137712 4.74269332573912e-15
4643.50213913033 4.75472585227134e-15
4647.77878688353 4.67831458658306e-15
4652.05543463674 4.66725699497313e-15
4656.33208238994 4.70699512217709e-15
4660.60873014315 4.69403424753468e-15
4664.88537789636 4.66727647673091e-15
4669.16202564956 4.64310639158101e-15
4673.43867340277 4.62044826024196e-15
4677.71532115597 4.61129268111509e-15
4681.99196890918 4.59592242125421e-15
4686.26861666238 4.65296881970237e-15
4690.54526441559 4.45074224464425e-15
4694.82191216879 4.36408399787655e-15
4699.098559922 4.24720276851788e-15
4703.3752076752 4.20154684562793e-15
4707.65185542841 4.10739151024408e-15
4711.92850318161 4.0730655000566e-15
4716.20515093482 3.96501797730485e-15
4720.48179868802 3.88702572462051e-15
4724.75844644123 3.8373607947912e-15
4729.03509419443 3.77460158263029e-15
4733.31174194764 3.70310268451961e-15
4737.58838970084 3.71356100031936e-15
4741.86503745405 3.64692576539181e-15
4746.14168520725 3.61210847609492e-15
4750.41833296046 3.66413916894591e-15
4754.69498071366 3.62122636225564e-15
4758.97162846687 3.58283120578955e-15
4763.24827622007 3.63951888578454e-15
4767.52492397328 3.66134777186823e-15
4771.80157172648 3.64054930136488e-15
4776.07821947969 3.67423241354539e-15
4780.35486723289 3.60980835812665e-15
4784.6315149861 3.72672431583616e-15
4788.9081627393 3.78786823616666e-15
4793.18481049251 3.6938640961639e-15
4797.46145824571 3.70342709813841e-15
4801.73810599892 3.78039317040714e-15
4806.01475375212 3.71110121664053e-15
4810.29140150533 3.65033930816924e-15
4814.56804925853 3.65874822775311e-15
4818.84469701174 3.6861848954641e-15
4823.12134476494 3.61493206042459e-15
4827.39799251815 3.52984103636756e-15
4831.67464027135 3.50945507090951e-15
4835.95128802456 3.51153940723447e-15
4840.22793577776 3.52871405903123e-15
4844.50458353097 3.42712791535937e-15
4848.78123128417 3.32685509627222e-15
4853.05787903738 3.30082090336365e-15
4857.33452679059 3.31014080688229e-15
4861.61117454379 3.30646023696823e-15
4865.887822297 3.23735526572473e-15
4870.1644700502 3.2349403747921e-15
4874.44111780341 3.2722892338101e-15
4878.71776555661 3.28069158888862e-15
4882.99441330982 3.3274158320833e-15
4887.27106106302 3.4632885989106e-15
4891.54770881623 3.48575508904534e-15
4895.82435656943 3.48979861257729e-15
4900.10100432264 3.5091886790476e-15
4904.37765207584 3.61740582014705e-15
4908.65429982905 3.62016291239036e-15
4912.93094758225 3.6919531898349e-15
4917.20759533546 3.78223843168273e-15
4921.48424308866 3.8633520007777e-15
4925.76089084187 3.97004088268206e-15
4930.03753859507 3.98649407416601e-15
4934.31418634828 4.01672722115235e-15
4938.59083410148 4.05116588672182e-15
4942.86748185469 4.13053160333013e-15
4947.14412960789 4.18857707713957e-15
4951.4207773611 4.2565518946732e-15
4955.6974251143 4.22295941501804e-15
4959.97407286751 4.28204546880319e-15
4964.25072062071 4.31868303190372e-15
4968.52736837392 4.30432582344776e-15
4972.80401612712 4.39882336014229e-15
4977.08066388033 4.42597118961827e-15
4981.35731163353 4.4412842747552e-15
4985.63395938674 4.557288401497e-15
4989.91060713994 4.53862911270193e-15
4994.18725489315 4.60394678788003e-15
4998.46390264635 4.71447950529903e-15
5002.74055039956 4.73696526543332e-15
5007.01719815276 4.86816304566648e-15
5011.29384590597 4.9389402717061e-15
5015.57049365917 5.01593344902915e-15
5019.84714141238 5.17740757492897e-15
5024.12378916558 5.17401901962348e-15
5028.40043691879 5.27031988946272e-15
5032.67708467199 5.39064769588377e-15
5036.9537324252 5.50536475606221e-15
5041.2303801784 5.53564321931124e-15
5045.50702793161 5.73137305166392e-15
5049.78367568481 5.79656324838345e-15
5054.06032343802 5.85960409899933e-15
5058.33697119122 5.94059611886636e-15
5062.61361894443 6.06986520507863e-15
5066.89026669763 6.04684030847341e-15
5071.16691445084 6.01905254560579e-15
5075.44356220405 6.12627759936576e-15
5079.72020995725 6.06483891156962e-15
5083.99685771046 6.09752421893827e-15
5088.27350546366 6.19646274937526e-15
5092.55015321687 6.17432469626582e-15
5096.82680097007 6.10785886792772e-15
5101.10344872328 6.25411774099601e-15
5105.38009647648 6.25479282625498e-15
5109.65674422969 6.19783621329923e-15
5113.93339198289 6.18155073433884e-15
5118.2100397361 6.25988688239976e-15
5122.4866874893 6.2737049543848e-15
5126.76333524251 6.34014240711916e-15
5131.03998299571 6.35058632335881e-15
5135.31663074892 6.3903752725396e-15
5139.59327850212 6.34827942912696e-15
5143.86992625533 6.30550553584004e-15
5148.14657400853 6.27936694612072e-15
5152.42322176174 6.18040978095889e-15
5156.69986951494 6.15197446140309e-15
5160.97651726815 6.0322446602428e-15
5165.25316502135 5.95536922049942e-15
5169.52981277456 5.87255607979579e-15
5173.80646052776 5.73864694709846e-15
5178.08310828097 5.62121726390644e-15
5182.35975603417 5.60640519875781e-15
5186.63640378738 5.49895483423386e-15
5190.91305154058 5.32901080237797e-15
5195.18969929379 5.26375072544029e-15
5199.46634704699 5.18602020593666e-15
5203.7429948002 5.08019148599023e-15
5208.0196425534 5.03035376143968e-15
5212.29629030661 5.06063307172165e-15
5216.57293805981 4.9793619544985e-15
5220.84958581302 4.80141176722516e-15
5225.12623356622 4.84395823216574e-15
5229.40288131943 4.80738631411862e-15
5233.67952907263 4.69153168869202e-15
5237.95617682584 4.74066510534692e-15
5242.23282457904 4.66727605321444e-15
5246.50947233225 4.64847446288424e-15
5250.78612008545 4.60758182977317e-15
5255.06276783866 4.6593613773553e-15
5259.33941559186 4.67272967484534e-15
5263.61606334507 4.66986458590125e-15
5267.89271109827 4.66886254592465e-15
5272.16935885148 4.68377159634575e-15
5276.44600660468 4.77426520829861e-15
5280.72265435789 4.83487338028997e-15
5284.99930211109 4.79933696002086e-15
5289.2759498643 4.7844384975116e-15
5293.5525976175 4.82518417040632e-15
5297.82924537071 4.80174803930522e-15
5302.10589312391 4.87973224517655e-15
5306.38254087712 4.87910289969674e-15
5310.65918863033 4.86110895528175e-15
5314.93583638353 4.93516504586019e-15
5319.21248413674 4.79547491329785e-15
5323.48913188994 4.76895346468637e-15
5327.76577964315 4.8439637378799e-15
5332.04242739635 4.7453466564464e-15
5336.31907514956 4.64628403568264e-15
5340.59572290276 4.7376496680547e-15
5344.87237065597 4.68526237433291e-15
5349.14901840917 4.6033547118499e-15
5353.42566616238 4.47431474804986e-15
5357.70231391558 4.43821970955204e-15
5361.97896166879 4.39563258702999e-15
5366.25560942199 4.30916831080722e-15
5370.5322571752 4.23883916519669e-15
5374.8089049284 4.19689832881339e-15
5379.08555268161 4.13235738284793e-15
5383.36220043481 4.06891630916448e-15
5387.63884818802 4.07423313497439e-15
5391.91549594122 4.05010455443891e-15
5396.19214369443 4.00575221525478e-15
5400.46879144763 3.98780316358599e-15
5404.74543920084 3.99474544562168e-15
5409.02208695404 4.02250483288557e-15
5413.29873470725 4.04937102390659e-15
5417.57538246045 4.02576633324898e-15
5421.85203021366 4.09503541712601e-15
5426.12867796686 4.16030227032727e-15
5430.40532572007 4.19648667080103e-15
5434.68197347327 4.31127742284588e-15
5438.95862122648 4.37752090503532e-15
5443.23526897968 4.50017085228127e-15
5447.51191673289 4.52496943587804e-15
5451.78856448609 4.59397721009084e-15
5456.0652122393 4.72829037750401e-15
5460.3418599925 4.81637418072193e-15
5464.61850774571 4.9124272934241e-15
5468.89515549891 5.04259169346161e-15
5473.17180325212 5.14501152931181e-15
5477.44845100532 5.27644097305605e-15
5481.72509875853 5.36823266300058e-15
5486.00174651173 5.39090011170205e-15
5490.27839426494 5.45361358408381e-15
5494.55504201814 5.50673525537087e-15
5498.83168977135 5.51625802328037e-15
5503.10833752456 5.55403315162907e-15
5507.38498527776 5.59064953890593e-15
5511.66163303097 5.57517212937723e-15
5515.93828078417 5.59092567164673e-15
5520.21492853738 5.64304233834187e-15
5524.49157629058 5.64380509151087e-15
5528.76822404379 5.63054055555687e-15
5533.04487179699 5.64244136846579e-15
5537.3215195502 5.70132328731065e-15
5541.5981673034 5.76104800393802e-15
5545.87481505661 5.72419910611715e-15
5550.15146280981 5.75144646196442e-15
5554.42811056302 5.75605305064807e-15
5558.70475831622 5.80891552985326e-15
5562.98140606943 5.74657686955066e-15
5567.25805382263 5.81853274193639e-15
5571.53470157584 5.88676548100246e-15
5575.81134932904 5.89200861494596e-15
5580.08799708225 5.89759056206837e-15
5584.36464483545 5.88395756678231e-15
5588.64129258866 5.85863466979119e-15
5592.91794034186 5.7775054305867e-15
5597.19458809507 5.79334621724978e-15
5601.47123584827 5.78897722130784e-15
5605.74788360148 5.71716619155609e-15
5610.02453135468 5.63395282778489e-15
5614.30117910789 5.5810967013268e-15
5618.57782686109 5.51632451536673e-15
5622.8544746143 5.46507139876132e-15
5627.1311223675 5.45232948213578e-15
5631.40777012071 5.45708641916756e-15
5635.68441787391 5.41475764169442e-15
5639.96106562712 5.37730904454688e-15
5644.23771338032 5.38577513885469e-15
5648.51436113353 5.28002646352178e-15
5652.79100888673 5.25009951894586e-15
5657.06765663994 5.28631991831988e-15
5661.34430439314 5.13487296844965e-15
5665.62095214635 5.10301182413868e-15
5669.89759989955 5.09462873905971e-15
5674.17424765276 5.13520585239792e-15
5678.45089540596 5.10150114087725e-15
5682.72754315917 4.99609720795388e-15
5687.00419091237 4.96671448204657e-15
5691.28083866558 4.94832751434405e-15
5695.55748641878 4.93016797498786e-15
5699.83413417199 4.88126156316282e-15
5704.11078192519 4.84129939574431e-15
5708.3874296784 4.83568314378754e-15
5712.66407743161 4.83314500956109e-15
5716.94072518481 4.85431490401182e-15
5721.21737293802 4.79368174454852e-15
5725.49402069122 4.78939194618715e-15
5729.77066844443 4.69582402815223e-15
5734.04731619763 4.6642047117477e-15
5738.32396395084 4.78114269231384e-15
5742.60061170404 4.77629639330612e-15
5746.87725945725 4.79308331577128e-15
5751.15390721045 4.85223162647805e-15
5755.43055496366 4.88005962341067e-15
5759.70720271686 4.88612183821417e-15
5763.98385047007 4.90537320303936e-15
5768.26049822327 4.92223551143683e-15
5772.53714597648 4.9436696801671e-15
5776.81379372968 4.94947820860289e-15
5781.09044148289 4.98762391386602e-15
5785.36708923609 5.08583738410015e-15
5789.6437369893 5.14707786618664e-15
5793.9203847425 5.19551375120948e-15
5798.19703249571 5.26125706044357e-15
5802.47368024891 5.30761771474564e-15
5806.75032800212 5.33359452117204e-15
5811.02697575532 5.34087222825485e-15
5815.30362350853 5.41598499243499e-15
5819.58027126173 5.47191881310693e-15
5823.85691901494 5.52768492125531e-15
5828.13356676814 5.61203373269231e-15
5832.41021452135 5.65694807823694e-15
5836.68686227455 5.68747387510657e-15
5840.96351002776 5.7358504678231e-15
5845.24015778096 5.79596312554032e-15
5849.51680553417 5.82669263383376e-15
5853.79345328737 5.82330450204474e-15
5858.07010104058 5.83571946395265e-15
5862.34674879378 5.88861667150868e-15
5866.62339654699 5.95024509468501e-15
5870.90004430019 5.86648073598161e-15
5875.1766920534 5.81979566806074e-15
5879.4533398066 5.75198686898477e-15
5883.72998755981 5.84295990158578e-15
5888.00663531301 5.76675742951899e-15
5892.28328306622 5.78053442040608e-15
5896.55993081942 5.77556148997275e-15
5900.83657857263 5.55980356358224e-15
5905.11322632584 5.35899619222725e-15
5909.38987407904 5.14058705271183e-15
5913.66652183225 4.87699548172398e-15
5917.94316958545 4.65076229887477e-15
5922.21981733866 4.47351006674997e-15
5926.49646509186 4.38542245188378e-15
5930.77311284507 4.33900758747309e-15
5935.04976059827 4.32151678062876e-15
5939.32640835148 4.26499638964085e-15
5943.60305610468 4.07815870916844e-15
5947.87970385789 3.9323407167492e-15
5952.15635161109 3.70568613500873e-15
5956.4329993643 3.60251921609905e-15
5960.7096471175 3.46704328420754e-15
5964.98629487071 3.36380097936556e-15
5969.26294262391 3.22552454479219e-15
5973.53959037712 3.14723943046634e-15
5977.81623813032 3.10796844193279e-15
5982.09288588353 2.9688756793565e-15
5986.36953363673 2.85270807525589e-15
5990.64618138994 2.80260099422812e-15
5994.92282914314 2.75867365382527e-15
5999.19947689635 2.69062514442523e-15
6003.47612464955 2.64755648367266e-15
6007.75277240276 2.62042157144913e-15
6012.02942015596 2.56132027107094e-15
6016.30606790917 2.48755217169456e-15
6020.58271566237 2.39657829206061e-15
6024.85936341558 2.34554370995559e-15
6029.13601116878 2.32578052547202e-15
6033.41265892199 2.24952066692305e-15
6037.68930667519 2.25570167809741e-15
6041.9659544284 2.16597081931355e-15
6046.2426021816 2.20808212107748e-15
6050.51924993481 2.1734541436443e-15
6054.79589768801 2.17148436852546e-15
6059.07254544122 2.10927784536263e-15
6063.34919319442 2.13692330669512e-15
6067.62584094763 2.18428896558911e-15
6071.90248870083 2.18074752083664e-15
6076.17913645404 2.13261508536715e-15
6080.45578420724 2.18299702858631e-15
6084.73243196045 2.23080166230521e-15
6089.00907971365 2.26807894703916e-15
6093.28572746686 2.28960057192123e-15
6097.56237522006 2.32865112013026e-15
6101.83902297327 2.45945799465827e-15
6106.11567072647 2.55186208942366e-15
6110.39231847968 2.59543092313158e-15
6114.66896623288 2.67420286964386e-15
6118.94561398609 2.77194073087812e-15
6123.22226173929 2.85156352198591e-15
6127.4989094925 2.95780898214239e-15
6131.7755572457 3.09308353195069e-15
6136.05220499891 3.16500658180971e-15
6140.32885275211 3.24953030555032e-15
6144.60550050532 3.42866676246629e-15
6148.88214825852 3.50841533796676e-15
6153.15879601173 3.5494987652492e-15
6157.43544376494 3.69970057668696e-15
6161.71209151814 3.88680676660365e-15
6165.98873927135 4.01148578127474e-15
6170.26538702455 4.05036247597135e-15
6174.54203477776 4.16025229538338e-15
6178.81868253096 4.31607882910739e-15
6183.09533028417 4.38315960336519e-15
6187.37197803737 4.45683452911737e-15
6191.64862579058 4.53440580642692e-15
6195.92527354378 4.59541758961765e-15
6200.20192129699 4.72311754729513e-15
6204.47856905019 4.79922091650709e-15
6208.7552168034 4.81964288086539e-15
6213.0318645566 4.9711110065593e-15
6217.30851230981 4.97242729575933e-15
6221.58516006301 4.9740176001178e-15
6225.86180781622 5.10313760853135e-15
6230.13845556942 5.22301055825973e-15
6234.41510332263 5.29810638178092e-15
6238.69175107583 5.33802111535439e-15
6242.96839882904 5.37321660486222e-15
6247.24504658224 5.41076599893048e-15
6251.52169433545 5.43075597648568e-15
6255.79834208865 5.49858849248418e-15
6260.07498984186 5.57004038026629e-15
6264.35163759506 5.51682977051977e-15
6268.62828534827 5.50523770112012e-15
6272.90493310147 5.60178209293169e-15
6277.18158085468 5.57036987608277e-15
6281.45822860788 5.51814267158801e-15
6285.73487636109 5.46952298041562e-15
6290.01152411429 5.53537470986696e-15
6294.2881718675 5.5652707377403e-15
6298.5648196207 5.62365629527806e-15
6302.84146737391 5.6247781904167e-15
6307.11811512711 5.63492860974012e-15
6311.39476288032 5.61947957581515e-15
6315.67141063352 5.5826141608518e-15
6319.94805838673 5.58288224677961e-15
6324.22470613993 5.57168235363454e-15
6328.50135389314 5.57112627650467e-15
6332.77800164634 5.59760113830405e-15
6337.05464939955 5.6224255564057e-15
6341.33129715275 5.65097776650822e-15
6345.60794490596 5.6476298687842e-15
6349.88459265916 5.6279321175958e-15
6354.16124041237 5.63837476328603e-15
6358.43788816557 5.64019673115557e-15
6362.71453591878 5.63908161228051e-15
6366.99118367199 5.61787783651189e-15
6371.26783142519 5.57342173579172e-15
6375.5444791784 5.55825095218993e-15
6379.8211269316 5.55886039239548e-15
6384.09777468481 5.47538529544356e-15
6388.37442243801 5.49992511047494e-15
6392.65107019122 5.49214299527204e-15
6396.92771794442 5.36167027524173e-15
6401.20436569763 5.3791250831858e-15
6405.48101345083 5.45429332802399e-15
6409.75766120404 5.43106302592906e-15
6414.03430895724 5.3996690202885e-15
6418.31095671045 5.35264429215579e-15
6422.58760446365 5.26380917071365e-15
6426.86425221686 5.18897338630726e-15
6431.14089997006 5.19674279601595e-15
6435.41754772327 5.19300441610324e-15
6439.69419547647 5.14553118402495e-15
6443.97084322968 5.0905113119031e-15
6448.24749098288 5.13033329536884e-15
6452.52413873609 5.08993744708134e-15
6456.80078648929 5.03175305986855e-15
6461.0774342425 5.02269785414592e-15
6465.3540819957 4.98664093213073e-15
6469.63072974891 4.92680694825316e-15
6473.90737750211 4.90530332282121e-15
6478.18402525532 4.86315453984937e-15
6482.46067300852 4.81576050535165e-15
6486.73732076173 4.78664332427331e-15
6491.01396851493 4.7834669507211e-15
6495.29061626814 4.76454296413002e-15
6499.56726402134 4.68515945982982e-15
6503.84391177455 4.69508922707048e-15
6508.12055952775 4.64454677110782e-15
6512.39720728096 4.66472097832905e-15
6516.67385503416 4.62532759353462e-15
6520.95050278737 4.59169064464973e-15
6525.22715054057 4.5973229902325e-15
6529.50379829378 4.53679189823934e-15
6533.78044604698 4.55165986756249e-15
6538.05709380019 4.55931026914209e-15
6542.33374155339 4.54459688333181e-15
6546.6103893066 4.4869202923709e-15
6550.88703705981 4.48756064927902e-15
6555.16368481301 4.46601467219972e-15
6559.44033256622 4.42777367573003e-15
6563.71698031942 4.44208006220915e-15
6567.99362807263 4.4131509224451e-15
6572.27027582583 4.40908685836417e-15
6576.54692357904 4.38018778826975e-15
6580.82357133224 4.38927009904669e-15
6585.10021908545 4.33416933527837e-15
6589.37686683865 4.2735357522986e-15
6593.65351459186 4.31261361732017e-15
6597.93016234506 4.26728422563138e-15
6602.20681009827 4.26451612195976e-15
6606.48345785147 4.23252919325612e-15
6610.76010560468 4.18846908043879e-15
6615.03675335788 4.16612350425728e-15
6619.31340111109 4.14199915888653e-15
6623.59004886429 4.15098279032511e-15
6627.8666966175 4.13802488029801e-15
6632.1433443707 4.07938394232665e-15
6636.41999212391 4.05628323627266e-15
6640.69663987711 4.02061764347909e-15
6644.97328763032 4.00492720516415e-15
6649.24993538352 4.02408581988162e-15
6653.52658313673 3.88974597093062e-15
6657.80323088993 3.88763304724369e-15
6662.07987864314 3.92309619916286e-15
6666.35652639634 3.95510769182197e-15
6670.63317414955 3.87698584309671e-15
6674.90982190275 3.83943856661082e-15
6679.18646965596 3.82299342193988e-15
6683.46311740916 3.85141645951794e-15
6687.73976516237 3.82338475116151e-15
6692.01641291557 3.74700228459343e-15
6696.29306066878 3.73806481645048e-15
6700.56970842198 3.75502368660393e-15
6704.84635617519 3.72216643154699e-15
6709.12300392839 3.69103119447181e-15
6713.3996516816 3.6828895137828e-15
6717.6762994348 3.66025848749806e-15
6721.95294718801 3.62404613493705e-15
6726.22959494121 3.56808266811196e-15
6730.50624269442 3.57400173434737e-15
6734.78289044762 3.56296616559407e-15
6739.05953820083 3.55003874875307e-15
6743.33618595403 3.56731949142648e-15
6747.61283370724 3.51412603409715e-15
6751.88948146044 3.53306547903952e-15
6756.16612921365 3.57590628792927e-15
6760.44277696685 3.50618213560132e-15
6764.71942472006 3.48957944280219e-15
6768.99607247326 3.49342899578923e-15
6773.27272022647 3.4587351615444e-15
6777.54936797967 3.46611133620733e-15
6781.82601573288 3.47850639284097e-15
6786.10266348608 3.47275800374443e-15
6790.37931123929 3.43171608107641e-15
6794.65595899249 3.39270513165766e-15
6798.9326067457 3.38254115980709e-15
6803.20925449891 3.43334683125811e-15
6807.48590225211 3.41977482234425e-15
6811.76255000532 3.41308622667626e-15
6816.03919775852 3.40762138185881e-15
6820.31584551173 3.35986164088612e-15
6824.59249326493 3.36829872431548e-15
6828.86914101814 3.32158697485677e-15
6833.14578877134 3.30276844386762e-15
6837.42243652455 3.28291335630927e-15
6841.69908427775 3.25398887522643e-15
6845.97573203096 3.2791711647483e-15
6850.25237978416 3.26826180390414e-15
6854.52902753737 3.22033816205615e-15
6858.80567529057 3.14877277185911e-15
6863.08232304378 3.02523619287562e-15
6867.35897079698 3.02811546962157e-15
6871.63561855019 3.13177769104716e-15
6875.91226630339 3.21791035387108e-15
6880.1889140566 3.07605266399672e-15
6884.4655618098 2.95974784055865e-15
6888.74220956301 3.04116147107519e-15
6893.01885731621 3.15239764935688e-15
6897.29550506942 3.14141120851452e-15
6901.57215282262 3.09692821449828e-15
6905.84880057583 3.16476411862856e-15
6910.12544832903 3.19998247802597e-15
6914.40209608224 3.12658262622341e-15
6918.67874383544 3.14566733731624e-15
6922.95539158865 3.16225118363229e-15
6927.23203934185 3.04569161503534e-15
6931.50868709506 3.02780333798051e-15
6935.78533484826 3.05086571579364e-15
6940.06198260147 3.03224200238236e-15
6944.33863035467 2.96918675220638e-15
6948.61527810788 3.00930964412663e-15
6952.89192586108 3.03053734857601e-15
6957.16857361429 3.05198231697636e-15
6961.44522136749 3.05301802651261e-15
6965.7218691207 3.00758826141958e-15
6969.9985168739 2.99669562947612e-15
6974.27516462711 3.03284339577491e-15
6978.55181238031 3.05709479608775e-15
6982.82846013352 3.02194737569967e-15
6987.10510788672 3.00047890213504e-15
6991.38175563993 3.0504455874518e-15
6995.65840339313 3.04788860674228e-15
6999.93505114634 2.97273179684888e-15
7004.21169889954 2.96910035484576e-15
7008.48834665275 3.00884504655507e-15
7012.76499440596 2.98047685436034e-15
7017.04164215916 3.01119026902778e-15
7021.31828991237 2.98029707161728e-15
7025.59493766557 2.96017770977939e-15
7029.87158541878 2.98293621452269e-15
7034.14823317198 3.04631968996573e-15
7038.42488092519 2.97135219193604e-15
7042.70152867839 2.96966384351392e-15
7046.9781764316 2.97897887659312e-15
7051.2548241848 2.92655876034463e-15
7055.53147193801 2.9749844809721e-15
7059.80811969121 3.01286400613155e-15
7064.08476744442 2.9925504619905e-15
7068.36141519762 2.99899193579613e-15
7072.63806295083 2.93424304324212e-15
7076.91471070403 2.94828092027696e-15
7081.19135845724 2.97147204709807e-15
7085.46800621044 2.94819028775161e-15
7089.74465396365 2.90502061832008e-15
7094.02130171685 2.95430650090549e-15
7098.29794947006 2.99564255576445e-15
7102.57459722326 2.96641991908418e-15
7106.85124497647 2.97536162239187e-15
7111.12789272967 2.96037930362083e-15
7115.40454048288 2.97827160408216e-15
7119.68118823608 2.98105622489626e-15
7123.95783598929 2.95570050537844e-15
7128.23448374249 2.95839279960128e-15
7132.5111314957 2.93246575636054e-15
7136.7877792489 2.92342516195626e-15
7141.06442700211 2.96151136315484e-15
7145.34107475531 2.96292484938557e-15
7149.61772250852 2.93109525705188e-15
7153.89437026172 2.91169523794444e-15
7158.17101801493 2.86742527271444e-15
7162.44766576813 2.85439155323856e-15
7166.72431352134 2.83966757951644e-15
7171.00096127454 2.77906787785455e-15
7175.27760902775 2.66032762293489e-15
7179.55425678095 2.61816232282057e-15
7183.83090453416 2.66299111803753e-15
7188.10755228736 2.6505748855802e-15
7192.38420004057 2.54744396557078e-15
7196.66084779377 2.45533167365572e-15
7200.93749554698 2.51204539991384e-15
7205.21414330019 2.60742978010415e-15
7209.49079105339 2.58146843202904e-15
7213.7674388066 2.61299076316111e-15
7218.0440865598 2.63212121403308e-15
7222.32073431301 2.56553193064292e-15
7226.59738206621 2.50860792845565e-15
7230.87402981942 2.52955484148301e-15
7235.15067757262 2.53008402531681e-15
7239.42732532583 2.43068259137415e-15
7243.70397307903 2.42371722769064e-15
7247.98062083224 2.41807958815195e-15
7252.25726858544 2.41994538997651e-15
7256.53391633865 2.44253554692155e-15
7260.81056409185 2.4506676984899e-15
7265.08721184506 2.46423907212905e-15
7269.36385959826 2.45164792736811e-15
7273.64050735147 2.40686614247972e-15
7277.91715510467 2.3554542071967e-15
7282.19380285788 2.29765500821667e-15
7286.47045061108 2.30617637142429e-15
7290.74709836429 2.29533667904004e-15
7295.02374611749 2.26158813356435e-15
7299.3003938707 2.27531387895813e-15
7303.5770416239 2.31220025798692e-15
7307.85368937711 2.28432863885752e-15
7312.13033713031 2.23726854709926e-15
7316.40698488352 2.21753204415352e-15
7320.68363263672 2.25315253244264e-15
7324.96028038993 2.28313919284134e-15
7329.23692814313 2.2891546090745e-15
7333.51357589634 2.33499200877341e-15
7337.79022364954 2.35505821929386e-15
7342.06687140275 2.30713605975353e-15
7346.34351915595 2.29630737879759e-15
7350.62016690916 2.31113045537454e-15
7354.89681466236 2.28648836111478e-15
7359.17346241557 2.25435468395303e-15
7363.45011016877 2.2534117245245e-15
7367.72675792198 2.19869445492306e-15
7372.00340567518 2.20826952711706e-15
7376.28005342839 2.28431593336331e-15
7380.55670118159 2.27027932687789e-15
7384.8333489348 2.22514814089876e-15
7389.109996688 2.21308829755399e-15
7393.38664444121 2.22834950192291e-15
7397.66329219441 2.23342809971641e-15
7401.93993994762 2.19000347336776e-15
7406.21658770082 2.16838867486148e-15
7410.49323545403 2.17638741874064e-15
7414.76988320723 2.17864158517152e-15
7419.04653096044 2.18955645172984e-15
7423.32317871364 2.17413833450745e-15
7427.59982646685 2.19375180591759e-15
7431.87647422005 2.16002973022151e-15
7436.15312197326 2.15412569882091e-15
7440.42976972646 2.20424569710113e-15
7444.70641747967 2.17354816430145e-15
7448.98306523288 2.2018204300149e-15
7453.25971298608 2.1950018147895e-15
7457.53636073929 2.15406555948165e-15
7461.81300849249 2.20844719227775e-15
7466.0896562457 2.16821524486553e-15
7470.3663039989 2.17834957056296e-15
7474.64295175211 2.24449966736997e-15
7478.91959950531 2.2108133788159e-15
7483.19624725852 2.23846201652194e-15
7487.47289501172 2.27432094458571e-15
7491.74954276493 2.1989547057961e-15
7496.02619051813 2.19919272205428e-15
7500.30283827134 2.21701387174804e-15
7504.57948602454 2.25288254069071e-15
7508.85613377775 2.24947535066038e-15
7513.13278153095 2.22744444721876e-15
7517.40942928416 2.26296816199366e-15
7521.68607703736 2.2962919204463e-15
7525.96272479057 2.24979319977383e-15
7530.23937254377 2.25746520069359e-15
7534.51602029698 2.3192753124371e-15
7538.79266805018 2.34437395745543e-15
7543.06931580339 2.31255114138532e-15
7547.34596355659 2.3518521995885e-15
7551.6226113098 2.37776674909328e-15
7555.899259063 2.32283390960676e-15
7560.17590681621 2.34306190342014e-15
7564.45255456941 2.35505207830499e-15
7568.72920232262 2.31742560423854e-15
7573.00585007582 2.30376190400814e-15
7577.28249782903 2.27335003306992e-15
7581.55914558223 2.17089631590183e-15
7585.83579333544 2.11771471703376e-15
7590.11244108864 1.97191832395467e-15
7594.38908884185 2.04148429287971e-15
7598.66573659505 2.05295036612846e-15
7602.94238434826 1.97561350518706e-15
7607.21903210146 1.91307494510891e-15
7611.49567985467 1.81966669278455e-15
7615.77232760787 1.70552010929608e-15
7620.04897536108 1.71768244362747e-15
7624.32562311428 1.89698703658347e-15
7628.60227086749 2.02264458606688e-15
7632.87891862069 2.02753853067788e-15
7637.1555663739 2.04252444933894e-15
7641.4322141271 2.00450156385317e-15
7645.70886188031 2.0576926918419e-15
7649.98550963352 2.1004532443599e-15
7654.26215738672 2.1686919126566e-15
7658.53880513993 2.18120555390286e-15
7662.81545289313 2.24781855421555e-15
7667.09210064634 2.33548477019047e-15
7671.36874839954 2.34273071353776e-15
7675.64539615275 2.39655584568751e-15
7679.92204390595 2.43066480368225e-15
7684.19869165916 2.36036678653254e-15
7688.47533941236 2.35019561490191e-15
7692.75198716557 2.40328996937642e-15
7697.02863491877 2.42627632598253e-15
7701.30528267198 2.43340156713483e-15
7705.58193042518 2.40409380364336e-15
7709.85857817839 2.39527026143181e-15
7714.13522593159 2.41395898462179e-15
7718.4118736848 2.3756328613409e-15
7722.688521438 2.40183180215772e-15
7726.96516919121 0
