3364.5 9.88820502800629e-15
3368.77006648585 -5.75545081022257e-15
3373.04013297169 -3.40458434522643e-15
3377.31019945754 -1.37904129711734e-14
3381.58026594338 5.747936357431e-15
3385.85033242923 1.44119860766593e-14
3390.12039891507 1.95248090834261e-14
3394.39046540092 1.9683648089827e-14
3398.66053188676 1.4012898033231e-14
3402.93059837261 2.12720957520765e-14
3407.20066485845 8.25193219148885e-15
3411.4707313443 2.84747540216929e-14
3415.74079783014 8.4673699394253e-15
3420.01086431599 7.62669736257193e-15
3424.28093080183 -4.14223166943055e-15
3428.55099728768 9.1388366736363e-15
3432.82106377352 -1.12925865015869e-14
3437.09113025937 1.28339668722981e-15
3441.36119674522 6.73113535667059e-15
3445.63126323106 -3.95176868794389e-15
3449.90132971691 4.64626201282601e-15
3454.17139620275 1.86962448425537e-14
3458.4414626886 1.18012357156437e-14
3462.71152917444 -4.43698065916888e-16
3466.98159566029 -5.56421533468802e-15
3471.25166214613 4.57074542568826e-16
3475.52172863198 1.38530942563032e-14
3479.79179511782 8.61861868358587e-15
3484.06186160367 1.3028492435558e-14
3488.33192808951 9.27569686912186e-15
3492.60199457536 1.50865478692596e-14
3496.8720610612 1.56768783762443e-15
3501.14212754705 3.81221323362017e-15
3505.4121940329 7.64145437057899e-15
3509.68226051874 1.01436515301733e-14
3513.95232700459 1.29978984525362e-14
3518.22239349043 1.07996531368334e-14
3522.49245997628 1.19498061416251e-14
3526.76252646212 1.06464164063456e-14
3531.03259294797 1.97709327174592e-15
3535.30265943381 -9.58727582118699e-16
3539.57272591966 6.02131581764085e-15
3543.8427924055 4.51623652619184e-15
3548.11285889135 1.05138642204298e-14
3552.38292537719 1.65240576484402e-14
3556.65299186304 8.52747878549425e-15
3560.92305834888 4.2938628489668e-15
3565.19312483473 8.58864218758254e-15
3569.46319132057 8.0762914395462e-15
3573.73325780642 1.00587017488603e-14
3578.00332429227 9.25254407054162e-15
3582.27339077811 6.69051208003675e-15
3586.54345726396 8.33811948793787e-15
3590.8135237498 5.3355655668403e-15
3595.08359023565 1.1797200450683e-14
3599.35365672149 9.48329448009853e-15
3603.62372320734 9.31380149328705e-15
3607.89378969318 7.78482486129715e-15
3612.16385617903 1.00229417118931e-14
3616.43392266487 7.06870847933753e-15
3620.70398915072 9.70141054621419e-15
3624.97405563656 7.62049199920034e-15
3629.24412212241 6.83780560385011e-15
3633.51418860825 4.65852704990225e-15
3637.7842550941 6.91048526588927e-15
3642.05432157994 6.79138226910994e-15
3646.32438806579 4.34728182881834e-15
3650.59445455163 3.36489555769165e-15
3654.86452103748 4.52489574401162e-15
3659.13458752333 6.34945045217654e-15
3663.40465400917 4.99556865939479e-15
3667.67472049502 4.9827937084843e-15
3671.94478698086 1.82450176860571e-15
3676.21485346671 1.23677112337349e-15
3680.48491995255 2.47428742398232e-15
3684.7549864384 2.14008909233548e-15
3689.02505292424 3.04487274593358e-15
3693.29511941009 1.49537536436791e-15
3697.56518589593 1.63659788541095e-15
3701.83525238178 2.69434361906368e-15
3706.10531886762 2.20939586917867e-15
3710.37538535347 1.57058341975462e-15
3714.64545183931 2.90000088931641e-15
3718.91551832516 3.83539949000184e-15
3723.18558481101 3.24318348767655e-15
3727.45565129685 3.58701936019725e-15
3731.7257177827 3.74211786910309e-15
3735.99578426854 3.47154060564099e-15
3740.26585075439 5.0804472899403e-15
3744.53591724023 3.6294764631619e-15
3748.80598372608 4.2948602302622e-15
3753.07605021192 3.5547194528196e-15
3757.34611669777 5.61898152044217e-15
3761.61618318361 5.16442764204525e-15
3765.88624966946 4.31222864084565e-15
3770.1563161553 3.95497470764925e-15
3774.42638264115 5.38072385787374e-15
3778.69644912699 6.18040851040947e-15
3782.96651561284 3.86394322977488e-15
3787.23658209868 5.67050441704128e-15
3791.50664858453 6.30283907612208e-15
3795.77671507038 7.39749024704492e-15
3800.04678155622 6.09002035405854e-15
3804.31684804207 6.55550011044209e-15
3808.58691452791 6.19402160042127e-15
3812.85698101376 7.93859183440991e-15
3817.1270474996 7.57651997780953e-15
3821.39711398545 9.37254068708029e-15
3825.66718047129 9.77244611730273e-15
3829.93724695714 9.98340560204704e-15
3834.20731344298 1.10287145626935e-14
3838.47737992883 1.03286850304681e-14
3842.74744641467 1.18086328543721e-14
3847.01751290052 1.40754437930892e-14
3851.28757938636 1.29134441854972e-14
3855.55764587221 1.41161327147764e-14
3859.82771235805 1.47687614362405e-14
3864.0977788439 1.39985789412577e-14
3868.36784532975 1.37621906804038e-14
3872.63791181559 1.50088156556901e-14
3876.90797830144 1.64020222235975e-14
3881.17804478728 1.57536286668697e-14
3885.44811127313 1.61707483476792e-14
3889.71817775897 1.59055457200257e-14
3893.98824424482 1.62926651879093e-14
3898.25831073066 1.59630457046171e-14
3902.52837721651 1.61793220151713e-14
3906.79844370235 1.582942117499e-14
3911.0685101882 1.58551675884548e-14
3915.33857667404 1.56050082659445e-14
3919.60864315989 1.61297045191871e-14
3923.87870964573 1.6563871585093e-14
3928.14877613158 1.58186553862304e-14
3932.41884261743 1.47269874653478e-14
3936.68890910327 1.47993715128884e-14
3940.95897558912 1.46509018838278e-14
3945.22904207496 1.55167796200926e-14
3949.49910856081 1.51705193275186e-14
3953.76917504665 1.49100245089859e-14
3958.0392415325 1.48921538078647e-14
3962.30930801834 1.38197118408189e-14
3966.57937450419 1.42803436041289e-14
3970.84944099003 1.45092847513104e-14
3975.11950747588 1.41522586699768e-14
3979.38957396172 1.36150305642796e-14
3983.65964044757 1.22642849109851e-14
3987.92970693341 1.30331163884171e-14
3992.19977341926 1.38725895666172e-14
3996.4698399051 1.38046981818288e-14
4000.73990639095 1.3750963258688e-14
4005.0099728768 1.32307655974283e-14
4009.28003936264 1.36396021430465e-14
4013.55010584849 1.40037212782804e-14
4017.82017233433 1.51987526297165e-14
4022.09023882018 1.4393363210281e-14
4026.36030530602 1.49827287349805e-14
4030.63037179187 1.60522450502265e-14
4034.90043827771 1.55280349938957e-14
4039.17050476356 1.511702072657e-14
4043.4405712494 1.64015038394338e-14
4047.71063773525 1.67917505529587e-14
4051.98070422109 1.58021501022202e-14
4056.25077070694 1.72324516310197e-14
4060.52083719278 1.8443956079214e-14
4064.79090367863 1.78591713086932e-14
4069.06097016447 1.77561822667024e-14
4073.33103665032 1.78342465171873e-14
4077.60110313616 1.80212324284255e-14
4081.87116962201 1.88066132355809e-14
4086.14123610786 1.85061960601782e-14
4090.4113025937 1.93632951469777e-14
4094.68136907955 1.94820999881596e-14
4098.95143556539 1.89638903132271e-14
4103.22150205124 1.87161856921979e-14
4107.49156853708 1.79507491228185e-14
4111.76163502293 1.82282777739205e-14
4116.03170150877 1.80135820268459e-14
4120.30176799462 1.79618300078345e-14
4124.57183448046 1.79280283110414e-14
4128.84190096631 1.792480619771e-14
4133.11196745215 1.86885910528423e-14
4137.382033938 1.70490317284895e-14
4141.65210042384 1.67629548208838e-14
4145.92216690969 1.71561221040109e-14
4150.19223339554 1.75949038054134e-14
4154.46229988138 1.70011099924657e-14
4158.73236636723 1.67173759779921e-14
4163.00243285307 1.64191610882523e-14
4167.27249933892 1.66175836383443e-14
4171.54256582476 1.67777507924065e-14
4175.81263231061 1.60729990515002e-14
4180.08269879645 1.59969236343755e-14
4184.3527652823 1.59414124831442e-14
4188.62283176814 1.56500500899477e-14
4192.89289825399 1.54968997568205e-14
4197.16296473983 1.49162146257644e-14
4201.43303122568 1.4636092359778e-14
4205.70309771152 1.44340106273538e-14
4209.97316419737 1.44344138150367e-14
4214.24323068321 1.38094297078722e-14
4218.51329716906 1.37584527240076e-14
4222.78336365491 1.32764647189985e-14
4227.05343014075 1.29380962323941e-14
4231.3234966266 1.24113908170007e-14
4235.59356311244 1.23161368798842e-14
4239.86362959829 1.18313799241706e-14
4244.13369608413 1.13747038047243e-14
4248.40376256998 1.14551685465817e-14
4252.67382905582 1.10639079346189e-14
4256.94389554167 1.04039667777212e-14
4261.21396202751 1.01817714009316e-14
4265.48402851336 9.7863679508238e-15
4269.7540949992 9.54329660001613e-15
4274.02416148505 9.32568621256997e-15
4278.29422797089 8.70631031054921e-15
4282.56429445674 8.70317967677616e-15
4286.83436094258 8.69541323168278e-15
4291.10442742843 8.89938638867814e-15
4295.37449391428 8.7372092254321e-15
4299.64456040012 8.75966491589676e-15
4303.91462688597 8.60371852701072e-15
4308.18469337181 8.92026913895975e-15
4312.45475985766 9.06347615231909e-15
4316.7248263435 9.23022559941441e-15
4320.99489282935 9.40110179102876e-15
4325.26495931519 9.33258106076062e-15
4329.53502580104 9.8094284228128e-15
4333.80509228688 9.97451853236445e-15
4338.07515877273 1.00670805987745e-14
4342.34522525857 1.00334339090107e-14
4346.61529174442 1.04487570329391e-14
4350.88535823026 1.10642586062591e-14
4355.15542471611 1.13283253627304e-14
4359.42549120196 1.16637758208315e-14
4363.6955576878 1.22324322370036e-14
4367.96562417365 1.20715188469149e-14
4372.23569065949 1.20945547549484e-14
4376.50575714534 1.23205473804406e-14
4380.77582363118 1.25693107926538e-14
4385.04589011703 1.29640527100298e-14
4389.31595660287 1.29515301749376e-14
4393.58602308872 1.29515945494416e-14
4397.85608957456 1.29330369046002e-14
4402.12615606041 1.27018146976916e-14
4406.39622254625 1.26271013095461e-14
4410.6662890321 1.26710962008265e-14
4414.93635551794 1.26785670314213e-14
4419.20642200379 1.2357652505728e-14
4423.47648848963 1.27689386706297e-14
4427.74655497548 1.25848064133909e-14
4432.01662146133 1.2765417554668e-14
4436.28668794717 1.30574906085073e-14
4440.55675443302 1.2863568344464e-14
4444.82682091886 1.33026185553109e-14
4449.09688740471 1.38341994923488e-14
4453.36695389055 1.41632455343357e-14
4457.6370203764 1.44517322506763e-14
4461.90708686224 1.47074362508593e-14
4466.17715334809 1.48301679367847e-14
4470.44721983393 1.55131780360009e-14
4474.71728631978 1.58978766837212e-14
4478.98735280562 1.55537187269223e-14
4483.25741929147 1.61643058150824e-14
4487.52748577731 1.61500062048668e-14
4491.79755226316 1.62420769921675e-14
4496.067618749 1.62817232162967e-14
4500.33768523485 1.65540934367499e-14
4504.60775172069 1.7236686795756e-14
4508.87781820654 1.67375963485089e-14
4513.14788469239 1.69816502575354e-14
4517.41795117823 1.70942802285318e-14
4521.68801766408 1.70824285435339e-14
4525.95808414992 1.67254770010996e-14
4530.22815063577 1.6808286330155e-14
4534.49821712161 1.64745316320143e-14
4538.76828360746 1.68449018703989e-14
4543.0383500933 1.68634451156802e-14
4547.30841657915 1.65420774273601e-14
4551.57848306499 1.65897518297634e-14
4555.84854955084 1.65814136374306e-14
4560.11861603668 1.62353972903454e-14
4564.38868252253 1.61959712947825e-14
4568.65874900837 1.60819437194232e-14
4572.92881549422 1.60067814038156e-14
4577.19888198007 1.58694926096587e-14
4581.46894846591 1.57157493534685e-14
4585.73901495176 1.55940341070799e-14
4590.0090814376 1.56299347515163e-14
4594.27914792345 1.56582137934933e-14
4598.54921440929 1.55124428114026e-14
4602.81928089514 1.52155611515218e-14
4607.08934738098 1.48198629339484e-14
4611.35941386683 1.44558861002496e-14
4615.62948035267 1.41503392933184e-14
4619.89954683852 1.36217238186289e-14
4624.16961332436 1.35075971404146e-14
4628.43967981021 1.29724527357677e-14
4632.70974629605 1.25142672036094e-14
4636.9798127819 1.20136775080457e-14
4641.24987926775 1.19250626151699e-14
4645.51994575359 1.14840684637091e-14
4649.79001223943 1.10799939373202e-14
4654.06007872528 1.11931846441277e-14
4658.33014521113 1.1004649509629e-14
4662.60021169697 1.08152588718536e-14
4666.87027818282 1.09674859390682e-14
4671.14034466866 1.04949847030684e-14
4675.41041115451 1.05526032722725e-14
4679.68047764035 1.09656089140571e-14
4683.9505441262 1.1011427467273e-14
4688.22061061204 1.08307189172069e-14
4692.49067709789 1.09626290521487e-14
4696.76074358373 1.07455929530408e-14
4701.03081006958 1.07801544383876e-14
4705.30087655542 1.051487303667e-14
4709.57094304127 1.04951651210862e-14
4713.84100952711 1.02633855664984e-14
4718.11107601296 1.00595123593908e-14
4722.38114249881 9.52746131906721e-15
4726.65120898465 9.50206303614379e-15
4730.9212754705 8.96940297913113e-15
4735.19134195634 8.92979402445163e-15
4739.46140844219 8.88599140965026e-15
4743.73147492803 8.63195521734039e-15
4748.00154141388 8.71895227728698e-15
4752.27160789972 8.4670294321805e-15
4756.54167438557 8.54170978604107e-15
4760.81174087141 8.94089185012655e-15
4765.08180735726 8.81677950049717e-15
4769.3518738431 8.70838554126998e-15
4773.62194032895 8.82566826424565e-15
4777.89200681479 8.85731341515508e-15
4782.16207330064 9.22036020667774e-15
4786.43213978649 9.17581982617932e-15
4790.70220627233 8.71566240131984e-15
4794.97227275818 8.98010947558443e-15
4799.24233924402 9.05802549530351e-15
4803.51240572987 8.91217489211579e-15
4807.78247221571 8.78572557858493e-15
4812.05253870156 8.74220248465616e-15
4816.3226051874 8.63631743701875e-15
4820.59267167325 8.42115836292194e-15
4824.86273815909 8.50001374217953e-15
4829.13280464494 8.6035677551461e-15
4833.40287113078 8.6039243560169e-15
4837.67293761663 8.35137301246356e-15
4841.94300410247 8.03895930942891e-15
4846.21307058832 8.1304320914688e-15
4850.48313707416 7.85639999237309e-15
4854.75320356001 7.4876382695553e-15
4859.02327004585 7.33550861112958e-15
4863.2933365317 7.28445115913499e-15
4867.56340301755 7.33953117059609e-15
4871.83346950339 7.18953180003272e-15
4876.10353598924 7.19213812041142e-15
4880.37360247508 7.05567687744402e-15
4884.64366896093 7.16462225511987e-15
4888.91373544677 7.59275505830955e-15
4893.18380193262 7.43306308973075e-15
4897.45386841846 7.25873100369161e-15
4901.72393490431 7.59584926966587e-15
4905.99400139015 7.54681453234932e-15
4910.264067876 7.50938160531131e-15
4914.53413436184 7.43385167740465e-15
4918.80420084769 7.53179748522745e-15
4923.07426733353 7.93185284028155e-15
4927.34433381938 7.95481420941572e-15
4931.61440030522 8.22375394643254e-15
4935.88446679107 8.03114458345754e-15
4940.15453327692 8.0470916727555e-15
4944.42459976276 8.31187501910014e-15
4948.69466624861 8.25344499233265e-15
4952.96473273445 8.35842456174945e-15
4957.2347992203 8.39423203256168e-15
4961.50486570614 8.36086740476933e-15
4965.77493219199 8.39770571467837e-15
4970.04499867783 8.68742909912196e-15
4974.31506516368 8.8176638028941e-15
4978.58513164952 8.95501104232433e-15
4982.85519813537 8.73520853361068e-15
4987.12526462121 8.72815783135774e-15
4991.39533110706 8.82231401377453e-15
4995.6653975929 8.95590635614958e-15
4999.93546407875 8.89567638436917e-15
5004.2055305646 9.17589012991394e-15
5008.47559705044 9.34123943154746e-15
5012.74566353629 9.41033953235151e-15
5017.01573002213 9.74665904625652e-15
5021.28579650798 9.91264023446868e-15
5025.55586299382 1.00262146472013e-14
5029.82592947967 1.02612383379771e-14
5034.09599596551 1.05529835900658e-14
5038.36606245136 1.06457794375693e-14
5042.6361289372 1.1109418167842e-14
5046.90619542305 1.12490625606252e-14
5051.17626190889 1.13281449447126e-14
5055.44632839474 1.1371545218864e-14
5059.71639488058 1.17951150555668e-14
5063.98646136643 1.19783231998603e-14
5068.25652785227 1.20642504571945e-14
5072.52659433812 1.24856561247171e-14
5076.79666082397 1.27179608397322e-14
5081.06672730981 1.27556156894024e-14
5085.33679379566 1.29561719154885e-14
5089.6068602815 1.30535154828858e-14
5093.87692676735 1.30643532694459e-14
5098.14699325319 1.32243188296667e-14
5102.41705973904 1.32650424797048e-14
5106.68712622488 1.34464701607431e-14
5110.95719271073 1.33409586546354e-14
5115.22725919657 1.3088761370854e-14
5119.49732568242 1.34013986905867e-14
5123.76739216826 1.35344438496779e-14
5128.03745865411 1.3584882967621e-14
5132.30752513995 1.36870309058951e-14
5136.5775916258 1.35866591957114e-14
5140.84765811164 1.34540324708962e-14
5145.11772459749 1.33142805049287e-14
5149.38779108334 1.33151190675465e-14
5153.65785756918 1.35125243310688e-14
5157.92792405503 1.34158998946437e-14
5162.19799054087 1.32590344750099e-14
5166.46805702672 1.35239287826707e-14
5170.73812351256 1.35005447440958e-14
5175.00818999841 1.31506506801781e-14
5179.27825648425 1.32894980149579e-14
5183.5483229701 1.32599729875155e-14
5187.81838945594 1.29029325066218e-14
5192.08845594179 1.2703590925782e-14
5196.35852242763 1.24490668424945e-14
5200.62858891348 1.2278177098353e-14
5204.89865539932 1.21196582704062e-14
5209.16872188517 1.19175316452358e-14
5213.43878837102 1.14394637087067e-14
5217.70885485686 1.11967760638241e-14
5221.97892134271 1.09218893084846e-14
5226.24898782855 1.09989633774541e-14
5230.5190543144 1.0396936404259e-14
5234.78912080024 1.02837558618469e-14
5239.05918728609 1.0174184526823e-14
5243.32925377193 9.92483073264556e-15
5247.59932025778 9.73916449873921e-15
5251.86938674362 9.60790996729858e-15
5256.13945322947 9.56991969258128e-15
5260.40951971531 9.35435573673569e-15
5264.67958620116 9.3141250598729e-15
5268.949652687 9.31193547970425e-15
5273.21971917285 9.34403040510866e-15
5277.48978565869 9.42231064899506e-15
5281.75985214454 9.2811144918525e-15
5286.02991863039 9.22600652830414e-15
5290.29998511623 9.26229934899514e-15
5294.57005160208 9.23621496938445e-15
5298.84011808792 9.2745305047535e-15
5303.11018457377 9.27456946826907e-15
5307.38025105961 9.42133825517161e-15
5311.65031754546 9.75897405827665e-15
5315.9203840313 9.78484667965053e-15
5320.19045051715 9.66689310658063e-15
5324.46051700299 9.82711277668557e-15
5328.73058348884 9.93456398824246e-15
5333.00064997468 9.86236205278556e-15
5337.27071646053 9.91661536009015e-15
5341.54078294637 1.03019933282342e-14
5345.81084943222 1.01579502933559e-14
5350.08091591806 1.02950764571869e-14
5354.35098240391 1.02527798669658e-14
5358.62104888976 1.0145343902002e-14
5362.8911153756 1.02513407579884e-14
5367.16118186145 1.01087300558239e-14
5371.43124834729 1.01511011849444e-14
5375.70131483314 1.01334092077751e-14
5379.97138131898 1.01487760795042e-14
5384.24144780483 1.00270405043248e-14
5388.51151429067 9.61656833808541e-15
5392.78158077652 9.68010173836012e-15
5397.05164726236 9.67593264219373e-15
5401.32171374821 9.47465897920127e-15
5405.59178023405 9.38621010478308e-15
5409.8618467199 9.11446668871085e-15
5414.13191320574 9.03863691114086e-15
5418.40197969159 8.97413874033923e-15
5422.67204617743 8.8186048564985e-15
5426.94211266328 8.7896075305822e-15
5431.21217914912 8.69002949027003e-15
5435.48224563497 8.41169531083522e-15
5439.75231212082 8.40548655933184e-15
5444.02237860666 8.54176907834738e-15
5448.29244509251 8.46566655616837e-15
5452.56251157835 8.68760867010678e-15
5456.8325780642 8.55553844593794e-15
5461.10264455004 8.55043507243074e-15
5465.37271103589 8.98416252823704e-15
5469.64277752173 9.10727199085687e-15
5473.91284400758 9.37426778725974e-15
5478.18291049342 9.36719590918312e-15
5482.45297697927 9.69326801849224e-15
5486.72304346511 9.8152128108096e-15
5490.99310995096 1.01138876394398e-14
5495.26317643681 1.04053262656016e-14
5499.53324292265 1.05166009838824e-14
5503.80330940849 1.08642521045557e-14
5508.07337589434 1.09907039591854e-14
5512.34344238019 1.11548428507373e-14
5516.61350886603 1.13121851499204e-14
5520.88357535188 1.17062189477525e-14
5525.15364183772 1.17928560186965e-14
5529.42370832357 1.18729506071559e-14
5533.69377480941 1.18751088471055e-14
5537.96384129526 1.22142083231434e-14
5542.2339077811 1.24306650517154e-14
5546.50397426695 1.22737962439498e-14
5550.77404075279 1.21464871919775e-14
5555.04410723864 1.22086306111858e-14
5559.31417372448 1.21700406371418e-14
5563.58424021033 1.19613291778395e-14
5567.85430669617 1.21181903623086e-14
5572.12437318202 1.19065456279099e-14
5576.39443966787 1.19575929155092e-14
5580.66450615371 1.19367254118206e-14
5584.93457263956 1.19494021069092e-14
5589.2046391254 1.2246396422172e-14
5593.47470561125 1.20984028256278e-14
5597.74477209709 1.2294861953348e-14
5602.01483858294 1.22532751767367e-14
5606.28490506878 1.20851493011021e-14
5610.55497155463 1.21732881614616e-14
5614.82503804047 1.24256446874371e-14
5619.09510452632 1.22560187164529e-14
5623.36517101216 1.19668094810082e-14
5627.63523749801 1.2210345005871e-14
5631.90530398385 1.2527425860445e-14
5636.1753704697 1.22509560005271e-14
5640.44543695554 1.22475865034629e-14
5644.71550344139 1.239187348383e-14
5648.98556992724 1.23008191360661e-14
5653.25563641308 1.22436969281691e-14
5657.52570289893 1.19784383963411e-14
5661.79576938477 1.18036268896538e-14
5666.06583587062 1.19253506063719e-14
5670.33590235646 1.18863362688214e-14
5674.60596884231 1.19467068480711e-14
5678.87603532815 1.19832995184254e-14
5683.146101814 1.18198407943301e-14
5687.41616829984 1.17593448542043e-14
5691.68623478569 1.16760493282372e-14
5695.95630127153 1.15912681064806e-14
5700.22636775738 1.15135138700545e-14
5704.49643424322 1.1659656699609e-14
5708.76650072907 1.15301402797761e-14
5713.03656721491 1.14377416907249e-14
5717.30663370076 1.14840430527207e-14
5721.57670018661 1.10670504268533e-14
5725.84676667245 1.10486740470626e-14
5730.1168331583 1.10433504449891e-14
5734.38689964414 1.10430743122483e-14
5738.65696612999 1.08982071143123e-14
5742.92703261583 1.06182652663436e-14
5747.19709910168 1.05548072520012e-14
5751.46716558752 1.07815046089055e-14
5755.73723207337 1.08708183039628e-14
5760.00729855921 1.06820527765025e-14
5764.27736504506 1.0718386254775e-14
5768.5474315309 1.08496246925896e-14
5772.81749801675 1.0669743693713e-14
5777.08756450259 1.05121718486012e-14
5781.35763098844 1.06362045771335e-14
5785.62769747429 1.07578944125337e-14
5789.89776396013 1.09472274520688e-14
5794.16783044598 1.0997889339677e-14
5798.43789693182 1.10864364699171e-14
5802.70796341767 1.08621938144939e-14
5806.97802990351 1.10327252636987e-14
5811.24809638936 1.09828223176112e-14
5815.5181628752 1.12934936738734e-14
5819.78822936105 1.15210643217463e-14
5824.05829584689 1.1329213900292e-14
5828.32836233274 1.13774092279579e-14
5832.59842881858 1.16041235255211e-14
5836.86849530443 1.15850534257466e-14
5841.13856179027 1.15326898489474e-14
5845.40862827612 1.15788387450126e-14
5849.67869476196 1.16393922833789e-14
5853.94876124781 1.17084119160529e-14
5858.21882773366 1.16994579307675e-14
5862.4888942195 1.17116009950994e-14
5866.75896070535 1.18092096838092e-14
5871.02902719119 1.17752699206456e-14
5875.29909367704 1.16246759329533e-14
5879.56916016288 1.16180080895925e-14
5883.83922664873 1.14817882510151e-14
5888.10929313457 1.14020079117791e-14
5892.37935962042 1.17101102171122e-14
5896.64942610626 1.17519019756968e-14
5900.91949259211 1.14638497872581e-14
5905.18955907795 1.11274006773122e-14
5909.4596255638 1.05710643553579e-14
5913.72969204964 1.03936389049953e-14
5917.99975853549 1.04563422129817e-14
5922.26982502133 1.04562710622142e-14
5926.53989150718 1.0880515137143e-14
5930.80995799303 1.09542120857518e-14
5935.08002447887 1.09208364465312e-14
5939.35009096472 1.09424815264653e-14
5943.62015745056 1.05871130886095e-14
5947.89022393641 1.04515056548529e-14
5952.16029042225 9.93540255086025e-15
5956.4303569081 9.55601818785094e-15
5960.70042339394 9.34321301831456e-15
5964.97048987979 9.11259728699626e-15
5969.24055636563 8.52658601276785e-15
5973.51062285148 8.31055534176832e-15
5977.78068933732 8.15088200791436e-15
5982.05075582317 7.67766757017296e-15
5986.32082230901 7.25981012366641e-15
5990.59088879486 7.08815423822412e-15
5994.8609552807 7.10749072986051e-15
5999.13102176655 6.88569981130318e-15
6003.4010882524 6.47968176781689e-15
6007.67115473824 6.49853672122277e-15
6011.94122122409 6.36763455548819e-15
6016.21128770993 6.07073214330014e-15
6020.48135419578 5.83724793490597e-15
6024.75142068162 5.52197041347666e-15
6029.02148716747 5.4346980678222e-15
6033.29155365331 5.27297194962057e-15
6037.56162013916 4.95923602815526e-15
6041.831686625 4.95814123807094e-15
6046.10175311085 4.89963709592056e-15
6050.37181959669 4.62019372684131e-15
6054.64188608254 4.5109281707114e-15
6058.91195256838 4.24589537316379e-15
6063.18201905423 4.37281987217806e-15
6067.45208554008 4.32926501451377e-15
6071.72215202592 4.19234849133722e-15
6075.99221851176 3.93636624083102e-15
6080.26228499761 3.88224549418268e-15
6084.53235148346 3.7625059521435e-15
6088.8024179693 3.76215866863512e-15
6093.07248445515 3.7803842765612e-15
6097.34255094099 3.86047166524056e-15
6101.61261742684 4.01310869640168e-15
6105.88268391268 3.95591025553949e-15
6110.15275039853 3.94351519890585e-15
6114.42281688437 4.08571170195911e-15
6118.69288337022 4.10860361439161e-15
6122.96294985606 4.14936538091232e-15
6127.23301634191 4.45186329274994e-15
6131.50308282775 4.59482127842278e-15
6135.7731493136 4.55474560858934e-15
6140.04321579945 4.74106659896392e-15
6144.31328228529 5.07991958841416e-15
6148.58334877114 5.15327348867933e-15
6152.85341525698 5.19056877286341e-15
6157.12348174283 5.26699570866122e-15
6161.39354822867 5.45899436088125e-15
6165.66361471452 5.71154824553343e-15
6169.93368120036 5.82791998457433e-15
6174.20374768621 6.01515407646605e-15
6178.47381417205 6.53614371353144e-15
6182.7438806579 6.90935278283879e-15
6187.01394714374 6.91686045936678e-15
6191.28401362959 7.10762964326386e-15
6195.55408011543 7.40134932915261e-15
6199.82414660128 7.59557652505686e-15
6204.09421308712 7.90661210548632e-15
6208.36427957297 8.05996826761966e-15
6212.63434605882 8.51407025393922e-15
6216.90441254466 8.47432238585636e-15
6221.17447903051 8.57645931270218e-15
6225.44454551635 8.90683180828451e-15
6229.7146120022 8.9198363051237e-15
6233.98467848804 9.1949543004578e-15
6238.25474497389 9.52087224977052e-15
6242.52481145973 9.66126711374497e-15
6246.79487794558 9.41795774667912e-15
6251.06494443142 9.58033311563482e-15
6255.33501091727 9.89504820718716e-15
6259.60507740311 1.00191393809929e-14
6263.87514388896 9.93960383427863e-15
6268.1452103748 9.79991370171629e-15
6272.41527686065 1.02017478259596e-14
6276.68534334649 1.03068205690006e-14
6280.95540983234 1.02473317510491e-14
6285.22547631818 1.033960667329e-14
6289.49554280403 1.01921077439869e-14
6293.76560928988 1.05211868202588e-14
6298.03567577572 1.07229153399439e-14
6302.30574226157 1.08202368844846e-14
6306.57580874741 1.0593608137249e-14
6310.84587523326 1.07404582393145e-14
6315.1159417191 1.08189510884707e-14
6319.38600820495 1.09183698865888e-14
6323.65607469079 1.09811833088583e-14
6327.92614117664 1.05949134150208e-14
6332.19620766248 1.05621095230395e-14
6336.46627414833 1.11370187364282e-14
6340.73634063417 1.12608651177122e-14
6345.00640712002 1.10258041574867e-14
6349.27647360587 1.1004521607654e-14
6353.54654009171 1.10507585951458e-14
6357.81660657755 1.12563749960588e-14
6362.0866730634 1.09472494749254e-14
6366.35673954925 1.09639758345348e-14
6370.62680603509 1.08915062366666e-14
6374.89687252094 1.08672226491018e-14
6379.16693900678 1.09077735044186e-14
6383.43700549263 1.09596500372732e-14
6387.70707197847 1.09339629161148e-14
6391.97713846432 1.09090897936186e-14
6396.24720495016 1.05779608976144e-14
6400.51727143601 1.06711124989558e-14
6404.78733792185 1.07156096807739e-14
6409.0574044077 1.06418991796379e-14
6413.32747089354 1.07061762748403e-14
6417.59753737939 1.05358193144226e-14
6421.86760386523 1.02595391898849e-14
6426.13767035108 9.94639534444971e-15
6430.40773683693 1.0055236537073e-14
6434.67780332277 1.02014996453061e-14
6438.94786980862 1.00094196779231e-14
6443.21793629446 9.84951679814045e-15
6447.48800278031 9.91059803803285e-15
6451.75806926615 9.65914699027799e-15
6456.028135752 9.57252177779524e-15
6460.29820223784 9.53438835450985e-15
6464.56826872369 9.34550593650278e-15
6468.83833520953 9.31355585373234e-15
6473.10840169538 9.23034841919176e-15
6477.37846818122 9.03019283968968e-15
6481.64853466707 8.95637561240236e-15
6485.91860115291 8.9428196971145e-15
6490.18866763876 9.01984294410718e-15
6494.4587341246 9.07039979962995e-15
6498.72880061045 8.9267946807854e-15
6502.9988670963 8.81755199454506e-15
6507.26893358214 8.6128385307538e-15
6511.53900006799 8.80797120487867e-15
6515.80906655383 8.63643348053252e-15
6520.07913303968 8.49542451767131e-15
6524.34919952552 8.64743135631967e-15
6528.61926601137 8.54984384343355e-15
6532.88933249721 8.44644822562812e-15
6537.15939898306 8.40807085685392e-15
6541.4294654689 8.54588650550398e-15
6545.69953195475 8.47705999634189e-15
6549.96959844059 8.25673486829978e-15
6554.23966492644 8.15213138151156e-15
6558.50973141228 8.13069636574834e-15
6562.77979789813 8.17304547201221e-15
6567.04986438397 8.20782972702416e-15
6571.31993086982 8.16921095385999e-15
6575.58999735567 8.07965754847859e-15
6579.86006384151 7.95211979761051e-15
6584.13013032736 7.90940816124521e-15
6588.4001968132 7.92917536913528e-15
6592.67026329905 7.86835840352242e-15
6596.94032978489 7.76400817958543e-15
6601.21039627074 7.78955723437346e-15
6605.48046275658 7.74443748333912e-15
6609.75052924243 7.68444637484983e-15
6614.02059572827 7.68700102621875e-15
6618.29066221412 7.50230040987227e-15
6622.56072869996 7.52543626779357e-15
6626.83079518581 7.58020711222893e-15
6631.10086167165 7.40065306806996e-15
6635.3709281575 7.3746821908742e-15
6639.64099464335 7.36570110053446e-15
6643.91106112919 7.30823838539273e-15
6648.18112761504 7.41275632185328e-15
6652.45119410088 7.21028071910866e-15
6656.72126058673 7.07948231491013e-15
6660.99132707257 7.22760508397886e-15
6665.26139355842 7.32542891905726e-15
6669.53146004426 7.10728659492023e-15
6673.80152653011 6.95665830239352e-15
6678.07159301595 6.85840629216028e-15
6682.3416595018 6.98379850857297e-15
6686.61172598764 6.92885021073516e-15
6690.88179247349 6.78633649384315e-15
6695.15185895933 6.72067407625552e-15
6699.42192544518 6.77642493781085e-15
6703.69199193102 6.70633423197498e-15
6707.96205841687 6.59103398961236e-15
6712.23212490272 6.68233651802985e-15
6716.50219138856 6.69774743547219e-15
6720.77225787441 6.68746106736074e-15
6725.04232436025 6.59019585051105e-15
6729.3123908461 6.57142687094932e-15
6733.58245733194 6.30357345368735e-15
6737.85252381779 6.45377695919101e-15
6742.12259030363 6.41826764397621e-15
6746.39265678948 6.28933313577811e-15
6750.66272327532 6.28705631121589e-15
6754.93278976117 6.27484590776475e-15
6759.20285624701 6.08343975509133e-15
6763.47292273286 6.1548954545217e-15
6767.7429892187 6.30741898326789e-15
6772.01305570455 6.17701741400514e-15
6776.28312219039 6.07361417290318e-15
6780.55318867624 6.17042072141192e-15
6784.82325516209 6.21931485125923e-15
6789.09332164793 6.08264100302206e-15
6793.36338813378 5.90717346931713e-15
6797.63345461962 5.88578122871775e-15
6801.90352110547 5.89725683108715e-15
6806.17358759131 5.95214371903628e-15
6810.44365407716 6.03917423678429e-15
6814.713720563 6.00867427441956e-15
6818.98378704885 6.04300367273883e-15
6823.25385353469 6.06494606123745e-15
6827.52392002054 5.86776483792965e-15
6831.79398650638 5.87456947711141e-15
6836.06405299223 5.87201651980839e-15
6840.33411947807 5.6610727051736e-15
6844.60418596392 5.70167946466497e-15
6848.87425244976 5.74314299798249e-15
6853.14431893561 5.5635427905279e-15
6857.41438542146 5.44191563556576e-15
6861.6844519073 5.17235925856334e-15
6865.95451839315 5.11670707634636e-15
6870.22458487899 5.27571930098499e-15
6874.49465136484 5.3576930320379e-15
6878.76471785068 5.34778232303855e-15
6883.03478433653 5.14601229873899e-15
6887.30485082237 5.34787973182748e-15
6891.57491730822 5.49694143691824e-15
6895.84498379406 5.37437873406586e-15
6900.11505027991 5.40707717044519e-15
6904.38511676575 5.66128107527862e-15
6908.6551832516 5.53810935573717e-15
6912.92524973744 5.23577365070895e-15
6917.19531622329 5.39363009889105e-15
6921.46538270914 5.42553317133291e-15
6925.73544919498 5.11749100533905e-15
6930.00551568082 5.1665642826547e-15
6934.27558216667 5.28962249978122e-15
6938.54564865252 5.28153926436558e-15
6942.81571513836 5.08948979016871e-15
6947.08578162421 5.22605140654037e-15
6951.35584811005 5.25069201849247e-15
6955.6259145959 5.1937663222393e-15
6959.89598108174 5.21175391390719e-15
6964.16604756759 5.24947525566374e-15
6968.43611405343 5.10526366122896e-15
6972.70618053928 5.00976535510725e-15
6976.97624702512 5.117804831046e-15
6981.24631351097 5.13025325075533e-15
6985.51637999681 5.02751874216522e-15
6989.78644648266 5.09282498239853e-15
6994.05651296851 5.12936767780897e-15
6998.32657945435 5.04198182973959e-15
7002.5966459402 5.20730741445058e-15
7006.86671242604 5.26646673658566e-15
7011.13677891189 5.04374281123693e-15
7015.40684539773 5.06911398910604e-15
7019.67691188358 5.14592590137837e-15
7023.94697836942 5.06653519729812e-15
7028.21704485527 5.16672733649704e-15
7032.48711134111 5.25394758962524e-15
7036.75717782696 5.03350599455289e-15
7041.0272443128 5.11782981851795e-15
7045.29731079865 5.01383873655059e-15
7049.56737728449 4.83972179688005e-15
7053.83744377034 5.02120368802697e-15
7058.10751025618 5.09694664471987e-15
7062.37757674203 5.07875025943048e-15
7066.64764322788 5.11588841900284e-15
7070.91770971372 4.89482044306599e-15
7075.18777619957 4.81898134813358e-15
7079.45784268541 4.97111058304282e-15
7083.72790917126 4.89890271835529e-15
7087.9979756571 4.88387720090394e-15
7092.26804214295 4.98524840996544e-15
7096.53810862879 5.04152993766223e-15
7100.80817511464 5.01294554030771e-15
7105.07824160048 4.98760316155881e-15
7109.34830808633 4.8512672794676e-15
7113.61837457217 4.97708978861749e-15
7117.88844105802 5.08813665503548e-15
7122.15850754386 4.96206045951788e-15
7126.42857402971 4.89640143006204e-15
7130.69864051555 4.92647787595315e-15
7134.9687070014 4.96813072113438e-15
7139.23877348724 4.93093284573923e-15
7143.50883997309 4.78279186546214e-15
7147.77890645894 4.80683150753817e-15
7152.04897294478 4.88783665641588e-15
7156.31903943063 4.80580490360609e-15
7160.58910591647 4.67523350423742e-15
7164.85917240232 4.71166142668351e-15
7169.12923888816 4.65435371857113e-15
7173.39930537401 4.51402619371598e-15
7177.66937185985 4.28162279936251e-15
7181.9394383457 4.24043836340111e-15
7186.20950483154 4.40190613655383e-15
7190.47957131739 4.24631041930795e-15
7194.74963780323 4.05648228901526e-15
7199.01970428908 4.29615237902323e-15
7203.28977077493 4.60486751269369e-15
7207.55983726077 4.67215496299063e-15
7211.82990374661 4.57099042996826e-15
7216.09997023246 4.39479995364284e-15
7220.37003671831 4.4045353268221e-15
7224.64010320415 4.37834633864242e-15
7228.91016969 4.3878936705074e-15
7233.18023617584 4.36312896822852e-15
7237.45030266169 4.16617898491532e-15
7241.72036914753 4.24147640227797e-15
7245.99043563338 4.46755923677903e-15
7250.26050211922 4.41139798776076e-15
7254.53056860507 4.29620277748359e-15
7258.80063509091 4.33782978815993e-15
7263.07070157676 4.2811298261872e-15
7267.3407680626 4.16821440508757e-15
7271.61083454845 4.19761153055498e-15
7275.88090103429 4.17138908457388e-15
7280.15096752014 4.14496504475134e-15
7284.42103400599 4.31486418386103e-15
7288.69110049183 4.18364183967239e-15
7292.96116697768 3.88371763744501e-15
7297.23123346352 4.01709652751736e-15
7301.50129994937 4.00136543162095e-15
7305.77136643521 4.00190753270719e-15
7310.04143292106 4.04105316036455e-15
7314.3114994069 4.02183737092314e-15
7318.58156589275 3.94968668095954e-15
7322.85163237859 3.97485457092131e-15
7327.12169886444 4.02699622508839e-15
7331.39176535028 4.17582245501981e-15
7335.66183183613 4.23781086719872e-15
7339.93189832197 4.1414134356035e-15
7344.20196480782 4.11755378802877e-15
7348.47203129366 4.14752266073557e-15
7352.74209777951 4.09838882056419e-15
7357.01216426536 3.9567788878269e-15
7361.2822307512 3.90087259572575e-15
7365.55229723705 3.85197041906545e-15
7369.82236372289 3.87274559616275e-15
7374.09243020874 3.91883435288875e-15
7378.36249669458 4.0793670016677e-15
7382.63256318043 3.88848135074037e-15
7386.90262966627 3.78128255500176e-15
7391.17269615212 3.8470330640159e-15
7395.44276263796 3.91508453803126e-15
7399.71282912381 3.88517834576255e-15
7403.98289560965 3.80634498936159e-15
7408.2529620955 3.7289270250155e-15
7412.52302858134 3.82772537149971e-15
7416.79309506719 3.92228474159939e-15
7421.06316155303 3.77077892293933e-15
7425.33322803888 3.69964043734771e-15
7429.60329452473 3.61349506902958e-15
7433.87336101057 3.69591518644568e-15
7438.14342749642 3.79294111648777e-15
7442.41349398226 3.62822116033406e-15
7446.68356046811 3.63309075274783e-15
7450.95362695395 3.67551609197696e-15
7455.2236934398 3.68855616419994e-15
7459.49375992564 3.7516067556947e-15
7463.76382641149 3.51345010180524e-15
7468.03389289733 3.58033754079283e-15
7472.30395938318 3.87987380193037e-15
7476.57402586902 3.8225834579934e-15
7480.84409235487 3.7513001297678e-15
7485.11415884071 3.77366645825652e-15
7489.38422532656 3.69972429360948e-15
7493.65429181241 3.67546272890128e-15
7497.92435829825 3.61545298568715e-15
7502.1944247841 3.75421561717225e-15
7506.46449126994 3.72621313145249e-15
7510.73455775579 3.73800806524301e-15
7515.00462424163 3.9398433110795e-15
7519.27469072748 3.95007038688465e-15
7523.54475721332 3.8962147615488e-15
7527.81482369917 3.98518625529544e-15
7532.08489018501 4.0646154993748e-15
7536.35495667086 3.90868266301591e-15
7540.6250231567 3.84181449402787e-15
7544.89508964255 4.05508341410287e-15
7549.16515612839 4.08669934237561e-15
7553.43522261424 3.91132794691018e-15
7557.70528910008 3.93353122155656e-15
7561.97535558593 4.0685258269758e-15
7566.24542207178 4.0823460165432e-15
7570.51548855762 3.96224309736964e-15
7574.78555504347 3.84814394772622e-15
7579.05562152931 3.65803079084679e-15
7583.32568801516 3.57304924579818e-15
7587.595754501 3.15728524122078e-15
7591.86582098685 2.9431318069906e-15
7596.13588747269 2.68577842190104e-15
7600.40595395854 2.84023255049226e-15
7604.67602044438 3.18895029740446e-15
7608.94608693023 3.19363693070162e-15
7613.21615341607 3.04940288989373e-15
7617.48621990192 2.93517350893468e-15
7621.75628638776 3.08489081752661e-15
7626.02635287361 3.19121653405484e-15
7630.29641935945 3.20992897416734e-15
7634.5664858453 3.32452194401901e-15
7638.83655233114 3.14234950926184e-15
7643.10661881699 3.46577209951195e-15
7647.37668530284 3.59741541907537e-15
7651.64675178868 3.67500490759329e-15
7655.91681827453 3.58608169472464e-15
7660.18688476037 3.56943453269577e-15
7664.45695124622 3.9397886774544e-15
7668.72701773206 3.922877241146e-15
7672.99708421791 4.04438962314378e-15
7677.26715070375 4.24668353732121e-15
7681.5372171896 4.14538983177439e-15
7685.80728367544 3.97150455561492e-15
7690.07735016129 4.02613436906456e-15
7694.34741664713 4.11457858480154e-15
7698.61748313298 3.88971759532689e-15
7702.88754961882 3.65432163357076e-15
7707.15761610467 3.90936410102198e-15
7711.42768259052 4.11755124692993e-15
7715.69774907636 3.94983067656058e-15
7719.96781556221 3.96049524488298e-15
7724.23788204805 3.96507303444642e-15
