3362.4255268009 7.18119628114769e-17
3366.69542415528 -1.86406710108843e-15
3370.96532150965 -2.18884452053768e-15
3375.23521886403 6.38370933500295e-16
3379.50511621841 6.00457156446041e-17
3383.77501357278 2.49486196015025e-16
3388.04491092716 7.21486147328742e-16
3392.31480828154 2.0677170091353e-16
3396.58470563592 1.15863625151666e-15
3400.85460299029 9.01890506687633e-16
3405.12450034467 1.16608272991421e-15
3409.39439769905 2.97199233708593e-15
3413.66429505342 2.0264606812525e-15
3417.9341924078 -4.42759738699788e-16
3422.20408976218 1.92751558631017e-15
3426.47398711655 -7.05606767727006e-17
3430.74388447093 2.25980343514448e-15
3435.01378182531 1.53182827428595e-15
3439.28367917968 1.17797824886721e-15
3443.55357653406 8.33332612848936e-16
3447.82347388844 3.16784202460064e-15
3452.09337124282 1.19276236192859e-15
3456.36326859719 1.04974550746591e-15
3460.63316595157 1.38387406477372e-15
3464.90306330595 3.17322428370573e-15
3469.17296066032 1.22087062088763e-15
3473.4428580147 1.5922390876006e-15
3477.71275536908 2.55355276718638e-15
3481.98265272345 2.9516864162414e-15
3486.25255007783 2.52767972229602e-15
3490.52244743221 1.66387478153226e-15
3494.79234478658 1.77027101355335e-15
3499.06224214096 1.84515327889272e-15
3503.33213949534 2.17063373568818e-15
3507.60203684971 1.73594945028884e-15
3511.87193420409 1.69945492987727e-15
3516.14183155847 8.7237146141538e-16
3520.41172891285 9.20378377189997e-16
3524.68162626722 2.27110010180378e-15
3528.9515236216 1.3512815075128e-15
3533.22142097598 1.21131439517671e-15
3537.49131833035 1.58853014208281e-15
3541.76121568473 1.71920286776779e-15
3546.03111303911 1.22226473123969e-15
3550.30101039348 1.52921528352278e-15
3554.57090774786 9.41931024653765e-16
3558.84080510224 9.47134136290511e-16
3563.11070245661 1.40845369035362e-15
3567.38059981099 1.0336692456435e-15
3571.65049716537 7.23377836597756e-16
3575.92039451975 1.20153550567978e-15
3580.19029187412 1.92738154334627e-15
3584.4601892285 1.20804813025298e-15
3588.73008658288 6.49910433917655e-16
3592.99998393725 8.2349744860057e-16
3597.26988129163 6.80218384501157e-16
3601.53977864601 8.69992463503898e-16
3605.80967600038 7.70510984947722e-16
3610.07957335476 7.27072435495002e-16
3614.34947070914 8.82021919541685e-16
3618.61936806351 7.47680641222581e-16
3622.88926541789 6.57777993569108e-16
3627.15916277227 3.80490879205996e-16
3631.42906012664 1.09953600992965e-15
3635.69895748102 8.77117863474879e-16
3639.9688548354 7.69651722962292e-16
3644.23875218978 7.42183556213578e-16
3648.50864954415 7.34749412733323e-16
3652.77854689853 5.11575077614891e-16
3657.04844425291 4.59956625111418e-16
3661.31834160728 4.79895621871107e-16
3665.58823896166 6.89074113964701e-16
3669.85813631604 7.55044375089095e-16
3674.12803367041 8.30053854189233e-16
3678.39793102479 5.40245184115759e-16
3682.66782837917 5.59854102723814e-16
3686.93772573354 9.19511438968483e-16
3691.20762308792 1.06769985309062e-15
3695.4775204423 1.11591836828338e-15
3699.74741779668 1.16018928642545e-15
3704.01731515105 1.05101944501858e-15
3708.28721250543 1.145542816218e-15
3712.55710985981 1.31037119258895e-15
3716.82700721418 1.37952740932577e-15
3721.09690456856 1.41498389086048e-15
3725.36680192294 1.53026211036647e-15
3729.63669927731 1.50625836131159e-15
3733.90659663169 1.66655966421682e-15
3738.17649398607 1.76950720159316e-15
3742.44639134044 1.91373160740127e-15
3746.71628869482 2.13367430006769e-15
3750.9861860492 2.24801972454052e-15
3755.25608340357 2.205998208269e-15
3759.52598075795 2.42749097122889e-15
3763.79587811233 2.54067236067396e-15
3768.06577546671 2.70943414629372e-15
3772.33567282108 3.02639302812333e-15
3776.60557017546 3.12816297794475e-15
3780.87546752984 3.17199227428395e-15
3785.14536488421 3.10537165067474e-15
3789.41526223859 3.26519025067916e-15
3793.68515959297 3.56574739827638e-15
3797.95505694734 3.53984746008994e-15
3802.22495430172 3.82294979974309e-15
3806.4948516561 3.91216396842912e-15
3810.76474901047 3.99569835768734e-15
3815.03464636485 4.15649485722936e-15
3819.30454371923 4.24084070405105e-15
3823.57444107361 4.35376756009547e-15
3827.84433842798 4.35805185274268e-15
3832.11423578236 4.36445542182392e-15
3836.38413313674 4.42091652050553e-15
3840.65403049111 4.45340658677983e-15
3844.92392784549 4.6247177298126e-15
3849.19382519987 4.62766328688667e-15
3853.46372255424 4.66459053525517e-15
3857.73361990862 4.73414041055422e-15
3862.003517263 4.58496901469679e-15
3866.27341461737 4.53986281618961e-15
3870.54331197175 4.65940669361798e-15
3874.81320932613 4.62875722993805e-15
3879.0831066805 4.60436056347476e-15
3883.35300403488 4.42358679187175e-15
3887.62290138926 4.37190465307855e-15
3891.89279874364 4.19333909636903e-15
3896.16269609801 4.30758435919585e-15
3900.43259345239 4.3268348769881e-15
3904.70249080677 4.12875368117384e-15
3908.97238816114 4.29485811267983e-15
3913.24228551552 4.22020232277473e-15
3917.5121828699 4.15465510166793e-15
3921.78208022427 4.22161898537901e-15
3926.05197757865 4.1930104475855e-15
3930.32187493303 4.18889090284653e-15
3934.5917722874 4.24313362223927e-15
3938.86166964178 4.20925526896441e-15
3943.13156699616 4.10350193495029e-15
3947.40146435054 3.91285980599529e-15
3951.67136170491 4.10254690530226e-15
3955.94125905929 4.19699954925059e-15
3960.21115641367 4.20266916428304e-15
3964.48105376804 4.15617044361057e-15
3968.75095112242 4.01831540792845e-15
3973.0208484768 4.1217317780411e-15
3977.29074583117 4.1378741084334e-15
3981.56064318555 3.98020654859854e-15
3985.83054053993 4.01698006048711e-15
3990.1004378943 4.18591019390514e-15
3994.37033524868 4.21420532950817e-15
3998.64023260306 4.28004138884998e-15
4002.91012995743 4.36941861137836e-15
4007.18002731181 4.4955646871141e-15
4011.44992466619 4.54293923985404e-15
4015.71982202057 4.64275275532553e-15
4019.98971937494 4.60934069368814e-15
4024.25961672932 4.7699792215855e-15
4028.5295140837 4.7691393884183e-15
4032.79941143807 4.79214226216688e-15
4037.06930879245 4.88947058297114e-15
4041.33920614683 4.88117262470336e-15
4045.6091035012 4.98447633943402e-15
4049.87900085558 5.02442410729243e-15
4054.14889820996 4.98612805368117e-15
4058.41879556433 5.06536036260028e-15
4062.68869291871 5.01943931839784e-15
4066.95859027309 5.04366319013989e-15
4071.22848762747 4.98841038395754e-15
4075.49838498184 4.97535294755914e-15
4079.76828233622 4.85093397200285e-15
4084.0381796906 4.76256980087939e-15
4088.30807704497 4.73920227944701e-15
4092.57797439935 4.73740784014826e-15
4096.84787175373 4.64180958413877e-15
4101.1177691081 4.5787572985781e-15
4105.38766646248 4.55114783614588e-15
4109.65756381686 4.56825959574631e-15
4113.92746117123 4.54932629179281e-15
4118.19735852561 4.53807345908853e-15
4122.46725587999 4.57114120183287e-15
4126.73715323436 4.56419087298417e-15
4131.00705058874 4.49176447379625e-15
4135.27694794312 4.60861436293587e-15
4139.5468452975 4.54529822661214e-15
4143.81674265187 4.48519912142208e-15
4148.08664000625 4.50784031210219e-15
4152.35653736063 4.46093670968093e-15
4156.626434715 4.37026733839151e-15
4160.89633206938 4.29665636362685e-15
4165.16622942376 4.256073321058e-15
4169.43612677813 4.20912948457175e-15
4173.70602413251 4.15208647425538e-15
4177.97592148689 4.041969226497e-15
4182.24581884126 3.93277609168408e-15
4186.51571619564 3.82271644216612e-15
4190.78561355002 3.74414524246234e-15
4195.0555109044 3.65024909916036e-15
4199.32540825877 3.54817146462085e-15
4203.59530561315 3.48972005027144e-15
4207.86520296753 3.40685693462392e-15
4212.1351003219 3.28319393597305e-15
4216.40499767628 3.1969052073286e-15
4220.67489503066 3.09958006289789e-15
4224.94479238503 3.03198090447637e-15
4229.21468973941 2.95137216701797e-15
4233.48458709379 2.92848364271726e-15
4237.75448444816 2.80476304582598e-15
4242.02438180254 2.67219201342708e-15
4246.29427915692 2.63767796192531e-15
4250.5641765113 2.61451415191675e-15
4254.83407386567 2.53791463315594e-15
4259.10397122005 2.49054749195429e-15
4263.37386857443 2.54686819492489e-15
4267.6437659288 2.49391021275489e-15
4271.91366328318 2.48795303003685e-15
4276.18356063756 2.43010830303591e-15
4280.45345799193 2.43391635140853e-15
4284.72335534631 2.3999507537401e-15
4288.99325270069 2.41770265849042e-15
4293.26315005506 2.448172974702e-15
4297.53304740944 2.48113505008616e-15
4301.80294476382 2.54675596305938e-15
4306.07284211819 2.58955738491708e-15
4310.34273947257 2.62243433349005e-15
4314.61263682695 2.6434295273954e-15
4318.88253418133 2.77298533426032e-15
4323.1524315357 2.80191659160673e-15
4327.42232889008 2.79453131133962e-15
4331.69222624446 2.92165571012944e-15
4335.96212359883 2.92561622443257e-15
4340.23202095321 3.02533148408219e-15
4344.50191830759 3.06338803912761e-15
4348.77181566196 3.11934642375502e-15
4353.04171301634 3.15102524422409e-15
4357.31161037072 3.18803486654671e-15
4361.58150772509 3.23778386439604e-15
4365.85140507947 3.30929102107796e-15
4370.12130243385 3.39013671600335e-15
4374.39119978823 3.45550838953183e-15
4378.6610971426 3.593157807966e-15
4382.93099449698 3.60896979550887e-15
4387.20089185136 3.66639651175034e-15
4391.47078920573 3.79202589738826e-15
4395.74068656011 3.87182741244793e-15
4400.01058391449 3.94362277209015e-15
4404.28048126886 4.03908592634455e-15
4408.55037862324 4.16136021447839e-15
4412.82027597762 4.30367276104543e-15
4417.09017333199 4.42080471215649e-15
4421.36007068637 4.46270531447479e-15
4425.62996804075 4.52230678780834e-15
4429.89986539512 4.60646544034869e-15
4434.1697627495 4.68440814160561e-15
4438.43966010388 4.70930498102425e-15
4442.70955745826 4.76459505665628e-15
4446.97945481263 4.84757421581757e-15
4451.24935216701 4.91942336205194e-15
4455.51924952139 4.97662857917771e-15
4459.78914687576 5.08158485518846e-15
4464.05904423014 5.09609325902551e-15
4468.32894158452 5.15172850058354e-15
4472.59883893889 5.14021224063267e-15
4476.86873629327 5.08134387431497e-15
4481.13863364765 5.12570976602626e-15
4485.40853100202 5.13291505179207e-15
4489.6784283564 5.11290178083082e-15
4493.94832571078 5.10492950673127e-15
4498.21822306516 5.05760831706701e-15
4502.48812041953 5.05170703852349e-15
4506.75801777391 5.03091703834961e-15
4511.02791512829 5.0423782411589e-15
4515.29781248266 4.98458221855243e-15
4519.56770983704 4.95766605258753e-15
4523.83760719142 4.88552595053577e-15
4528.10750454579 4.87963102473936e-15
4532.37740190017 4.88704849225846e-15
4536.64729925455 4.82155632829323e-15
4540.91719660892 4.73503953602773e-15
4545.1870939633 4.68006074500382e-15
4549.45699131768 4.65732002795241e-15
4553.72688867205 4.560773095042e-15
4557.99678602643 4.4702079088051e-15
4562.26668338081 4.44686283374582e-15
4566.53658073519 4.35946766831402e-15
4570.80647808956 4.25283130245238e-15
4575.07637544394 4.12799135152131e-15
4579.34627279832 3.95817268054161e-15
4583.61617015269 3.86329821418555e-15
4587.88606750707 3.81400640236951e-15
4592.15596486145 3.70374007681242e-15
4596.42586221582 3.63116502334225e-15
4600.6957595702 3.50408657608982e-15
4604.96565692458 3.43172921008709e-15
4609.23555427895 3.37428301208783e-15
4613.50545163333 3.14655693366909e-15
4617.77534898771 2.82485360854367e-15
4622.04524634209 2.92592602673303e-15
4626.31514369646 3.00708660615657e-15
4630.58504105084 2.97574681062463e-15
4634.85493840522 2.93090234529815e-15
4639.12483575959 2.86203983723579e-15
4643.39473311397 2.82265026408963e-15
4647.66463046835 2.8130330520065e-15
4651.93452782272 2.78788697314312e-15
4656.2044251771 2.73865360660044e-15
4660.47432253148 2.72702956170703e-15
4664.74421988585 2.68799320129987e-15
4669.01411724023 2.64501644362208e-15
4673.28401459461 2.61231610141862e-15
4677.55391194898 2.60848221854111e-15
4681.82380930336 2.51496533424126e-15
4686.09370665774 2.45111450836958e-15
4690.36360401212 2.43143263904894e-15
4694.63350136649 2.39065477890222e-15
4698.90339872087 2.35608439970946e-15
4703.17329607525 2.33663906433934e-15
4707.44319342962 2.29654137164927e-15
4711.713090784 2.24858511903281e-15
4715.98298813838 2.22973143617635e-15
4720.25288549275 2.18247970321377e-15
4724.52278284713 2.13351759897245e-15
4728.79268020151 2.14151486054395e-15
4733.06257755588 2.1010025452262e-15
4737.33247491026 2.09883202329886e-15
4741.60237226464 2.10744910122951e-15
4745.87226961902 2.02284596815009e-15
4750.14216697339 2.01785652057429e-15
4754.41206432777 2.02343380901549e-15
4758.68196168215 2.04739298296152e-15
4762.95185903652 2.06624814812564e-15
4767.2217563909 2.06404035674862e-15
4771.49165374528 2.10571840116003e-15
4775.76155109965 2.12673625319673e-15
4780.03144845403 2.16289820729738e-15
4784.30134580841 2.16167064479857e-15
4788.57124316278 2.20323857492684e-15
4792.84114051716 2.17854714099791e-15
4797.11103787154 2.20273035515849e-15
4801.38093522591 2.23370889113842e-15
4805.65083258029 2.19320271680954e-15
4809.92072993467 2.14705996173315e-15
4814.19062728905 2.12009572664849e-15
4818.46052464342 2.16993641581436e-15
4822.7304219978 2.14608926197559e-15
4827.00031935218 2.13894665664787e-15
4831.27021670655 2.10233704563459e-15
4835.54011406093 2.08816194926229e-15
4839.81001141531 2.06588286516714e-15
4844.07990876968 2.0095234104392e-15
4848.34980612406 2.04007123016546e-15
4852.61970347844 2.03893557074143e-15
4856.88960083281 1.9987938323381e-15
4861.15949818719 2.02188797388675e-15
4865.42939554157 1.99832902300829e-15
4869.69929289595 2.03534372752859e-15
4873.96919025032 2.05331776666933e-15
4878.2390876047 2.0619217155893e-15
4882.50898495908 2.06223236492271e-15
4886.77888231345 2.11730009440608e-15
4891.04877966783 2.13289651206387e-15
4895.31867702221 2.15452465133906e-15
4899.58857437658 2.2064100780396e-15
4903.85847173096 2.25800073727449e-15
4908.12836908534 2.25685279587272e-15
4912.39826643971 2.32024114175521e-15
4916.66816379409 2.38596645153917e-15
4920.93806114847 2.4130001433255e-15
4925.20795850285 2.4366531148611e-15
4929.47785585722 2.4803708146095e-15
4933.7477532116 2.53286674030677e-15
4938.01765056598 2.54316644918715e-15
4942.28754792035 2.59725013814405e-15
4946.55744527473 2.61884587840901e-15
4950.82734262911 2.62682704635451e-15
4955.09723998348 2.63963439627523e-15
4959.36713733786 2.65016725097434e-15
4963.63703469224 2.65509931206796e-15
4967.90693204661 2.66374074219585e-15
4972.17682940099 2.72038437647759e-15
4976.44672675537 2.77424063708815e-15
4980.71662410974 2.79497219198867e-15
4984.98652146412 2.85642485582844e-15
4989.2564188185 2.88183520897136e-15
4993.52631617288 2.89319519134346e-15
4997.79621352725 2.92333812932093e-15
5002.06611088163 2.98380971724954e-15
5006.33600823601 3.04076484789763e-15
5010.60590559038 3.0886567260101e-15
5014.87580294476 3.15519624621461e-15
5019.14570029914 3.24174501397387e-15
5023.41559765351 3.28916996517417e-15
5027.68549500789 3.3507236376929e-15
5031.95539236227 3.44807885179323e-15
5036.22528971664 3.50813454654474e-15
5040.49518707102 3.52484290670405e-15
5044.7650844254 3.60318413696265e-15
5049.03498177978 3.65756195811048e-15
5053.30487913415 3.69821572793042e-15
5057.57477648853 3.74816271973117e-15
5061.84467384291 3.73324858711239e-15
5066.11457119728 3.72893295424613e-15
5070.38446855166 3.76761483136486e-15
5074.65436590604 3.78043043985682e-15
5078.92426326041 3.76917760715255e-15
5083.19416061479 3.81271001844373e-15
5087.46405796917 3.85728470377652e-15
5091.73395532354 3.86086595907751e-15
5096.00385267792 3.86392078340178e-15
5100.2737500323 3.88265164648089e-15
5104.54364738668 3.90952122563369e-15
5108.81354474105 3.94690841289255e-15
5113.08344209543 3.97447806477626e-15
5117.35333944981 3.99980604396505e-15
5121.62323680418 4.03123816608824e-15
5125.89313415856 3.97753627723232e-15
5130.16303151294 4.00871174837249e-15
5134.43292886731 4.01332892496797e-15
5138.70282622169 3.93762959047185e-15
5142.97272357607 3.9133608259836e-15
5147.24262093044 3.86159737202746e-15
5151.51251828482 3.7992485473295e-15
5155.7824156392 3.73663078967077e-15
5160.05231299357 3.67845614333688e-15
5164.32221034795 3.60712495774975e-15
5168.59210770233 3.56183876474127e-15
5172.86200505671 3.57692950372955e-15
5177.13190241108 3.51681832832e-15
5181.40179976546 3.47173775255946e-15
5185.67169711984 3.46031360744161e-15
5189.94159447421 3.4500441799891e-15
5194.21149182859 3.41029504135682e-15
5198.48138918297 3.39251158462922e-15
5202.75128653734 3.32113762387825e-15
5207.02118389172 3.2840305927667e-15
5211.2910812461 3.26678944888358e-15
5215.56097860047 3.20711640126598e-15
5219.83087595485 3.22398082724582e-15
5224.10077330923 3.19384339498251e-15
5228.37067066361 3.1590449521687e-15
5232.64056801798 3.1635213095367e-15
5236.91046537236 3.14336383121618e-15
5241.18036272674 3.13681181961093e-15
5245.45026008111 3.1259227875575e-15
5249.72015743549 3.09308713184072e-15
5253.99005478987 3.13632943434747e-15
5258.25995214424 3.18268775930893e-15
5262.52984949862 3.16388066326457e-15
5266.799746853 3.15565449103908e-15
5271.06964420737 3.16011390774813e-15
5275.33954156175 3.15674017551922e-15
5279.60943891613 3.13557684557383e-15
5283.87933627051 3.14629117708189e-15
5288.14923362488 3.14675365707109e-15
5292.41913097926 3.13625743654695e-15
5296.68902833364 3.14533487688444e-15
5300.95892568801 3.12201965973655e-15
5305.22882304239 3.09123869419157e-15
5309.49872039677 3.05856079836121e-15
5313.76861775114 3.02930131574773e-15
5318.03851510552 2.99846381075352e-15
5322.3084124599 2.97666965302066e-15
5326.57830981427 2.94466959530634e-15
5330.84820716865 2.91044819368785e-15
5335.11810452303 2.86421904125084e-15
5339.3880018774 2.82309643869459e-15
5343.65789923178 2.80542669614016e-15
5347.92779658616 2.72389829265927e-15
5352.19769394054 2.71885336442543e-15
5356.46759129491 2.66351691373954e-15
5360.73748864929 2.62904500212689e-15
5365.00738600367 2.57953867921696e-15
5369.27728335804 2.55975220132734e-15
5373.54718071242 2.5731039816749e-15
5377.8170780668 2.52560110344346e-15
5382.08697542117 2.49737838915742e-15
5386.35687277555 2.52493194741513e-15
5390.62677012993 2.5299419355399e-15
5394.8966674843 2.52382360480365e-15
5399.16656483868 2.53478336410817e-15
5403.43646219306 2.54107660714804e-15
5407.70635954744 2.55758739687239e-15
5411.97625690181 2.60544115850223e-15
5416.24615425619 2.64962154999807e-15
5420.51605161057 2.69816691402934e-15
5424.78594896494 2.78040004892234e-15
5429.05584631932 2.83545295532914e-15
5433.3257436737 2.8855530483351e-15
5437.59564102807 2.92362612052299e-15
5441.86553838245 2.9806452021586e-15
5446.13543573683 3.04606536832331e-15
5450.4053330912 3.08726653318542e-15
5454.67523044558 3.14572451204018e-15
5458.94512779996 3.16684210220641e-15
5463.21502515434 3.1925974095171e-15
5467.48492250871 3.20915076264705e-15
5471.75481986309 3.27275213731577e-15
5476.02471721747 3.31631652410072e-15
5480.29461457184 3.30473927777765e-15
5484.56451192622 3.3308516094756e-15
5488.8344092806 3.31748225319438e-15
5493.10430663497 3.32799689668512e-15
5497.37420398935 3.33662604483527e-15
5501.64410134373 3.34260863854173e-15
5505.9139986981 3.36313711729315e-15
5510.18389605248 3.35960753100194e-15
5514.45379340686 3.37323332650795e-15
5518.72369076124 3.42502367376015e-15
5522.99358811561 3.44661284951977e-15
5527.26348546999 3.44512482438968e-15
5531.53338282437 3.46054124754618e-15
5535.80328017874 3.46810080484219e-15
5540.07317753312 3.47877553755996e-15
5544.3430748875 3.48505565158914e-15
5548.61297224187 3.47629648388159e-15
5552.88286959625 3.48828030601934e-15
5557.15276695063 3.52155599535223e-15
5561.422664305 3.49404224764304e-15
5565.69256165938 3.47984788127119e-15
5569.96245901376 3.52124746360119e-15
5574.23235636813 3.53185633950731e-15
5578.50225372251 3.48058776455061e-15
5582.77215107689 3.46594023555198e-15
5587.04204843127 3.41139830177062e-15
5591.31194578564 3.3581283997178e-15
5595.58184314002 3.34250784162101e-15
5599.8517404944 3.29389471495395e-15
5604.12163784877 3.19922480705465e-15
5608.39153520315 3.15977064764626e-15
5612.66143255753 3.10374704148191e-15
5616.9313299119 3.04809231816609e-15
5621.20122726628 2.99554938214025e-15
5625.47112462066 2.95263805775764e-15
5629.74102197503 2.91217910551556e-15
5634.01091932941 2.86027822046374e-15
5638.28081668379 2.84165937749191e-15
5642.55071403817 2.81282764651679e-15
5646.82061139254 2.81406389110331e-15
5651.09050874692 2.82409699636354e-15
5655.3604061013 2.76972764554518e-15
5659.63030345567 2.74217112267215e-15
5663.90020081005 2.71721753204604e-15
5668.17009816443 2.72230248258665e-15
5672.4399955188 2.74153987136821e-15
5676.70989287318 2.68957185895532e-15
5680.97979022756 2.72339579036331e-15
5685.24968758193 2.71375655542356e-15
5689.51958493631 2.69627210132634e-15
5693.78948229069 2.70611716527227e-15
5698.05937964506 2.68795233196017e-15
5702.32927699944 2.66073885743078e-15
5706.59917435382 2.68917396522835e-15
5710.8690717082 2.65425058505481e-15
5715.13896906257 2.65623454797552e-15
5719.40886641695 2.67612034047821e-15
5723.67876377133 2.68132345211496e-15
5727.9486611257 2.71151700031102e-15
5732.21855848008 2.72483765219778e-15
5736.48845583446 2.75970661050445e-15
5740.75835318883 2.77672180834889e-15
5745.02825054321 2.77208027955618e-15
5749.29814789759 2.82488897216922e-15
5753.56804525196 2.82967280249707e-15
5757.83794260634 2.82942631590942e-15
5762.10783996072 2.80822952816262e-15
5766.3777373151 2.83385269833354e-15
5770.64763466947 2.92475330961755e-15
5774.91753202385 2.91971960457026e-15
5779.18742937823 2.93545302980727e-15
5783.4573267326 2.98187001180033e-15
5787.72722408698 2.99539755148446e-15
5791.99712144136 3.03063560439789e-15
5796.26701879573 3.06532223886267e-15
5800.53691615011 3.08761593427616e-15
5804.80681350449 3.12015999890086e-15
5809.07671085886 3.19728721918781e-15
5813.34660821324 3.2535469357862e-15
5817.61650556762 3.26009111233669e-15
5821.88640292199 3.30516470007541e-15
5826.15630027637 3.36655637754298e-15
5830.42619763075 3.40294830108881e-15
5834.69609498513 3.43752672709457e-15
5838.9659923395 3.42162707164166e-15
5843.23588969388 3.41749291558435e-15
5847.50578704826 3.45283811816562e-15
5851.77568440263 3.44651035853315e-15
5856.04558175701 3.4535288735341e-15
5860.31547911139 3.46451531437646e-15
5864.58537646576 3.46200746157788e-15
5868.85527382014 3.41180212472822e-15
5873.12517117452 3.42265452260668e-15
5877.39506852889 3.39195444870816e-15
5881.66496588327 3.3717133258841e-15
5885.93486323765 3.3347555843295e-15
5890.20476059203 3.29254560322721e-15
5894.4746579464 3.21357947441177e-15
5898.74455530078 3.156233861575e-15
5903.01445265516 3.09811363710796e-15
5907.28435000953 2.95503685506426e-15
5911.55424736391 2.75778426923065e-15
5915.82414471829 2.5217519739729e-15
5920.09404207266 2.28570273805621e-15
5924.36393942704 2.15625429261736e-15
5928.63383678142 2.13914338004987e-15
5932.90373413579 2.17624384665608e-15
5937.17363149017 2.18097939610595e-15
5941.44352884455 2.11067079104439e-15
5945.71342619892 2.02110806830056e-15
5949.9833235533 1.95881070085414e-15
5954.25322090768 1.89848628490011e-15
5958.52311826206 1.79259255517498e-15
5962.79301561643 1.74587572351859e-15
5967.06291297081 1.69214651785012e-15
5971.33281032519 1.64545149729212e-15
5975.60270767956 1.62179630229503e-15
5979.87260503394 1.54343199038862e-15
5984.14250238832 1.52666126742858e-15
5988.41239974269 1.54897730333606e-15
5992.68229709707 1.49050534843767e-15
5996.95219445145 1.45367021490219e-15
6001.22209180582 1.42637288411102e-15
6005.4919891602 1.3602353869191e-15
6009.76188651458 1.34731686392406e-15
6014.03178386896 1.33030568948611e-15
6018.30168122333 1.30336061852189e-15
6022.57157857771 1.30377227653425e-15
6026.84147593209 1.287334014006e-15
6031.11137328646 1.27042067187347e-15
6035.38127064084 1.25786806711163e-15
6039.65116799522 1.28520986713253e-15
6043.92106534959 1.23950153407896e-15
6048.19096270397 1.23758872192583e-15
6052.46086005835 1.25694533059472e-15
6056.73075741272 1.26156388361874e-15
6061.0006547671 1.28324220959606e-15
6065.27055212148 1.30180546603073e-15
6069.54044947585 1.32792340932196e-15
6073.81034683023 1.37910473988509e-15
6078.08024418461 1.40943656620979e-15
6082.35014153899 1.42725919821121e-15
6086.62003889336 1.47544383208607e-15
6090.88993624774 1.49296142634735e-15
6095.15983360212 1.4981898430934e-15
6099.42973095649 1.57765222733681e-15
6103.69962831087 1.63289190450847e-15
6107.96952566525 1.67733593500914e-15
6112.23942301962 1.74410595405442e-15
6116.509320374 1.81150743616188e-15
6120.77921772838 1.86345681384994e-15
6125.04911508275 1.88640505397342e-15
6129.31901243713 1.98843970159086e-15
6133.58890979151 2.03171863827258e-15
6137.85880714589 2.11201884397995e-15
6142.12870450026 2.18668077487391e-15
6146.39860185464 2.22985298540428e-15
6150.66849920902 2.27553220170029e-15
6154.93839656339 2.37023450860982e-15
6159.20829391777 2.42646902597803e-15
6163.47819127215 2.45287866624047e-15
6167.74808862652 2.52012503543946e-15
6172.0179859809 2.56362991815987e-15
6176.28788333528 2.60981121323535e-15
6180.55778068965 2.68601876749982e-15
6184.82767804403 2.74109179093911e-15
6189.09757539841 2.77681837010488e-15
6193.36747275279 2.80969913032611e-15
6197.63737010716 2.84649127693952e-15
6201.90726746154 2.88336473871587e-15
6206.17716481592 2.91724859770488e-15
6210.44706217029 2.95044424242425e-15
6214.71695952467 2.9751202180019e-15
6218.98685687905 3.03085583296418e-15
6223.25675423342 3.10077755572707e-15
6227.5266515878 3.0972113352609e-15
6231.79654894218 3.11825925696722e-15
6236.06644629655 3.16095691728889e-15
6240.33634365093 3.16036420598405e-15
6244.60624100531 3.18595201252941e-15
6248.87613835968 3.22975250974841e-15
6253.14603571406 3.24880524534747e-15
6257.41593306844 3.25661912428589e-15
6261.68583042282 3.25824119237989e-15
6265.95572777719 3.28306688103096e-15
6270.22562513157 3.2374632624255e-15
6274.49552248595 3.21741293377281e-15
6278.76541984032 3.19210104821001e-15
6283.0353171947 3.13887985055165e-15
6287.30521454908 3.12136342096067e-15
6291.57511190345 3.1662529907916e-15
6295.84500925783 3.17333545678006e-15
6300.11490661221 3.15594121169172e-15
6304.38480396658 3.16489244412007e-15
6308.65470132096 3.19203032095891e-15
6312.92459867534 3.19733041786812e-15
6317.19449602972 3.19676481161759e-15
6321.46439338409 3.22359373318892e-15
6325.73429073847 3.24153939672593e-15
6330.00418809285 3.22090800347142e-15
6334.27408544722 3.18134203571398e-15
6338.5439828016 3.16920172423922e-15
6342.81388015598 3.22935355723025e-15
6347.08377751035 3.22037797260467e-15
6351.35367486473 3.16356196711817e-15
6355.62357221911 3.19554974285475e-15
6359.89346957348 3.15802448922549e-15
6364.16336692786 3.16751358757535e-15
6368.43326428224 3.16201316737411e-15
6372.70316163661 3.16230624077386e-15
6376.97305899099 3.14365203417648e-15
6381.24295634537 3.12253634983438e-15
6385.51285369975 3.11079244977894e-15
6389.78275105412 3.07780221054928e-15
6394.0526484085 3.0566757265371e-15
6398.32254576288 3.0576720490413e-15
6402.59244311725 3.0471029836837e-15
6406.86234047163 3.02053727760073e-15
6411.13223782601 2.99697409155753e-15
6415.40213518038 2.99895085469819e-15
6419.67203253476 2.97735786729031e-15
6423.94192988914 2.96132967458765e-15
6428.21182724351 2.94622834768753e-15
6432.48172459789 2.91736633528455e-15
6436.75162195227 2.92070872729441e-15
6441.02151930665 2.89171267192753e-15
6445.29141666102 2.8920680022489e-15
6449.5613140154 2.90089705017461e-15
6453.83121136978 2.84754731526651e-15
6458.10110872415 2.78979660892271e-15
6462.37100607853 2.81974472932231e-15
6466.64090343291 2.83759848978453e-15
6470.91080078728 2.79990298253287e-15
6475.18069814166 2.77172854912483e-15
6479.45059549604 2.7412959258794e-15
6483.72049285041 2.72232450544327e-15
6487.99039020479 2.73580969348004e-15
6492.26028755917 2.72283801916755e-15
6496.53018491354 2.71383109432292e-15
6500.80008226792 2.69785097074002e-15
6505.0699796223 2.6896902318097e-15
6509.33987697668 2.68918497665666e-15
6513.60977433105 2.67072050543946e-15
6517.87967168543 2.64469245351976e-15
6522.14956903981 2.62265795018812e-15
6526.41946639418 2.60090720289382e-15
6530.68936374856 2.61064469365545e-15
6534.95926110294 2.60161362837183e-15
6539.22915845731 2.57529038547e-15
6543.49905581169 2.58415882042776e-15
6547.76895316607 2.56541186372265e-15
6552.03885052044 2.49879018132226e-15
6556.30874787482 2.48738488268748e-15
6560.5786452292 2.5035445772552e-15
6564.84854258358 2.48940251516784e-15
6569.11843993795 2.50444010283868e-15
6573.38833729233 2.48200537643947e-15
6577.65823464671 2.45301673261087e-15
6581.92813200108 2.44427852896876e-15
6586.19802935546 2.45382226094371e-15
6590.46792670984 2.42754179320573e-15
6594.73782406421 2.42047753842563e-15
6599.00772141859 2.38448033223321e-15
6603.27761877297 2.3794982961957e-15
6607.54751612734 2.39297480214475e-15
6611.81741348172 2.34141993005188e-15
6616.0873108361 2.30424661861221e-15
6620.35720819047 2.28930432214793e-15
6624.62710554485 2.27113610070404e-15
6628.89700289923 2.27101264565197e-15
6633.16690025361 2.25397733077503e-15
6637.43679760798 2.24855039068197e-15
6641.70669496236 2.24216524456733e-15
6645.97659231674 2.21241850625095e-15
6650.24648967111 2.15871682915326e-15
6654.51638702549 2.18889449548156e-15
6658.78628437987 2.18465001338287e-15
6663.05618173424 2.15977858495264e-15
6667.32607908862 2.15085212823801e-15
6671.595976443 2.12663736210014e-15
6675.86587379737 2.13245499614012e-15
6680.13577115175 2.12834646282946e-15
6684.40566850613 2.08567273118855e-15
6688.67556586051 2.05511559409988e-15
6692.94546321488 2.04377318766143e-15
6697.21536056926 2.05170438066305e-15
6701.48525792364 2.06488421332232e-15
6705.75515527801 2.03936459292921e-15
6710.02505263239 2.02085395841639e-15
6714.29494998677 2.02770963133323e-15
6718.56484734114 2.01809030166773e-15
6722.83474469552 2.01303478552205e-15
6727.1046420499 1.96404176457815e-15
6731.37453940427 1.93531358338083e-15
6735.64443675865 1.94703546057965e-15
6739.91433411303 1.94564907940323e-15
6744.1842314674 1.94166103652932e-15
6748.45412882178 1.92621772007674e-15
6752.72402617616 1.91993061802575e-15
6756.99392353054 1.90862357521285e-15
6761.26382088491 1.90207833987118e-15
6765.53371823929 1.90337493555519e-15
6769.80361559367 1.89912791235766e-15
6774.07351294804 1.90287984479752e-15
6778.34341030242 1.90716921964242e-15
6782.6133076568 1.90259820634256e-15
6786.88320501117 1.88818043503087e-15
6791.15310236555 1.85367781847389e-15
6795.42299971993 1.84882770781791e-15
6799.6928970743 1.87039740181974e-15
6803.96279442868 1.845626558552e-15
6808.23269178306 1.85299002772072e-15
6812.50258913744 1.84143332194661e-15
6816.77248649181 1.82003218750129e-15
6821.04238384619 1.8359502659208e-15
6825.31228120057 1.85142365204301e-15
6829.58217855494 1.83236159908152e-15
6833.85207590932 1.80750965240908e-15
6838.1219732637 1.80763437801056e-15
6842.39187061807 1.80783554833554e-15
6846.66176797245 1.79673369925411e-15
6850.93166532683 1.80202363176795e-15
6855.2015626812 1.79851522130042e-15
6859.47146003558 1.77477320542624e-15
6863.74135738996 1.74754384902909e-15
6868.01125474434 1.75333395449829e-15
6872.28115209871 1.71651787920412e-15
6876.55104945309 1.68007333373643e-15
6880.82094680747 1.65895087313075e-15
6885.09084416184 1.66690144201104e-15
6889.36074151622 1.68831104678584e-15
6893.6306388706 1.70721025766321e-15
6897.90053622497 1.70493396249658e-15
6902.17043357935 1.7026228331e-15
6906.44033093373 1.72943132000148e-15
6910.7102282881 1.72786325025788e-15
6914.98012564248 1.70474994458879e-15
6919.25002299686 1.70627576856415e-15
6923.51992035123 1.70788883693308e-15
6927.78981770561 1.7073056547489e-15
6932.05971505999 1.69951559861212e-15
6936.32961241437 1.74045354798586e-15
6940.59950976874 1.7357657500184e-15
6944.86940712312 1.70233960645826e-15
6949.1393044775 1.71778313466908e-15
6953.40920183187 1.71440050859422e-15
6957.67909918625 1.69792815298984e-15
6961.94899654063 1.68327543591441e-15
6966.218893895 1.70255644689276e-15
6970.48879124938 1.74028509430848e-15
6974.75868860376 1.73504344267263e-15
6979.02858595813 1.70643861064826e-15
6983.29848331251 1.69740712184816e-15
6987.56838066689 1.702614786287e-15
6991.83827802127 1.71101978834349e-15
6996.10817537564 1.70356113384732e-15
7000.37807273002 1.69275521690184e-15
7004.6479700844 1.69006334619547e-15
7008.91786743877 1.69832922309037e-15
7013.18776479315 1.69029786844274e-15
7017.45766214753 1.6901848954234e-15
7021.7275595019 1.69181130456125e-15
7025.99745685628 1.69458396103497e-15
7030.26735421066 1.69846930116402e-15
7034.53725156503 1.67429498084938e-15
7038.80714891941 1.68634667150204e-15
7043.07704627379 1.68924479473107e-15
7047.34694362816 1.68681349253509e-15
7051.61684098254 1.69208351977467e-15
7055.88673833692 1.69315840458474e-15
7060.1566356913 1.67608423207134e-15
7064.42653304567 1.66001993458931e-15
7068.69643040005 1.68159894595356e-15
7072.96632775443 1.67599476421629e-15
7077.2362251088 1.69828697732212e-15
7081.50612246318 1.68982956510203e-15
7085.77601981756 1.66401327141914e-15
7090.04591717193 1.68656658243097e-15
7094.31581452631 1.68525622246156e-15
7098.58571188069 1.6849630431827e-15
7102.85560923506 1.69287443678917e-15
7107.12550658944 1.66383634741228e-15
7111.39540394382 1.66396943746412e-15
7115.6653012982 1.68069473828236e-15
7119.93519865257 1.67216913991001e-15
7124.20509600695 1.65551329579344e-15
7128.47499336133 1.64977210647695e-15
7132.7448907157 1.66038987622902e-15
7137.01478807008 1.67024171643853e-15
7141.28468542446 1.67055681269491e-15
7145.55458277883 1.66532807831151e-15
7149.82448013321 1.64280631927697e-15
7154.09437748759 1.62894991905107e-15
7158.36427484196 1.63604816102818e-15
7162.63417219634 1.60100164343994e-15
7166.90406955072 1.60790422080624e-15
7171.17396690509 1.63000860435602e-15
7175.44386425947 1.61624146022694e-15
7179.71376161385 1.58862723323439e-15
7183.98365896823 1.57412062934235e-15
7188.2535563226 1.57888868368157e-15
7192.52345367698 1.57880472154067e-15
7196.79335103136 1.56478939675804e-15
7201.06324838573 1.54997722573029e-15
7205.33314574011 1.51838130861093e-15
7209.60304309449 1.47998149346363e-15
7213.87294044886 1.47980488709413e-15
7218.14283780324 1.49584493825804e-15
7222.41273515762 1.48675521594282e-15
7226.68263251199 1.44820293486502e-15
7230.95252986637 1.43948304831039e-15
7235.22242722075 1.43879261057926e-15
7239.49232457513 1.42745793331645e-15
7243.7622219295 1.41895636950398e-15
7248.03211928388 1.4027077364768e-15
7252.30201663826 1.3982658957014e-15
7256.57191399263 1.36497781851166e-15
7260.84181134701 1.35285084780582e-15
7265.11170870139 1.36792856366254e-15
7269.38160605576 1.33610193594417e-15
7273.65150341014 1.29442791493926e-15
7277.92140076452 1.29664396488751e-15
7282.19129811889 1.29689256905753e-15
7286.46119547327 1.26390783554203e-15
7290.73109282765 1.24028429840134e-15
7295.00099018202 1.24977710252034e-15
7299.2708875364 1.28622133035067e-15
7303.54078489078 1.23609720278483e-15
7307.81068224516 1.22828226505522e-15
7312.08057959953 1.22183888542546e-15
7316.35047695391 1.24421781352927e-15
7320.62037430829 1.26568829879716e-15
7324.89027166266 1.26183154603007e-15
7329.16016901704 1.23880506123808e-15
7333.43006637142 1.22625489169597e-15
7337.69996372579 1.24794507613455e-15
7341.96986108017 1.25474230377803e-15
7346.23975843455 1.24159148199719e-15
7350.50965578892 1.24107225080053e-15
7354.7795531433 1.22944481777533e-15
7359.04945049768 1.23652410739025e-15
7363.31934785206 1.22046584501796e-15
7367.58924520643 1.22415657932739e-15
7371.85914256081 1.19923570534886e-15
7376.12903991519 1.19625870217662e-15
7380.39893726956 1.19819830174671e-15
7384.66883462394 1.20538802328212e-15
7388.93873197832 1.19187149502631e-15
7393.20862933269 1.19891637392775e-15
7397.47852668707 1.18264423573628e-15
7401.74842404145 1.16494283532544e-15
7406.01832139582 1.16211745105076e-15
7410.2882187502 1.16989829570423e-15
7414.55811610458 1.17684004834434e-15
7418.82801345895 1.17691734010078e-15
7423.09791081333 1.18899158300565e-15
7427.36780816771 1.17241207773345e-15
7431.63770552209 1.18243660678509e-15
7435.90760287646 1.15201817134153e-15
7440.17750023084 1.14612451609453e-15
7444.44739758522 1.13839301111023e-15
7448.71729493959 1.17888108010987e-15
7452.98719229397 1.18703779563369e-15
7457.25708964835 1.1850470564494e-15
7461.52698700272 1.150747939558e-15
7465.7968843571 1.14801699945693e-15
7470.06678171148 1.16981549823364e-15
7474.33667906585 1.17177415604505e-15
7478.60657642023 1.17281240668014e-15
7482.87647377461 1.17511368931872e-15
7487.14637112899 1.18800171912766e-15
7491.41626848336 1.18793988572251e-15
7495.68616583774 1.16703320676015e-15
7499.95606319212 1.21049330261346e-15
7504.22596054649 1.21183055587894e-15
7508.49585790087 1.18755046232501e-15
7512.76575525525 1.18482015749866e-15
7517.03565260962 1.19801333092685e-15
7521.305549964 1.18215306250599e-15
7525.57544731838 1.18807424632377e-15
7529.84534467275 1.18671126443252e-15
7534.11524202713 1.15605513036814e-15
7538.38513938151 1.20116397585329e-15
7542.65503673589 1.2623039786564e-15
7546.92493409026 1.25176117132017e-15
7551.19483144464 1.24395385688709e-15
7555.46472879902 1.25631270286224e-15
7559.73462615339 1.26456862712001e-15
7564.00452350777 1.29534916914852e-15
7568.27442086215 1.2871947829653e-15
7572.54431821652 1.25124681056295e-15
7576.8142155709 1.215683708756e-15
7581.08411292528 1.19702526699388e-15
7585.35401027965 1.18077737512053e-15
7589.62390763403 1.14758564792854e-15
7593.89380498841 1.08303347877653e-15
7598.16370234278 9.90780473513104e-16
7602.43359969716 8.41389431424541e-16
7606.70349705154 7.85336284986159e-16
7610.97339440592 8.53509308229448e-16
7615.24329176029 9.57476620334723e-16
7619.51318911467 1.01336374831544e-15
7623.78308646905 1.0206382790247e-15
7628.05298382342 1.00501242697199e-15
7632.3228811778 9.81233035769009e-16
7636.59277853218 9.97066940289389e-16
7640.86267588655 1.01242862394167e-15
7645.13257324093 1.03786354104006e-15
7649.40247059531 1.06011223782824e-15
7653.67236794968 1.1133116243882e-15
7657.94226530406 1.10761321023555e-15
7662.21216265844 1.15851607871727e-15
7666.48206001282 1.17247285234741e-15
7670.75195736719 1.14489843590338e-15
7675.02185472157 1.15561679081794e-15
7679.29175207595 1.18349677439769e-15
7683.56164943032 1.18172933427413e-15
7687.8315467847 1.15319215900642e-15
7692.10144413908 1.11196092447469e-15
7696.37134149345 1.10913914009003e-15
7700.64123884783 1.13755487200892e-15
7704.91113620221 1.12125912277405e-15
7709.18103355658 1.11527409384787e-15
7713.45093091096 1.11509949918162e-15
7717.72082826534 1.10520138979736e-15
7721.99072561971 1.12290067262583e-15
