3362.5 5.9727901471256e-15
3366.77356878844 1.63587286755975e-14
3371.04713757688 1.22725926101318e-14
3375.32070636531 5.6567689307686e-15
3379.59427515375 2.55559581065516e-15
3383.86784394219 7.31127923367337e-15
3388.14141273063 2.76327185688274e-14
3392.41498151906 1.82787541613133e-14
3396.6885503075 1.52697780364097e-14
3400.96211909594 1.28818523976635e-14
3405.23568788438 1.46593756014321e-14
3409.50925667282 1.47326659742262e-14
3413.78282546125 1.50560394365654e-14
3418.05639424969 8.89296249080617e-15
3422.32996303813 4.67366786971354e-16
3426.60353182657 1.27273883164351e-14
3430.87710061501 1.07728047335043e-14
3435.15066940344 1.38084479966863e-14
3439.42423819188 8.24060312581932e-15
3443.69780698032 6.9965616010222e-15
3447.97137576876 8.55711223315394e-15
3452.24494455719 1.3131638178644e-14
3456.51851334563 1.01467228716401e-14
3460.79208213407 8.9012049684159e-15
3465.06565092251 1.13190503519579e-14
3469.33921971095 1.40391001504214e-14
3473.61278849938 9.75726813392088e-15
3477.88635728782 7.54814522110946e-15
3482.15992607626 9.60720438885352e-15
3486.4334948647 9.85987008185474e-15
3490.70706365313 1.08354030094052e-14
3494.98063244157 1.11456025683157e-14
3499.25420123001 1.02254698306804e-14
3503.52777001845 1.17899964354666e-14
3507.80133880689 1.37854976389805e-14
3512.07490759532 1.43073182153671e-14
3516.34847638376 1.39725665594475e-14
3520.6220451722 1.23959485593393e-14
3524.89561396064 1.30209792533159e-14
3529.16918274907 1.35727322799926e-14
3533.44275153751 1.41513743675799e-14
3537.71632032595 1.12440616781046e-14
3541.98988911439 1.26236081456716e-14
3546.26345790283 1.24077663630194e-14
3550.53702669126 1.21539529403746e-14
3554.8105954797 1.13038350991264e-14
3559.08416426814 1.2651432330956e-14
3563.35773305658 1.38401236407818e-14
3567.63130184501 1.29242607962337e-14
3571.90487063345 1.21844063159272e-14
3576.17843942189 1.25378037081148e-14
3580.45200821033 1.4629378776638e-14
3584.72557699877 1.42307328844082e-14
3588.9991457872 1.19914691512017e-14
3593.27271457564 1.36490203023871e-14
3597.54628336408 1.41744602505573e-14
3601.81985215252 1.39888948135717e-14
3606.09342094095 1.19502737038119e-14
3610.36698972939 1.29507170233082e-14
3614.64055851783 1.1695339656578e-14
3618.91412730627 1.27219689996386e-14
3623.18769609471 1.02099005180769e-14
3627.46126488314 9.01243479395049e-15
3631.73483367158 1.01134031365939e-14
3636.00840246002 9.02663360724532e-15
3640.28197124846 1.04268358202641e-14
3644.55554003689 9.62901548724531e-15
3648.82910882533 8.08869115486105e-15
3653.10267761377 6.89973218262387e-15
3657.37624640221 7.15755207110914e-15
3661.64981519065 6.0552970854188e-15
3665.92338397908 6.24405795419795e-15
3670.19695276752 5.86132611698109e-15
3674.47052155596 6.08159068216747e-15
3678.7440903444 4.92767261592525e-15
3683.01765913283 3.35722630962897e-15
3687.29122792127 4.83617484641342e-15
3691.56479670971 5.54995722908689e-15
3695.83836549815 4.51422948162332e-15
3700.11193428659 3.7788490293443e-15
3704.38550307502 3.46910093899466e-15
3708.65907186346 3.92398431320806e-15
3712.9326406519 4.48883416331522e-15
3717.20620944034 3.3026837405729e-15
3721.47977822878 3.43110812317852e-15
3725.75334701721 3.50745734370341e-15
3730.02691580565 3.80204926176959e-15
3734.30048459409 3.32644470880928e-15
3738.57405338253 3.14265761749641e-15
3742.84762217096 3.36975329164415e-15
3747.1211909594 3.65596741858727e-15
3751.39475974784 4.56217239347087e-15
3755.66832853628 5.1572469202349e-15
3759.94189732472 4.39693617073581e-15
3764.21546611315 4.43997179720343e-15
3768.48903490159 4.92187128726951e-15
3772.76260369003 5.06949007173462e-15
3777.03617247847 5.89805854777172e-15
3781.3097412669 6.84723985681663e-15
3785.58331005534 6.32535617647542e-15
3789.85687884378 6.43711243298673e-15
3794.13044763222 7.30966309481001e-15
3798.40401642066 7.74434176861608e-15
3802.67758520909 8.24942497396498e-15
3806.95115399753 8.52113535575226e-15
3811.22472278597 9.83363323631354e-15
3815.49829157441 1.00877168624685e-14
3819.77186036284 1.02085079959117e-14
3824.04542915128 1.07637728211877e-14
3828.31899793972 1.16704250294674e-14
3832.59256672816 1.18740381974602e-14
3836.8661355166 1.22371324228279e-14
3841.13970430503 1.32764172851535e-14
3845.41327309347 1.42018329672808e-14
3849.68684188191 1.45918721577336e-14
3853.96041067035 1.51775598653762e-14
3858.23397945878 1.66943739512765e-14
3862.50754824722 1.72903819083484e-14
3866.78111703566 1.79358159319585e-14
3871.0546858241 1.87099667762992e-14
3875.32825461254 1.91912458147314e-14
3879.60182340097 1.95653650209406e-14
3883.87539218941 1.91117145031819e-14
3888.14896097785 1.97358608947616e-14
3892.42252976629 2.00495188891958e-14
3896.69609855472 1.99924271744849e-14
3900.96966734316 2.00520328829832e-14
3905.2432361316 1.99144544035584e-14
3909.51680492004 2.01167411179558e-14
3913.79037370848 1.98606237656945e-14
3918.06394249691 1.95507960542478e-14
3922.33751128535 1.99665689526712e-14
3926.61108007379 1.94755337887525e-14
3930.88464886223 1.92518662687005e-14
3935.15821765067 1.91291837106861e-14
3939.4317864391 1.82336886203876e-14
3943.70535522754 1.79993722021227e-14
3947.97892401598 1.81878217862938e-14
3952.25249280442 1.81114363551104e-14
3956.52606159285 1.80893711468344e-14
3960.79963038129 1.84703953656296e-14
3965.07319916973 1.8529501324689e-14
3969.34676795817 1.8263085745855e-14
3973.62033674661 1.78509805000933e-14
3977.89390553504 1.7622403577079e-14
3982.16747432348 1.74257191385948e-14
3986.44104311192 1.69552211355152e-14
3990.71461190036 1.6789931126188e-14
3994.98818068879 1.71613821786133e-14
3999.26174947723 1.77524790386571e-14
4003.53531826567 1.7557397186509e-14
4007.80888705411 1.74160985383798e-14
4012.08245584255 1.8063379093815e-14
4016.35602463098 1.81480806944745e-14
4020.62959341942 1.80245765145012e-14
4024.90316220786 1.85974469195859e-14
4029.1767309963 1.88683822662265e-14
4033.45029978473 1.90971811118729e-14
4037.72386857317 1.95884483628192e-14
4041.99743736161 2.00507098175196e-14
4046.27100615005 2.01945495644906e-14
4050.54457493849 2.05544775807014e-14
4054.81814372692 2.12605388345442e-14
4059.09171251536 2.11689576322871e-14
4063.3652813038 2.17317652859584e-14
4067.63885009224 2.18178560206514e-14
4071.91241888067 2.23074698632846e-14
4076.18598766911 2.24371014795983e-14
4080.45955645755 2.25174340843159e-14
4084.73312524599 2.2864704040163e-14
4089.00669403443 2.26600422453815e-14
4093.28026282286 2.24242638482497e-14
4097.5538316113 2.25410036231062e-14
4101.82740039974 2.25290638466817e-14
4106.10096918818 2.23169464678985e-14
4110.37453797662 2.21401910205973e-14
4114.64810676505 2.20475374746289e-14
4118.92167555349 2.17820163625872e-14
4123.19524434193 2.12010940623059e-14
4127.46881313037 2.13547831083875e-14
4131.7423819188 2.10458905213146e-14
4136.01595070724 2.06452354669338e-14
4140.28951949568 2.04924087003925e-14
4144.56308828412 2.04404533934738e-14
4148.83665707256 2.0064192887974e-14
4153.11022586099 2.0148662401606e-14
4157.38379464943 1.97860425146888e-14
4161.65736343787 1.9665790941233e-14
4165.93093222631 1.98842593730547e-14
4170.20450101474 1.92673923826237e-14
4174.47806980318 1.94218352880283e-14
4178.75163859162 1.91252975235241e-14
4183.02520738006 1.88957126313026e-14
4187.2987761685 1.89274848371541e-14
4191.57234495693 1.863736758239e-14
4195.84591374537 1.84787098410398e-14
4200.11948253381 1.82197566224711e-14
4204.39305132225 1.774780680492e-14
4208.66662011068 1.73355473991619e-14
4212.94018889912 1.68977838313619e-14
4217.21375768756 1.66779127129795e-14
4221.487326476 1.62181381470122e-14
4225.76089526444 1.57117276410349e-14
4230.03446405287 1.50316787690024e-14
4234.30803284131 1.46211862739722e-14
4238.58160162975 1.42870419406757e-14
4242.85517041819 1.38727132334275e-14
4247.12873920662 1.34322865940413e-14
4251.40230799506 1.30614750514912e-14
4255.6758767835 1.24752147495763e-14
4259.94944557194 1.22569597700573e-14
4264.22301436038 1.17636875921249e-14
4268.49658314881 1.13887891156042e-14
4272.77015193725 1.10462024049225e-14
4277.04372072569 1.05976137560566e-14
4281.31728951413 1.03547321406291e-14
4285.59085830256 1.01258850141047e-14
4289.864427091 9.6984171317786e-15
4294.13799587944 9.81623602660988e-15
4298.41156466788 9.61711382730344e-15
4302.68513345632 9.59014514529581e-15
4306.95870224475 9.67723961403134e-15
4311.23227103319 9.73770421393814e-15
4315.50583982163 9.76716232577775e-15
4319.77940861007 9.98399767807717e-15
4324.05297739851 9.93279114828386e-15
4328.32654618694 1.01840533076915e-14
4332.60011497538 1.04490297775481e-14
4336.87368376382 1.06310613930778e-14
4341.14725255226 1.10636385781417e-14
4345.42082134069 1.13743429686888e-14
4349.69439012913 1.1472956238474e-14
4353.96795891757 1.1905452108375e-14
4358.24152770601 1.23650818317084e-14
4362.51509649445 1.25482001905094e-14
4366.78866528288 1.30409760071347e-14
4371.06223407132 1.33502065603535e-14
4375.33580285976 1.36971961482951e-14
4379.6093716482 1.40253460294238e-14
4383.88294043663 1.42120524197894e-14
4388.15650922507 1.44831741136784e-14
4392.43007801351 1.47179936695139e-14
4396.70364680195 1.47383732822248e-14
4400.97721559039 1.48345843665717e-14
4405.25078437882 1.48437983909719e-14
4409.52435316726 1.47454714183228e-14
4413.7979219557 1.48176962236693e-14
4418.07149074414 1.46607139134888e-14
4422.34505953257 1.47116087351575e-14
4426.61862832101 1.48410760270794e-14
4430.89219710945 1.45955719976472e-14
4435.16576589789 1.45480873306241e-14
4439.43933468633 1.46280015010658e-14
4443.71290347476 1.48025716033631e-14
4447.9864722632 1.49957171381937e-14
4452.26004105164 1.54567300663299e-14
4456.53360984008 1.5709879415144e-14
4460.80717862851 1.60450486583067e-14
4465.08074741695 1.65541273180678e-14
4469.35431620539 1.71063826352822e-14
4473.62788499383 1.75144526160832e-14
4477.90145378227 1.78075090751743e-14
4482.1750225707 1.8152825773045e-14
4486.44859135914 1.85166298120225e-14
4490.72216014758 1.89146760049257e-14
4494.99572893602 1.91037896629274e-14
4499.26929772446 1.95248294122168e-14
4503.54286651289 1.96528601362602e-14
4507.81643530133 1.9679375655641e-14
4512.09000408977 1.98588619371642e-14
4516.36357287821 2.00179652178447e-14
4520.63714166664 2.01317031079361e-14
4524.91071045508 2.0008292101587e-14
4529.18427924352 2.0073025747548e-14
4533.45784803196 2.00306402188674e-14
4537.7314168204 1.99384745638766e-14
4542.00498560883 1.99767401243018e-14
4546.27855439727 1.98480283857688e-14
4550.55212318571 1.97114019713767e-14
4554.82569197415 1.95917670379065e-14
4559.09926076258 1.95537115416523e-14
4563.37282955102 1.95730933495513e-14
4567.64639833946 1.93560665678058e-14
4571.9199671279 1.92894237095818e-14
4576.19353591634 1.91007352621196e-14
4580.46710470477 1.90099401064375e-14
4584.74067349321 1.90040684740472e-14
4589.01424228165 1.89972820460738e-14
4593.28781107009 1.8874074327632e-14
4597.56137985852 1.86251042393797e-14
4601.83494864696 1.84660280637535e-14
4606.1085174354 1.83634354331821e-14
4610.38208622384 1.80662590058356e-14
4614.65565501228 1.77468530458214e-14
4618.92922380071 1.72563227135393e-14
4623.20279258915 1.67705391538936e-14
4627.47636137759 1.62803459407244e-14
4631.74993016603 1.57364237336451e-14
4636.02349895446 1.52385394613149e-14
4640.2970677429 1.46383268326928e-14
4644.57063653134 1.41694305689165e-14
4648.84420531978 1.38331076668797e-14
4653.11777410822 1.3546662299942e-14
4657.39134289665 1.3257588589769e-14
4661.66491168509 1.30673034852012e-14
4665.93848047353 1.29636766274012e-14
4670.21204926197 1.28120619650074e-14
4674.4856180504 1.26885213626174e-14
4678.75918683884 1.2674749453928e-14
4683.03275562728 1.26553134359203e-14
4687.30632441572 1.26851154431365e-14
4691.57989320416 1.2813113132895e-14
4695.85346199259 1.27602904642383e-14
4700.12703078103 1.25896285719596e-14
4704.40059956947 1.25145060669006e-14
4708.67416835791 1.23277268317015e-14
4712.94773714635 1.21372223456004e-14
4717.22130593478 1.17600131631997e-14
4721.49487472322 1.14202233553098e-14
4725.76844351166 1.11818191560415e-14
4730.0420123001 1.09744925956079e-14
4734.31558108853 1.07546003014019e-14
4738.58914987697 1.04624357680043e-14
4742.86271866541 1.02372452827132e-14
4747.13628745385 1.02692199294391e-14
4751.40985624229 1.01527579813893e-14
4755.68342503072 9.95189428234329e-15
4759.95699381916 9.95956840084541e-15
4764.2305626076 1.0037941818356e-14
4768.50413139604 9.97374603831655e-15
4772.77770018447 9.99901049003431e-15
4777.05126897291 1.0134278263579e-14
4781.32483776135 1.01431992145795e-14
4785.59840654979 1.01256639385055e-14
4789.87197533823 1.01418719139512e-14
4794.14554412666 1.02334531162083e-14
4798.4191129151 1.01569787465654e-14
4802.69268170354 1.02403386470365e-14
4806.96625049198 1.03309576198656e-14
4811.23981928041 1.01681604285021e-14
4815.51338806885 1.01042416282364e-14
4819.78695685729 1.00464468761794e-14
4824.06052564573 9.90396238192406e-15
4828.33409443417 9.83782943753423e-15
4832.6076632226 9.79580813302095e-15
4836.88123201104 9.60125737053084e-15
4841.15480079948 9.41003544752345e-15
4845.42836958792 9.25081019409859e-15
4849.70193837635 9.15786188066458e-15
4853.97550716479 8.89333010310528e-15
4858.24907595323 8.76150721255704e-15
4862.52264474167 8.63630473152454e-15
4866.79621353011 8.45304915338607e-15
4871.06978231854 8.24084876537403e-15
4875.34335110698 8.15885682311276e-15
4879.61691989542 8.03401433108284e-15
4883.89048868386 7.97545132014263e-15
4888.1640574723 7.98492114849293e-15
4892.43762626073 8.00704649610816e-15
4896.71119504917 8.09133389765649e-15
4900.98476383761 8.18115496544923e-15
4905.25833262605 8.32390796914884e-15
4909.53190141448 8.45076639959322e-15
4913.80547020292 8.46877601411774e-15
4918.07903899136 8.69439425104724e-15
4922.3526077798 8.87196708514257e-15
4926.62617656823 8.89804045332496e-15
4930.89974535667 8.97658412445795e-15
4935.17331414511 9.02770933908833e-15
4939.44688293355 9.24207982551124e-15
4943.72045172199 9.23397964943664e-15
4947.99402051042 9.27903502596699e-15
4952.26758929886 9.39195637629725e-15
4956.5411580873 9.40796275790152e-15
4960.81472687574 9.5424410967394e-15
4965.08829566418 9.51844550037663e-15
4969.36186445261 9.62817014836395e-15
4973.63543324105 9.82227791262264e-15
4977.90900202949 9.76802206421922e-15
4982.18257081793 9.77916647670624e-15
4986.45613960636 9.78117563885713e-15
4990.7297083948 9.82637162285672e-15
4995.00327718324 9.91856861806651e-15
4999.27684597168 1.00398256196307e-14
5003.55041476012 1.02111439624435e-14
5007.82398354855 1.02717754278409e-14
5012.09755233699 1.03179607463229e-14
5016.37112112543 1.05657797167999e-14
5020.64468991387 1.07668695736429e-14
5024.9182587023 1.09550133789199e-14
5029.19182749074 1.11733513676678e-14
5033.46539627918 1.12779167379734e-14
5037.73896506762 1.13968172938783e-14
5042.01253385606 1.17149391519445e-14
5046.28610264449 1.19775820460314e-14
5050.55967143293 1.21879867241953e-14
5054.83324022137 1.26048895645703e-14
5059.10680900981 1.2851413421671e-14
5063.38037779824 1.31824677787758e-14
5067.65394658668 1.33515753655963e-14
5071.92751537512 1.35460498951212e-14
5076.20108416356 1.37867817409285e-14
5080.474652952 1.39447042576805e-14
5084.74822174043 1.41549801868364e-14
5089.02179052887 1.43739390507346e-14
5093.29535931731 1.45256545100491e-14
5097.56892810575 1.46898298240177e-14
5101.84249689418 1.47442347502198e-14
5106.11606568262 1.48781760701691e-14
5110.38963447106 1.50745352480016e-14
5114.6632032595 1.51077812911814e-14
5118.93677204794 1.51587845330673e-14
5123.21034083637 1.52282327644127e-14
5127.48390962481 1.52903575488961e-14
5131.75747841325 1.53379370836093e-14
5136.03104720169 1.53050789815194e-14
5140.30461599013 1.53758468901966e-14
5144.57818477856 1.52648652453156e-14
5148.851753567 1.53963162884e-14
5153.12532235544 1.53363734607887e-14
5157.39889114388 1.52975827399362e-14
5161.67245993231 1.53970582892618e-14
5165.94602872075 1.54127893851582e-14
5170.21959750919 1.53480794561197e-14
5174.49316629763 1.54059470530103e-14
5178.76673508606 1.53606274022004e-14
5183.0403038745 1.53900109751406e-14
5187.31387266294 1.52807826884604e-14
5191.58744145138 1.51500990572262e-14
5195.86101023982 1.51468854142243e-14
5200.13457902825 1.4977839660809e-14
5204.40814781669 1.45797392577971e-14
5208.68171660513 1.44520134656148e-14
5212.95528539357 1.42852784180796e-14
5217.22885418201 1.38773676794726e-14
5221.50242297044 1.3625560030847e-14
5225.77599175888 1.33219292124424e-14
5230.04956054732 1.2990160806563e-14
5234.32312933576 1.26400388907825e-14
5238.59669812419 1.23665590571684e-14
5242.87026691263 1.21122187800304e-14
5247.14383570107 1.17949575074387e-14
5251.41740448951 1.16070237663325e-14
5255.69097327795 1.14067834835357e-14
5259.96454206638 1.12797268473817e-14
5264.23811085482 1.11218043306297e-14
5268.51167964326 1.07863216852765e-14
5272.7852484317 1.07175282103994e-14
5277.05881722014 1.07019995553774e-14
5281.33238600857 1.04887988214546e-14
5285.60595479701 1.03919524623974e-14
5289.87952358545 1.04703563730941e-14
5294.15309237389 1.0437806590997e-14
5298.42666116232 1.04281089107839e-14
5302.70022995076 1.05252381788455e-14
5306.9737987392 1.06128535728436e-14
5311.24736752764 1.08089315357376e-14
5315.52093631607 1.09483895812724e-14
5319.79450510451 1.10095114787463e-14
5324.06807389295 1.10218417373594e-14
5328.34164268139 1.10301274136495e-14
5332.61521146983 1.11842763986215e-14
5336.88878025826 1.13315161358427e-14
5341.1623490467 1.13737661392517e-14
5345.43591783514 1.14119580078105e-14
5349.70948662358 1.15007634830994e-14
5353.98305541201 1.1612925891909e-14
5358.25662420045 1.17393320067595e-14
5362.53019298889 1.17466901819723e-14
5366.80376177733 1.18095027572089e-14
5371.07733056577 1.17348317207108e-14
5375.3508993542 1.1708315354297e-14
5379.62446814264 1.15674656336298e-14
5383.89803693108 1.15419123436771e-14
5388.17160571952 1.14678875933177e-14
5392.44517450796 1.13116574483943e-14
5396.71874329639 1.12165559772084e-14
5400.99231208483 1.11551875931469e-14
5405.26588087327 1.10348911269448e-14
5409.53944966171 1.08690581694985e-14
5413.81301845014 1.06736281868091e-14
5418.08658723858 1.0444487139852e-14
5422.36015602702 1.02788269771268e-14
5426.63372481546 1.01418193979084e-14
5430.9072936039 1.00054132120826e-14
5435.18086239233 9.96767196505179e-15
5439.45443118077 9.94744397123841e-15
5443.72799996921 9.85985398822874e-15
5448.00156875765 9.73901203280871e-15
5452.27513754608 9.65775531514565e-15
5456.54870633452 9.78278500145691e-15
5460.82227512296 9.79158652081183e-15
5465.0958439114 9.88891738271493e-15
5469.36941269984 9.87625847531821e-15
5473.64298148827 1.00041096283768e-14
5477.91655027671 1.0196507233115e-14
5482.19011906515 1.02854067290611e-14
5486.46368785359 1.05376158713037e-14
5490.73725664202 1.08608283973829e-14
5495.01082543046 1.10424754599546e-14
5499.2843942189 1.1322358015617e-14
5503.55796300734 1.15414676513798e-14
5507.83153179578 1.17227267728615e-14
5512.10510058421 1.20188935369349e-14
5516.37866937265 1.2285259987858e-14
5520.65223816109 1.24407642255455e-14
5524.92580694953 1.27178727483057e-14
5529.19937573796 1.29610033914197e-14
5533.4729445264 1.3143489863642e-14
5537.74651331484 1.33643858918906e-14
5542.02008210328 1.356744340627e-14
5546.29365089172 1.37603780298967e-14
5550.56721968015 1.38416084895384e-14
5554.84078846859 1.38421565198553e-14
5559.11435725703 1.38404285726429e-14
5563.38792604547 1.3827514708329e-14
5567.6614948339 1.37894803878985e-14
5571.93506362234 1.37212620483925e-14
5576.20863241078 1.38672151425668e-14
5580.48220119922 1.37368906533023e-14
5584.75576998766 1.35915685986737e-14
5589.02933877609 1.35877510211804e-14
5593.30290756453 1.36452044189597e-14
5597.57647635297 1.37752248233962e-14
5601.85004514141 1.36890349858483e-14
5606.12361392985 1.38900706325826e-14
5610.39718271828 1.38325054264542e-14
5614.67075150672 1.37972019402456e-14
5618.94432029516 1.37995456804107e-14
5623.2178890836 1.37479249515062e-14
5627.49145787203 1.37710387865708e-14
5631.76502666047 1.37378003666876e-14
5636.03859544891 1.36560998037602e-14
5640.31216423735 1.37466992948315e-14
5644.58573302579 1.38218904095593e-14
5648.85930181422 1.36635765635856e-14
5653.13287060266 1.36253313319512e-14
5657.4064393911 1.3646049757841e-14
5661.68000817954 1.35464827289572e-14
5665.95357696798 1.34880035742788e-14
5670.22714575641 1.33854905648044e-14
5674.50071454485 1.34368063618479e-14
5678.77428333329 1.33846553903184e-14
5683.04785212173 1.32268065654328e-14
5687.32142091016 1.31629470574734e-14
5691.5949896986 1.32469795021046e-14
5695.86855848704 1.32133285771761e-14
5700.14212727548 1.30851665630259e-14
5704.41569606391 1.30136964640354e-14
5708.68926485235 1.29593296543159e-14
5712.96283364079 1.28059624807542e-14
5717.23640242923 1.27106907559459e-14
5721.50997121767 1.26783264740643e-14
5725.7835400061 1.25522117385476e-14
5730.05710879454 1.24180205438788e-14
5734.33067758298 1.23102644004609e-14
5738.60424637142 1.22639986138489e-14
5742.87781515985 1.21663873840403e-14
5747.15138394829 1.19695335389666e-14
5751.42495273673 1.19929387533651e-14
5755.69852152517 1.20608267500217e-14
5759.97209031361 1.19315051477667e-14
5764.24565910204 1.18646971181179e-14
5768.51922789048 1.18680623800173e-14
5772.79279667892 1.18408031657088e-14
5777.06636546736 1.1801937905957e-14
5781.3399342558 1.18398231485888e-14
5785.61350304423 1.19179958192909e-14
5789.88707183267 1.17980000497852e-14
5794.16064062111 1.18475133607169e-14
5798.43420940955 1.19427952499206e-14
5802.70777819798 1.2002640668743e-14
5806.98134698642 1.20155308161343e-14
5811.25491577486 1.21474028345935e-14
5815.5284845633 1.23058039249607e-14
5819.80205335174 1.24341590626229e-14
5824.07562214017 1.24618214646143e-14
5828.34919092861 1.24306913097368e-14
5832.62275971705 1.25436406121543e-14
5836.89632850549 1.25969139023389e-14
5841.16989729392 1.25989306877863e-14
5845.44346608236 1.26186326741395e-14
5849.7170348708 1.26892794571052e-14
5853.99060365924 1.27311864121706e-14
5858.26417244768 1.27425764642124e-14
5862.53774123611 1.28206161507417e-14
5866.81131002455 1.27331667752013e-14
5871.08487881299 1.26951095848812e-14
5875.35844760143 1.27717957127608e-14
5879.63201638986 1.2569162561888e-14
5883.9055851783 1.25930887015491e-14
5888.17915396674 1.26222300230665e-14
5892.45272275518 1.2570640634381e-14
5896.72629154362 1.26046235962248e-14
5900.99986033205 1.24109715356918e-14
5905.27342912049 1.2187204912785e-14
5909.54699790893 1.19276951935699e-14
5913.82056669737 1.18321591944821e-14
5918.0941354858 1.15771353617557e-14
5922.36770427424 1.13522116918429e-14
5926.64127306268 1.15662984222285e-14
5930.91484185112 1.19923204193136e-14
5935.18841063956 1.23522170953055e-14
5939.46197942799 1.23937649084012e-14
5943.73554821643 1.2229728507836e-14
5948.00911700487 1.19466678845555e-14
5952.28268579331 1.15146683759616e-14
5956.55625458174 1.11401129477846e-14
5960.82982337018 1.08437149437166e-14
5965.10339215862 1.05408464549646e-14
5969.37696094706 1.01032082480408e-14
5973.6505297355 9.71941423150808e-15
5977.92409852393 9.33065321377267e-15
5982.19766731237 8.89558744590971e-15
5986.47123610081 8.59434695448229e-15
5990.74480488925 8.34412749263274e-15
5995.01837367769 8.03127587356437e-15
5999.29194246612 7.59870461773107e-15
6003.56551125456 7.45188246775285e-15
6007.839080043 7.28660431688691e-15
6012.11264883144 7.08790986921884e-15
6016.38621761987 6.78474195431994e-15
6020.65978640831 6.45429280225589e-15
6024.93335519675 6.25103581161743e-15
6029.20692398519 6.08340079157575e-15
6033.48049277363 5.92554095526186e-15
6037.75406156206 5.72237671473113e-15
6042.0276303505 5.54230513344139e-15
6046.30119913894 5.46206189069973e-15
6050.57476792738 5.281106854046e-15
6054.84833671581 5.12639459216411e-15
6059.12190550425 5.02820526236897e-15
6063.39547429269 4.91699534210864e-15
6067.66904308113 4.70207978998417e-15
6071.94261186957 4.49840944726746e-15
6076.216180658 4.40214161171316e-15
6080.48974944644 4.25075056601745e-15
6084.76331823488 4.17560222645353e-15
6089.03688702332 4.10650678433068e-15
6093.31045581175 4.01693093257617e-15
6097.58402460019 3.99411652365835e-15
6101.85759338863 4.0730142545633e-15
6106.13116217707 4.10580713511625e-15
6110.40473096551 4.15229696194277e-15
6114.67829975394 4.24715660522225e-15
6118.95186854238 4.3278754569638e-15
6123.22543733082 4.43178734135059e-15
6127.49900611926 4.52532434268293e-15
6131.77257490769 4.58008332865703e-15
6136.04614369613 4.71118454713421e-15
6140.31971248457 4.88435492748619e-15
6144.59328127301 5.01462351257622e-15
6148.86685006145 5.1736204906218e-15
6153.14041884988 5.3469175023994e-15
6157.41398763832 5.5486642332929e-15
6161.68755642676 5.62877660944421e-15
6165.9611252152 5.77002147098124e-15
6170.23469400364 6.00444419188097e-15
6174.50826279207 6.32884510518516e-15
6178.78183158051 6.55410377662854e-15
6183.05540036895 6.75112491070932e-15
6187.32896915739 7.0076822965867e-15
6191.60253794582 7.22221795443432e-15
6195.87610673426 7.48922306819961e-15
6200.1496755227 7.73324140184231e-15
6204.42324431114 7.92693496698979e-15
6208.69681309958 8.18317005683074e-15
6212.97038188801 8.4479644146037e-15
6217.24395067645 8.71460445716872e-15
6221.51751946489 8.96851105343767e-15
6225.79108825333 9.19805867620948e-15
6230.06465704176 9.31542017324925e-15
6234.3382258302 9.52235371039526e-15
6238.61179461864 9.78604692533679e-15
6242.88536340708 9.88783910977308e-15
6247.15893219552 1.0004009678489e-14
6251.43250098395 1.01278679182342e-14
6255.70606977239 1.0363743724155e-14
6259.97963856083 1.04765168437194e-14
6264.25320734927 1.06002607340168e-14
6268.5267761377 1.07098066580522e-14
6272.80034492614 1.07239368616783e-14
6277.07391371458 1.08184132225492e-14
6281.34748250302 1.08754329394595e-14
6285.62105129145 1.08650203634389e-14
6289.89462007989 1.0968693808051e-14
6294.16818886833 1.11243513587021e-14
6298.44175765677 1.12123834929102e-14
6302.71532644521 1.12450865879707e-14
6306.98889523364 1.13135327793395e-14
6311.26246402208 1.1387652397389e-14
6315.53603281052 1.15629272310984e-14
6319.80960159896 1.15744257033574e-14
6324.0831703874 1.16525611046098e-14
6328.35673917583 1.16274355662954e-14
6332.63030796427 1.16416445439856e-14
6336.90387675271 1.15977123331433e-14
6341.17744554115 1.17300569959871e-14
6345.45101432958 1.17383519896395e-14
6349.72458311802 1.17052507890938e-14
6353.99815190646 1.17482470285294e-14
6358.2717206949 1.17430852097488e-14
6362.54528948334 1.16893790857281e-14
6366.81885827177 1.1651145712555e-14
6371.09242706021 1.16428862942863e-14
6375.36599584865 1.16534115256889e-14
6379.63956463709 1.16280251012267e-14
6383.91313342553 1.15486352441794e-14
6388.18670221396 1.15432023748557e-14
6392.4602710024 1.15246972460571e-14
6396.73383979084 1.1388889065492e-14
6401.00740857928 1.13613994582218e-14
6405.28097736771 1.13234405237236e-14
6409.55454615615 1.1203442213119e-14
6413.82811494459 1.11742170353399e-14
6418.10168373303 1.10647558145991e-14
6422.37525252146 1.09834957088043e-14
6426.6488213099 1.09192702826117e-14
6430.92239009834 1.08198523315266e-14
6435.19595888678 1.07118090439395e-14
6439.46952767522 1.06340082207013e-14
6443.74309646365 1.05019718778503e-14
6448.01666525209 1.03182843129088e-14
6452.29023404053 1.02724589834294e-14
6456.56380282897 1.02413644039357e-14
6460.8373716174 1.01205690353277e-14
6465.11094040584 1.00325707824375e-14
6469.38450919428 1.00047423619884e-14
6473.65807798272 9.72789896054073e-15
6477.93164677116 9.63962288084378e-15
6482.20521555959 9.63748073452017e-15
6486.47878434803 9.53690827752793e-15
6490.75235313647 9.43549725791791e-15
6495.02592192491 9.40073417872965e-15
6499.29949071335 9.41601126496633e-15
6503.57305950178 9.31242421771481e-15
6507.84662829022 9.20828914014642e-15
6512.12019707866 9.17563093783208e-15
6516.3937658671 9.11556529044344e-15
6520.66733465553 9.03752221578227e-15
6524.94090344397 8.93950017499421e-15
6529.21447223241 8.91451778524789e-15
6533.48804102085 8.95434019223011e-15
6537.76160980929 8.8377003672614e-15
6542.03517859772 8.84039139093483e-15
6546.30874738616 8.83296206495446e-15
6550.5823161746 8.69657027868873e-15
6554.85588496304 8.58802300649809e-15
6559.12945375148 8.54823617489966e-15
6563.40302253991 8.5183630169159e-15
6567.67659132835 8.43873683767631e-15
6571.95016011679 8.35025662303908e-15
6576.22372890523 8.26183739477404e-15
6580.49729769366 8.29391029732182e-15
6584.7708664821 8.29267617031768e-15
6589.04443527054 8.28195866243607e-15
6593.31800405898 8.21345148469509e-15
6597.59157284742 8.106629618618e-15
6601.86514163585 8.1594920978232e-15
6606.13871042429 8.08022844868504e-15
6610.41227921273 7.93357909342806e-15
6614.68584800117 7.86199379795675e-15
6618.9594167896 7.89704910351182e-15
6623.23298557804 7.83368595685952e-15
6627.50655436648 7.83851150356002e-15
6631.78012315492 7.77101907128985e-15
6636.05369194336 7.61668373906949e-15
6640.32726073179 7.62882510933543e-15
6644.60082952023 7.64888708469115e-15
6648.87439830867 7.53484256867283e-15
6653.14796709711 7.50132632198293e-15
6657.42153588554 7.50031411761096e-15
6661.69510467398 7.43582780527059e-15
6665.96867346242 7.36318710674701e-15
6670.24224225086 7.32943369083187e-15
6674.51581103929 7.28593431382563e-15
6678.78937982773 7.18739050074206e-15
6683.06294861617 7.22097959226543e-15
6687.33651740461 7.2532117370073e-15
6691.61008619305 7.13348955914354e-15
6695.88365498148 7.1439732859317e-15
6700.15722376992 7.06520853919947e-15
6704.43079255836 7.02612686252963e-15
6708.7043613468 7.05336744211333e-15
6712.97793013524 7.04265713401177e-15
6717.25149892367 6.85396445138488e-15
6721.52506771211 6.71529880517225e-15
6725.79863650055 6.68827252492421e-15
6730.07220528899 6.64176575743873e-15
6734.34577407742 6.59540595016961e-15
6738.61934286586 6.55835799960613e-15
6742.8929116543 6.51397389668648e-15
6747.16648044274 6.52118511168293e-15
6751.44004923118 6.51598559993621e-15
6755.71361801961 6.41971098811834e-15
6759.98718680805 6.35422602393316e-15
6764.26075559649 6.35785047791446e-15
6768.53432438493 6.33834669727098e-15
6772.80789317337 6.30609591780427e-15
6777.0814619618 6.2961246459492e-15
6781.35503075024 6.30456871740038e-15
6785.62859953868 6.26914452899678e-15
6789.90216832712 6.23236254677874e-15
6794.17573711555 6.16793213861289e-15
6798.44930590399 6.17366951628112e-15
6802.72287469243 6.10574043852664e-15
6806.99644348087 6.09580897722008e-15
6811.2700122693 6.07430831640345e-15
6815.54358105774 5.97535199827457e-15
6819.81714984618 6.02443035778791e-15
6824.09071863462 6.02900137108777e-15
6828.36428742306 6.0488816578763e-15
6832.63785621149 6.03212438156429e-15
6836.91142499993 5.96140517728156e-15
6841.18499378837 5.91878967915577e-15
6845.45856257681 5.99316891280359e-15
6849.73213136524 5.85013850581376e-15
6854.00570015368 5.70667992366909e-15
6858.27926894212 5.60544127526383e-15
6862.55283773056 5.54797474847384e-15
6866.826406519 5.46673624201915e-15
6871.09997530743 5.58665874317494e-15
6875.37354409587 5.65981740234577e-15
6879.64711288431 5.45595859479829e-15
6883.92068167275 5.36715184895988e-15
6888.19425046119 5.42638655702727e-15
6892.46781924962 5.45935223230146e-15
6896.74138803806 5.42701336140824e-15
6901.0149568265 5.40507393752493e-15
6905.28852561494 5.44603941546947e-15
6909.56209440337 5.36812381926686e-15
6913.83566319181 5.31904207162173e-15
6918.10923198025 5.33974101575379e-15
6922.38280076869 5.33947504740835e-15
6926.65636955713 5.24697015572223e-15
6930.92993834556 5.22209999784143e-15
6935.203507134 5.15439580733444e-15
6939.47707592244 5.17961155465773e-15
6943.75064471088 5.15675182947723e-15
6948.02421349932 5.06621459532759e-15
6952.29778228775 5.11271924523069e-15
6956.57135107619 5.17382970775977e-15
6960.84491986463 5.0821510967137e-15
6965.11848865307 5.10438867619444e-15
6969.3920574415 5.17591256177707e-15
6973.66562622994 5.18753046568161e-15
6977.93919501838 5.1683451694263e-15
6982.21276380682 5.02254750579779e-15
6986.48633259525 5.11313471489132e-15
6990.75990138369 5.04344126750771e-15
6995.03347017213 4.98904650570093e-15
6999.30703896057 4.98300546672111e-15
7003.58060774901 5.051417776772e-15
7007.85417653744 5.09861657017538e-15
7012.12774532588 5.02879056213552e-15
7016.40131411432 4.96015632945246e-15
7020.67488290276 5.0525146844387e-15
7024.94845169119 5.07161146575102e-15
7029.22202047963 4.97592384776559e-15
7033.49558926807 4.99656561717371e-15
7037.76915805651 4.95953503078564e-15
7042.04272684495 4.94314409622333e-15
7046.31629563338 4.99887251140555e-15
7050.58986442182 5.00254355219895e-15
7054.86343321026 4.99092861290973e-15
7059.1370019987 4.93007480136367e-15
7063.41057078713 4.86229861305617e-15
7067.68413957557 4.87394573959739e-15
7071.95770836401 4.88926051880022e-15
7076.23127715245 4.97943606988138e-15
7080.50484594089 4.98514888359414e-15
7084.77841472932 4.89862489154859e-15
7089.05198351776 4.87345530752093e-15
7093.3255523062 4.86897450322995e-15
7097.59912109464 4.91927047260496e-15
7101.87268988308 4.95692151062689e-15
7106.14625867151 4.89006604713306e-15
7110.41982745995 4.93999313365954e-15
7114.69339624839 4.91886304975733e-15
7118.96696503683 4.92151256881635e-15
7123.24053382526 4.87814405840045e-15
7127.5141026137 4.86804191995502e-15
7131.78767140214 4.95374429004174e-15
7136.06124019058 4.94381664038345e-15
7140.33480897902 4.8461397655214e-15
7144.60837776745 4.81216527400703e-15
7148.88194655589 4.81290092212172e-15
7153.15551534433 4.82664022004265e-15
7157.42908413277 4.77859735830734e-15
7161.7026529212 4.72873676386721e-15
7165.97622170964 4.64151820480491e-15
7170.24979049808 4.5048193690958e-15
7174.52335928652 4.45491769355774e-15
7178.79692807496 4.37166409572153e-15
7183.07049686339 4.29881968577414e-15
7187.34406565183 4.25760518014311e-15
7191.61763444027 4.19862627602579e-15
7195.89120322871 4.15493250495815e-15
7200.16477201714 4.2971726302082e-15
7204.43834080558 4.3434075001176e-15
7208.71190959402 4.34841727648414e-15
7212.98547838246 4.4274945783739e-15
7217.2590471709 4.49319214782884e-15
7221.53261595933 4.47541038516713e-15
7225.80618474777 4.51595319367099e-15
7230.07975353621 4.49297784849319e-15
7234.35332232465 4.40093797789511e-15
7238.62689111308 4.35386158075261e-15
7242.90045990152 4.26394606878626e-15
7247.17402868996 4.2838598133762e-15
7251.4475974784 4.2730779309906e-15
7255.72116626684 4.31861823388326e-15
7259.99473505527 4.29915214620593e-15
7264.26830384371 4.24305315410928e-15
7268.54187263215 4.26520899491061e-15
7272.81544142059 4.26641220521219e-15
7277.08901020903 4.26476938481099e-15
7281.36257899746 4.32806942750872e-15
7285.6361477859 4.20390075018835e-15
7289.90971657434 4.14702629942848e-15
7294.18328536278 4.19776780813375e-15
7298.45685415121 4.14112713846733e-15
7302.73042293965 4.12057261345278e-15
7307.00399172809 4.16401269815272e-15
7311.27756051653 4.15676590777249e-15
7315.55112930497 4.14128765121083e-15
7319.8246980934 4.16810132618912e-15
7324.09826688184 4.13352840589751e-15
7328.37183567028 4.16232032632411e-15
7332.64540445872 4.25162597456844e-15
7336.91897324716 4.11937956754658e-15
7341.19254203559 4.12879137413999e-15
7345.46611082403 4.22847825818588e-15
7349.73967961247 4.31142904174344e-15
7354.01324840091 4.22327916995563e-15
7358.28681718934 4.20275979680839e-15
7362.56038597778 4.16732247939412e-15
7366.83395476622 4.11807174867601e-15
7371.10752355466 4.17287520387984e-15
7375.38109234309 4.13351951205156e-15
7379.65466113153 4.10993049150348e-15
7383.92822991997 4.1175355768204e-15
7388.20179870841 4.10902247218402e-15
7392.47536749685 4.13209099098602e-15
7396.74893628528 4.09461867691596e-15
7401.02250507372 4.01193174412147e-15
7405.29607386216 4.01652223917912e-15
7409.5696426506 4.06266732359611e-15
7413.84321143903 4.02991637117405e-15
7418.11678022747 3.977525265804e-15
7422.39034901591 3.9266622078708e-15
7426.66391780435 3.86237325420715e-15
7430.93748659279 3.77881472450993e-15
7435.21105538122 3.8159223908962e-15
7439.48462416966 3.92497237714103e-15
7443.7581929581 3.87691765694445e-15
7448.03176174654 3.75467597957908e-15
7452.30533053497 3.72637957342663e-15
7456.57889932341 3.8739026431687e-15
7460.85246811185 3.8000337468716e-15
7465.12603690029 3.79433363865305e-15
7469.39960568873 3.75081943857023e-15
7473.67317447716 3.78524116348075e-15
7477.9467432656 3.76229588797258e-15
7482.22031205404 3.80097225937716e-15
7486.49388084248 3.79157442882737e-15
7490.76744963092 3.79972669742822e-15
7495.04101841935 3.82997932617236e-15
7499.31458720779 3.86889286680217e-15
7503.58815599623 3.86068215292796e-15
7507.86172478467 3.81743561525647e-15
7512.1352935731 3.8600905004143e-15
7516.40886236154 3.84146339887123e-15
7520.68243114998 3.84655999611486e-15
7524.95599993842 3.8493454639619e-15
7529.22956872686 4.0130426278318e-15
7533.50313751529 4.00806461520078e-15
7537.77670630373 3.95514496127165e-15
7542.05027509217 3.94845678912013e-15
7546.32384388061 4.03152742783973e-15
7550.59741266904 4.09534331360234e-15
7554.87098145748 4.18100417907464e-15
7559.14455024592 4.21817706699784e-15
7563.41811903436 4.14457371552971e-15
7567.6916878228 4.15896607585298e-15
7571.96525661123 4.16594901547014e-15
7576.23882539967 4.06146114867922e-15
7580.51239418811 3.9596422827051e-15
7584.78596297655 3.76175632798518e-15
7589.05953176498 3.76706849511388e-15
7593.33310055342 3.73199116670219e-15
7597.60666934186 3.70036549755056e-15
7601.8802381303 3.58396961807066e-15
7606.15380691874 3.32242172582629e-15
7610.42737570717 3.0937105480899e-15
7614.70094449561 3.02037401200014e-15
7618.97451328405 3.07389696514596e-15
7623.24808207249 3.37620450632868e-15
7627.52165086092 3.65812481150393e-15
7631.79521964936 3.63361591317513e-15
7636.0687884378 3.47631490684819e-15
7640.34235722624 3.41718883075629e-15
7644.61592601468 3.53709417949489e-15
7648.88949480311 3.68621411810078e-15
7653.16306359155 3.733375218538e-15
7657.43663237999 3.72059899707809e-15
7661.71020116843 3.90782758325566e-15
7665.98376995687 3.97918883851241e-15
7670.2573387453 3.89618299781328e-15
7674.53090753374 3.92807632937624e-15
7678.80447632218 3.98321139797892e-15
7683.07804511062 3.96334974591523e-15
7687.35161389905 3.97320793887185e-15
7691.62518268749 3.94714388805189e-15
7695.89875147593 3.98827496093761e-15
7700.17232026437 4.06035915881484e-15
7704.4458890528 4.04596764552452e-15
7708.71945784124 4.08627286128667e-15
7712.99302662968 4.05454258356605e-15
7717.26659541812 4.02866996219216e-15
7721.54016420656 3.98264092128895e-15
7725.81373299499 4.05615829891294e-15
