3499.984 2.19788092212887e-14
3502.12605 2.57384581313011e-14
3504.2681 2.94981053472476e-14
3506.41015 2.81363796058578e-14
3508.5522 2.67736950231717e-14
3510.69425 2.85393318135915e-14
3512.8363 3.03055547508108e-14
3514.97835 2.72412250228041e-14
3517.1204 2.41757670469116e-14
3519.26245 2.84984878848749e-14
3521.4045 3.28232788713613e-14
3523.54655 3.13076082799398e-14
3525.6886 2.97900301703211e-14
3527.83065 2.80070427570098e-14
3529.9727 2.6223933370954e-14
3532.11475 3.14009479225955e-14
3534.2568 3.65815369532743e-14
3536.39885 3.33970928711493e-14
3538.5409 3.02079596146282e-14
3540.68295 3.10992347867835e-14
3542.825 3.19927969478963e-14
3544.96705 3.07116358982517e-14
3547.1091 2.94291602534729e-14
3549.25115 2.99149065436689e-14
3551.3932 3.04020589085574e-14
3553.53525 3.15621247399308e-14
3555.6773 3.27227258961268e-14
3557.81935 3.29580519776648e-14
3559.9614 3.31925987888913e-14
3562.10345 3.20570189859572e-14
3564.2455 3.09202228437108e-14
3566.38755 3.33516580238585e-14
3568.5296 3.5786759162602e-14
3570.67165 3.65254362671118e-14
3572.8137 3.7262290556719e-14
3574.95575 3.60845590061977e-14
3577.0978 3.49046759919903e-14
3579.23985 3.52673755000046e-14
3581.3819 3.56318808822625e-14
3583.52395 3.58684402437717e-14
3585.666 3.61048471393503e-14
3587.80805 3.43196947098258e-14
3589.9501 3.25320858847542e-14
3592.09215 3.4108068610152e-14
3594.2342 3.56882966646814e-14
3596.37625 3.58374693310883e-14
3598.5183 3.59846328353442e-14
3600.66035 3.74811435414988e-14
3602.8024 3.89796091996956e-14
3604.94445 3.77984827411217e-14
3607.0865 3.66133447345096e-14
3609.22855 3.71450849137415e-14
3611.3706 3.76796338542266e-14
3613.51265 3.56928232087515e-14
3615.6547 3.37017706222766e-14
3617.79675 3.23452405809853e-14
3619.9388 3.09898116825254e-14
3622.08085 3.26332927694239e-14
3624.2229 3.42819576979597e-14
3626.36495 3.45496438262146e-14
3628.507 3.48148769470542e-14
3630.64905 3.3604046737086e-14
3632.7911 3.23905263504773e-14
3634.93315 3.29616535617566e-14
3637.0752 3.35362874894374e-14
3639.21725 3.32095563884954e-14
3641.3593 3.28810126370462e-14
3643.50135 3.23499128147223e-14
3645.6434 3.18183996403203e-14
3647.78545 3.12491528421839e-14
3649.9275 3.06798315051482e-14
3652.06955 2.96013756041769e-14
3654.2116 2.8521852441692e-14
3656.35365 2.87151351958601e-14
3658.4957 2.89113385196303e-14
3660.63775 3.00500252394149e-14
3662.7798 3.1190873587281e-14
3664.92185 2.92254217246039e-14
3667.0639 2.72527006251735e-14
3669.20595 2.52778365323865e-14
3671.348 2.33029690514678e-14
3673.49005 2.43565611473054e-14
3675.6321 2.541752412385e-14
3677.77415 2.45108515867795e-14
3679.9162 2.35991137926845e-14
3682.05825 2.21951888698625e-14
3684.2003 2.07899747628948e-14
3686.34235 2.02979892280093e-14
3688.4844 1.98084380658142e-14
3690.62645 1.88337301483543e-14
3692.7685 1.78577279645511e-14
3694.91055 1.80731047261153e-14
3697.0526 1.82917171535381e-14
3699.19465 1.80448663417198e-14
3701.3367 1.77966856881743e-14
3703.47875 1.65116520038948e-14
3705.6208 1.52236079645207e-14
3707.76285 1.51215049189928e-14
3709.9049 1.50228984254711e-14
3712.04695 1.50409639441702e-14
3714.189 1.50593801345094e-14
3716.33105 1.51341019929844e-14
3718.4731 1.52090017283783e-14
3720.61515 1.52169655321483e-14
3722.7572 1.52247141895498e-14
3724.89925 1.39602794995146e-14
3727.0413 1.26917333115534e-14
3729.18335 1.32315109864218e-14
3731.3254 1.37772178919211e-14
3733.46745 1.31084150763292e-14
3735.6095 1.24356303588522e-14
3737.75155 1.21091211805423e-14
3739.8936 1.17837639670407e-14
3742.03565 1.23541381660298e-14
3744.1777 1.29275345785748e-14
3746.31975 1.3497169317801e-14
3748.4618 1.4066791351533e-14
3750.60385 1.37738001139789e-14
3752.7459 1.3477738381991e-14
3754.88795 1.44770890289853e-14
3757.03 1.54811127567496e-14
3759.17205 1.56609988378239e-14
3761.3141 1.58377966367725e-14
3763.45615 1.62501153348369e-14
3765.5982 1.66633268056278e-14
3767.74025 1.6578323661239e-14
3769.8823 1.64914045283236e-14
3772.02435 1.64058813057052e-14
3774.1664 1.63203631652845e-14
3776.30845 1.73060215246865e-14
3778.4505 1.82958472861889e-14
3780.59255 1.86737476474746e-14
3782.7346 1.90492407411242e-14
3784.87665 1.85780058193806e-14
3787.0187 1.8103316697278e-14
3789.16075 1.82881545329619e-14
3791.3028 1.84757130384725e-14
3793.44485 1.83314175877759e-14
3795.5869 1.81857363911776e-14
3797.72895 1.77925928249731e-14
3799.871 1.73984040201117e-14
3802.01305 1.73715073359046e-14
3804.1551 1.7346160721991e-14
3806.29715 1.74536339564045e-14
3808.4392 1.75616950316834e-14
3810.58125 1.72997839740629e-14
3812.7233 1.7036241530986e-14
3814.86535 1.74930684222968e-14
3817.0074 1.79531038744119e-14
3819.14945 1.76178922796019e-14
3821.2915 1.72790994294909e-14
3823.43355 1.72230512593711e-14
3825.5756 1.71682888852652e-14
3827.71765 1.74465968066787e-14
3829.8597 1.77264666568469e-14
3832.00175 1.85447953515846e-14
3834.1438 1.93656736154936e-14
3836.28585 1.9404015408884e-14
3838.4279 1.94386150107135e-14
3840.56995 1.92721154383376e-14
3842.712 1.91046553305995e-14
3844.85405 1.92737417415963e-14
3846.9961 1.94444544558518e-14
3849.13815 1.94901501892903e-14
3851.2802 1.95352242005455e-14
3853.42225 1.96984101800317e-14
3855.5643 1.9862189082581e-14
3857.70635 2.0804294701901e-14
3859.8484 2.17503458006894e-14
3861.99045 2.23719866688111e-14
3864.1325 2.29919690464221e-14
3866.27455 2.32594789918239e-14
3868.4166 2.35251356291372e-14
3870.55865 2.4372963093296e-14
3872.7007 2.52238771455146e-14
3874.84275 2.63266428920722e-14
3876.9848 2.74307571150817e-14
3879.12685 2.75677765527614e-14
3881.2689 2.76996240072651e-14
3883.41095 2.86110619516968e-14
3885.553 2.95267079558105e-14
3887.69505 3.04329857755276e-14
3889.8371 3.13392161613996e-14
3891.97915 3.1421879800788e-14
3894.1212 3.15000202842381e-14
3896.26325 3.15949692894935e-14
3898.4053 3.16900165505708e-14
3900.54735 3.15125767006482e-14
3902.6894 3.13335918626298e-14
3904.83145 3.23143306546741e-14
3906.9735 3.33017101850248e-14
3909.11555 3.40047170380598e-14
3911.2576 3.4706050153991e-14
3913.39965 3.44141422715764e-14
3915.5417 3.41163593686397e-14
3917.68375 3.49639242525849e-14
3919.8258 3.58183229983485e-14
3921.96785 3.59561894689754e-14
3924.1099 3.60897835054164e-14
3926.25195 3.58032220949649e-14
3928.394 3.55141365263306e-14
3930.53605 3.59700096585428e-14
3932.6781 3.64303957822981e-14
3934.82015 3.65136387922224e-14
3936.9622 3.65945473793441e-14
3939.10425 3.71259860148469e-14
3941.2463 3.76602367997345e-14
3943.38835 3.74600896905618e-14
3945.5304 3.7255321169629e-14
3947.67245 3.84722330761585e-14
3949.8145 3.96981608013786e-14
3951.95655 3.97917952114999e-14
3954.0986 3.98782433940967e-14
3956.24065 3.99919795901222e-14
3958.3827 4.01058919690007e-14
3960.52475 4.07272109646025e-14
3962.6668 4.13518435530939e-14
3964.80885 4.14235093166952e-14
3966.9509 4.14915396148869e-14
3969.09295 4.14661082976785e-14
3971.235 4.1440053564221e-14
3973.37705 4.13227699942124e-14
3975.5191 4.12048799486135e-14
3977.66115 4.10892430106544e-14
3979.8032 4.09736196252224e-14
3981.94525 4.07061130679523e-14
3984.0873 4.0437566354223e-14
3986.22935 3.98849857763568e-14
3988.3714 3.93304434701848e-14
3990.51345 3.85964623163346e-14
3992.6555 3.78612411062497e-14
3994.79755 3.70905597088609e-14
3996.9396 3.63196309778515e-14
3999.08165 3.60829564198615e-14
4001.2237 3.58500731813434e-14
4003.36575 3.57096351186886e-14
4005.5078 3.55698577417327e-14
4007.64985 3.47835367280058e-14
4009.7919 3.39925604212008e-14
4011.93395 3.35952985808068e-14
4014.076 3.32008861592473e-14
4016.21805 3.32011267166043e-14
4018.3601 3.32042810672999e-14
4020.50215 3.30869737803687e-14
4022.6442 3.29687720266453e-14
4024.78625 3.29092425511122e-14
4026.9283 3.28501535327118e-14
4029.07035 3.28881073850124e-14
4031.2124 3.29267896856476e-14
4033.35445 3.31224034744865e-14
4035.4965 3.3319196333188e-14
4037.63855 3.35469838214954e-14
4039.7806 3.37750050908962e-14
4041.92265 3.40021420579002e-14
4044.0647 3.42292756367723e-14
4046.20675 3.45950210752649e-14
4048.3488 3.49618439396664e-14
4050.49085 3.50826003447588e-14
4052.6329 3.5201432290995e-14
4054.77495 3.56642849746926e-14
4056.917 3.61298413875579e-14
4059.05905 3.64164129624048e-14
4061.2011 3.67015547456367e-14
4063.34315 3.70180096428627e-14
4065.4852 3.73347152618411e-14
4067.62725 3.77179129671789e-14
4069.7693 3.81016459973394e-14
4071.91135 3.82764939264434e-14
4074.0534 3.84496545659165e-14
4076.19545 3.85355030491866e-14
4078.3375 3.86206434129129e-14
4080.47955 3.86839438791271e-14
4082.6216 3.87470647743565e-14
4084.76365 3.89277369020058e-14
4086.9057 3.91093881997422e-14
4089.04775 3.9381329821524e-14
4091.1898 3.96540303848267e-14
4093.33185 3.96186413482904e-14
4095.4739 3.95806570028037e-14
4097.61595 3.95231231368944e-14
4099.758 3.94654198643957e-14
4101.90005 3.93892038398017e-14
4104.0421 3.93128285730137e-14
4106.18415 3.95146426430265e-14
4108.3262 3.97188656747413e-14
4110.46825 3.93875097739072e-14
4112.6103 3.9051515520654e-14
4114.75235 3.8685454985905e-14
4116.8944 3.83191335650082e-14
4119.03645 3.84477504358511e-14
4121.1785 3.85807007272521e-14
4123.32055 3.85674395794299e-14
4125.4626 3.85528909415279e-14
4127.60465 3.86365405272669e-14
4129.7467 3.87210608628757e-14
4131.88875 3.83631589494747e-14
4134.0308 3.80012319355083e-14
4136.17285 3.76926781616143e-14
4138.3149 3.73846156668297e-14
4140.45695 3.72736509626076e-14
4142.599 3.7164492132629e-14
4144.74105 3.6782886849232e-14
4146.8831 3.63987641839158e-14
4149.02515 3.57836827389376e-14
4151.1672 3.51664667709323e-14
4153.30925 3.49045438548506e-14
4155.4513 3.46459175909995e-14
4157.59335 3.47145814698357e-14
4159.7354 3.47863014435457e-14
4161.87745 3.49155010730563e-14
4164.0195 3.50452394155213e-14
4166.16155 3.46904511952344e-14
4168.3036 3.43310957732958e-14
4170.44565 3.4165494055844e-14
4172.5877 3.40017151532947e-14
4174.72975 3.39039235054683e-14
4176.8718 3.38067552738911e-14
4179.01385 3.37656707878175e-14
4181.1559 3.37251351790937e-14
4183.29795 3.3571656197183e-14
4185.44 3.34170726843091e-14
4187.58205 3.32208591961435e-14
4189.7241 3.30242357440315e-14
4191.86615 3.30316320357269e-14
4194.0082 3.3041040877705e-14
4196.15025 3.26864830503797e-14
4198.2923 3.23283236389627e-14
4200.43435 3.2200699490734e-14
4202.5764 3.20753657195947e-14
4204.71845 3.2006918681193e-14
4206.8605 3.19390374608e-14
4209.00255 3.15974866714128e-14
4211.1446 3.125319827154e-14
4213.28665 3.10466238763636e-14
4215.4287 3.08414352270889e-14
4217.57075 3.04193519332085e-14
4219.7128 2.99950832943242e-14
4221.85485 2.95123219482343e-14
4223.9969 2.90289541265542e-14
4226.13895 2.87286944992797e-14
4228.281 2.84303423902024e-14
4230.42305 2.83773265980338e-14
4232.5651 2.83268671512999e-14
4234.70715 2.81217818400448e-14
4236.8492 2.79150753077287e-14
4238.99125 2.76235943299195e-14
4241.1333 2.7331220579384e-14
4243.27535 2.69759766553714e-14
4245.4174 2.66200686575282e-14
4247.55945 2.62892243645943e-14
4249.7015 2.59586460400058e-14
4251.84355 2.59060622346402e-14
4253.9856 2.58564294920629e-14
4256.12765 2.57932781036474e-14
4258.2697 2.57299844136968e-14
4260.41175 2.52848448829921e-14
4262.5538 2.4835617571284e-14
4264.69585 2.45794510911118e-14
4266.8379 2.43253615357262e-14
4268.97995 2.40844145435503e-14
4271.122 2.38436132410412e-14
4273.26405 2.38223239149449e-14
4275.4061 2.38034604912096e-14
4277.54815 2.36147584912203e-14
4279.6902 2.34241726899563e-14
4281.83225 2.33594661490496e-14
4283.9743 2.32961622947036e-14
4286.11635 2.29761329184402e-14
4288.2584 2.26532304064197e-14
4290.40045 2.22981186195469e-14
4292.5425 2.19426493847704e-14
4294.68455 2.18697638937251e-14
4296.8266 2.1800053082166e-14
4298.96865 2.17268931524458e-14
4301.1107 2.165369425921e-14
4303.25275 2.13271749165047e-14
4305.3948 2.09977841321082e-14
4307.53685 2.09477363433868e-14
4309.6789 2.09008649282175e-14
4311.82095 2.08857521663726e-14
4313.963 2.08710087108927e-14
4316.10505 2.04921207091905e-14
4318.2471 2.01089856842907e-14
4320.38915 2.02013054992779e-14
4322.5312 2.02991937088602e-14
4324.67325 2.018389558408e-14
4326.8153 2.00660902417759e-14
4328.95735 1.98398850110139e-14
4331.0994 1.96124058426993e-14
4333.24145 1.9729062608327e-14
4335.3835 1.98497851321014e-14
4337.52555 1.99204225977048e-14
4339.6676 1.99904654461791e-14
4341.80965 2.01345897962203e-14
4343.9517 2.02795967545926e-14
4346.09375 2.06279610770075e-14
4348.2358 2.0978758078047e-14
4350.37785 2.10146553343516e-14
4352.5199 2.10467138373393e-14
4354.66195 2.10339304160994e-14
4356.804 2.10205981175096e-14
4358.94605 2.1405103641718e-14
4361.0881 2.17944948519662e-14
4363.23015 2.1966117279607e-14
4365.3722 2.21350546128051e-14
4367.51425 2.20520030323268e-14
4369.6563 2.19658411468662e-14
4371.79835 2.21413700904598e-14
4373.9404 2.23201397821097e-14
4376.08245 2.25447305680741e-14
4378.2245 2.27698905601792e-14
4380.36655 2.28273431109255e-14
4382.5086 2.28827034902922e-14
4384.65065 2.28779109778766e-14
4386.7927 2.28723663002039e-14
4388.93475 2.29676354839134e-14
4391.0768 2.30641921577027e-14
4393.21885 2.34049975580963e-14
4395.3609 2.3748933592263e-14
4397.50295 2.37084759105704e-14
4399.645 2.36630749445976e-14
4401.78705 2.3690239291216e-14
4403.9291 2.37183387622082e-14
4406.07115 2.40411159133525e-14
4408.2132 2.4367711489023e-14
4410.35525 2.42724118121275e-14
4412.4973 2.41716470786562e-14
4414.63935 2.38675165108128e-14
4416.7814 2.35607432001739e-14
4418.92345 2.34781862869368e-14
4421.0655 2.33985584136313e-14
4423.20755 2.3183664460847e-14
4425.3496 2.2966998515137e-14
4427.49165 2.28376498078277e-14
4429.6337 2.2709447983129e-14
4431.77575 2.23437160971635e-14
4433.9178 2.19748044495141e-14
4436.05985 2.16949244349505e-14
4438.2019 2.14162404309085e-14
4440.34395 2.12977049462038e-14
4442.486 2.11813293955147e-14
4444.62805 2.11275614380889e-14
4446.7701 2.10746422076762e-14
4448.91215 2.08675443461384e-14
4451.0542 2.06583593954186e-14
4453.19625 2.05584366126969e-14
4455.3383 2.04599978316988e-14
4457.48035 2.0422287924887e-14
4459.6224 2.03854030281659e-14
4461.76445 2.07053765002548e-14
4463.9065 2.10302305761858e-14
4466.04855 2.12777505440324e-14
4468.1906 2.15242100266291e-14
4470.33265 2.16200585808745e-14
4472.4747 2.17138420687945e-14
4474.61675 2.19388936406823e-14
4476.7588 2.21657527808795e-14
4478.90085 2.24036318197205e-14
4481.0429 2.26416667126238e-14
4483.18495 2.28819885944847e-14
4485.327 2.31223426635976e-14
4487.46905 2.35210681769245e-14
4489.6111 2.39220281631662e-14
4491.75315 2.42307174623318e-14
4493.8952 2.45380989426268e-14
4496.03725 2.46605782127339e-14
4498.1793 2.47804316807045e-14
4500.32135 2.4985430594599e-14
4502.4634 2.51916424596739e-14
4504.60545 2.53089616050663e-14
4506.7475 2.54250102010379e-14
4508.88955 2.53772697300647e-14
4511.0316 2.53271863659595e-14
4513.17365 2.54303973305824e-14
4515.3157 2.55358071927364e-14
4517.45775 2.53872952120284e-14
4519.5998 2.52351274371201e-14
4521.74185 2.54518797801907e-14
4523.8839 2.5674048051926e-14
4526.02595 2.58575560458827e-14
4528.168 2.60404965277648e-14
4530.31005 2.62330084819509e-14
4532.4521 2.64256627376721e-14
4534.59415 2.62903017905032e-14
4536.7362 2.61500924267442e-14
4538.87825 2.61663588474632e-14
4541.0203 2.61849461384578e-14
4543.16235 2.63336580189413e-14
4545.3044 2.64843079108082e-14
4547.44645 2.64726747603106e-14
4549.5885 2.64586275659133e-14
4551.73055 2.64145920170515e-14
4553.8726 2.63701109288594e-14
4556.01465 2.62355343341996e-14
4558.1567 2.60996092630878e-14
4560.29875 2.59048492834597e-14
4562.4408 2.57092066955006e-14
4564.58285 2.55829852338326e-14
4566.7249 2.54578107048873e-14
4568.86695 2.53921910624635e-14
4571.009 2.53274845215569e-14
4573.15105 2.51594958652597e-14
4575.2931 2.49899198692194e-14
4577.43515 2.50565491749163e-14
4579.5772 2.51268190282206e-14
4581.71925 2.52561778999252e-14
4583.8613 2.53864498731471e-14
4586.00335 2.53559719336389e-14
4588.1454 2.53230020232e-14
4590.28745 2.51903210882762e-14
4592.4295 2.50560951652566e-14
4594.57155 2.5149824443068e-14
4596.7136 2.52470977067307e-14
4598.85565 2.53289803817417e-14
4600.9977 2.54106208053299e-14
4603.13975 2.53852962142729e-14
4605.2818 2.53582978861121e-14
4607.42385 2.52405145666646e-14
4609.5659 2.51212895971409e-14
4611.70795 2.52307008429377e-14
4613.85 2.53437560244736e-14
4615.99205 2.54435483641215e-14
4618.1341 2.55431306395984e-14
4620.27615 2.5445322051113e-14
4622.4182 2.53443506416026e-14
4624.56025 2.52094453981593e-14
4626.7023 2.50739929714321e-14
4628.84435 2.50228643686699e-14
4630.9864 2.49730893245575e-14
4633.12845 2.49333871962538e-14
4635.2705 2.48938476982759e-14
4637.41255 2.48778726568907e-14
4639.5546 2.48622787803318e-14
4641.69665 2.47562573603899e-14
4643.8387 2.46487688793833e-14
4645.98075 2.43898800353186e-14
4648.1228 2.41285263253774e-14
4650.26485 2.38491765534388e-14
4652.4069 2.35695303199687e-14
4654.54895 2.34353077850809e-14
4656.691 2.33034925178292e-14
4658.83305 2.2819370836826e-14
4660.9751 2.23293978522231e-14
4663.11715 2.1997865768536e-14
4665.2592 2.16689730395125e-14
4667.40125 2.14984144852534e-14
4669.5433 2.1330493591592e-14
4671.68535 2.10081264043942e-14
4673.8274 2.0683179154839e-14
4675.96945 2.05074943571831e-14
4678.1115 2.03343100007875e-14
4680.25355 2.00362408007146e-14
4682.3956 1.97360743470643e-14
4684.53765 1.97792357579246e-14
4686.6797 1.98281824038147e-14
4688.82175 1.99134803156691e-14
4690.9638 1.99993982556409e-14
4693.10585 1.98067778812375e-14
4695.2479 1.96093819350776e-14
4697.38995 1.96148859551689e-14
4699.532 1.96238780569369e-14
4701.67405 1.96944342073773e-14
4703.8161 1.97660508430677e-14
4705.95815 1.98649080583417e-14
4708.1002 1.99642362239344e-14
4710.24225 1.99520169266373e-14
4712.3843 1.99378697823523e-14
4714.52635 1.98726363869525e-14
4716.6684 1.98065186891557e-14
4718.81045 1.98904223847789e-14
4720.9525 1.99769332478138e-14
4723.09455 1.99275292041322e-14
4725.2366 1.98757568563301e-14
4727.37865 1.97959392476445e-14
4729.5207 1.97156320539153e-14
4731.66275 1.97978975878185e-14
4733.8048 1.98830430337424e-14
4735.94685 1.97476837806394e-14
4738.0889 1.96084078471883e-14
4740.23095 1.94813444347706e-14
4742.373 1.93544978627875e-14
4744.51505 1.93445740247775e-14
4746.6571 1.93367389700154e-14
4748.79915 1.90848161249089e-14
4750.9412 1.882853275419e-14
4753.08325 1.85244614786528e-14
4755.2253 1.82195330057731e-14
4757.36735 1.79718571838641e-14
4759.5094 1.77252096599531e-14
4761.65145 1.76042702957442e-14
4763.7935 1.74855942035703e-14
4765.93555 1.73601215190276e-14
4768.0776 1.72345251676746e-14
4770.21965 1.70670108498279e-14
4772.3617 1.68987409785923e-14
4774.50375 1.68461080453158e-14
4776.6458 1.67955689774849e-14
4778.78785 1.67016025304483e-14
4780.9299 1.66068381783754e-14
4783.07195 1.65817185692916e-14
4785.214 1.65578830621559e-14
4787.35605 1.66137804604111e-14
4789.4981 1.66711500019286e-14
4791.64015 1.67974493906278e-14
4793.7822 1.69250244109456e-14
4795.92425 1.70398092337598e-14
4798.0663 1.71543585814147e-14
4800.20835 1.7068166202768e-14
4802.3504 1.69782417969557e-14
4804.49245 1.7098227402066e-14
4806.6345 1.72221246053268e-14
4808.77655 1.75134022952286e-14
4810.9186 1.78078004545081e-14
4813.06065 1.78404129170433e-14
4815.2027 1.7868134611341e-14
4817.34475 1.79141081715862e-14
4819.4868 1.79604222390762e-14
4821.62885 1.79015941068235e-14
4823.7709 1.78407669768153e-14
4825.91295 1.77756420016327e-14
4828.055 1.77104340172212e-14
4830.19705 1.75420320088458e-14
4832.3391 1.7371661495901e-14
4834.48115 1.71792393272073e-14
4836.6232 1.69863970301718e-14
4838.76525 1.69459986407855e-14
4840.9073 1.69085242091331e-14
4843.04935 1.66754224361146e-14
4845.1914 1.64385598368103e-14
4847.33345 1.62123088662692e-14
4849.4755 1.59862611836354e-14
4851.61755 1.58631500269497e-14
4853.7596 1.57420243154923e-14
4855.90165 1.55770917540689e-14
4858.0437 1.54113121596982e-14
4860.18575 1.50538473152979e-14
4862.3278 1.46926690784569e-14
4864.46985 1.45578620908355e-14
4866.6119 1.44274512042103e-14
4868.75395 1.42301535138722e-14
4870.896 1.40315412284001e-14
4873.03805 1.37466340732945e-14
4875.1801 1.3460026076031e-14
4877.32215 1.33119681049827e-14
4879.4642 1.3166646897387e-14
4881.60625 1.30752664419384e-14
4883.7483 1.29849540950362e-14
4885.89035 1.29575542732584e-14
4888.0324 1.29314038250779e-14
4890.17445 1.28565176422111e-14
4892.3165 1.27806641477186e-14
4894.45855 1.27634016162535e-14
4896.6006 1.27473054491569e-14
4898.74265 1.27625088435271e-14
4900.8847 1.27783356541466e-14
4903.02675 1.29854470682115e-14
4905.1688 1.31963845300992e-14
4907.31085 1.34384953455447e-14
4909.4529 1.36812363535029e-14
4911.59495 1.37442157942301e-14
4913.737 1.38035479110865e-14
4915.87905 1.38894548396299e-14
4918.0211 1.39759013281608e-14
4920.16315 1.39551380095248e-14
4922.3052 1.39321884988519e-14
4924.44725 1.39928369049082e-14
4926.5893 1.40551937764192e-14
4928.73135 1.41863432757744e-14
4930.8734 1.4318898849822e-14
4933.01545 1.4309632309379e-14
4935.1575 1.42974587518611e-14
4937.29955 1.43056597248564e-14
4939.4416 1.43142808261935e-14
4941.58365 1.43715809110094e-14
4943.7257 1.44298838828348e-14
4945.86775 1.44693505359792e-14
4948.0098 1.45084224717701e-14
4950.15185 1.45663341143739e-14
4952.2939 1.46246370861993e-14
4954.43595 1.46801804246826e-14
4956.578 1.47356661649254e-14
4958.72005 1.47899423421196e-14
4960.8621 1.48441931083253e-14
4963.00415 1.48428259971484e-14
4965.1462 1.48402899805044e-14
4967.28825 1.48362835146638e-14
4969.4303 1.48322482497031e-14
4971.57235 1.46888032200856e-14
4973.7144 1.4542420680207e-14
4975.85645 1.44905280537264e-14
4977.9985 1.44406310368696e-14
4980.14055 1.43305218359242e-14
4982.2826 1.42191386974262e-14
4984.42465 1.42576583677355e-14
4986.5667 1.42993577997288e-14
4988.70875 1.4374879257306e-14
4990.8508 1.44511257750861e-14
4992.99285 1.44382203811017e-14
4995.1349 1.44233973045247e-14
4997.27695 1.41832507584839e-14
4999.419 1.39382481725565e-14
5001.56105 1.38799113194132e-14
5003.7031 1.38256063430989e-14
5005.84515 1.38149667622484e-14
5007.9872 1.38052707761012e-14
5010.12925 1.3933824119473e-14
5012.2713 1.40653708772804e-14
5014.41335 1.40633075050209e-14
5016.5554 1.4058344738983e-14
5018.69745 1.39646027556774e-14
5020.8395 1.3868930384285e-14
5022.98155 1.40002958770417e-14
5025.1236 1.41366114303422e-14
5027.26565 1.41672968929224e-14
5029.4077 1.4195678425886e-14
5031.54975 1.42479971099391e-14
5033.6918 1.43008451895842e-14
5035.83385 1.43753231025704e-14
5037.9759 1.44502804362047e-14
5040.11795 1.4553228820614e-14
5042.26 1.46567972331407e-14
5044.40205 1.47335587469526e-14
5046.5441 1.48097222555038e-14
5048.68615 1.47049459739944e-14
5050.8282 1.45961462859855e-14
5052.97025 1.471015522662e-14
5055.1123 1.48291294743913e-14
5057.25435 1.48800226019942e-14
5059.3964 1.49293944584237e-14
5061.53845 1.50422073885367e-14
5063.6805 1.51564399458693e-14
5065.82255 1.5280531966708e-14
5067.9646 1.54048459101788e-14
5070.10665 1.54317392062541e-14
5072.2487 1.54564454632597e-14
5074.39075 1.56053894307707e-14
5076.5328 1.5757157406128e-14
5078.67485 1.58847544493024e-14
5080.8169 1.60117992269952e-14
5082.95895 1.60579167828414e-14
5085.101 1.61021878068626e-14
5087.24305 1.61504043103521e-14
5089.3851 1.61987122933999e-14
5091.52715 1.62194527421463e-14
5093.6692 1.623956299838e-14
5095.81125 1.63527181298037e-14
5097.9533 1.64680060901886e-14
5100.09535 1.65590096159757e-14
5102.2374 1.66494541000177e-14
5104.37945 1.68074765666574e-14
5106.5215 1.69670541857883e-14
5108.66355 1.71085188523752e-14
5110.8056 1.7249566778752e-14
5112.94765 1.73527557205183e-14
5115.0897 1.7455070524283e-14
5117.23175 1.75559572304987e-14
5119.3738 1.76568100553965e-14
5121.51585 1.76298913483327e-14
5123.6579 1.75999809208993e-14
5125.79995 1.77077438405808e-14
5127.942 1.78187288735936e-14
5130.08405 1.78403959763844e-14
5132.2261 1.78599675196636e-14
5134.36815 1.78585140111261e-14
5136.5102 1.78565675294133e-14
5138.65225 1.78448056299078e-14
5140.7943 1.78328133374405e-14
5142.93635 1.78987379117253e-14
5145.0784 1.79665039356375e-14
5147.22045 1.781608951893e-14
5149.3625 1.76605234478372e-14
5151.50455 1.75511935172033e-14
5153.6466 1.74429545650055e-14
5155.78865 1.72354789267732e-14
5157.9307 1.70256485369476e-14
5160.07275 1.71026709369073e-14
5162.2148 1.71865085639607e-14
5164.35685 1.71413159680929e-14
5166.4989 1.70930266197699e-14
5168.64095 1.69917197852124e-14
5170.783 1.68891373190363e-14
5172.92505 1.67476082779455e-14
5175.0671 1.66051390302832e-14
5177.20915 1.66145766713815e-14
5179.3512 1.66276819651414e-14
5181.49325 1.66449817660562e-14
5183.6353 1.66623832109246e-14
5185.77735 1.65642036220083e-14
5187.9194 1.64632254362343e-14
5190.06145 1.66089422082164e-14
5192.2035 1.67606407268719e-14
5194.34555 1.68208410524992e-14
5196.4876 1.68788187636729e-14
5198.62965 1.68485475002039e-14
5200.7717 1.68161281611807e-14
5202.91375 1.69434422953507e-14
5205.0558 1.70746510870122e-14
5207.19785 1.72536376190965e-14
5209.3399 1.74338015269775e-14
5211.48195 1.73888393240713e-14
5213.624 1.73383205850312e-14
5215.76605 1.72420586787075e-14
5217.9081 1.71446651363663e-14
5220.05015 1.72264631080827e-14
5222.1922 1.73127012265085e-14
5224.33425 1.73753901349348e-14
5226.4763 1.74374962846934e-14
5228.61835 1.73823290288387e-14
5230.7604 1.73242496737114e-14
5232.90245 1.72877628824755e-14
5235.0445 1.72518114160622e-14
5237.18655 1.70842649109635e-14
5239.3286 1.6913438694293e-14
5241.47065 1.67353923687802e-14
5243.6127 1.65571647782166e-14
5245.75475 1.64661663346272e-14
5247.8968 1.63773684826347e-14
5250.03885 1.61066584467582e-14
5252.1809 1.58313507160439e-14
5254.32295 1.55624228374883e-14
5256.465 1.52936575892586e-14
5258.60705 1.49887172579176e-14
5260.7491 1.46828570487959e-14
5262.89115 1.42982041408547e-14
5265.0332 1.39115471529602e-14
5267.17525 1.35995739070582e-14
5269.3173 1.32894997090238e-14
5271.45935 1.303860939708e-14
5273.6014 1.27892251097165e-14
5275.74345 1.26458376783394e-14
5277.8855 1.25051539761299e-14
5280.02755 1.23497767933844e-14
5282.1696 1.21940235280104e-14
5284.31165 1.20614865886876e-14
5286.4537 1.19295442664938e-14
5288.59575 1.17714447198558e-14
5290.7378 1.1612669240926e-14
5292.87985 1.1541640446101e-14
5295.0219 1.14728859347394e-14
5297.16395 1.13597833193584e-14
5299.306 1.12455295862022e-14
5301.44805 1.11504916424873e-14
5303.5901 1.10559534482113e-14
5305.73215 1.10161361234267e-14
5307.8742 1.09777418139936e-14
5310.01625 1.10500335349429e-14
5312.1583 1.11252094030776e-14
5314.30035 1.11642228935952e-14
5316.4424 1.12022927894096e-14
5318.58445 1.10685886386855e-14
5320.7265 1.09303918252091e-14
5322.86855 1.09483108072083e-14
5325.0106 1.09703201113098e-14
5327.15265 1.10017831501355e-14
5329.2947 1.10334935225819e-14
5331.43675 1.10370010860165e-14
5333.5788 1.10397607193586e-14
5335.72085 1.10723553942019e-14
5337.8629 1.11057428918838e-14
5340.00495 1.10802937869836e-14
5342.147 1.10532802122297e-14
5344.28905 1.12073910807191e-14
5346.4311 1.13663198726124e-14
5348.57315 1.14508901831651e-14
5350.7152 1.15334792836542e-14
5352.85725 1.15067071132903e-14
5354.9993 1.14770143733243e-14
5357.14135 1.15647060002877e-14
5359.2834 1.16555367313535e-14
5361.42545 1.18496012969319e-14
5363.5675 1.2046432272116e-14
5365.70955 1.21445407102647e-14
5367.8516 1.22400030174862e-14
5369.99365 1.23356982587681e-14
5372.1357 1.24313994292807e-14
5374.27775 1.2500175116466e-14
5376.4198 1.25682206612507e-14
5378.56185 1.263715559063e-14
5380.7039 1.27061142369319e-14
5382.84595 1.26029337654951e-14
5384.988 1.24950632726293e-14
5387.13005 1.2487632252583e-14
5389.2721 1.24829363019234e-14
5391.41415 1.24660058073737e-14
5393.5562 1.24487407348098e-14
5395.69825 1.24826779568745e-14
5397.8403 1.2518016171434e-14
5399.98235 1.25922416686019e-14
5402.1244 1.26675327332174e-14
5404.26645 1.26142687603952e-14
5406.4085 1.25574777423807e-14
5408.55055 1.25581672271997e-14
5410.6926 1.25604330403336e-14
5412.83465 1.25424132614137e-14
5414.9767 1.25238344407487e-14
5417.11875 1.243475029162e-14
5419.2608 1.23437238959434e-14
5421.40285 1.23474169595934e-14
5423.5449 1.23537459897753e-14
5425.68695 1.23034610318286e-14
5427.829 1.22516005926e-14
5429.97105 1.20851637006622e-14
5432.1131 1.19155318004474e-14
5434.25515 1.19097999284933e-14
5436.3972 1.19086454225862e-14
5438.53925 1.19292291702374e-14
5440.6813 1.19504210875448e-14
5442.82335 1.1818333075684e-14
5444.9654 1.16819489127148e-14
5447.10745 1.15036916759981e-14
5449.2495 1.13242604516165e-14
5451.39155 1.13097084255827e-14
5453.5336 1.12997862816385e-14
5455.67565 1.11829804382122e-14
5457.8177 1.1063168474856e-14
5459.95975 1.0862529239541e-14
5462.1018 1.06596131796638e-14
5464.24385 1.05769105767598e-14
5466.3859 1.0497624904765e-14
5468.52795 1.03701574576316e-14
5470.67 1.02413178171236e-14
5472.81205 1.01580163619258e-14
5474.9541 1.00760134082362e-14
5477.09615 1.00508285776155e-14
5479.2382 1.00272666621218e-14
5481.38025 9.99401045454667e-15
5483.5223 9.96047726719781e-15
5485.66435 9.87820580406395e-15
5487.8064 9.79453927766596e-15
5489.94845 9.85181479852635e-15
5492.0905 9.91313066654514e-15
5494.23255 1.00025333000619e-14
5496.3746 1.00927423089445e-14
5498.51665 1.02145812221435e-14
5500.6587 1.03373298487278e-14
5502.80075 1.04463099547545e-14
5504.9428 1.05548928023289e-14
5507.08485 1.06161451428766e-14
5509.2269 1.06760210548851e-14
5511.36895 1.0744288522302e-14
5513.511 1.08128007822407e-14
5515.65305 1.10241880186233e-14
5517.7951 1.12397418100736e-14
5519.93715 1.14297524759664e-14
5522.0792 1.16190177528656e-14
5524.22125 1.16793298868419e-14
5526.3633 1.17358744182688e-14
5528.50535 1.18848895365475e-14
5530.6474 1.20366100780597e-14
5532.78945 1.22474823184104e-14
5534.9315 1.24600884352042e-14
5537.07355 1.26161788196913e-14
5539.2156 1.27706090196017e-14
5541.35765 1.2847140987485e-14
5543.4997 1.29213817312459e-14
5545.64175 1.30130323902048e-14
5547.7838 1.31051988922284e-14
5549.92585 1.32587007440287e-14
5552.0679 1.34140245636985e-14
5554.20995 1.35438958903363e-14
5556.352 1.36730099695192e-14
5558.49405 1.37469703453746e-14
5560.6361 1.38192874773123e-14
5562.77815 1.39003680121224e-14
5564.9202 1.3981711127146e-14
5567.06225 1.40694883044371e-14
5569.2043 1.415745860524e-14
5571.34635 1.41007251854659e-14
5573.4884 1.40396642743642e-14
5575.63045 1.41637842472901e-14
5577.7725 1.42934522860206e-14
5579.91455 1.43601578246827e-14
5582.0566 1.44249744798725e-14
5584.19865 1.42473872462171e-14
5586.3407 1.40624655542714e-14
5588.48275 1.39101199024441e-14
5590.6248 1.37587618910333e-14
5592.76685 1.36798455254035e-14
5594.9089 1.36031272102719e-14
5597.05095 1.35531107617695e-14
5599.193 1.35039049237976e-14
5601.33505 1.3465951071497e-14
5603.4771 1.34283394205071e-14
5605.61915 1.34853752310434e-14
5607.7612 1.35452934946993e-14
5609.90325 1.36213104665506e-14
5612.0453 1.36978187175113e-14
5614.18735 1.37867114371939e-14
5616.3294 1.38759827806039e-14
5618.47145 1.38928438184519e-14
5620.6135 1.39074898651429e-14
5622.75555 1.39430923539819e-14
5624.8976 1.39793368937949e-14
5627.03965 1.4015901612062e-14
5629.1817 1.40524748006585e-14
5631.32375 1.41516411829583e-14
5633.4658 1.42527438825755e-14
5635.60785 1.42598047492238e-14
5637.7499 1.42639501284677e-14
5639.89195 1.41782803691494e-14
5642.034 1.40898213303359e-14
5644.17605 1.40346904968979e-14
5646.3181 1.39805930436557e-14
5648.46015 1.40578526128406e-14
5650.6022 1.41391957278643e-14
5652.74425 1.41851972401967e-14
5654.8863 1.42300976096977e-14
5657.02835 1.42008072103817e-14
5659.1704 1.41692027170537e-14
5661.31245 1.42334433898394e-14
5663.4545 1.43006774770606e-14
5665.59655 1.43348044345055e-14
5667.7386 1.43678963176888e-14
5669.88065 1.43522939708004e-14
5672.0227 1.43351686586728e-14
5674.16475 1.44010593516397e-14
5676.3068 1.44695707645455e-14
5678.44885 1.43543810599825e-14
5680.5909 1.42333773212695e-14
5682.73295 1.41292778190849e-14
5684.875 1.40257136417229e-14
5687.01705 1.41905716642471e-14
5689.1591 1.43639372856934e-14
5691.30115 1.42953631923496e-14
5693.4432 1.42191098983059e-14
5695.58525 1.42960001611259e-14
5697.7273 1.43777574752608e-14
5699.86935 1.43528818116658e-14
5702.0114 1.43246129340842e-14
5704.15345 1.43764411860607e-14
5706.2955 1.44308207012745e-14
5708.43755 1.43758736739861e-14
5710.5796 1.43174419531527e-14
5712.72165 1.43518281026794e-14
5714.8637 1.43891805615875e-14
5717.00575 1.43136912912623e-14
5719.1478 1.42345631673957e-14
5721.28985 1.42674365160786e-14
5723.4319 1.43039266954463e-14
5725.57395 1.44003275151733e-14
5727.716 1.4498661264086e-14
5729.85805 1.44175815763089e-14
5732.0001 1.43306980187772e-14
5734.14215 1.42352340174899e-14
5736.2842 1.41394913423629e-14
5738.42625 1.4115994648406e-14
5740.5683 1.40948416946143e-14
5742.71035 1.39883662650126e-14
5744.8524 1.38791184965746e-14
5746.99445 1.38589159137496e-14
5749.1365 1.38416067954725e-14
5751.27855 1.38633645307886e-14
5753.4206 1.38863945095915e-14
5755.56265 1.37355752111352e-14
5757.7047 1.35790909563276e-14
5759.84675 1.35015484781383e-14
5761.9888 1.34265826741745e-14
5764.13085 1.3448671599373e-14
5766.2729 1.34739529917497e-14
5768.41495 1.34090753501877e-14
5770.557 1.33412288581456e-14
5772.69905 1.3242331832323e-14
5774.8411 1.31424115907002e-14
5776.98315 1.30859941142153e-14
5779.1252 1.3031014899675e-14
5781.26725 1.29691408369439e-14
5783.4093 1.29070389223501e-14
5785.55135 1.28106897716329e-14
5787.6934 1.27132081378651e-14
5789.83545 1.27640224914039e-14
5791.9775 1.28197513301026e-14
5794.11955 1.28507442656426e-14
5796.2616 1.28809172732897e-14
5798.40365 1.27598982879837e-14
5800.5457 1.26338555502675e-14
5802.68775 1.27274594672027e-14
5804.8298 1.28283741255056e-14
5806.97185 1.28102518555991e-14
5809.1139 1.27881383664452e-14
5811.25595 1.28524171557134e-14
5813.398 1.29195970328261e-14
5815.54005 1.28817761646982e-14
5817.6821 1.28404248632462e-14
5819.82415 1.28415437937695e-14
5821.9662 1.28440925159078e-14
5824.10825 1.28416945656342e-14
5826.2503 1.28391297498699e-14
5828.39235 1.28693637438892e-14
5830.5344 1.29007048099705e-14
5832.67645 1.29157819964316e-14
5834.8185 1.293030945851e-14
5836.96055 1.29597650292508e-14
5839.1026 1.29897262786611e-14
5841.24465 1.30382265381879e-14
5843.3867 1.30873552961616e-14
5845.52875 1.3166935735622e-14
5847.6708 1.32475554845087e-14
5849.81285 1.32389420064681e-14
5851.9549 1.32272792098174e-14
5854.09695 1.32196228790071e-14
5856.239 1.32121046145673e-14
5858.38105 1.31961770070271e-14
5860.5231 1.31799622553178e-14
5862.66515 1.30976611460308e-14
5864.8072 1.30130908354781e-14
5866.94925 1.29640772739852e-14
5869.0913 1.29162842869694e-14
5871.23335 1.29570341950288e-14
5873.3754 1.30008283395007e-14
5875.51745 1.30296215304767e-14
5877.6595 1.30578988783879e-14
5879.80155 1.29738579634272e-14
5881.9436 1.28859452608646e-14
5884.08565 1.28368012562979e-14
5886.2277 1.27890048811502e-14
5888.36975 1.2832012979047e-14
5890.5118 1.28781788157712e-14
5892.65385 1.2807218630615e-14
5894.7959 1.27321782877519e-14
5896.93795 1.2693555279423e-14
5899.08 1.2656201973482e-14
5901.22205 1.28045420065017e-14
5903.3641 1.29593694648644e-14
5905.50615 1.29565217400957e-14
5907.6482 1.2948166607104e-14
5909.79025 1.29775628855385e-14
5911.9323 1.30082796883377e-14
5914.07435 1.31223623208387e-14
5916.2164 1.32393655229417e-14
5918.35845 1.31937434813697e-14
5920.5005 1.31424158258649e-14
5922.64255 1.31281035101551e-14
5924.7846 1.31150905429865e-14
5926.92665 1.31747377560992e-14
5929.0687 1.32369548671738e-14
5931.21075 1.31928320739184e-14
5933.3528 1.31449416781136e-14
5935.49485 1.30653536153567e-14
5937.6369 1.29846406928457e-14
5939.77895 1.3036507061305e-14
5941.921 1.30930846270168e-14
5944.06305 1.31050150860789e-14
5946.2051 1.31153598994637e-14
5948.34715 1.31517992568546e-14
5950.4892 1.31891669623557e-14
5952.63125 1.32436735325115e-14
5954.7733 1.32987899663893e-14
5956.91535 1.3272345597776e-14
5959.0574 1.3242990823956e-14
5961.19945 1.32241561993408e-14
5963.3415 1.32056968103213e-14
5965.48355 1.32271199676233e-14
5967.6256 1.32499686813755e-14
5969.76765 1.32370598992593e-14
5971.9097 1.32228712503599e-14
5974.05175 1.32177746531162e-14
5976.1938 1.32130067046561e-14
5978.33585 1.3274674938381e-14
5980.4779 1.33387436634783e-14
5982.61995 1.33139848904301e-14
5984.762 1.32860158625118e-14
5986.90405 1.32390216275651e-14
5989.0461 1.31913396018654e-14
5991.18815 1.32740913326803e-14
5993.3302 1.3361569507341e-14
5995.47225 1.32688634453299e-14
5997.6143 1.31696191359989e-14
5999.75635 1.31661386776187e-14
6001.8984 1.31661369835528e-14
6004.04045 1.32192188442913e-14
6006.1825 1.32742293990507e-14
6008.32455 1.32278297812331e-14
6010.4666 1.31777404878972e-14
6012.60865 1.31525107645303e-14
6014.7507 1.3128186519384e-14
6016.89275 1.31576395490259e-14
6019.0348 1.31890670124679e-14
6021.17685 1.30960543245299e-14
6023.3189 1.2998463423512e-14
6025.46095 1.29414233778109e-14
6027.603 1.28858758041629e-14
6029.74505 1.27991879112421e-14
6031.8871 1.27113522886777e-14
6034.02915 1.26548873783478e-14
6036.1712 1.2599578667991e-14
6038.31325 1.25844260955976e-14
6040.4553 1.25707558308618e-14
6042.59735 1.25578487428116e-14
6044.7394 1.25449696068486e-14
6046.88145 1.25027484025597e-14
6049.0235 1.24594413020325e-14
6051.16555 1.23484173055041e-14
6053.3076 1.22348852444189e-14
6055.44965 1.22276575122799e-14
6057.5917 1.22243727185105e-14
6059.73375 1.22125693143905e-14
6061.8758 1.22004491199482e-14
6064.01785 1.20083013899295e-14
6066.1599 1.18094231361119e-14
6068.30195 1.17394988722501e-14
6070.444 1.16744035432207e-14
6072.58605 1.15936973969734e-14
6074.7281 1.15124067979924e-14
6076.87015 1.13896268311891e-14
6079.0122 1.12652883237628e-14
6081.15425 1.12677794476606e-14
6083.2963 1.12750368259527e-14
6085.43835 1.09914002202681e-14
6087.5804 1.06968292662673e-14
6089.72245 1.05552714260563e-14
6091.8645 1.04194734098866e-14
6094.00655 1.02977310584436e-14
6096.1486 1.01765181025927e-14
6098.29065 9.90783078139417e-15
6100.4327 9.63357760669923e-15
6102.57475 9.35181294382803e-15
6104.7168 9.06976367788656e-15
6106.85885 8.96939535583461e-15
6109.0009 8.87593882263225e-15
6111.14295 8.67679544750213e-15
6113.285 8.47362612477372e-15
6115.42705 8.2686534689006e-15
6117.5691 8.06361220335875e-15
6119.71115 8.02454958493022e-15
6121.8532 7.99182616107895e-15
6123.99525 7.73422057192934e-15
6126.1373 7.46802691572752e-15
6128.27935 7.11250516490826e-15
6130.4214 6.75356648317978e-15
6132.56345 6.65753073465303e-15
6134.7055 6.57156239622088e-15
6136.84755 6.43687314617913e-15
6138.9896 6.30031618848868e-15
6141.13165 6.09916746285594e-15
6143.2737 5.89553904827012e-15
6145.41575 5.83739065995758e-15
6147.5578 5.78486445283245e-15
6149.69985 5.63933826326353e-15
6151.8419 5.4902134542182e-15
6153.98395 5.35123355878213e-15
6156.126 5.21264711015007e-15
6158.26805 5.24870911436295e-15
6160.4101 5.29154653512091e-15
6162.55215 5.26549476627869e-15
6164.6942 5.23676976145492e-15
6166.83625 5.10778697237883e-15
6168.9783 4.97490994932773e-15
6171.12035 4.97392993220776e-15
6173.2624 4.97808081716578e-15
6175.40445 5.01650223165323e-15
6177.5465 5.05625899358203e-15
6179.68855 5.06868200230294e-15
6181.8306 5.08003859654325e-15
6183.97265 5.13552560733551e-15
6186.1147 5.19274437698843e-15
6188.25675 5.29107727886813e-15
6190.3988 5.39102589609472e-15
6192.54085 5.4098262158755e-15
6194.6829 5.42543322144514e-15
6196.82495 5.46076974193869e-15
6198.967 5.49688341516135e-15
6201.10905 5.62196180586708e-15
6203.2511 5.75054987758975e-15
6205.39315 5.76663418622517e-15
6207.5352 5.77828004221697e-15
6209.67725 5.91563871659199e-15
6211.8193 6.05796312162028e-15
6213.96135 6.25847826660848e-15
6216.1034 6.46129480011436e-15
6218.24545 6.61877050698667e-15
6220.3875 6.77445092752728e-15
6222.52955 6.92103421421437e-15
6224.6716 7.06725708838241e-15
6226.81365 7.14407916505011e-15
6228.9557 7.21813186749676e-15
6231.09775 7.28064713416887e-15
6233.2398 7.34270161491767e-15
6235.38185 7.40196258100642e-15
6237.5239 7.46111089171319e-15
6239.66595 7.58235179965138e-15
6241.808 7.70607959632271e-15
6243.95005 7.85905120549799e-15
6246.0921 8.01319426123933e-15
6248.23415 8.17158349314525e-15
6250.3762 8.33014297867357e-15
6252.51825 8.47148313141716e-15
6254.6603 8.6121304112099e-15
6256.80235 8.74938447701593e-15
6258.9444 8.88650217051746e-15
6261.08645 8.88330631520747e-15
6263.2285 8.87446159717224e-15
6265.37055 8.8616570001086e-15
6267.5126 8.84869400788382e-15
6269.65465 9.05937058362375e-15
6271.7967 9.27906213102131e-15
6273.93875 9.29745968663567e-15
6276.0808 9.30768252727608e-15
6278.22285 9.32395487722578e-15
6280.3649 9.34047286673019e-15
6282.50695 9.36205780732507e-15
6284.649 9.38384857692614e-15
6286.79105 9.41065039344316e-15
6288.9331 9.43765549786752e-15
6291.07515 9.54079361765699e-15
6293.2172 9.6470352661652e-15
6295.35925 9.72397380986315e-15
6297.5013 9.79971549600663e-15
6299.64335 9.85352665211275e-15
6301.7854 9.90644164736067e-15
6303.92745 9.98630838395728e-15
6306.0695 1.00672762633853e-14
6308.21155 1.01222724185846e-14
6310.3536 1.01762055474352e-14
6312.49565 1.02149818687275e-14
6314.6377 1.02531364678366e-14
6316.77975 1.03344025028621e-14
6318.9218 1.04174473070768e-14
6321.06385 1.05181349605498e-14
6323.2059 1.06195493682916e-14
6325.34795 1.06893813055621e-14
6327.49 1.07579088120939e-14
6329.63205 1.084459246985e-14
6331.7741 1.09320274458303e-14
6333.91615 1.08313414864231e-14
6336.0582 1.07228628239012e-14
6338.20025 1.06509505737123e-14
6340.3423 1.05805545124989e-14
6342.48435 1.06095348977563e-14
6344.6264 1.0642636945335e-14
6346.76845 1.07055486234264e-14
6348.9105 1.07696978166537e-14
6351.05255 1.0727346169291e-14
6353.1946 1.0680567080713e-14
6355.33665 1.0706244884509e-14
6357.4787 1.07349381255973e-14
6359.62075 1.07995362462867e-14
6361.7628 1.08656302271609e-14
6363.90485 1.09092727527352e-14
6366.0469 1.09519742247052e-14
6368.18895 1.08898435109911e-14
6370.331 1.08233116140831e-14
6372.47305 1.07747817084032e-14
6374.6151 1.07270082031451e-14
6376.75715 1.07068293372426e-14
6378.8992 1.06878117535109e-14
6381.04125 1.06143595974238e-14
6383.1833 1.05386136761156e-14
6385.32535 1.05609880514173e-14
6387.4674 1.05874959475017e-14
6389.60945 1.06692608849331e-14
6391.7515 1.07533568570353e-14
6393.89355 1.07077797082094e-14
6396.0356 1.06567264913796e-14
6398.17765 1.05954809270954e-14
6400.3197 1.05338042230411e-14
6402.46175 1.05086752965949e-14
6404.6038 1.04851006756069e-14
6406.74585 1.04813838950344e-14
6408.8879 1.04785124533432e-14
6411.02995 1.04935896398043e-14
6413.172 1.05094316970168e-14
6415.31405 1.04991876805527e-14
6417.4561 1.0487829815763e-14
6419.59815 1.04665608184574e-14
6421.7402 1.04448683046782e-14
6423.88225 1.04253840057925e-14
6426.0243 1.04059945745969e-14
6428.16635 1.03358500821689e-14
6430.3084 1.02635329502312e-14
6432.45045 1.02867958630946e-14
6434.5925 1.0314154180258e-14
6436.73455 1.02341654709169e-14
6438.8766 1.01495731375076e-14
6441.01865 1.01278018496643e-14
6443.1607 1.01087410672523e-14
6445.30275 1.00284160858312e-14
6447.4448 9.94544497348289e-15
6449.58685 9.79399463548088e-15
6451.7289 9.63958307029526e-15
6453.87095 9.60436259331548e-15
6456.013 9.57430224105037e-15
6458.15505 9.50984303376432e-15
6460.2971 9.44389220145815e-15
6462.43915 9.43464006057529e-15
6464.5812 9.42784600930537e-15
6466.72325 9.47838507713624e-15
6468.8653 9.53141272776615e-15
6471.00735 9.39180052223496e-15
6473.1494 9.243817937119e-15
6475.29145 9.17207424648656e-15
6477.4335 9.10364753687557e-15
6479.57555 9.1144209489317e-15
6481.7176 9.12864347914905e-15
6483.85965 9.14992348788292e-15
6486.0017 9.17151266364253e-15
6488.14375 9.07705154936473e-15
6490.2858 8.97750061410688e-15
6492.42785 8.97742692224047e-15
6494.5699 8.98172137928305e-15
6496.71195 9.02258140162565e-15
6498.854 9.06504739843625e-15
6500.99605 8.9952036027045e-15
6503.1381 8.92042329895615e-15
6505.28015 8.95245469688952e-15
6507.4222 8.9891862806472e-15
6509.56425 8.96203548655591e-15
6511.7063 8.93206915494795e-15
6513.84835 8.85980623311884e-15
6515.9904 8.78567729770694e-15
6518.13245 8.77962863543059e-15
6520.2745 8.77658609308406e-15
6522.41655 8.74982916931324e-15
6524.5586 8.72202531281962e-15
6526.70065 8.67248150870177e-15
6528.8427 8.6219712399911e-15
6530.98475 8.64284636697618e-15
6533.1268 8.66689956157936e-15
6535.26885 8.66115244303224e-15
6537.4109 8.65407717682383e-15
6539.55295 8.59463240458552e-15
6541.695 8.53285151547869e-15
6543.83705 8.56142701898726e-15
6545.9791 8.59403439932476e-15
6548.12115 8.59026256161063e-15
6550.2632 8.58486611470368e-15
6552.40525 8.49011446812497e-15
6554.5473 8.39136567306817e-15
6556.68935 8.39814024258031e-15
6558.8314 8.40963871483929e-15
6560.97345 8.37676790725519e-15
6563.1155 8.34190826631094e-15
6565.25755 8.40658007886675e-15
6567.3996 8.4757140609887e-15
6569.54165 8.47416314366228e-15
6571.6837 8.46942145322355e-15
6573.82575 8.43991506050594e-15
6575.9678 8.40928889023207e-15
6578.10985 8.361723755079e-15
6580.2519 8.31339205510867e-15
6582.39395 8.20299316889534e-15
6584.536 8.08978636846185e-15
6586.67805 8.14233205734477e-15
6588.8201 8.20238415220626e-15
6590.96215 8.22419016840038e-15
6593.1042 8.24426146111851e-15
6595.24625 8.1716631142423e-15
6597.3883 8.09486009581591e-15
6599.53035 8.1427411742583e-15
6601.6724 8.19628720905193e-15
6603.81445 8.14732785766768e-15
6605.9565 8.09371151913943e-15
6608.09855 8.06868677774575e-15
6610.2406 8.04496307895905e-15
6612.38265 8.09687349313153e-15
6614.5247 8.15222794326755e-15
6616.66675 8.07438476838193e-15
6618.8088 7.99043448594661e-15
6620.95085 7.93221960554771e-15
6623.0929 7.87518464204435e-15
6625.23495 7.83892146750649e-15
6627.377 7.8036112050343e-15
6629.51905 7.80521463840346e-15
6631.6611 7.80851467876596e-15
6633.80315 7.72049016785434e-15
6635.9452 7.62826437352435e-15
6638.08725 7.557418537816e-15
6640.2293 7.48755695439236e-15
6642.37135 7.49026068356e-15
6644.5134 7.4963068047375e-15
6646.65545 7.53530335459614e-15
6648.7975 7.57581948156215e-15
6650.93955 7.44190780776598e-15
6653.0816 7.29994677987206e-15
6655.22365 7.37407740934986e-15
6657.3657 7.45819201617695e-15
6659.50775 7.54045331491544e-15
6661.6498 7.62262991035921e-15
6663.79185 7.5328774522352e-15
6665.9339 7.43512815605616e-15
6668.07595 7.43347305367723e-15
6670.218 7.43629282635863e-15
6672.36005 7.42171708340228e-15
6674.5021 7.40633072991541e-15
6676.64415 7.36021740923394e-15
6678.7862 7.31267006177276e-15
6680.92825 7.3385579297397e-15
6683.0703 7.36787289301122e-15
6685.21235 7.32612179200811e-15
6687.3544 7.28105116888471e-15
6689.49645 7.27160675152282e-15
6691.6385 7.26382760093524e-15
6693.78055 7.30725582717391e-15
6695.9226 7.35308115665332e-15
6698.06465 7.23286346451541e-15
6700.2067 7.10486323365813e-15
6702.34875 7.08966830961734e-15
6704.4908 7.07978936435351e-15
6706.63285 7.12797537465691e-15
6708.7749 7.17889984247879e-15
6710.91695 7.1197871071558e-15
6713.059 7.05547697766847e-15
6715.20105 7.02665583460519e-15
6717.3431 6.99951224029396e-15
6719.48515 6.98434865647221e-15
6721.6272 6.96975258472512e-15
6723.76925 6.94619702197845e-15
6725.9113 6.92221751924169e-15
6728.05335 6.96961367132177e-15
6730.1954 7.02039160244377e-15
6732.33745 7.03415546432018e-15
6734.4795 7.04616385041341e-15
6736.62155 7.05880158198644e-15
6738.7636 7.07146895971263e-15
6740.90565 7.02419054521221e-15
6743.0477 6.97405085341597e-15
6745.18975 6.8978560046457e-15
6747.3318 6.82041601744298e-15
6749.47385 6.74737551936829e-15
6751.6159 6.67454593249748e-15
6753.75795 6.64863731222333e-15
6755.9 6.62497629387473e-15
6758.04205 6.63874481443235e-15
6760.1841 6.65430777428873e-15
6762.32615 6.62386625719736e-15
6764.4682 6.59121906631133e-15
6766.61025 6.52247556637807e-15
6768.7523 6.45199903703472e-15
6770.89435 6.41231766103823e-15
6773.0364 6.37411605160058e-15
6775.17845 6.41292074849667e-15
6777.3205 6.4554295204711e-15
6779.46255 6.49316568530423e-15
6781.6046 6.53067188069218e-15
6783.74665 6.48525482109335e-15
6785.8887 6.43582367235748e-15
6788.03075 6.43529046511718e-15
6790.1728 6.43712640903036e-15
6792.31485 6.42017304459106e-15
6794.4569 6.40230827270052e-15
6796.59895 6.39015080880858e-15
6798.741 6.37827032469039e-15
6800.88305 6.35641856871713e-15
6803.0251 6.33408230989803e-15
6805.16715 6.27945291996486e-15
6807.3092 6.22325397798044e-15
6809.45125 6.21052730794794e-15
6811.5933 6.19991652621769e-15
6813.73535 6.21594111903032e-15
6815.8774 6.23326294280167e-15
6818.01945 6.21481668279284e-15
6820.1615 6.19462680546208e-15
6822.30355 6.13628190550579e-15
6824.4456 6.07607607416437e-15
6826.58765 6.09351902364718e-15
6828.7297 6.11477235084321e-15
6830.87175 6.10777543518242e-15
6833.0138 6.09939107955402e-15
6835.15585 6.0461499766214e-15
6837.2979 5.99070235286119e-15
6839.43995 6.00919181155033e-15
6841.582 6.03131715916556e-15
6843.72405 5.99203558272017e-15
6845.8661 5.9497313692025e-15
6848.00815 5.90976200200394e-15
6850.1502 5.8699078312862e-15
6852.29225 5.88879836007587e-15
6854.4343 5.91058616506161e-15
6856.57635 5.91016857781862e-15
6858.7184 5.9086545064254e-15
6860.86045 5.83806066301886e-15
6863.0025 5.76405497090078e-15
6865.14455 5.77517439591586e-15
6867.2866 5.7905018806129e-15
6869.42865 5.66966161925876e-15
6871.5707 5.5420480589419e-15
6873.71275 5.51162814119068e-15
6875.8548 5.48604732266713e-15
6877.99685 5.44294774521199e-15
6880.1389 5.39897487678823e-15
6882.28095 5.37418349297152e-15
6884.423 5.35034756231931e-15
6886.56505 5.3884085642877e-15
6888.7071 5.42955784838179e-15
6890.84915 5.43267577666063e-15
6892.9912 5.43389381003879e-15
6895.13325 5.39162898355316e-15
6897.2753 5.34718982349194e-15
6899.41735 5.34246846184395e-15
6901.5594 5.33973423949021e-15
6903.70145 5.37165044094275e-15
6905.8435 5.40530051883832e-15
6907.98555 5.35714711930339e-15
6910.1276 5.30489535085317e-15
6912.26965 5.22431160086671e-15
6914.4117 5.14230695311123e-15
6916.55375 5.19644506393499e-15
6918.6958 5.25745303547745e-15
6920.83785 5.29025015119514e-15
6922.9799 5.32162382804497e-15
6925.12195 5.30776975715967e-15
6927.264 5.29163081489916e-15
6929.40605 5.25147298286984e-15
6931.5481 5.21010092911062e-15
6933.69015 5.09291095624267e-15
6935.8322 4.97188307709072e-15
6937.97425 5.00617012376262e-15
6940.1163 5.048326530031e-15
6942.25835 5.02840092697979e-15
6944.4004 5.00533029059542e-15
6946.54245 4.95598172757191e-15
6948.6845 4.90530078172237e-15
6950.82655 4.84073611883439e-15
6952.9686 4.77546672453429e-15
6955.11065 4.84329119371978e-15
6957.2527 4.91788006802205e-15
6959.39475 4.95656618030552e-15
6961.5368 4.99341846625818e-15
6963.67885 4.96958084154008e-15
6965.8209 4.94264011161971e-15
6967.96295 4.95465357991062e-15
6970.105 4.96866138727584e-15
6972.24705 5.01676481186688e-15
6974.3891 5.06661524191164e-15
6976.53115 5.05902116802303e-15
6978.6732 5.0484806900274e-15
6980.81525 5.01434907390131e-15
6982.9573 4.97900747121007e-15
6985.09935 4.96347415750685e-15
6987.2414 4.94895813037328e-15
6989.38345 4.86835023994782e-15
6991.5255 4.78434574740388e-15
6993.66755 4.80625510161756e-15
6995.8096 4.83361341878093e-15
6997.95165 4.90975405744256e-15
7000.0937 4.98840657230928e-15
7002.23575 4.912733919351e-15
7004.3778 4.82907416921659e-15
7006.51985 4.78345932742458e-15
7008.6619 4.73981468426788e-15
7010.80395 4.70092867220885e-15
7012.946 4.66228914673748e-15
7015.08805 4.7139242752021e-15
7017.2301 4.77024561344741e-15
7019.37215 4.70812887577699e-15
7021.5142 4.6398643729754e-15
7023.65625 4.64909533803457e-15
7025.7983 4.66235267420853e-15
7027.94035 4.6969903925206e-15
7030.0824 4.73273984157594e-15
7032.22445 4.66909378591925e-15
7034.3665 4.60027320598778e-15
7036.50855 4.67543679214476e-15
7038.6506 4.75810381966499e-15
7040.79265 4.73321460354287e-15
7042.9347 4.70269261832151e-15
7045.07675 4.60858259920035e-15
7047.2188 4.51113865839879e-15
7049.36085 4.57322659694901e-15
7051.5029 4.64368576211694e-15
7053.64495 4.61370376039945e-15
7055.787 4.57844559045351e-15
7057.92905 4.54315057457438e-15
7060.0711 4.50785344111287e-15
7062.21315 4.54687116679519e-15
7064.3552 4.5897962554632e-15
7066.49725 4.55402647761712e-15
7068.6393 4.51411513217545e-15
7070.78135 4.48736413763526e-15
7072.9234 4.46130686307888e-15
7075.06545 4.44840697480867e-15
7077.2075 4.43620080652226e-15
7079.34955 4.49439451109747e-15
7081.4916 4.55631897228886e-15
7083.63365 4.47112312790461e-15
7085.7757 4.37812356897729e-15
7087.91775 4.40558691822612e-15
7090.0598 4.43944621325966e-15
7092.20185 4.48175805007386e-15
7094.3439 4.52451923786657e-15
7096.48595 4.57950692273642e-15
7098.628 4.63514512890977e-15
7100.77005 4.63060587934543e-15
7102.9121 4.62286526875695e-15
7105.05415 4.53351049260167e-15
7107.1962 4.43980916687756e-15
7109.33825 4.45741728778508e-15
7111.4803 4.48095845097165e-15
7113.62235 4.53062761596569e-15
7115.7644 4.58169142070739e-15
7117.90645 4.55106101526878e-15
7120.0485 4.51606796663534e-15
7122.19055 4.49493576515077e-15
7124.3326 4.47454344694562e-15
7126.47465 4.48442578034123e-15
7128.6167 4.49593484051205e-15
7130.75875 4.517815819122e-15
7132.9008 4.54025456892771e-15
7135.04285 4.50713388662418e-15
7137.1849 4.47102275450036e-15
7139.32695 4.44637409573526e-15
7141.469 4.42234207695576e-15
7143.61105 4.46754822535072e-15
7145.7531 4.51648428332892e-15
7147.89515 4.55292406423627e-15
7150.0372 4.58868960691761e-15
7152.17925 4.54399930158752e-15
7154.3213 4.49496583482039e-15
7156.46335 4.48442916847302e-15
7158.6054 4.47597196801116e-15
7160.74745 4.44118305431801e-15
7162.8895 4.40497112527347e-15
7165.03155 4.37236205087007e-15
7167.1736 4.33994779404454e-15
7169.31565 4.38483503453486e-15
7171.4577 4.43392652305888e-15
7173.59975 4.41981580119057e-15
7175.7418 4.40226400797404e-15
7177.88385 4.36130488277661e-15
7180.0259 4.31906970244414e-15
7182.16795 4.23967391616621e-15
7184.31 4.15825287411139e-15
7186.45205 4.09043518118947e-15
7188.5941 4.02335948912935e-15
7190.73615 4.01962407383196e-15
7192.8782 4.01934709405821e-15
7195.02025 4.06588011956505e-15
7197.1623 4.11497160808906e-15
7199.30435 4.19165392432047e-15
7201.4464 4.26984438271446e-15
7203.58845 4.24355417409758e-15
7205.7305 4.2115486106691e-15
7207.87255 4.22336980248099e-15
7210.0146 4.23759063863244e-15
7212.15665 4.18973412414552e-15
7214.2987 4.13847550182595e-15
7216.44075 4.16796961256582e-15
7218.5828 4.20191488144351e-15
7220.72485 4.27590024477086e-15
7222.8669 4.35209255244227e-15
7225.00895 4.33957382899833e-15
7227.151 4.32216094918515e-15
7229.29305 4.25072473151256e-15
7231.4351 4.17630484028327e-15
7233.57715 4.17623453654865e-15
7235.7192 4.18027361315763e-15
7237.86125 4.12167121518537e-15
7240.0033 4.05960318190942e-15
7242.14535 4.05990726673748e-15
7244.2874 4.06366258730913e-15
7246.42945 4.05327076359575e-15
7248.5715 4.04209543440615e-15
7250.71355 4.03443020974997e-15
7252.8556 4.02695980267166e-15
7254.99765 4.02242521178853e-15
7257.1397 4.01805367474775e-15
7259.28175 4.05565685540816e-15
7261.4238 4.09559954106888e-15
7263.56585 4.14141385911997e-15
7265.7079 4.18755555540518e-15
7267.84995 4.13353729974346e-15
7269.992 4.07392523849807e-15
7272.13405 4.05524562091227e-15
7274.2761 4.03885426283348e-15
7276.41815 4.02700173080255e-15
7278.5602 4.01540330865579e-15
7280.70225 4.04363025810657e-15
7282.8443 4.07408617475805e-15
7284.98635 4.0608127449581e-15
7287.1284 4.04509054290764e-15
7289.27045 4.01414631176207e-15
7291.4125 3.98234869492214e-15
7293.55455 3.9368659902699e-15
7295.6966 3.89061545025098e-15
7297.83865 3.98607140472533e-15
7299.9807 4.0894856572556e-15
7302.12275 4.0215409093916e-15
7304.2648 3.94392855098411e-15
7306.40685 4.04707683516895e-15
7308.5489 4.16043313691762e-15
7310.69095 4.12235350022438e-15
7312.833 4.0757137485662e-15
7314.97505 4.0958193461187e-15
7317.1171 4.11970101655006e-15
7319.25915 4.10974033260682e-15
7321.4012 4.09786450716984e-15
7323.54325 4.05447947961148e-15
7325.6853 4.00931017714972e-15
7327.82735 4.11430160502779e-15
7329.9694 4.22780401995986e-15
7332.11145 4.20794745009385e-15
7334.2535 4.18052518194297e-15
7336.39555 4.08016787131933e-15
7338.5376 3.97566856958362e-15
7340.67965 4.00147004018993e-15
7342.8217 4.0347042249084e-15
7344.96375 3.99289721973077e-15
7347.1058 3.94680549838946e-15
7349.24785 3.92607267293951e-15
7351.3899 3.90678912086232e-15
7353.53195 4.02675143256663e-15
7355.674 4.15467881859045e-15
7357.81605 4.09636949401794e-15
7359.9581 4.02739687167244e-15
7362.10015 4.000971137784e-15
7364.2422 3.97698147065187e-15
7366.38425 4.02186617004334e-15
7368.5263 4.07069761945256e-15
7370.66835 4.11848848888606e-15
7372.8104 4.16621964249679e-15
7374.95245 4.14691872624418e-15
7377.0945 4.12376973931219e-15
7379.23655 4.06927502761764e-15
7381.3786 4.01297232409717e-15
7383.52065 4.03347687416783e-15
7385.6627 4.05841479468442e-15
7387.80475 4.07100424537946e-15
7389.9468 4.08288007081644e-15
7392.08885 4.12549768652459e-15
7394.2309 4.16989280087256e-15
7396.37295 4.20255523835163e-15
7398.515 4.23453877892348e-15
7400.65705 4.18492424755453e-15
7402.7991 4.1305866604717e-15
7404.94115 4.13770470184395e-15
7407.0832 4.14838282269351e-15
7409.22525 4.15358614608849e-15
7411.3673 4.15847183212826e-15
7413.50935 4.15273318391061e-15
7415.6514 4.14637789570736e-15
7417.79345 4.22015277134731e-15
7419.9355 4.2985825165489e-15
7422.07755 4.21202210208662e-15
7424.2196 4.11583473466232e-15
7426.36165 4.18012072371065e-15
7428.5037 4.25377913232036e-15
7430.64575 4.22459207102387e-15
7432.7878 4.18939319338425e-15
7434.92985 4.24249495939704e-15
7437.0719 4.30076277935514e-15
7439.21395 4.3165315682177e-15
7441.356 4.32981389186359e-15
7443.49805 4.22162618515906e-15
7445.6401 4.10632551927997e-15
7447.78215 4.08447588088907e-15
7449.9242 4.06810400456806e-15
7452.06625 4.08959704208817e-15
7454.2083 4.11331099999597e-15
7456.35035 4.1656703416305e-15
7458.4924 4.21971146718179e-15
7460.63445 4.25525466371448e-15
7462.7765 4.28971196400878e-15
7464.91855 4.20580784486909e-15
7467.0606 4.11494789116654e-15
7469.20265 4.07604875009683e-15
7471.3447 4.04021967994445e-15
7473.48675 4.07753444588632e-15
7475.6288 4.11917500908981e-15
7477.77085 4.09036741855369e-15
7479.9129 4.05739411998298e-15
7482.05495 4.08085693262192e-15
7484.197 4.10765959617189e-15
7486.33905 4.13160606462372e-15
7488.4811 4.15538355000257e-15
7490.62315 4.13510896937709e-15
7492.7652 4.11222256265875e-15
7494.90725 4.07151204163134e-15
7497.0493 4.02974399996928e-15
7499.19135 4.00263598104183e-15
7501.3334 3.97639828846768e-15
7503.47545 3.982230533826e-15
7505.6175 3.98996733276622e-15
7507.75955 3.97573125002172e-15
7509.9016 3.96018904247255e-15
7512.04365 3.92824870058101e-15
7514.1857 3.89532876508597e-15
7516.32775 3.86970432436563e-15
7518.4698 3.84451610561313e-15
7520.61185 3.74352944950969e-15
7522.7539 3.63800862603959e-15
7524.89595 3.66913454575234e-15
7527.038 3.70844195670262e-15
7529.18005 3.77707745993511e-15
7531.3221 3.84747055653316e-15
7533.46415 3.86601761346271e-15
7535.6062 3.88145521244289e-15
7537.74825 3.93328219387007e-15
7539.8903 3.98729367326821e-15
7542.03235 3.97932690488281e-15
7544.1744 3.96763996779307e-15
7546.31645 3.93126371435676e-15
7548.4585 3.89340388271334e-15
7550.60055 3.93143947369332e-15
7552.7426 3.97403845467663e-15
7554.88465 4.00432411770571e-15
7557.0267 4.03386905042241e-15
7559.16875 4.01588399985336e-15
7561.3108 3.99502581352722e-15
7563.45285 4.01720918289934e-15
7565.5949 4.04199675506779e-15
7567.73695 3.96767342559449e-15
7569.879 3.88734844417342e-15
7572.02105 3.931428462265e-15
7574.1631 3.9830479206201e-15
7576.30515 4.09322657826715e-15
7578.4472 4.20695726857851e-15
7580.58925 4.1933187675783e-15
7582.7313 4.17195447906618e-15
7584.87335 4.12720996362747e-15
7587.0154 4.08104582096916e-15
7589.15745 4.14778693501512e-15
7591.2995 4.22138816890088e-15
7593.44155 4.19668657057658e-15
7595.5836 4.16600661371056e-15
7597.72565 4.26396343296167e-15
7599.8677 4.36977690631505e-15
7602.00975 4.48540240932942e-15
7604.1518 4.60162718815397e-15
7606.29385 4.54237172777937e-15
7608.4359 4.47237927776538e-15
7610.57795 4.40963531219752e-15
7612.72 4.34733519189402e-15
7614.86205 4.18810697385384e-15
7617.0041 4.02293851375457e-15
7619.14615 3.94060182908377e-15
7621.2882 3.86334183638233e-15
7623.43025 3.8660595415936e-15
7625.5723 3.87368283811889e-15
7627.71435 3.91402744091308e-15
7629.8564 3.95638120585817e-15
7631.99845 3.97951536971358e-15
7634.1405 4.00146834612404e-15
7636.28255 3.96554610234746e-15
7638.4246 3.92606462612652e-15
7640.56665 4.0313271045477e-15
7642.7087 4.14552959221068e-15
7644.85075 4.0127711537722e-15
7646.9928 3.86474664052536e-15
7649.13485 3.92591639536075e-15
7651.2769 4.00002839011371e-15
7653.41895 4.02284279903153e-15
7655.561 4.04248083439715e-15
7657.70305 3.88433088929882e-15
7659.8451 3.71517248050151e-15
7661.98715 3.72101743135404e-15
7664.1292 3.73770736854673e-15
7666.27125 3.8190153317031e-15
7668.4133 3.90433103124939e-15
7670.55535 3.91880089508734e-15
7672.6974 3.92887254034666e-15
7674.83945 3.93793621639876e-15
7676.9815 3.94693763552923e-15
7679.12355 3.9773020726224e-15
7681.2656 4.00899973957455e-15
7683.40765 3.98053265628323e-15
7685.5497 3.94830813483789e-15
7687.69175 3.83662006447883e-15
7689.8338 3.71996583995002e-15
7691.97585 3.7245139833603e-15
7694.1179 3.73664391868146e-15
7696.25995 3.75455824199941e-15
7698.402 3.77283467190232e-15
7700.54405 3.75064918494783e-15
7702.6861 3.72593064596458e-15
7704.82815 3.72224562912755e-15
7706.9702 3.71987859555645e-15
7709.11225 3.77540456986429e-15
7711.2543 3.83456050386758e-15
7713.39635 3.81462134828921e-15
7715.5384 3.78971773260699e-15
7717.68045 3.79748714231568e-15
7719.8225 3.80730891285557e-15
7721.96455 3.8070819080257e-15
7724.1066 3.80622089903482e-15
7726.24865 3.8269660064625e-15
7728.3907 3.84907483693526e-15
7730.53275 3.84978507406153e-15
7732.6748 3.84914387012046e-15
7734.81685 3.86564746006476e-15
7736.9589 3.88323567569802e-15
7739.10095 3.89597505122473e-15
7741.243 3.90840737730805e-15
7743.38505 3.9028165363397e-15
7745.5271 3.8960847419914e-15
7747.66915 3.95993366203895e-15
7749.8112 4.02825322198212e-15
7751.95325 4.10651567817662e-15
7754.0953 4.18540832688389e-15
7756.23735 4.20091326498338e-15
7758.3794 4.21239606713283e-15
7760.52145 4.19955462413598e-15
7762.6635 4.18516988710924e-15
7764.80555 4.16781502905294e-15
7766.9476 4.15027170616589e-15
7769.08965 4.22903137070043e-15
7771.2317 4.31393710630026e-15
7773.37375 4.29681475878799e-15
7775.5158 4.27317533977954e-15
