4066.771484375 -7.68057763656654e-13
4071.18640183251 -1.82870279791421e-13
4075.60131929003 1.79495293953745e-14
4080.01623674754 2.23404990660299e-14
4084.43115420505 3.84614367942128e-15
4088.84607166256 2.26389291021383e-15
4093.26098912008 5.81749258547716e-15
4097.67590657759 1.07761827008979e-14
4102.0908240351 1.6164295650687e-14
4106.50574149261 2.07655412504983e-14
4110.92065895013 2.36195882730855e-14
4115.33557640764 2.49196110523996e-14
4119.75049386515 2.52189829891454e-14
4124.16541132267 2.51825588783476e-14
4128.58032878018 2.53434832798646e-14
4132.99524623769 2.61030600753149e-14
4137.4101636952 2.57109312545812e-14
4141.82508115272 2.51492721775864e-14
4146.23999861023 2.53891722370395e-14
4150.65491606774 2.52687953027075e-14
4155.06983352525 2.48082041969791e-14
4159.48475098277 2.42273699881243e-14
4163.89966844028 2.38948028301756e-14
4168.31458589779 2.3646816994208e-14
4172.7295033553 2.38167792372722e-14
4177.14442081282 2.39624248584867e-14
4181.55933827033 2.37404632627905e-14
4185.97425572784 2.36561800964069e-14
4190.38917318536 2.31690938000883e-14
4194.80409064287 2.24521024330942e-14
4199.21900810038 2.20626180492218e-14
4203.63392555789 2.17048635195536e-14
4208.04884301541 2.11354625614208e-14
4212.46376047292 2.06910074333376e-14
4216.87867793043 2.00140519256283e-14
4221.29359538794 1.98152227997217e-14
4225.70851284546 1.94695960877922e-14
4230.12343030297 1.90106838013652e-14
4234.53834776048 1.8837219924097e-14
4238.953265218 1.86861600682837e-14
4243.36818267551 1.84625721693287e-14
4247.78310013302 1.81687516865193e-14
4252.19801759053 1.77526298105217e-14
4256.61293504805 1.73231756359343e-14
4261.02785250556 1.71078446141492e-14
4265.44276996307 1.72352637804046e-14
4269.85768742058 1.70137070664572e-14
4274.2726048781 1.65639054664109e-14
4278.68752233561 1.63549881781024e-14
4283.10243979312 1.61426082191055e-14
4287.51735725063 1.54730828844096e-14
4291.93227470815 1.52600066643301e-14
4296.34719216566 1.54980127581132e-14
4300.76210962317 1.54598183484556e-14
4305.17702708069 1.52219020401649e-14
4309.5919445382 1.52210160437021e-14
4314.00686199571 1.50272318460293e-14
4318.42177945322 1.48195376732966e-14
4322.83669691074 1.46372917584313e-14
4327.25161436825 1.47135128652229e-14
4331.66653182576 1.49335313673381e-14
4336.08144928328 1.4944019329291e-14
4340.49636674079 1.49960135997253e-14
4344.9112841983 1.52676181023942e-14
4349.32620165581 1.54455593958215e-14
4353.74111911333 1.58938990170009e-14
4358.15603657084 1.62962921829895e-14
4362.57095402835 1.63621218895842e-14
4366.98587148586 1.64475519385783e-14
4371.40078894338 1.66428709599516e-14
4375.81570640089 1.68618493056076e-14
4380.2306238584 1.68909753805319e-14
4384.64554131591 1.67559617168713e-14
4389.06045877343 1.69866155646722e-14
4393.47537623094 1.70345881226729e-14
4397.89029368845 1.66495184745217e-14
4402.30521114597 1.63924931029409e-14
4406.72012860348 1.59811467986999e-14
4411.13504606099 1.55109045995704e-14
4415.5499635185 1.50316143944984e-14
4419.96488097602 1.47027098070136e-14
4424.37979843353 1.43812794382555e-14
4428.79471589104 1.43168575004191e-14
4433.20963334855 1.42599843202086e-14
4437.62455080607 1.40594585873086e-14
4442.03946826358 1.41115968533439e-14
4446.45438572109 1.42282731007293e-14
4450.86930317861 1.43743388502857e-14
4455.28422063612 1.47542483737223e-14
4459.69913809363 1.51382914179415e-14
4464.11405555114 1.54548547353847e-14
4468.52897300866 1.57513298194509e-14
4472.94389046617 1.61381189444851e-14
4477.35880792368 1.63676936723112e-14
4481.77372538119 1.66349190146428e-14
4486.18864283871 1.67620400253008e-14
4490.60356029622 1.68996642445048e-14
4495.01847775373 1.69890702661534e-14
4499.43339521124 1.70208695770592e-14
4503.84831266876 1.71599710217232e-14
4508.26323012627 1.72347725012952e-14
4512.67814758378 1.73182475982471e-14
4517.0930650413 1.75173003408519e-14
4521.50798249881 1.77110675978658e-14
4525.92289995632 1.78382089373146e-14
4530.33781741383 1.79407253349207e-14
4534.75273487135 1.79462191906166e-14
4539.16765232886 1.78818938145362e-14
4543.58256978637 1.7682736039846e-14
4547.99748724388 1.74126782193388e-14
4552.4124047014 1.73860525856748e-14
4556.82732215891 1.71613770964156e-14
4561.24223961642 1.69511858705545e-14
4565.65715707394 1.69469202126321e-14
4570.07207453145 1.69384244721711e-14
4574.48699198896 1.68729166380964e-14
4578.90190944647 1.6741723093028e-14
4583.31682690399 1.66555595135015e-14
4587.7317443615 1.65079877393649e-14
4592.14666181901 1.64809606120839e-14
4596.56157927652 1.64678570123899e-14
4600.97649673404 1.64970779550043e-14
4605.39141419155 1.65436732374328e-14
4609.80633164906 1.65007744067861e-14
4614.22124910657 1.65699143181387e-14
4618.63616656409 1.66926087346144e-14
4623.0510840216 1.67762515440898e-14
4627.46600147911 1.6722178654803e-14
4631.88091893663 1.65341966328189e-14
4636.29583639414 1.64284496515519e-14
4640.71075385165 1.61102973002996e-14
4645.12567130916 1.57141721781207e-14
4649.54058876668 1.53816016320403e-14
4653.95550622419 1.49262722949801e-14
4658.3704236817 1.44554371727876e-14
4662.78534113921 1.41108446880867e-14
4667.20025859673 1.37553805355079e-14
4671.61517605424 1.3497795275149e-14
4676.03009351175 1.33675546421463e-14
4680.44501096927 1.32386497801013e-14
4684.85992842678 1.31398433868041e-14
4689.27484588429 1.31353219249316e-14
4693.6897633418 1.30553162749317e-14
4698.10468079932 1.30603950844834e-14
4702.51959825683 1.31007189349704e-14
4706.93451571434 1.32136419793666e-14
4711.34943317185 1.33673056144598e-14
4715.76435062937 1.34592171595663e-14
4720.17926808688 1.34074829282469e-14
4724.59418554439 1.34622834188354e-14
4729.0091030019 1.34207881217823e-14
4733.42402045942 1.3271511270323e-14
4737.83893791693 1.30645209819695e-14
4742.25385537444 1.29579972714899e-14
4746.66877283196 1.28611144900159e-14
4751.08369028947 1.27370758322529e-14
4755.49860774698 1.24914896406248e-14
4759.91352520449 1.22751328619406e-14
4764.32844266201 1.20776386599588e-14
4768.74336011952 1.18987995116073e-14
4773.15827757703 1.18773543314487e-14
4777.57319503454 1.19600543932539e-14
4781.98811249206 1.21075719572818e-14
4786.40302994957 1.22125845609835e-14
4790.81794740708 1.23695795766583e-14
4795.2328648646 1.24840459150843e-14
4799.64778232211 1.26737829893352e-14
4804.06269977962 1.29327794065842e-14
4808.47761723713 1.2982066559719e-14
4812.89253469465 1.29680922101552e-14
4817.30745215216 1.28837480573994e-14
4821.72236960967 1.27688565084339e-14
4826.13728706718 1.25960075770854e-14
4830.5522045247 1.22973903466956e-14
4834.96712198221 1.19869739473506e-14
4839.38203943972 1.17686545933276e-14
4843.79695689723 1.14753736705055e-14
4848.21187435475 1.10547201682401e-14
4852.62679181226 1.07292452171588e-14
4857.04170926977 1.04206414683209e-14
4861.45662672729 1.01299685599434e-14
4865.8715441848 9.88910203589743e-15
4870.28646164231 9.67625197361485e-15
4874.70137909982 9.49866897512414e-15
4879.11629655734 9.27454236321476e-15
4883.53121401485 9.13268382630745e-15
4887.94613147236 9.09174248880191e-15
4892.36104892988 9.1148512416689e-15
4896.77596638739 9.08594285421206e-15
4901.1908838449 9.13619393084087e-15
4905.60580130241 9.29083250085635e-15
4910.02071875993 9.34958101201202e-15
4914.43563621744 9.40464323578123e-15
4918.85055367495 9.45551772865922e-15
4923.26547113246 9.48000799226318e-15
4927.68038858998 9.4878989511998e-15
4932.09530604749 9.44987733626345e-15
4936.510223505 9.53685999664994e-15
4940.92514096251 9.6601312425627e-15
4945.34005842003 9.71605489883927e-15
4949.75497587754 9.75180477141109e-15
4954.16989333505 9.81549148464924e-15
4958.58481079256 9.85198589918169e-15
4962.99972825008 9.82917445487919e-15
4967.41464570759 9.7550870240817e-15
4971.8295631651 9.63762473012121e-15
4976.24448062262 9.59552295747793e-15
4980.65939808013 9.58314526501971e-15
4985.07431553764 9.47622006092306e-15
4989.48923299515 9.44005260110825e-15
4993.90415045267 9.41266124965994e-15
4998.31906791018 9.40848198909819e-15
5002.73398536769 9.43970870573166e-15
5007.14890282521 9.46953019470564e-15
5011.56382028272 9.4808490959798e-15
5015.97873774023 9.51761879622011e-15
5020.39365519774 9.60676816688568e-15
5024.80857265526 9.6384277173552e-15
5029.22349011277 9.70661386960918e-15
5033.63840757028 9.74165816373593e-15
5038.05332502779 9.76044704857192e-15
5042.46824248531 9.7996485804038e-15
5046.88315994282 9.84275154599073e-15
5051.29807740033 9.94622763192616e-15
5055.71299485784 1.00273623768448e-14
5060.12791231536 1.01183565852695e-14
5064.54282977287 1.02706353214939e-14
5068.95774723038 1.03511314035703e-14
5073.3726646879 1.03803379466246e-14
5077.78758214541 1.04593847553283e-14
5082.20249960292 1.05078697682621e-14
5086.61741706043 1.06348840527687e-14
5091.03233451795 1.07472065508053e-14
5095.44725197546 1.07909990012113e-14
5099.86216943297 1.09017239951093e-14
5104.27708689048 1.1015088343671e-14
5108.692004348 1.11252390492308e-14
5113.10692180551 1.11910069224203e-14
5117.52183926302 1.12491896155672e-14
5121.93675672054 1.12886325517891e-14
5126.35167417805 1.13092442515276e-14
5130.76659163556 1.12588983072087e-14
5135.18150909307 1.1225009366022e-14
5139.59642655059 1.11239490180521e-14
5144.0113440081 1.10084958862425e-14
5148.42626146561 1.09176295797929e-14
5152.84117892312 1.07542953695409e-14
5157.25609638064 1.06200973986085e-14
5161.67101383815 1.05847049739404e-14
5166.08593129566 1.05317789672642e-14
5170.50084875317 1.04905411682271e-14
5174.91576621069 1.0476876832722e-14
5179.3306836682 1.05084372803367e-14
5183.74560112571 1.05488644688433e-14
5188.16051858323 1.06281120243554e-14
5192.57543604074 1.07260027750367e-14
5196.99035349825 1.07924830029349e-14
5201.40527095576 1.08412526189389e-14
5205.82018841328 1.08767822629445e-14
5210.23510587079 1.09244549712818e-14
5214.6500233283 1.10006862424688e-14
5219.06494078581 1.10348428460669e-14
5223.47985824333 1.09847433883356e-14
5227.89477570084 1.08753550124283e-14
5232.30969315835 1.07125866201851e-14
5236.72461061587 1.04468410444124e-14
5241.13952807338 1.01520761198667e-14
5245.55444553089 9.88189971474693e-15
5249.9693629884 9.58048558156533e-15
5254.38428044592 9.20445716309304e-15
5258.79919790343 8.83170760915958e-15
5263.21411536094 8.52480300841387e-15
5267.62903281845 8.27370940856276e-15
5272.04395027597 8.02510608557657e-15
5276.45886773348 7.78799954078346e-15
5280.87378519099 7.72686324374949e-15
5285.28870264851 7.67126230702582e-15
5289.70362010602 7.60205124490567e-15
5294.11853756353 7.57754149954392e-15
5298.53345502104 7.59622704636035e-15
5302.94837247856 7.63536335665529e-15
5307.36328993607 7.65353390743979e-15
5311.77820739358 7.65989681893956e-15
5316.19312485109 7.69508510866735e-15
5320.60804230861 7.71289058825158e-15
5325.02295976612 7.70178090411539e-15
5329.43787722363 7.67447425596181e-15
5333.85279468114 7.69436767176102e-15
5338.26771213866 7.74847444236573e-15
5342.68262959617 7.80912454248798e-15
5347.09754705368 7.93404072638431e-15
5351.5124645112 8.07734853666437e-15
5355.92738196871 8.16688838951862e-15
5360.34229942622 8.24760215906249e-15
5364.75721688373 8.3133691852191e-15
5369.17213434125 8.35354565197326e-15
5373.58705179876 8.38117247858091e-15
5378.00196925627 8.34935792108204e-15
5382.41688671379 8.31385368806493e-15
5386.8318041713 8.30372825621345e-15
5391.24672162881 8.27871960844577e-15
5395.66163908632 8.24494247560811e-15
5400.07655654384 8.22591980967867e-15
5404.49147400135 8.21151008517998e-15
5408.90639145886 8.20033517950685e-15
5413.32130891637 8.1422465070171e-15
5417.73622637389 8.05458706730575e-15
5422.1511438314 7.95881982822329e-15
5426.56606128891 7.82729594030543e-15
5430.98097874642 7.72360047283666e-15
5435.39589620394 7.6292833541599e-15
5439.81081366145 7.50132208681819e-15
5444.22573111896 7.34779905919424e-15
5448.64064857647 7.22317171353293e-15
5453.05556603399 7.06825192857896e-15
5457.4704834915 6.91037853973791e-15
5461.88540094901 6.78879458345608e-15
5466.30031840653 6.70904219630735e-15
5470.71523586404 6.65837183836965e-15
5475.13015332155 6.64389181013634e-15
5479.54507077906 6.68982217170121e-15
5483.95998823658 6.75450160755355e-15
5488.37490569409 6.83497990193807e-15
5492.7898231516 6.9666825138078e-15
5497.20474060912 7.1490012735066e-15
5501.61965806663 7.29708634960918e-15
5506.03457552414 7.3990835160187e-15
5510.44949298165 7.48439413336731e-15
5514.86441043917 7.6280788733089e-15
5519.27932789668 7.76007371154543e-15
5523.69424535419 7.83899854750469e-15
5528.1091628117 7.9332733145341e-15
5532.52408026922 8.0693635570706e-15
5536.93899772673 8.17192823555479e-15
5541.35391518424 8.24416151123074e-15
5545.76883264175 8.28063390290656e-15
5550.18375009927 8.25973336493306e-15
5554.59866755678 8.21653807275488e-15
5559.01358501429 8.15741686710243e-15
5563.4285024718 8.03576938334955e-15
5567.84341992932 7.91323251500206e-15
5572.25833738683 7.84762981323722e-15
5576.67325484434 7.8465396818341e-15
5581.08817230186 7.86854051560608e-15
5585.50308975937 7.86657963433319e-15
5589.91800721688 7.87647467322301e-15
5594.33292467439 7.92144958162338e-15
5598.74784213191 7.99876081981812e-15
5603.16275958942 8.04677911759796e-15
5607.57767704693 8.11824836955549e-15
5611.99259450445 8.17697570488747e-15
5616.40751196196 8.19825401955545e-15
5620.82242941947 8.20515225587789e-15
5625.23734687698 8.23015836254673e-15
5629.6522643345 8.27401434042377e-15
5634.06718179201 8.28687399462898e-15
5638.48209924952 8.29580172189304e-15
5642.89701670703 8.33816014551934e-15
5647.31193416455 8.38127496956753e-15
5651.72685162206 8.37727104482586e-15
5656.14176907957 8.38964619618524e-15
5660.55668653708 8.44370637997785e-15
5664.9716039946 8.44372755580153e-15
5669.38652145211 8.43756454407731e-15
5673.80143890962 8.45932651455817e-15
5678.21635636714 8.49429372868672e-15
5682.63127382465 8.49470538669909e-15
5687.04619128216 8.48786559565001e-15
5691.46110873967 8.53702569384275e-15
5695.87602619719 8.53851816589582e-15
5700.2909436547 8.48630281986232e-15
5704.70586111221 8.42854194912316e-15
5709.12077856972 8.39529675297638e-15
5713.53569602724 8.34230044256552e-15
5717.95061348475 8.27375345427601e-15
5722.36553094226 8.20451359303566e-15
5726.78044839978 8.13924970444972e-15
5731.19536585729 8.09501425581231e-15
5735.6102833148 8.07168612141198e-15
5740.02520077231 8.03455643216908e-15
5744.44011822983 8.00944190528299e-15
5748.85503568734 7.93891116583102e-15
5753.26995314485 7.85996091888334e-15
5757.68487060236 7.79911515415028e-15
5762.09978805988 7.71364783570642e-15
5766.51470551739 7.649612144894e-15
5770.9296229749 7.58397725587716e-15
5775.34454043241 7.53745397124922e-15
5779.75945788993 7.4541330342937e-15
5784.17437534744 7.37527511393728e-15
5788.58929280495 7.33107100551892e-15
5793.00421026247 7.29680005247301e-15
5797.41912771998 7.3030198154047e-15
5801.83404517749 7.27950787485481e-15
5806.248962635 7.25573166002538e-15
5810.66388009252 7.3000247069032e-15
5815.07879755003 7.31020265479741e-15
5819.49371500754 7.31855270559145e-15
5823.90863246505 7.32475637489714e-15
5828.32354992257 7.34553917529097e-15
5832.73846738008 7.33795230118241e-15
5837.15338483759 7.2760248753757e-15
5841.56830229511 7.26502361145676e-15
5845.98321975262 7.29012797394749e-15
5850.39813721013 7.2879951449863e-15
5854.81305466764 7.28302475565181e-15
5859.22797212516 7.27816448060047e-15
5863.64288958267 7.26741055030213e-15
5868.05780704018 7.27764609643675e-15
5872.47272449769 7.3140617369051e-15
5876.88764195521 7.32496474500216e-15
5881.30255941272 7.31666636321791e-15
5885.71747687023 7.31821558647844e-15
5890.13239432774 7.30135624269629e-15
5894.54731178526 7.28257498115682e-15
5898.96222924277 7.32524087774297e-15
5903.37714670028 7.35912473673198e-15
5907.7920641578 7.38674309301015e-15
5912.20698161531 7.39757579737259e-15
5916.62189907282 7.37358443617456e-15
5921.03681653033 7.3324169408721e-15
5925.45173398785 7.31476138611954e-15
5929.86665144536 7.31445391315968e-15
5934.28156890287 7.30885079021359e-15
5938.69648636038 7.31715171309669e-15
5943.1114038179 7.31960726161078e-15
5947.52632127541 7.30351448264589e-15
5951.94123873292 7.28675508875152e-15
5956.35615619044 7.27523374660297e-15
5960.77107364795 7.26752405271706e-15
5965.18599110546 7.28651622546039e-15
5969.60090856297 7.26565295693657e-15
5974.01582602049 7.24634314683802e-15
5978.430743478 7.23863599405095e-15
5982.84566093551 7.19817746532535e-15
5987.26057839302 7.15033026820085e-15
5991.67549585054 7.13311686464674e-15
5996.09041330805 7.09625610836461e-15
6000.50533076556 7.04876254749558e-15
6004.92024822307 7.00781782185826e-15
6009.33516568059 6.97273414069946e-15
6013.7500831381 6.95175313459597e-15
6018.16500059561 6.91270618627697e-15
6022.57991805313 6.83111912576449e-15
6026.99483551064 6.80659667490853e-15
6031.40975296815 6.79204210777586e-15
6035.82467042566 6.74503643788445e-15
6040.23958788318 6.69352836436192e-15
6044.65450534069 6.64357247871523e-15
6049.0694227982 6.56728487983724e-15
6053.48434025571 6.49930752120477e-15
6057.89925771323 6.44099353795105e-15
6062.31417517074 6.36994272026946e-15
6066.72909262825 6.30190564581421e-15
6071.14401008577 6.17327183431238e-15
6075.55892754328 6.04233663429286e-15
6079.97384500079 5.92589077986908e-15
6084.3887624583 5.79964941292677e-15
6088.80367991582 5.64385676052066e-15
6093.21859737333 5.5038087565381e-15
6097.63351483084 5.35112725614725e-15
6102.04843228835 5.1640574886473e-15
6106.46334974587 4.98309736979589e-15
6110.87826720338 4.80908673276023e-15
6115.29318466089 4.62669893987622e-15
6119.70810211841 4.4516214648435e-15
6124.12301957592 4.30820692841208e-15
6128.53793703343 4.17042643162933e-15
6132.95285449094 4.00407043133801e-15
6137.36777194846 3.85055163887879e-15
6141.78268940597 3.74203782448957e-15
6146.19760686348 3.65439744301954e-15
6150.61252432099 3.5677671483391e-15
6155.02744177851 3.52297054037414e-15
6159.44235923602 3.47177883365741e-15
6163.85727669353 3.40877228787589e-15
6168.27219415104 3.3929060902244e-15
6172.68711160856 3.41304472206184e-15
6177.10202906607 3.44103937272684e-15
6181.51694652358 3.50513435584557e-15
6185.9318639811 3.58446809696012e-15
6190.34678143861 3.65351144655671e-15
6194.76169889612 3.74611205296587e-15
6199.17661635363 3.86080454918883e-15
6203.59153381115 3.97767434360272e-15
6208.00645126866 4.10964673546615e-15
6212.42136872617 4.235758929884e-15
6216.83628618368 4.3564183497039e-15
6221.2512036412 4.45984149608013e-15
6225.66612109871 4.55875885069343e-15
6230.08103855622 4.64948751428915e-15
6234.49595601374 4.72093389635711e-15
6238.91087347125 4.7960682598774e-15
6243.32579092876 4.88145680425716e-15
6247.74070838627 4.97527925569273e-15
6252.15562584379 5.03588912174999e-15
6256.5705433013 5.12476363022417e-15
6260.98546075881 5.22649652235415e-15
6265.40037821632 5.31738400462748e-15
6269.81529567384 5.44960500066093e-15
6274.23021313135 5.53795053705956e-15
6278.64513058886 5.60894290946778e-15
6283.06004804638 5.68025291923123e-15
6287.47496550389 5.7355438418962e-15
6291.8898829614 5.80252636033212e-15
6296.30480041891 5.83766848676428e-15
6300.71971787643 5.87782081307945e-15
6305.13463533394 5.96709088594e-15
6309.54955279145 6.00645716568012e-15
6313.96447024896 6.03580346917069e-15
6318.37938770648 6.08050647999498e-15
6322.79430516399 6.09935042197255e-15
6327.2092226215 6.11683064090504e-15
6331.62414007901 6.13815427183569e-15
6336.03905753653 6.16058328076251e-15
6340.45397499404 6.14075847463202e-15
6344.86889245155 6.10857206966931e-15
6349.28380990907 6.06762141480135e-15
6353.69872736658 6.05420441291684e-15
6358.11364482409 6.07675031239038e-15
6362.5285622816 6.09264785026093e-15
6366.94347973912 6.08385480123548e-15
6371.35839719663 6.08605327525008e-15
6375.77331465414 6.08804126157728e-15
6380.18823211165 6.08055476087298e-15
6384.60314956917 6.10605045258533e-15
6389.01806702668 6.11510946995622e-15
6393.43298448419 6.11219313551882e-15
6397.84790194171 6.10695762487184e-15
6402.26281939922 6.08712985412604e-15
6406.67773685673 6.08737168203248e-15
6411.09265431424 6.09702192840055e-15
6415.50757177176 6.06622253988896e-15
6419.92248922927 6.01980894602769e-15
6424.33740668678 5.9968365654652e-15
6428.75232414429 5.98082425463031e-15
6433.16724160181 5.93183313951054e-15
6437.58215905932 5.86329462155051e-15
6441.99707651683 5.83104723021559e-15
6446.41199397435 5.80919166259406e-15
6450.82691143186 5.75403541816771e-15
6455.24182888937 5.71267225825444e-15
6459.65674634688 5.69179374313757e-15
6464.0716638044 5.63696572397827e-15
6468.48658126191 5.58666678998794e-15
6472.90149871942 5.52817238871645e-15
6477.31641617693 5.47648050904436e-15
6481.73133363445 5.45382280122179e-15
6486.14625109196 5.43293454522602e-15
6490.56116854947 5.41796874359746e-15
6494.97608600699 5.41507316146727e-15
6499.3910034645 5.40864333436466e-15
6503.80592092201 5.38468839558336e-15
6508.22083837952 5.34254003612799e-15
6512.63575583704 5.28262304302159e-15
6517.05067329455 5.23532133511512e-15
6521.46559075206 5.23070754665142e-15
6525.88050820957 5.23186840530564e-15
6530.29542566709 5.21909557197752e-15
6534.7103431246 5.17914738060263e-15
6539.12526058211 5.15228076606515e-15
6543.54017803962 5.11609424800902e-15
6547.95509549714 5.10191872812025e-15
6552.37001295465 5.09941532224464e-15
6556.78493041216 5.09089628837763e-15
6561.19984786968 5.05570333996863e-15
6565.61476532719 5.04705767467601e-15
6570.0296827847 5.04118773635154e-15
6574.44460024221 5.01327884777246e-15
6578.85951769973 5.00406185875691e-15
6583.27443515724 4.99766718352161e-15
6587.68935261475 4.97549779019313e-15
6592.10427007226 4.96133370524914e-15
6596.51918752978 4.9523543089753e-15
6600.93410498729 4.94114001627012e-15
6605.3490224448 4.91638674893604e-15
6609.76393990232 4.87134831306463e-15
6614.17885735983 4.82140809752746e-15
6618.59377481734 4.80995451801469e-15
6623.00869227485 4.80491297791263e-15
6627.42360973237 4.77730986822751e-15
6631.83852718988 4.76004310159773e-15
6636.25344464739 4.75080874840677e-15
6640.6683621049 4.73481295471434e-15
6645.08327956242 4.72532576218862e-15
6649.49819701993 4.6895470904966e-15
6653.91311447744 4.65354522562298e-15
6658.32803193495 4.63471441265609e-15
6662.74294939247 4.61170815077572e-15
6667.15786684998 4.59142806443608e-15
6671.57278430749 4.57684173356789e-15
6675.98770176501 4.57364672529085e-15
6680.40261922252 4.54619057582207e-15
6684.81753668003 4.53053698344034e-15
6689.23245413754 4.54097073528462e-15
6693.64737159506 4.54361686621184e-15
6698.06228905257 4.53210484142571e-15
6702.47720651008 4.50862678219371e-15
6706.89212396759 4.47634339195853e-15
6711.30704142511 4.45489228256932e-15
6715.72195888262 4.44155363123243e-15
6720.13687634013 4.40323978992928e-15
6724.55179379765 4.38789409402387e-15
6728.96671125516 4.38133890604507e-15
6733.38162871267 4.35449219678185e-15
6737.79654617018 4.31346615598158e-15
6742.2114636277 4.28101251212401e-15
6746.62638108521 4.26307108375174e-15
6751.04129854272 4.23149327196163e-15
6755.45621600023 4.19700251386591e-15
6759.87113345775 4.17542562008402e-15
6764.28605091526 4.16253420214329e-15
6768.70096837277 4.14354033533406e-15
6773.11588583028 4.12122991101985e-15
6777.5308032878 4.10969459282767e-15
6781.94572074531 4.11008676908225e-15
6786.36063820282 4.10528578633721e-15
6790.77555566034 4.09620135797791e-15
6795.19047311785 4.06776815600448e-15
6799.60539057536 4.04209543440615e-15
6804.02030803287 4.04206578825299e-15
6808.43522549039 4.03363950449371e-15
6812.8501429479 4.02481426821626e-15
6817.26506040541 4.01246791597708e-15
6821.67997786292 3.98819533984057e-15
6826.09489532044 3.98959548530238e-15
6830.50981277795 3.9766307990117e-15
6834.92473023546 3.95706899661134e-15
6839.33964769298 3.94559381775841e-15
6843.75456515049 3.93783711354393e-15
6848.169482608 3.92561400459858e-15
6852.58440006551 3.92521293449805e-15
6856.99931752303 3.91723219006902e-15
6861.41423498054 3.90296730820431e-15
6865.82915243805 3.87186552893055e-15
6870.24406989556 3.85014082789938e-15
6874.65898735308 3.86342061044643e-15
6879.07390481059 3.88896119490499e-15
6883.4888222681 3.88012791181455e-15
6887.90373972562 3.84638847194304e-15
6892.31865718313 3.80724623241747e-15
6896.73357464064 3.79373648042524e-15
6901.14849209815 3.78766791287464e-15
6905.56340955567 3.75772106302446e-15
6909.97832701318 3.72586754201001e-15
6914.39324447069 3.7147053418311e-15
6918.8081619282 3.69982000833252e-15
6923.22307938572 3.67289748962052e-15
6927.63799684323 3.65389515248182e-15
6932.05291430074 3.62244947783147e-15
6936.46783175825 3.61343238859148e-15
6940.88274921577 3.63594228916476e-15
6945.29766667328 3.64402128941567e-15
6949.71258413079 3.62162023257611e-15
6954.12750158831 3.60639608589864e-15
6958.54241904582 3.63091557213928e-15
6962.95733650333 3.65561674694711e-15
6967.37225396084 3.63890351634836e-15
6971.78717141836 3.62120222181664e-15
6976.20208887587 3.61741005531178e-15
6980.61700633338 3.60758193202479e-15
6985.03192379089 3.61504175119126e-15
6989.44684124841 3.59953511902588e-15
6993.86175870592 3.56785735734799e-15
6998.27667616343 3.54559902556004e-15
7002.69159362095 3.55408841327389e-15
7007.10651107846 3.55709283913781e-15
7011.52142853597 3.52609566843303e-15
7015.93634599348 3.51730516050643e-15
7020.351263451 3.52315413476546e-15
7024.76618090851 3.52808196069435e-15
7029.18109836602 3.52850568892621e-15
7033.59601582353 3.51989835187445e-15
7038.01093328105 3.51794678796397e-15
7042.42585073856 3.51212131886923e-15
7046.84076819607 3.50973183892503e-15
7051.25568565358 3.51820555652936e-15
7055.6706031111 3.49994543201069e-15
7060.08552056861 3.48744809614866e-15
7064.50043802612 3.48714252901294e-15
7068.91535548364 3.48812911063826e-15
7073.33027294115 3.47939958908385e-15
7077.74519039866 3.47232855804017e-15
7082.16010785617 3.45882854692683e-15
7086.57502531369 3.44598922151235e-15
7090.9899427712 3.43578014515733e-15
7095.40486022871 3.42507555452817e-15
7099.81977768623 3.4249353705754e-15
7104.23469514374 3.4209134463836e-15
7108.64961260125 3.415238325637e-15
7113.06453005876 3.41563537233102e-15
7117.47944751628 3.43181751327184e-15
7121.89436497379 3.43927097969121e-15
7126.3092824313 3.43143211328084e-15
7130.72419988881 3.42673489207184e-15
7135.13911734633 3.41868469094114e-15
7139.55403480384 3.4117720550586e-15
7143.96895226135 3.41726506372154e-15
7148.38386971886 3.42051872903018e-15
7152.79878717638 3.41146775847229e-15
7157.21370463389 3.38926215448531e-15
7161.6286220914 3.37879536835609e-15
7166.04353954891 3.39200315310263e-15
7170.45845700643 3.39545396532974e-15
7174.87337446394 3.38036492040735e-15
7179.28829192145 3.36334061695873e-15
7183.70320937897 3.33938165477093e-15
7188.11812683648 3.31633960574853e-15
7192.53304429399 3.30588679566294e-15
7196.9479617515 3.29251405124993e-15
7201.36287920902 3.28306010476738e-15
7205.77779666653 3.27126326515274e-15
7210.19271412404 3.26936464080147e-15
7214.60763158156 3.27158153778267e-15
7219.02254903907 3.26203039426943e-15
7223.43746649658 3.27154278602533e-15
7227.85238395409 3.28691135182031e-15
7232.26730141161 3.26956263475289e-15
7236.68221886912 3.2188181614323e-15
7241.09713632663 3.15600537443748e-15
7245.51205378414 3.14613871115138e-15
7249.92697124166 3.12409954913854e-15
7254.34188869917 3.08760492284785e-15
7258.75680615668 3.06886580119751e-15
7263.17172361419 3.08830563085347e-15
7267.58664107171 3.08840833359832e-15
7272.00155852922 3.08036130884117e-15
7276.41647598673 3.06351212945438e-15
7280.83139344424 3.053080071676e-15
7285.24631090176 3.03506855132735e-15
7289.66122835927 3.03972342088898e-15
7294.07614581678 3.05013832625019e-15
7298.4910632743 3.0456833564641e-15
7302.90598073181 3.05620138808663e-15
7307.32089818932 3.07618628344415e-15
7311.73581564683 3.07832461811949e-15
7316.15073310435 3.06021230085012e-15
7320.56565056186 3.029060123116e-15
7324.98056801937 3.01663414977978e-15
7329.39548547689 3.04208473698769e-15
7333.8104029344 3.04842562563084e-15
7338.22532039191 3.00914743731724e-15
7342.64023784942 2.98741977167074e-15
7347.05515530694 2.99039582193092e-15
7351.47007276445 2.98044000842713e-15
7355.88499022196 2.95343088059627e-15
7360.29990767947 2.94764628084123e-15
7364.71482513699 2.96369247299402e-15
7369.1297425945 2.93401010918162e-15
7373.54466005201 2.88883360693981e-15
7377.95957750952 2.8955624366728e-15
7382.37449496704 2.89079872337744e-15
7386.78941242455 2.87430783892735e-15
7391.20432988206 2.87576388856368e-15
7395.61924733957 2.86379679532663e-15
7400.03416479709 2.8389880473345e-15
7404.4490822546 2.82192710971091e-15
7408.86399971211 2.82172466883651e-15
7413.27891716963 2.83017975171601e-15
7417.69383462714 2.82660611971154e-15
7422.10875208465 2.83885273382118e-15
7426.52366954216 2.84874904326043e-15
7430.93858699968 2.82445211492667e-15
7435.35350445719 2.80780135300778e-15
7439.7684219147 2.80268463873166e-15
7444.18333937222 2.81554302238745e-15
7448.59825682973 2.84160177925149e-15
7453.01317428724 2.85290670448202e-15
7457.42809174475 2.83491043072642e-15
7461.84300920227 2.79498023880167e-15
7466.25792665978 2.78915095805867e-15
7470.67284411729 2.80998225108873e-15
7475.0877615748 2.81045298964916e-15
7479.50267903232 2.77606387550711e-15
7483.91759648983 2.73303587233602e-15
7488.33251394734 2.70285566490887e-15
7492.74743140485 2.68829199217202e-15
7497.16234886237 2.65318162947538e-15
7501.57726631988 2.60284394372771e-15
7505.99218377739 2.59542245280211e-15
7510.40710123491 2.58512909666884e-15
7514.82201869242 2.54739589645103e-15
7519.23693614993 2.51535602818819e-15
7523.65185360744 2.48416234583965e-15
7528.06677106496 2.45798796897831e-15
7532.48168852247 2.45408886456386e-15
7536.89660597998 2.46159717636656e-15
7541.31152343749 2.47204236315563e-15
7545.72644089501 2.49422361494537e-15
7550.14135835252 2.49549141150918e-15
7554.55627581003 2.48666681050645e-15
7558.97119326755 2.49025335976336e-15
7563.38611072506 2.51096882103788e-15
7567.80102818257 2.52525974916572e-15
7572.21594564008 2.52094581036535e-15
7576.6308630976 2.51781644714172e-15
7581.04578055511 2.53466689707793e-15
7585.46069801262 2.58445252910222e-15
7589.87561547014 2.66729595123371e-15
7594.29053292765 2.76111183816394e-15
7598.70545038516 2.77449474697232e-15
7603.12036784267 2.63124686427328e-15
7607.53528530019 2.4819871652311e-15
7611.9502027577 2.44746337285044e-15
7616.36512021521 2.49399301022548e-15
7620.78003767272 2.55798571411584e-15
7625.19495513024 2.55613134723606e-15
7629.60987258775 2.53413263104644e-15
7634.02479004526 2.495237301625e-15
7638.43970750277 2.4783730874034e-15
7642.85462496029 2.47866150212194e-15
7647.2695424178 2.48825139739252e-15
7651.68445987531 2.51424726206023e-15
7656.09937733282 2.52039354488374e-15
7660.51429479034 2.52713635066036e-15
7664.92921224785 2.54162590801433e-15
7669.34412970536 2.55247237666216e-15
7673.75904716288 2.56758895015533e-15
7678.17396462039 2.55817693180368e-15
7682.5888820779 2.51995245247646e-15
7687.00379953541 2.50710677431488e-15
7691.41871699293 2.52426490896917e-15
7695.83363445044 2.54156894504863e-15
7700.24855190795 2.55468609726981e-15
7704.66346936547 2.54431883751189e-15
7709.07838682298 2.52239720132047e-15
7713.49330428049 2.51611158157714e-15
7717.908221738 2.50903631536872e-15
7722.32313919552 2.50609838159117e-15
7726.73805665303 2.50248006859874e-15
7731.15297411054 2.5093152009666e-15
7735.56789156805 2.5047312704143e-15
7739.98280902557 2.49471828218657e-15
7744.39772648308 2.5243335186379e-15
7748.81264394059 2.54186477130546e-15
7753.2275613981 2.53101364397642e-15
7757.64247885562 2.52479324577002e-15
7762.05739631313 2.53179100846376e-15
7766.47231377064 2.55967236847206e-15
7770.88723122815 2.58368659955966e-15
7775.30214868567 2.58649006685684e-15
7779.71706614318 2.5869057482757e-15
7784.13198360069 2.57815589793057e-15
7788.54690105821 2.58314259264929e-15
7792.96181851572 2.60383603106719e-15
7797.37673597323 2.6065586067179e-15
7801.79165343074 2.59827610680141e-15
7806.20657088826 2.60882738446712e-15
7810.62148834577 2.62192590196346e-15
7815.03640580328 2.61292427107475e-15
7819.4513232608 2.61040815970493e-15
7823.86624071831 2.59753812934611e-15
7828.28115817582 2.60213031846965e-15
7832.69607563333 2.6158478052922e-15
7837.11099309085 2.61498743157602e-15
7841.52591054836 2.60921278445812e-15
7845.94082800587 2.5804718977666e-15
7850.35574546338 2.55366245795305e-15
7854.7706629209 2.54934915442739e-15
7859.18558037841 2.56032776021499e-15
7863.60049783592 2.56465694560841e-15
7868.01541529343 2.53130205869496e-15
7872.43033275095 2.50031081722082e-15
7876.84525020846 2.48025985329341e-15
7881.26016766597 2.43150082520119e-15
7885.67508512348 2.40438581825193e-15
7890.090002581 2.40697308038931e-15
7894.50492003851 2.38398121806904e-15
7898.91983749602 2.35033749292058e-15
7903.33475495354 2.3369063032342e-15
7907.74967241105 2.33173643764063e-15
7912.16458986856 2.30002585343604e-15
7916.57950732607 2.23864963431976e-15
7920.99442478359 2.20569158234209e-15
7925.4093422411 2.2201595403559e-15
7929.82425969861 2.21292587898635e-15
7934.23917715613 2.15841337959991e-15
7938.65409461364 2.10645976674712e-15
7943.06901207115 2.06656663251381e-15
7947.48392952866 2.03055269742069e-15
7951.89884698618 1.9947517911138e-15
7956.31376444369 1.92750605718952e-15
7960.7286819012 1.88255888911818e-15
7965.14359935871 1.8946708249892e-15
7969.55851681623 1.85783293859664e-15
7973.97343427374 1.80323065371779e-15
7978.38835173125 1.77360768809082e-15
7982.80326918876 1.75590851114147e-15
7987.21818664628 1.74236477195222e-15
7991.63310410379 1.72352548865587e-15
7996.0480215613 1.74244704002723e-15
8000.46293901882 1.73325694430775e-15
8004.87785647633 1.69734295910241e-15
8009.29277393384 1.68408202303843e-15
8013.70769139135 1.67716335204614e-15
8018.12260884887 1.68001435906748e-15
8022.53752630638 1.67536923038474e-15
8026.95244376389 1.70880013850521e-15
8031.3673612214 1.72279608740916e-15
8035.78227867892 1.68285128416607e-15
8040.19719613643 1.66973656716462e-15
8044.61211359394 1.66973582601079e-15
8049.02703105146 1.64652849968456e-15
8053.44194850897 1.64124608458812e-15
8057.85686596648 1.65761287871145e-15
8062.27178342399 1.68469601604607e-15
8066.68670088151 1.71801458642191e-15
8071.10161833902 1.72815335904231e-15
8075.51653579653 1.71613904371846e-15
8079.93145325404 1.69448358763072e-15
8084.34637071156 1.68236201675991e-15
8088.76128816907 1.69707233207576e-15
8093.17620562658 1.72935519291535e-15
8097.59112308409 1.76979582806994e-15
8102.00604054161 1.80941187665038e-15
8106.42095799912 1.85430970505254e-15
8110.83587545663 1.87752073714791e-15
8115.25079291415 1.85418836758284e-15
8119.66571037166 1.82356304434192e-15
8124.08062782917 1.83827261850393e-15
8128.49554528668 1.90793811380029e-15
8132.9104627442 1.94365579912011e-15
8137.32538020171 1.93717324421653e-15
8141.74029765922 1.97196173439321e-15
8146.15521511673 1.99728357259314e-15
8150.57013257425 1.99104517493661e-15
8154.98505003176 2.0098012372459e-15
8159.39996748927 2.02847640790873e-15
8163.81488494679 2.03318358175486e-15
8168.2298024043 2.03716823649698e-15
8172.64471986181 2.07762125950842e-15
8177.05963731932 2.07979051088634e-15
8181.47455477684 2.10483769865313e-15
8185.88947223435 2.12317638547766e-15
8190.30438969186 2.11015134808949e-15
8194.71930714937 2.09016497042431e-15
8199.13422460689 2.09976630063968e-15
8203.5491420644 2.0964353435746e-15
8207.96405952191 2.08556981668546e-15
8212.37897697942 2.08249593411987e-15
8216.79389443694 2.06286996897375e-15
8221.20881189445 2.04812460766971e-15
8225.62372935196 2.03149459805803e-15
8230.03864680948 1.96262044329266e-15
8234.45356426699 1.89800432315312e-15
8238.8684817245 1.88183531122299e-15
8243.28339918202 1.86625392840001e-15
8247.69831663953 1.87274791824837e-15
8252.11323409704 1.86846320208468e-15
8256.52815155455 1.84663410424276e-15
8260.94306901206 1.83732605918538e-15
8265.35798646958 1.80943284071582e-15
8269.77290392709 1.75948531951948e-15
8274.1878213846 1.71653916090691e-15
8278.60273884212 1.72967103032555e-15
8283.01765629963 1.75144390635561e-15
8287.43257375714 1.77676616807201e-15
8291.84749121465 1.81170881824509e-15
8296.26240867217 1.80277494999216e-15
8300.67732612968 1.79241361946488e-15
8305.09224358719 1.7877723024304e-15
8309.5071610447 1.7692664324779e-15
8313.92207850222 1.77580097402861e-15
8318.33699595973 1.81787161821108e-15
8322.75191341724 1.86511128095416e-15
8327.16683087475 1.8875030204313e-15
8331.58174833227 1.88387708414234e-15
8335.99666578978 1.86356883395721e-15
8340.41158324729 1.81878556676117e-15
8344.82650070481 1.79076296400891e-15
8349.24141816232 1.76609069420041e-15
8353.65633561983 1.79495238896603e-15
8358.07125307735 1.84120017612788e-15
8362.48617053486 1.88584304761292e-15
8366.90108799237 1.86146840400626e-15
8371.31600544988 1.82063823957505e-15
8375.73092290739 1.76226623456444e-15
8380.14584036491 1.73654883197814e-15
8384.56075782242 1.73459578576001e-15
8388.97567527993 1.73830271957455e-15
8393.39059273745 1.77813010287533e-15
8397.80551019496 1.80864319425074e-15
8402.22042765247 1.81120885704798e-15
8406.63534510998 1.83041130572047e-15
8411.0502625675 1.83440781892385e-15
8415.46518002501 1.81352930380698e-15
8419.88009748252 1.83509942132528e-15
8424.29501494003 1.88201932913078e-15
8428.70993239755 1.90694052074666e-15
8433.12484985506 1.9267989964368e-15
8437.53976731257 1.94973241348371e-15
8441.95468477009 1.96615659408921e-15
8446.3696022276 1.98169731933072e-15
8450.78451968511 1.98243762612662e-15
8455.19943714262 1.97925489982731e-15
8459.61435460014 1.97413818555118e-15
8464.02927205765 1.97932986224314e-15
8468.44418951516 2.03450876480084e-15
8472.85910697268 2.07605043690774e-15
8477.27402443019 2.09692514037635e-15
8481.6889418877 2.10559664017387e-15
8486.10385934521 2.08139076788194e-15
8490.51877680272 2.03511862852286e-15
8494.93369426024 2.01429262944872e-15
8499.34861171775 2.02964700744184e-15
8503.76352917526 2.08436025363678e-15
8508.17844663278 2.13465791707769e-15
8512.59336409029 2.13296406294142e-15
8517.0082815478 2.14093930165629e-15
8521.42319900531 2.14258360436515e-15
8525.83811646283 2.11235829243356e-15
8530.25303392034 2.08864031111926e-15
8534.66795137785 2.09902472329436e-15
8539.08286883536 2.09575432908501e-15
8543.49778629288 2.10508799688904e-15
8547.91270375039 2.14323497270158e-15
8552.3276212079 2.19775636593398e-15
8556.74253866542 2.197218076496e-15
8561.15745612293 2.15896331574091e-15
8565.57237358044 2.14723212117968e-15
8569.98729103795 2.11655682299486e-15
8574.40220849547 2.11307636461459e-15
8578.81712595298 2.16201136380161e-15
8583.23204341049 2.20912863028381e-15
8587.64696086801 2.23758025522385e-15
8592.06187832552 2.22378293554602e-15
8596.47679578303 2.19257273605502e-15
8600.89171324054 2.16783577410516e-15
8605.30663069805 2.11127832542581e-15
8609.72154815557 2.0820658531409e-15
8614.13646561308 2.0811161174488e-15
8618.55138307059 2.07595853383296e-15
8622.96630052811 2.13472483268052e-15
8627.38121798562 2.183700489449e-15
8631.79613544313 2.16975980944485e-15
8636.21105290064 2.14518336023851e-15
8640.62597035816 2.10959442392667e-15
8645.04088781567 2.02472151085355e-15
8649.45580527318 2.01778833442204e-15
8653.87072273069 2.05139542539554e-15
8658.28564018821 2.08418915298143e-15
8662.70055764572 2.11690812990974e-15
8667.11547510323 2.11518378258736e-15
8671.53039256075 2.11834829767831e-15
8675.94531001826 2.12111661310817e-15
8680.36022747577 2.08217194401755e-15
8684.77514493328 2.04988262455174e-15
8689.1900623908 2.02502856029693e-15
8693.60497984831 2.02366483725185e-15
8698.01989730582 2.07909340277075e-15
8702.43481476334 2.09929344449687e-15
8706.84973222085 2.11212874650485e-15
8711.26464967836 2.10740039683504e-15
8715.67956713587 2.08360237090722e-15
8720.09448459338 2.05969867761923e-15
8724.5094020509 2.04244440472543e-15
8728.92431950841 2.00884684287258e-15
8733.33923696592 2.00018847208575e-15
8737.75415442344 2.03151323278287e-15
8742.16907188095 2.08659747940871e-15
8746.58398933846 2.08116482184326e-15
8750.99890679597 2.04532198740549e-15
8755.41382425349 2.00839008035578e-15
8759.828741711 1.95381850042126e-15
8764.24365916851 1.91505763748019e-15
8768.65857662603 1.93176409181537e-15
8773.07349408354 1.97338284392047e-15
8777.48841154105 2.00234946489243e-15
8781.90332899856 2.02897975723764e-15
8786.31824645608 2.04806997404462e-15
8790.73316391359 2.05414849423235e-15
8795.1480813711 2.04161410067888e-15
8799.56299882861 1.96979163598235e-15
8803.97791628613 1.90796797171168e-15
8808.39283374364 1.87062334785842e-15
8812.80775120115 1.88231176725582e-15
8817.22266865867 1.93553952941951e-15
8821.63758611618 1.99203239183664e-15
8826.05250357369 1.98431528641244e-15
8830.4674210312 1.9643837541306e-15
8834.88233848871 1.93958517053384e-15
8839.29725594623 1.89515045739559e-15
8843.71217340374 1.87628385728668e-15
8848.12709086125 1.90028750046245e-15
8852.54200831877 1.91971250704183e-15
8856.95692577628 1.92669947006549e-15
8861.37184323379 1.93481510449138e-15
8865.7867606913 1.93713766883275e-15
8870.20167814882 1.92170345798435e-15
8874.61659560633 1.84386938870292e-15
8879.03151306384 1.75909684903405e-15
8883.44643052136 1.76091934629919e-15
8887.86134797887 1.77619833836e-15
8892.27626543638 1.8141408615949e-15
8896.69118289389 1.82475058453397e-15
8901.10610035141 1.8120988769173e-15
8905.52101780892 1.83995927286015e-15
8909.93593526643 1.79587819597738e-15
8914.35085272394 1.67609503174142e-15
8918.76577018146 1.63617701591528e-15
8923.18068763897 1.60714909093376e-15
8927.59560509648 1.56257811137012e-15
8932.010522554 1.59810309669444e-15
8936.42544001151 1.65409906840888e-15
8940.84035746902 1.71179471761111e-15
8945.25527492653 1.73403197945449e-15
8949.67019238404 1.65043353332964e-15
8954.08510984156 1.58051265759969e-15
8958.50002729907 1.57541637799342e-15
8962.91494475658 1.52724794362367e-15
8967.3298622141 1.51087659669826e-15
8971.74477967161 1.59789652653443e-15
8976.15969712912 1.66443212921155e-15
8980.57461458664 1.69019400102758e-15
8984.98953204415 1.70898150943504e-15
8989.40444950166 1.70573123225819e-15
8993.81936695917 1.61563657282348e-15
8998.23428441669 1.54243153859879e-15
9002.6492018742 1.55214245370171e-15
9007.06411933171 1.58798804099656e-15
9011.47903678922 1.61675338576444e-15
9015.89395424674 1.68039795911347e-15
9020.30887170425 1.77269860998018e-15
9024.72378916176 1.78332347363318e-15
9029.13870661927 1.69829735347573e-15
9033.55362407679 1.64616141678104e-15
9037.9685415343 1.60711859774766e-15
9042.38345899181 1.54307348369369e-15
9046.79837644933 1.53653703631885e-15
9051.21329390684 1.63395757783524e-15
9055.62821136435 1.69842758479137e-15
9060.04312882186 1.64893216743063e-15
9064.45804627938 1.57669550362289e-15
9068.87296373689 1.48576715200985e-15
9073.2878811944 1.4383378597657e-15
9077.70279865191 1.48541351575437e-15
9082.11771610943 1.58212720827627e-15
9086.53263356694 1.63610385344446e-15
9090.94755102445 1.63480048149687e-15
9095.36246848197 1.62946735030273e-15
9099.77738593948 1.62445524459558e-15
9104.19230339699 1.59503111995298e-15
9108.6072208545 1.52598385282901e-15
9113.02213831202 1.47992707159677e-15
9117.43705576953 1.40693803077363e-15
9121.85197322704 1.37092568386728e-15
9126.26689068455 1.4839802301285e-15
9130.68180814207 1.62642671378032e-15
9135.09672559958 1.69499339558584e-15
9139.51164305709 1.66667708415913e-15
9143.9265605146 1.5701846789947e-15
9148.34147797212 1.53712381839306e-15
9152.75639542963 1.55648688568818e-15
9157.17131288714 1.53149433154649e-15
9161.58623034466 1.54275796392084e-15
9166.00114780217 1.60270206208155e-15
9170.41606525968 1.65500899355247e-15
9174.83098271719 1.75062090796823e-15
9179.24590017471 1.7879770726454e-15
9183.66081763222 1.83601993438071e-15
9188.07573508973 1.81973953761801e-15
9192.49065254724 1.76862416974565e-15
9196.90557000476 1.70347621879436e-15
9201.32048746227 1.62866256312372e-15
9205.73540491978 1.59005755424494e-15
9210.1503223773 1.57995319233803e-15
9214.56523983481 1.64077566366504e-15
9218.98015729232 1.72545757080856e-15
9223.39507474983 1.76563319052977e-15
9227.80999220735 1.76534869333862e-15
9232.22490966486 1.71293111818897e-15
9236.63982712237 1.6247043781612e-15
9241.05474457988 1.55886683651172e-15
9245.4696620374 1.54723093315705e-15
9249.88457949491 1.6022364057188e-15
9254.29949695242 1.69010823894167e-15
9258.71441440993 1.75143268316906e-15
9263.12933186745 1.76706234687003e-15
9267.54424932496 1.78620698554387e-15
9271.95916678247 1.81159764517077e-15
9276.37408423999 1.76095227470501e-15
9280.7890016975 1.61456804076052e-15
9285.20391915501 1.48221289588405e-15
9289.61883661252 1.46601635538313e-15
9294.03375407004 1.51736169270067e-15
9298.44867152755 1.53806497787658e-15
9302.86358898506 1.59583220136285e-15
9307.27850644257 1.70890866460157e-15
9311.69342390009 1.77832957913441e-15
9316.1083413576 1.80139322749696e-15
9320.52325881511 1.81148583682173e-15
9324.93817627263 1.71676245996763e-15
9329.35309373014 1.57755651261377e-15
9333.76801118765 1.53631098440105e-15
9338.18292864516 1.51518217104827e-15
9342.59784610268 1.5307442838717e-15
9347.01276356019 1.66907492855369e-15
9351.4276810177 1.82702762085442e-15
9355.84259847521 1.86616371939112e-15
9360.25751593273 1.72862769749277e-15
9364.67243339024 1.5967125862324e-15
9369.08735084775 1.4167131086223e-15
9373.50226830526 1.32587538953461e-15
9377.91718576278 1.33441422279677e-15
9382.33210322029 1.39509619253366e-15
9386.7470206778 1.48874521397328e-15
9391.16193813532 1.58234860151286e-15
9395.57685559283 1.65945591652555e-15
9399.99177305034 1.75736127852513e-15
9404.40669050785 1.79383367020095e-15
9408.82160796537 1.71765015049636e-15
9413.23652542288 1.56817954025031e-15
9417.65144288039 1.42463932530535e-15
9422.0663603379 1.40163676919412e-15
9426.48127779542 1.43008977056269e-15
9430.89619525293 1.38135149477768e-15
9435.31111271044 1.36820893156808e-15
9439.72603016796 1.45118258501522e-15
9444.14094762547 1.56734087175341e-15
9448.55586508298 1.64630731820621e-15
9452.97078254049 1.61220047779383e-15
9457.38569999801 1.58390565982815e-15
9461.80061745552 1.49903348790886e-15
9466.21553491303 1.41926267779353e-15
9470.63045237054 1.39305314906488e-15
9475.04536982806 1.42494828057286e-15
9479.46028728557 1.44881851605943e-15
9483.87520474308 1.44416978748666e-15
9488.29012220059 1.38464973519517e-15
9492.70503965811 1.49475766559112e-15
9497.11995711562 1.65376777264739e-15
9501.53487457313 1.6880807597033e-15
9505.94979203065 1.66479857684036e-15
9510.36470948816 1.6042140158924e-15
9514.77962694567 1.48075006998414e-15
9519.19454440318 1.35709554166275e-15
9523.6094618607 1.31061079703391e-15
9528.02437931821 1.2819085562206e-15
9532.43929677572 1.30560260885415e-15
9536.85421423324 1.38498590139611e-15
9541.26913169075 1.40972318098332e-15
9545.68404914826 1.51456542518355e-15
9550.09896660577 1.66902569476363e-15
9554.51388406329 1.62536400506887e-15
9558.9288015208 1.57822704507064e-15
9563.34371897831 1.50525854479647e-15
9567.75863643582 1.38799117429297e-15
9572.17355389334 1.27682222925146e-15
9576.58847135085 1.2081886318431e-15
9581.00338880836 1.19076251714012e-15
9585.41830626587 1.23374171003763e-15
9589.83322372339 1.33258113761979e-15
9594.2481411809 1.3771024598769e-15
9598.66305863841 1.36595063585158e-15
9603.07797609593 1.40097968338529e-15
9607.49289355344 1.41266386761795e-15
9611.90781101095 1.36830009348903e-15
9616.32272846846 1.33761981898565e-15
9620.73764592598 1.26476175063198e-15
9625.15256338349 1.20257036818308e-15
9629.567480841 1.20147674276906e-15
9633.98239829851 1.20526033306533e-15
9638.39731575603 1.22908694635512e-15
9642.81223321354 1.1758562195761e-15
9647.22715067105 1.24548741003809e-15
9651.64206812857 1.33260167816876e-15
9656.05698558608 1.37763005552392e-15
9660.47190304359 1.43489498847247e-15
9664.8868205011 1.38912058684901e-15
9669.30173795862 1.2475219831774e-15
9673.71665541613 1.19985096890592e-15
9678.13157287364 1.12293275399871e-15
9682.54649033115 1.0291261844309e-15
9686.96140778867 1.09655286576854e-15
9691.37632524618 1.19972063171116e-15
9695.79124270369 1.22074684819821e-15
9700.2061601612 1.25524798244754e-15
9704.62107761872 1.29623982429256e-15
9709.03599507623 1.28580226080001e-15
9713.45091253374 1.26456650953764e-15
9717.86582999126 1.23903947760624e-15
9722.28074744877 1.20441097077747e-15
9726.69566490628 1.18241860733496e-15
9731.11058236379 1.13523463700816e-15
9735.52549982131 9.96143250860408e-16
9739.94041727882 1.00134668013451e-15
9744.35533473633 1.04656828688076e-15
9748.77025219384 1.08299440938184e-15
9753.18516965136 1.19767070609969e-15
9757.60008710887 1.25193004851402e-15
9762.01500456638 1.21946782844786e-15
9766.4299220239 1.22571829632389e-15
9770.84483948141 1.25369357111021e-15
9775.25975693892 1.23852818734345e-15
9779.67467439643 1.20105439096573e-15
9784.08959185395 1.17361062935381e-15
9788.50450931146 1.11108636295665e-15
9792.91942676897 9.99512112649875e-16
9797.33434422648 9.52345400619375e-16
9801.749261684 1.0178415879911e-15
9806.16417914151 1.11231170199397e-15
9810.57909659902 1.16649830545396e-15
9814.99401405653 1.1877482445182e-15
9819.40893151405 1.20241366708784e-15
9823.82384897156 1.14836057719616e-15
9828.23876642907 1.0777493696142e-15
9832.65368388659 1.08994367943935e-15
9837.0686013441 1.08331098794587e-15
9841.48351880161 1.05473707262408e-15
9845.89843625912 1.02739516672407e-15
9850.31335371664 1.0754714862608e-15
9854.72827117415 1.00410991336669e-15
9859.14318863166 9.06418427186299e-16
9863.55810608917 9.57768952580644e-16
9867.97302354669 1.03257456143829e-15
9872.3879410042 1.05456110152929e-15
9876.80285846171 1.03266169995274e-15
9881.21777591923 9.80851553305389e-16
9885.63269337674 1.04951162049335e-15
9890.04761083425 1.1693487830797e-15
9894.46252829176 1.09521127145921e-15
9898.87744574928 1.02117932131976e-15
9903.29236320679 1.05575478271021e-15
9907.7072806643 1.01910684345606e-15
9912.12219812182 9.57231510175611e-16
9916.53711557933 9.34823041797762e-16
9920.95203303684 9.88865120261126e-16
9925.36695049435 9.60105810603e-16
9929.78186795186 9.04818064311581e-16
9934.19678540938 8.85877454698909e-16
9938.61170286689 8.78856451538677e-16
9943.0266203244 9.18719569041918e-16
9947.44153778192 1.01411919582528e-15
9951.85645523943 1.03371371487323e-15
9956.27137269694 1.00730259230313e-15
9960.68629015445 9.6578717821759e-16
9965.10120761197 9.38252678201195e-16
9969.51612506948 9.43626572855931e-16
9973.93104252699 9.23010108557117e-16
9978.3459599845 8.66666641576063e-16
9982.76087744202 8.38247892102293e-16
9987.17579489953 8.71527287204323e-16
9991.59071235704 8.13147658897188e-16
9996.00562981456 7.73533357322203e-16
10000.4205472721 8.36719791725887e-16
10004.8354647296 8.9695833971489e-16
10009.2503821871 8.6368227980509e-16
10013.6652996446 8.62297539755007e-16
10018.0802171021 9.03718509666926e-16
10022.4951345596 9.16680337221404e-16
10026.9100520171 9.28103847064549e-16
10031.3249694747 8.91733099342396e-16
10035.7398869322 8.46622083335323e-16
10040.1548043897 8.26977589343483e-16
10044.5697218472 8.22941371470698e-16
10048.9846393047 7.86784552507286e-16
10053.3995567622 7.798150065986e-16
10057.8144742197 7.65802858189527e-16
10062.2293916772 7.00931887011991e-16
10066.6443091348 7.16298070526809e-16
10071.0592265923 7.79045688924256e-16
10075.4741440498 8.07122660603809e-16
10079.8890615073 8.2726753930924e-16
10084.3039789648 8.34240738047511e-16
10088.7188964223 8.84488373604971e-16
10093.1338138798 8.27044928462789e-16
10097.5487313373 7.77753434284101e-16
10101.9636487949 8.01127943738294e-16
10106.3785662524 7.76707877989834e-16
10110.7934837099 7.19320178203494e-16
10115.2084011674 7.19226369304586e-16
10119.6233186249 7.58241765646303e-16
10124.0382360824 7.69910862104592e-16
10128.4531535399 7.78801796375006e-16
10132.8680709975 7.82403592224968e-16
10137.282988455 7.62085442342265e-16
10141.6979059125 7.07778136687292e-16
10146.11282337 6.81141332776309e-16
10150.5277408275 6.91920038788357e-16
10154.942658285 7.08054481186334e-16
10159.3575757425 7.58106187435183e-16
10163.7724932 7.71677666953446e-16
10168.1874106576 7.33293945432144e-16
10172.6023281151 7.40920206572748e-16
10177.0172455726 7.30479360827536e-16
10181.4321630301 7.36425214479906e-16
10185.8470804876 7.17511921679784e-16
10190.2619979451 7.19657562014297e-16
10194.6769154026 7.41123070963616e-16
10199.0918328601 7.11212961167527e-16
10203.5067503177 7.00666289243468e-16
10207.9216677752 7.19772864374242e-16
10212.3365852327 6.6412507614068e-16
10216.7515026902 6.62769717545955e-16
10221.1664201477 6.84445873001344e-16
10225.5813376052 6.55344520851205e-16
10229.9962550627 6.40411541749349e-16
10234.4111725202 6.86290446062668e-16
10238.8260899778 7.02047217645288e-16
10243.2410074353 6.82170477807223e-16
10247.6559248928 7.05066572464895e-16
10252.0708423503 7.16373668217351e-16
10256.4857598078 6.95278683242898e-16
10260.9006772653 6.88739641829654e-16
10265.3155947228 6.77785547057965e-16
10269.7305121803 6.82744607326784e-16
10274.1454296379 6.89066014212142e-16
10278.5603470954 7.08829992789105e-16
10282.9752645529 7.03533972225956e-16
10287.3901820104 6.56768330295981e-16
10291.8050994679 6.62114749319491e-16
10296.2200169254 6.71293992429326e-16
10300.6349343829 6.35884044767156e-16
10305.0498518404 6.47320471862747e-16
10309.464769298 6.99198063508521e-16
10313.8796867555 6.79167587190529e-16
10318.294604213 6.24653287859071e-16
10322.7095216705 5.9777306785487e-16
10327.124439128 5.76203267973921e-16
10331.5393565855 5.6490972474862e-16
10335.954274043 5.65257008256994e-16
10340.3691915005 5.68697285511827e-16
10344.7841089581 5.88453376094468e-16
10349.1990264156 5.91261819710208e-16
10353.6139438731 5.49969492927153e-16
10358.0288613306 5.19330511279952e-16
10362.4437787881 5.35878729272663e-16
10366.8586962456 5.03446049480533e-16
10371.2736137031 4.85872180467815e-16
10375.6885311606 5.23883260431884e-16
10380.1034486182 5.53153383896763e-16
10384.5183660757 5.19449519409041e-16
10388.9332835332 4.91157613119122e-16
10393.3482009907 4.84765373103549e-16
10397.7631184482 5.07543783121112e-16
10402.1780359057 5.28948358637787e-16
10406.5929533632 5.08902423968508e-16
10411.0078708207 4.97014369493353e-16
10415.4227882783 4.94423295707702e-16
10419.8377057358 4.7726839036652e-16
10424.2526231933 4.89715963042896e-16
10428.6675406508 5.24950627824543e-16
10433.0824581083 5.19017320847704e-16
10437.4973755658 4.80648687100775e-16
10441.9122930233 4.81834162650017e-16
10446.3272104809 5.11886256343889e-16
10450.7421279384 4.87771122456441e-16
10455.1570453959 4.75601482465883e-16
10459.5719628534 4.75821022817899e-16
10463.9868803109 4.63144486547969e-16
10468.4017977684 4.95876221910039e-16
10472.8167152259 4.87405363041904e-16
10477.2316326834 4.75692009112121e-16
10481.646550141 5.0039387213422e-16
10486.0614675985 4.92158329606744e-16
10490.476385056 4.61810303776925e-16
10494.8913025135 4.59632052673942e-16
10499.306219971 4.45725359866803e-16
10503.7211374285 4.42078697740416e-16
10508.136054886 4.6606780900718e-16
10512.5509723435 4.70085180396889e-16
10516.9658898011 4.62446743157668e-16
10521.3808072586 4.84823236041759e-16
10525.7957247161 4.82969769134489e-16
10530.2106421736 4.46690659789317e-16
10534.6255596311 4.53103810930776e-16
10539.0404770886 4.6338499096543e-16
10543.4553945461 4.75052975692976e-16
10547.8703120036 4.77438273412004e-16
10552.2852294612 4.95600036229675e-16
10556.7001469187 4.78793737885847e-16
10561.1150643762 4.76902472133306e-16
10565.5299818337 4.73566221112308e-16
10569.9448992912 4.8481317752551e-16
10574.3598167487 5.07266326891327e-16
10578.7747342062 4.78448095503808e-16
10583.1896516637 4.8993762097728e-16
10587.6045691213 4.97592416540295e-16
10592.0194865788 4.90597459643191e-16
10596.4344040363 4.87970386957282e-16
10600.8493214938 4.15838252309188e-16
10605.2642389513 4.06623063238653e-16
10609.6791564088 4.47233713787626e-16
10614.0940738663 4.55857515042299e-16
10618.5089913238 4.93640743143558e-16
10622.9239087814 5.09126411243498e-16
10627.3388262389 5.42685962492831e-16
10631.7537436964 5.36638888403264e-16
10636.1686611539 5.15719662765366e-16
10640.5835786114 4.95846999273359e-16
10644.9984960689 4.73457906774178e-16
10649.4134135264 4.38006719195389e-16
10653.8283309839 4.54831493445378e-16
10658.2432484415 4.69621588676945e-16
10662.658165899 4.92305925097803e-16
10667.0730833565 5.10794907330911e-16
10671.488000814 4.40581646415483e-16
10675.9029182715 4.11610393232087e-16
10680.317835729 4.48896015946612e-16
10684.7327531865 4.41737396402231e-16
10689.147670644 3.98389082428174e-16
10693.5625881016 3.84978089183635e-16
10697.9775055591 4.10530320345219e-16
10702.3924230166 4.17605136567381e-16
10706.8073404741 3.96395378628574e-16
10711.2222579316 3.78672140649564e-16
10715.6371753891 3.80701049256034e-16
10720.0520928466 4.24295532180387e-16
10724.4670103041 4.21982258731656e-16
10728.8819277617 3.90052107705264e-16
10733.2968452192 3.90356007244871e-16
10737.7117626767 3.96872522875674e-16
10742.1266801342 3.81708965523707e-16
10746.5415975917 4.03119337922115e-16
10750.9565150492 4.05071087121046e-16
10755.3714325067 3.4365188108269e-16
10759.7863499643 3.30331599772846e-16
10764.2012674218 3.45064890857388e-16
10768.6161848793 3.72432895960089e-16
10773.0311023368 4.13185106890371e-16
10777.4460197943 3.88651406378081e-16
10781.8609372518 3.69143628797884e-16
10786.2758547093 4.05119262119922e-16
10790.6907721668 4.13472145180372e-16
10795.1056896244 3.73131459913557e-16
10799.5206070819 3.42075870405205e-16
10803.9355245394 3.40492157021856e-16
10808.3504419969 3.38530534595133e-16
10812.7653594544 3.27805879873032e-16
10817.1802769119 3.11695895551407e-16
10821.5951943694 3.24899577482105e-16
10826.0101118269 3.74229505780774e-16
10830.4250292845 4.0949416082271e-16
10834.839946742 3.90783547124998e-16
10839.2548641995 4.12615927219596e-16
10843.669781657 4.77801544667257e-16
10848.0846991145 4.81619863314361e-16
10852.499616572 3.98676861872003e-16
10856.9145340295 4.26971309260764e-16
10861.329451487 4.55158977558611e-16
10865.7443689446 3.96953308643018e-16
10870.1592864021 3.67592182075869e-16
10874.5742038596 3.65778102200646e-16
10878.9891213171 3.71826685067651e-16
10883.4040387746 3.63193063524745e-16
10887.8189562321 3.39904289686682e-16
10892.2338736896 3.52163212243836e-16
10896.6487911471 3.53414200497592e-16
10901.0637086047 3.59500767498324e-16
10905.4786260622 3.98439983814348e-16
10909.8935435197 3.69612779171544e-16
10914.3084609772 3.24471084689912e-16
10918.7233784347 3.11022689646797e-16
10923.1382958922 3.53290639566411e-16
10927.5532133497 3.55915938777087e-16
10931.9681308072 3.31287317635145e-16
10936.3830482648 3.28106629508867e-16
10940.7979657223 3.37681357595731e-16
10945.2128831798 4.06390261527056e-16
10949.6278006373 3.56734754939286e-16
10954.0427180948 3.39528127648762e-16
10958.4576355523 4.08331369874588e-16
10962.8725530098 4.08396406123069e-16
10967.2874704673 3.09364093256954e-16
10971.7023879249 2.31441164925397e-16
10976.1173053824 2.3691029784714e-16
10980.5322228399 2.33857088179423e-16
10984.9471402974 2.68058108067625e-16
10989.3620577549 2.98811677390721e-16
10993.7769752124 2.32012276890083e-16
10998.1918926699 3.74927699157328e-16
11002.6068101275 4.7634999489346e-16
11007.021727585 4.0364071317093e-16
11011.4366450425 3.82953177513885e-16
11015.8515625 3.55531174060797e-16
