3335.74351149311 1.07884790781932e-14
3338.77805515811 1.17738934921063e-14
3341.8125988231 1.16078640230162e-14
3344.8471424881 1.34914535394729e-14
3347.8816861531 1.24993670470343e-14
3350.91622981809 1.20263389565413e-14
3353.95077348309 1.36405872423642e-14
3356.98531714809 1.37826033273997e-14
3360.01986081308 1.45100589394242e-14
3363.05440447808 1.39777275311951e-14
3366.08894814308 1.37824390030079e-14
3369.12349180807 1.42870910685867e-14
3372.15803547307 1.44673396797624e-14
3375.19257913807 1.24240658180234e-14
3378.22712280306 1.24073801159954e-14
3381.26166646806 1.27783060079934e-14
3384.29621013306 1.29593677707985e-14
3387.33075379805 1.2537253983732e-14
3390.36529746305 1.28061420517391e-14
3393.39984112805 1.2811264907004e-14
3396.43438479304 1.26061584199253e-14
3399.46892845804 1.31057562399077e-14
3402.50347212304 1.34728823421044e-14
3405.53801578803 1.36741509228992e-14
3408.57255945303 1.36833666413653e-14
3411.60710311803 1.40111582275573e-14
3414.64164678302 1.46435191446595e-14
3417.67619044802 1.53094259546047e-14
3420.71073411302 1.57870661394955e-14
3423.74527777801 1.58627180401466e-14
3426.77982144301 1.56085725805865e-14
3429.81436510801 1.50589024079271e-14
3432.848908773 1.5149267270872e-14
3435.883452438 1.53189008651527e-14
3438.917996103 1.57744961705583e-14
3441.95253976799 1.58491248554091e-14
3444.98708343299 1.56265398434637e-14
3448.02162709799 1.52979012243244e-14
3451.05617076298 1.57734475437696e-14
3454.09071442798 1.63649137101783e-14
3457.12525809297 1.65755487813038e-14
3460.15980175797 1.70859200133424e-14
3463.19434542297 1.71832237701912e-14
3466.22888908796 1.75629198413251e-14
3469.26343275296 1.83982959211593e-14
3472.29797641796 1.81887162530861e-14
3475.33252008295 1.76465592626688e-14
3478.36706374795 1.80133042000392e-14
3481.40160741295 1.79137558058802e-14
3484.43615107794 1.76307095821598e-14
3487.47069474294 1.72623908575734e-14
3490.50523840794 1.72483809326258e-14
3493.53978207293 1.73989969431748e-14
3496.57432573793 1.71008904736522e-14
3499.60886940293 1.70775631862848e-14
3502.64341306792 1.74934902447046e-14
3505.67795673292 1.76260627594111e-14
3508.71250039792 1.76088781549772e-14
3511.74704406291 1.77062344278688e-14
3514.78158772791 1.85689713659652e-14
3517.81613139291 1.94591962172658e-14
3520.8506750579 1.93570575963541e-14
3523.8852187229 1.91105151045286e-14
3526.9197623879 1.93492530347781e-14
3529.95430605289 1.92870028894185e-14
3532.98884971789 1.91226192053449e-14
3536.02339338289 1.9247827615608e-14
3539.05793704788 1.95383294233301e-14
3542.09248071288 1.93653585192372e-14
3545.12702437788 1.9419383974679e-14
3548.16156804287 1.91808510264027e-14
3551.19611170787 1.94167429259495e-14
3554.23065537287 1.95471572007064e-14
3557.26519903786 1.95616939801472e-14
3560.29974270286 1.96738987406041e-14
3563.33428636786 1.96376321779344e-14
3566.36883003285 1.95034367481009e-14
3569.40337369785 1.99602382284234e-14
3572.43791736285 2.00379839945201e-14
3575.47246102784 1.98019599578336e-14
3578.50700469284 2.01495246811463e-14
3581.54154835784 2.02772708021194e-14
3584.57609202283 2.00161474851399e-14
3587.61063568783 2.00718263488947e-14
3590.64517935283 2.02677620102535e-14
3593.67972301782 2.02058405136775e-14
3596.71426668282 2.00634695218371e-14
3599.74881034782 2.00406148788542e-14
3602.78335401281 1.96693518677432e-14
3605.81789767781 1.89196328417331e-14
3608.85244134281 1.86184380900848e-14
3611.8869850078 1.82002816409479e-14
3614.9215286728 1.76992328535268e-14
3617.9560723378 1.71402520947111e-14
3620.99061600279 1.62525175202754e-14
3624.02515966779 1.59058591222162e-14
3627.05970333279 1.51140866044407e-14
3630.09424699778 1.4341140240951e-14
3633.12879066278 1.37242173463455e-14
3636.16333432778 1.35421908130135e-14
3639.19787799277 1.32551135594971e-14
3642.23242165777 1.25230678759314e-14
3645.26696532277 1.17201526397348e-14
3648.30150898776 1.09907581692941e-14
3651.33605265276 1.04793450867303e-14
3654.37059631776 9.77147965270991e-15
3657.40513998275 9.07320093758652e-15
3660.43968364775 8.63126827362016e-15
3663.47422731275 8.04536626664194e-15
3666.50877097774 7.37849638023568e-15
3669.54331464274 7.07491130161027e-15
3672.57785830774 6.61455905917293e-15
3675.61240197273 6.10919760350086e-15
3678.64694563773 5.65930240631384e-15
3681.68148930273 5.25394250742756e-15
3684.71603296772 4.9746888737285e-15
3687.75057663272 4.83864225338877e-15
3690.78512029772 4.81218687334718e-15
3693.81966396271 4.89879726275335e-15
3696.85420762771 4.70856298016246e-15
3699.88875129271 4.46444088498372e-15
3702.9232949577 4.5143904178833e-15
3705.9578386227 4.56196105875053e-15
3708.9923822877 4.64905933913432e-15
3712.02692595269 4.65373496100316e-15
3715.06146961769 4.68466098094036e-15
3718.09601328269 4.79090262944857e-15
3721.13055694768 4.74337561077814e-15
3724.16510061268 4.88206920907803e-15
3727.19964427768 5.06626711137032e-15
3730.23418794267 5.24996229960841e-15
3733.26873160767 5.37836995331332e-15
3736.30327527266 5.57377028984952e-15
3739.33781893766 5.63496460864038e-15
3742.37236260266 5.85716760872655e-15
3745.40690626765 6.18642329136792e-15
3748.44144993265 6.44407589084611e-15
3751.47599359765 6.7282236809144e-15
3754.51053726264 7.21702903059944e-15
3757.54508092764 7.72134990629581e-15
3760.57962459264 8.17275493971131e-15
3763.61416825763 8.80036484901233e-15
3766.64871192263 9.46969028393268e-15
3769.68325558763 1.00230043923312e-14
3772.71779925262 1.06729166791334e-14
3775.75234291762 1.10868752329837e-14
3778.78688658262 1.1483330698012e-14
3781.82143024761 1.21619167441447e-14
3784.85597391261 1.22624112741058e-14
3787.89051757761 1.26458707126243e-14
3790.9250612426 1.31329747966348e-14
3793.9596049076 1.30956629953083e-14
3796.9941485726 1.27863706086842e-14
3800.02869223759 1.25523472638191e-14
3803.06323590259 1.26459452515237e-14
3806.09777956759 1.28749753371647e-14
3809.13232323258 1.28220611889497e-14
3812.16686689758 1.30942806375383e-14
3815.20141056258 1.3608215337186e-14
3818.23595422757 1.34879332705441e-14
3821.27049789257 1.3594083439494e-14
3824.30504155757 1.37632918232353e-14
3827.33958522256 1.35381106553065e-14
3830.37412888756 1.38245738099362e-14
3833.40867255256 1.37809804122728e-14
3836.44321621755 1.40107016767988e-14
3839.47775988255 1.44259688965526e-14
3842.51230354755 1.4696617946057e-14
3845.54684721254 1.48696142611383e-14
3848.58139087754 1.50442605964009e-14
3851.61593454254 1.558593816617e-14
3854.65047820753 1.60218535080791e-14
3857.68502187253 1.67616588604745e-14
3860.71956553753 1.72480472016446e-14
3863.75410920252 1.77630262929163e-14
3866.78865286752 1.83841894344557e-14
3869.82319653252 1.90794967580002e-14
3872.85774019751 1.98109994934467e-14
3875.89228386251 2.06312594233041e-14
3878.92682752751 2.12147516215474e-14
3881.9613711925 2.19144990918014e-14
3884.9959148575 2.26784516594572e-14
3888.0304585225 2.33436401854631e-14
3891.06500218749 2.39043133161074e-14
3894.09954585249 2.43641675031717e-14
3897.13408951749 2.4528156469892e-14
3900.16863318248 2.49658488869244e-14
3903.20317684748 2.53942730694479e-14
3906.23772051248 2.54102853802828e-14
3909.27226417747 2.5863927427712e-14
3912.30680784247 2.63370851142459e-14
3915.34135150747 2.63779104082377e-14
3918.37589517246 2.63563534197301e-14
3921.41043883746 2.65497683110379e-14
3924.44498250246 2.68152402951687e-14
3927.47952616745 2.69197861837165e-14
3930.51406983245 2.68231380303689e-14
3933.54861349745 2.68663367106788e-14
3936.58315716244 2.69480076274531e-14
3939.61770082744 2.71123320192204e-14
3942.65224449244 2.77203204102983e-14
3945.68678815743 2.83650310677714e-14
3948.72133182243 2.86605930503205e-14
3951.75587548743 2.9035605029256e-14
3954.79041915242 2.91120243417573e-14
3957.82496281742 2.92907178004419e-14
3960.85950648242 3.0010262124739e-14
3963.89405014741 3.04946260571651e-14
3966.92859381241 3.0895889281202e-14
3969.96313747741 3.12432066708942e-14
3972.9976811424 3.13461110095902e-14
3976.0322248074 3.08586469365772e-14
3979.0667684724 3.04567060861825e-14
3982.10131213739 3.04693946397323e-14
3985.13585580239 2.97351051658894e-14
3988.17039946739 2.91923535583431e-14
3991.20494313238 2.84033271213827e-14
3994.23948679738 2.75447440328596e-14
3997.27403046238 2.68310933638095e-14
4000.30857412737 2.63877512370189e-14
4003.34311779237 2.58612016756877e-14
4006.37766145737 2.47951107616804e-14
4009.41220512236 2.41423244920881e-14
4012.44674878736 2.39360397821797e-14
4015.48129245235 2.39086043850182e-14
4018.51583611735 2.34994112385291e-14
4021.55037978235 2.32819558581123e-14
4024.58492344734 2.35244393680546e-14
4027.61946711234 2.34009250236859e-14
4030.65401077734 2.32748746626732e-14
4033.68855444233 2.31315804049203e-14
4036.72309810733 2.31591072816402e-14
4039.75764177233 2.32786321008272e-14
4042.79218543732 2.36072876606255e-14
4045.82672910232 2.39715745083829e-14
4048.86127276732 2.43424648249972e-14
4051.89581643231 2.46365343354931e-14
4054.93036009731 2.48970613412778e-14
4057.96490376231 2.49268430197033e-14
4060.9994474273 2.52146394041919e-14
4064.0339910923 2.57786667853073e-14
4067.0685347573 2.60800546604675e-14
4070.10307842229 2.64059048471444e-14
4073.13762208729 2.64943215343106e-14
4076.17216575229 2.69462407167251e-14
4079.20670941728 2.74960786019081e-14
4082.24125308228 2.74119868649706e-14
4085.27579674728 2.72456702517113e-14
4088.31034041227 2.73491336321525e-14
4091.34488407727 2.77564446714328e-14
4094.37942774227 2.80390063923074e-14
4097.41397140726 2.81868475229211e-14
4100.44851507226 2.82438443699419e-14
4103.48305873726 2.78465740592183e-14
4106.51760240225 2.79275114454603e-14
4109.55214606725 2.80198719180289e-14
4112.58668973225 2.7818156103838e-14
4115.62123339724 2.76248801259335e-14
4118.65577706224 2.76231504846552e-14
4121.69032072724 2.74732493699137e-14
4124.72486439223 2.74389699465383e-14
4127.75940805723 2.69528289389889e-14
4130.79395172223 2.67968139404341e-14
4133.82849538722 2.68159704375692e-14
4136.86303905222 2.65498547083985e-14
4139.89758271722 2.60748623485008e-14
4142.93212638221 2.56171071090798e-14
4145.96667004721 2.52402130229354e-14
4149.00121371221 2.50731730435392e-14
4152.0357573772 2.47657102480812e-14
4155.0703010422 2.42926135479195e-14
4158.1048447072 2.42202362766425e-14
4161.13938837219 2.38170807810014e-14
4164.17393203719 2.34837512934002e-14
4167.20847570219 2.33215749771871e-14
4170.24301936718 2.31744250254583e-14
4173.27756303218 2.28538179727249e-14
4176.31210669718 2.27321078085339e-14
4179.34665036217 2.2432657944757e-14
4182.38119402717 2.21746313802326e-14
4185.41573769217 2.21344972651258e-14
4188.45028135716 2.19589920384547e-14
4191.48482502216 2.1982883449765e-14
4194.51936868716 2.21252679941325e-14
4197.55391235215 2.20058346545038e-14
4200.58845601715 2.20253672342675e-14
4203.62299968215 2.1870648196122e-14
4206.65754334714 2.16926611629155e-14
4209.69208701214 2.17723398581978e-14
4212.72663067714 2.16989241245275e-14
4215.76117434213 2.12894006351889e-14
4218.79571800713 2.08467530754151e-14
4221.83026167213 2.04998490378012e-14
4224.86480533712 2.01455995304687e-14
4227.89934900212 1.97046765297755e-14
4230.93389266712 1.91653774285223e-14
4233.96843633211 1.88382329755019e-14
4237.00297999711 1.87752831809279e-14
4240.03752366211 1.85157878612729e-14
4243.0720673271 1.83099469966289e-14
4246.1066109921 1.81455463718963e-14
4249.1411546571 1.7688196014224e-14
4252.17569832209 1.75290825691482e-14
4255.21024198709 1.74090376717315e-14
4258.24478565209 1.71265691244812e-14
4261.27932931708 1.686685357626e-14
4264.31387298208 1.66760458523638e-14
4267.34841664708 1.65737615417851e-14
4270.38296031207 1.63613815827883e-14
4273.41750397707 1.61228740455004e-14
4276.45204764207 1.5952593318048e-14
4279.48659130706 1.58191771585259e-14
4282.52113497206 1.55508438970994e-14
4285.55567863706 1.54538535424411e-14
4288.59022230205 1.53369901007743e-14
4291.62476596705 1.50026712786907e-14
4294.65930963204 1.4921954121015e-14
4297.69385329704 1.46061344984995e-14
4300.72839696204 1.43679132583478e-14
4303.76294062704 1.42307057793539e-14
4306.79748429203 1.41444939189494e-14
4309.83202795703 1.41130808550675e-14
4312.86657162202 1.40997824377956e-14
4315.90111528702 1.38963801810067e-14
4318.93565895202 1.37266915295844e-14
4321.97020261701 1.36802360075922e-14
4325.00474628201 1.35777670438311e-14
4328.03928994701 1.34087517836019e-14
4331.073833612 1.32366753463013e-14
4334.108377277 1.31696377707238e-14
4337.142920942 1.34025286325384e-14
4340.17746460699 1.35797177607086e-14
4343.21200827199 1.37684290780603e-14
4346.24655193699 1.40198792787823e-14
4349.28109560198 1.41891367904344e-14
4352.31563926698 1.44651424762972e-14
4355.35018293198 1.4774871931922e-14
4358.38472659697 1.48031984077441e-14
4361.41927026197 1.48864837693158e-14
4364.45381392697 1.50717959434502e-14
4367.48835759196 1.52680450069996e-14
4370.52290125696 1.55905866829845e-14
4373.55744492196 1.59193574392636e-14
4376.59198858695 1.60764481696614e-14
4379.62653225195 1.61924425555243e-14
4382.66107591695 1.64307078413892e-14
4385.69561958194 1.65244574479913e-14
4388.73016324694 1.66507127909773e-14
4391.76470691194 1.67743338614973e-14
4394.79925057693 1.68775363557907e-14
4397.83379424193 1.69789194233135e-14
4400.86833790693 1.69907999074317e-14
4403.90288157192 1.7052187773251e-14
4406.93742523692 1.70718965358677e-14
4409.97196890192 1.70588776394684e-14
4413.00651256691 1.70963639295821e-14
4416.04105623191 1.70570734592907e-14
4419.07559989691 1.68325318012372e-14
4422.1101435619 1.65004982740453e-14
4425.1446872269 1.62030965359349e-14
4428.1792308919 1.5946779283898e-14
4431.21377455689 1.5682579543254e-14
4434.24831822189 1.5530213562636e-14
4437.28286188689 1.55364799123798e-14
4440.31740555188 1.53848948961392e-14
4443.35194921688 1.51009813106808e-14
4446.38649288188 1.49508633555048e-14
4449.42103654687 1.49560522793397e-14
4452.45558021187 1.48698039965185e-14
4455.49012387687 1.48526786843909e-14
4458.52466754186 1.49343936468784e-14
4461.55921120686 1.5036422153507e-14
4464.59375487186 1.52441027737125e-14
4467.62829853685 1.54700217073383e-14
4470.66284220185 1.57586634307082e-14
4473.69738586685 1.61661777578958e-14
4476.73192953184 1.64923786162129e-14
4479.76647319684 1.68013525184488e-14
4482.80101686184 1.72555807126775e-14
4485.83556052683 1.75863640192392e-14
4488.87010419183 1.78091438487625e-14
4491.90464785683 1.80701451929976e-14
4494.93919152182 1.82631399559636e-14
4497.97373518682 1.86395868087118e-14
4501.00827885182 1.88399880277686e-14
4504.04282251681 1.89392060790782e-14
4507.07736618181 1.90209752516744e-14
4510.11190984681 1.90936964183279e-14
4513.1464535118 1.92522254106701e-14
4516.1809971768 1.93966038705955e-14
4519.2155408418 1.95250208416629e-14
4522.25008450679 1.96271645447723e-14
4525.28462817179 1.97073734826796e-14
4528.31917183679 1.97239566937209e-14
4531.35371550178 1.98541490458457e-14
4534.38825916678 2.00645909934592e-14
4537.42280283178 2.03199527923316e-14
4540.45734649677 2.03601190946904e-14
4543.49189016177 2.02746704109713e-14
4546.52643382677 2.02943402100725e-14
4549.56097749176 2.0251792051066e-14
4552.59552115676 2.02743722553739e-14
4555.63006482175 2.01512390758316e-14
4558.66460848675 2.00163304442565e-14
4561.69915215175 1.99714580268427e-14
4564.73369581675 1.97813211530408e-14
4567.76823948174 1.97069855415897e-14
4570.80278314674 1.96130749987276e-14
4573.83732681173 1.93566459383418e-14
4576.87187047673 1.90931272121874e-14
4579.90641414173 1.90661932585306e-14
4582.94095780672 1.91051008699298e-14
4585.97550147172 1.90994274432491e-14
4589.01004513672 1.90546854689092e-14
4592.04458880171 1.90045241777728e-14
4595.07913246671 1.89350098778575e-14
4598.11367613171 1.89075185765214e-14
4601.1482197967 1.90546431172618e-14
4604.1827634617 1.90776095685937e-14
4607.2173071267 1.89619387493166e-14
4610.25185079169 1.90200790908162e-14
4613.28639445669 1.89126058564026e-14
4616.32093812169 1.89025244702644e-14
4619.35548178668 1.89728925793905e-14
4622.39002545168 1.89534277622626e-14
4625.42456911668 1.90431082225861e-14
4628.45911278167 1.90037025558139e-14
4631.49365644667 1.89990201576815e-14
4634.52820011167 1.89165631943322e-14
4637.56274377666 1.88860784785605e-14
4640.59728744166 1.88471420680411e-14
4643.63183110666 1.87529079585932e-14
4646.66637477165 1.86729514365042e-14
4649.70091843665 1.84252061578936e-14
4652.73546210165 1.81655397375833e-14
4655.77000576664 1.78591526739684e-14
4658.80454943164 1.7558730416368e-14
4661.83909309664 1.71876893278891e-14
4664.87363676163 1.67588433229579e-14
4667.90818042663 1.63431229405772e-14
4670.94272409163 1.59325220253298e-14
4673.97726775662 1.55954740630902e-14
4677.01181142162 1.53275473774783e-14
4680.04635508662 1.50225189547108e-14
4683.08089875161 1.48168203916018e-14
4686.11544241661 1.47671503795748e-14
4689.14998608161 1.46770074392621e-14
4692.1845297466 1.46246184514745e-14
4695.2190734116 1.45656530998843e-14
4698.2536170766 1.45469031785639e-14
4701.28816074159 1.44883240739977e-14
4704.32270440659 1.45292154365593e-14
4707.35724807159 1.4648055853125e-14
4710.39179173658 1.4630568010896e-14
4713.42633540158 1.46986186378784e-14
4716.46087906658 1.46967399188014e-14
4719.49542273157 1.47414446236916e-14
4722.52996639657 1.48797803505712e-14
4725.56451006157 1.49388287113902e-14
4728.59905372656 1.49870045572983e-14
4731.63359739156 1.49678277313724e-14
4734.66814105656 1.50192815947863e-14
4737.70268472155 1.51204139405567e-14
4740.73722838655 1.50458835115278e-14
4743.77177205155 1.48002219339674e-14
4746.80631571654 1.46214793473719e-14
4749.84085938154 1.45131844909996e-14
4752.87540304654 1.43163391162554e-14
4755.90994671153 1.40959479196434e-14
4758.94449037653 1.38560275313995e-14
4761.97903404153 1.35639985232735e-14
4765.01357770652 1.32666349016456e-14
4768.04812137152 1.30222802959229e-14
4771.08266503652 1.28737674681819e-14
4774.11720870151 1.27377339768529e-14
4777.15175236651 1.26825734972618e-14
4780.18629603151 1.26239630524765e-14
4783.2208396965 1.25818739853275e-14
4786.2553833615 1.25162230026846e-14
4789.2899270265 1.25208935423558e-14
4792.32447069149 1.27185232696092e-14
4795.35901435649 1.28479939496629e-14
4798.39355802149 1.29675763670904e-14
4801.42810168648 1.31488600525276e-14
4804.46264535148 1.34208711310112e-14
4807.49718901648 1.36351586082053e-14
4810.53173268147 1.37617197300851e-14
4813.56627634647 1.39168487321771e-14
4816.60082001147 1.40760977025245e-14
4819.63536367646 1.4132904814165e-14
4822.66990734146 1.41208794874129e-14
4825.70445100646 1.41839487136325e-14
4828.73899467145 1.42485578457502e-14
4831.77353833645 1.40209126589779e-14
4834.80808200145 1.37824881309189e-14
4837.84262566644 1.3649984225881e-14
4840.87716933144 1.34382276831334e-14
4843.91171299644 1.32179669295952e-14
4846.94625666143 1.28874106278634e-14
4849.98080032643 1.25573489933727e-14
4853.01534399142 1.22837260111905e-14
4856.04988765642 1.20634135886426e-14
4859.08443132142 1.17773807267502e-14
4862.11897498642 1.1458182289808e-14
4865.15351865141 1.1181730217582e-14
4868.18806231641 1.08771202290904e-14
4871.2226059814 1.05754570682223e-14
4874.2571496464 1.03691113719417e-14
4877.2916933114 1.01589912968481e-14
4880.32623697639 9.97280498471215e-15
4883.36078064139 9.77156096787285e-15
4886.39532430639 9.60920338660904e-15
4889.42986797138 9.42526594694803e-15
4892.46441163638 9.29978225097704e-15
4895.49895530138 9.41687608560548e-15
4898.53349896637 9.51190301789204e-15
4901.56804263137 9.51644480855522e-15
4904.60258629637 9.55923267788577e-15
4907.63712996136 9.63517172270596e-15
4910.67167362636 9.70715681772837e-15
4913.70621729136 9.8504570047119e-15
4916.74076095635 9.9785758201818e-15
4919.77530462135 1.01723854288431e-14
4922.80984828635 1.03908911301145e-14
4925.84439195134 1.05055929436998e-14
4928.87893561634 1.04891579634243e-14
4931.91347928134 1.05398943899319e-14
4934.94802294633 1.06691092660355e-14
4937.98256661133 1.07152962785834e-14
4941.01711027633 1.06971384332931e-14
4944.05165394132 1.0684677731606e-14
4947.08619760632 1.07399551017438e-14
4950.12074127132 1.08369742555224e-14
4953.15528493631 1.08684025659973e-14
4956.18982860131 1.09243905967778e-14
4959.22437226631 1.10589494037457e-14
4962.2589159313 1.11820292202124e-14
4965.2934595963 1.12348730646927e-14
4968.3280032613 1.12777109089672e-14
4971.36254692629 1.1354379249155e-14
4974.39709059129 1.12885198964071e-14
4977.43163425629 1.11595582831547e-14
4980.46617792128 1.11020032414217e-14
4983.50072158628 1.1072273232006e-14
4986.53526525128 1.09731373428923e-14
4989.56980891627 1.08774353253468e-14
4992.60435258127 1.07184387708177e-14
4995.63889624627 1.06518602870976e-14
4998.67343991126 1.06497486339601e-14
5001.70798357626 1.06450645417618e-14
5004.74252724126 1.0597495171444e-14
5007.77707090625 1.05391227429169e-14
5010.81161457125 1.05797303494412e-14
5013.84615823625 1.06670924805881e-14
5016.88070190124 1.06962981766094e-14
5019.91524556624 1.07304344514167e-14
5022.94978923124 1.08430119063704e-14
5025.98433289623 1.09094277597646e-14
5029.01887656123 1.09420190464761e-14
5032.05342022623 1.09976945220991e-14
5035.08796389122 1.11098179673931e-14
5038.12250755622 1.12250288477798e-14
5041.15705122122 1.12242749884567e-14
5044.19159488621 1.11629760610969e-14
5047.22613855121 1.12224199863022e-14
5050.26068221621 1.13216964828852e-14
5053.2952258812 1.14228898150277e-14
5056.3297695462 1.14945132269817e-14
5059.3643132112 1.15136604067543e-14
5062.39885687619 1.16184637933181e-14
5065.43340054119 1.17972444963962e-14
5068.46794420619 1.19761547955153e-14
5071.50248787118 1.21156712863234e-14
5074.53703153618 1.22372781124949e-14
5077.57157520118 1.23491372835093e-14
5080.60611886617 1.24373439065045e-14
5083.64066253117 1.2540305843441e-14
5086.67520619617 1.26278475455727e-14
5089.70974986116 1.26714290847748e-14
5092.74429352616 1.27535607874723e-14
5095.77883719116 1.28559001551926e-14
5098.81338085615 1.29621824612822e-14
5101.84792452115 1.31347027438472e-14
5104.88246818615 1.32340978250428e-14
5107.91701185114 1.32789736305883e-14
5110.95155551614 1.3409569170396e-14
5113.98609918113 1.35479912946363e-14
5117.02064284613 1.3649792796435e-14
5120.05518651113 1.37922315509111e-14
5123.08973017613 1.39981994704973e-14
5126.12427384112 1.4084969525614e-14
5129.15881750612 1.41760831656843e-14
5132.19336117111 1.4250455199552e-14
5135.22790483611 1.43197933166143e-14
5138.26244850111 1.4373032725481e-14
5141.2969921661 1.43446469573526e-14
5144.3315358311 1.42939503413935e-14
5147.3660794961 1.42421136190875e-14
5150.40062316109 1.42526947546646e-14
5153.43516682609 1.41639409483854e-14
5156.46971049109 1.3968543999981e-14
5159.50425415608 1.38230008697531e-14
5162.53879782108 1.38026771612167e-14
5165.57334148608 1.38097600507216e-14
5168.60788515107 1.36541668745746e-14
5171.64242881607 1.36042707047507e-14
5174.67697248107 1.35641696239288e-14
5177.71151614606 1.34134341817343e-14
5180.74605981106 1.33029116287106e-14
5183.78060347606 1.33231032001073e-14
5186.81514714105 1.33469505657043e-14
5189.84969080605 1.33811690027075e-14
5192.88423447105 1.34075718667063e-14
5195.91877813604 1.34139119083165e-14
5198.95332180104 1.33787007486992e-14
5201.98786546604 1.35226777150076e-14
5205.02240913103 1.36684918957785e-14
5208.05695279603 1.37515138301037e-14
5211.09149646103 1.38803399180845e-14
5214.12604012602 1.39229338168702e-14
5217.16058379102 1.40025650783074e-14
5220.19512745602 1.41378760505325e-14
5223.22967112101 1.42345292860778e-14
5226.26421478601 1.42844551020548e-14
5229.29875845101 1.42683563938593e-14
5232.333302116 1.42439330458582e-14
5235.367845781 1.42117474879284e-14
5238.402389446 1.41855013250248e-14
5241.43693311099 1.41550809837571e-14
5244.47147677599 1.40843342509036e-14
5247.50602044099 1.38734306703338e-14
5250.54056410598 1.35674882990162e-14
5253.57510777098 1.32628537465691e-14
5256.60965143598 1.29933100750609e-14
5259.64419510097 1.27413355609446e-14
5262.67873876597 1.23996983741968e-14
5265.71328243097 1.19891703037828e-14
5268.74782609596 1.16390881985508e-14
5271.78236976096 1.13355471656387e-14
5274.81691342596 1.10223592744902e-14
5277.85145709095 1.07781351118413e-14
5280.88600075595 1.05561836805405e-14
5283.92054442095 1.02752880734732e-14
5286.95508808594 1.00372218403508e-14
5289.98963175094 9.91694739700547e-15
5293.02417541594 9.74698176580942e-15
5296.05871908093 9.56826713130118e-15
5299.09326274593 9.44088946966013e-15
5302.12780641093 9.3882556893507e-15
5305.16235007592 9.31770546814094e-15
5308.19689374092 9.32114188080795e-15
5311.23143740592 9.35740929051054e-15
5314.26598107091 9.3622483897382e-15
5317.30052473591 9.42273840063342e-15
5320.33506840091 9.46575750995857e-15
5323.3696120659 9.46106918259552e-15
5326.4041557309 9.46156384983672e-15
5329.4386993959 9.46832147868991e-15
5332.47324306089 9.4498620896704e-15
5335.50778672589 9.49482683367539e-15
5338.54233039089 9.57551349816494e-15
5341.57687405588 9.61153526831283e-15
5344.61141772088 9.56708213220797e-15
5347.64596138588 9.53451371538605e-15
5350.68050505087 9.57806560843502e-15
5353.71504871587 9.68964864670862e-15
5356.74959238087 9.81367375194444e-15
5359.78413604586 9.87950854073683e-15
5362.81867971086 9.99053507836408e-15
5365.85322337586 1.01564053052602e-14
5368.88776704085 1.0319757303204e-14
5371.92231070585 1.04067721508425e-14
5374.95685437085 1.04379014586871e-14
5377.99139803584 1.05605187951646e-14
5381.02594170084 1.07099193134342e-14
5384.06048536584 1.08241865991177e-14
5387.09502903083 1.07916283466911e-14
5390.12957269583 1.06693659170185e-14
5393.16411636083 1.06534654145327e-14
5396.19866002582 1.06994067875258e-14
5399.23320369082 1.06692422502082e-14
5402.26774735582 1.06579445247577e-14
5405.30229102081 1.06844312450184e-14
5408.33683468581 1.06456041017492e-14
5411.3713783508 1.06671085742141e-14
5414.4059220158 1.07050708968441e-14
5417.4404656808 1.06226037690994e-14
5420.4750093458 1.05024758624539e-14
5423.50955301079 1.04360930433447e-14
5426.54409667579 1.03602624187417e-14
5429.57864034078 1.02469006112789e-14
5432.61318400578 1.01611520778966e-14
5435.64772767078 1.00451797148903e-14
5438.68227133577 9.98011149091517e-15
5441.71681500077 9.93743119476892e-15
5444.75135866577 9.79286638759513e-15
5447.78590233076 9.64943491050477e-15
5450.82044599576 9.52637457579588e-15
5453.85498966076 9.3823798217956e-15
5456.88953332575 9.207123622811e-15
5459.92407699075 9.06014477173754e-15
5462.95862065575 8.91919764228147e-15
5465.99316432074 8.72214305039929e-15
5469.02770798574 8.59880658294959e-15
5472.06225165074 8.46778329150356e-15
5475.09679531573 8.31146674921956e-15
5478.13133898073 8.19085433972824e-15
5481.16588264573 8.08655239666924e-15
5484.20042631072 7.99244110699865e-15
5487.23496997572 7.98719204382452e-15
5490.26951364072 8.02756586925539e-15
5493.30405730571 8.01019745867194e-15
5496.33860097071 8.04075586631004e-15
5499.37314463571 8.16252955797205e-15
5502.4076883007 8.28566866674504e-15
5505.4422319657 8.49148412040068e-15
5508.4767756307 8.70125691198589e-15
5511.51131929569 8.84369227833028e-15
5514.54586296069 8.98990371755353e-15
5517.58040662569 9.19605798438807e-15
5520.61495029068 9.39396977361288e-15
5523.64949395568 9.57933869895474e-15
5526.68403762068 9.7714813467758e-15
5529.71858128567 9.98408153433895e-15
5532.75312495067 1.01465458417541e-14
5535.78766861567 1.02941176158907e-14
5538.82221228066 1.04919557132491e-14
5541.85675594566 1.06917419863861e-14
5544.89129961066 1.08750992084783e-14
5547.92584327565 1.1038630777407e-14
5550.96038694065 1.12033905441092e-14
5553.99493060565 1.13702221534004e-14
5557.02947427064 1.14677275040906e-14
5560.06401793564 1.15922142422827e-14
5563.09856160064 1.17719021176473e-14
5566.13310526563 1.1869737811187e-14
5569.16764893063 1.18706127962215e-14
5572.20219259563 1.18407913072475e-14
5575.23673626062 1.18522414986285e-14
5578.27127992562 1.18666588464237e-14
5581.30582359062 1.18345706972829e-14
5584.34036725561 1.17187431769106e-14
5587.37491092061 1.16005795396698e-14
5590.40945458561 1.15017714523067e-14
5593.4439982506 1.14069113855107e-14
5596.4785419156 1.13504388518843e-14
5599.5130855806 1.13607811241703e-14
5602.54762924559 1.13721847287392e-14
5605.58217291059 1.13605058384625e-14
5608.61671657559 1.13877404888155e-14
5611.65126024058 1.13989916274539e-14
5614.68580390558 1.14046769125959e-14
5617.72034757058 1.14905618182827e-14
5620.75489123557 1.15390747833038e-14
5623.78943490057 1.15556020901706e-14
5626.82397856557 1.1638603695705e-14
5629.85852223056 1.16706825274834e-14
5632.89306589556 1.1672953422815e-14
5635.92760956056 1.16884202444319e-14
5638.96215322555 1.17136186275797e-14
5641.99669689055 1.17376235413049e-14
5645.03124055555 1.17138329269154e-14
5648.06578422054 1.17294776254512e-14
5651.10032788554 1.17704062574625e-14
5654.13487155054 1.17894560284462e-14
5657.16941521553 1.17833946606757e-14
5660.20395888053 1.18038674470108e-14
5663.23850254553 1.18351094102374e-14
5666.27304621052 1.18461182974528e-14
5669.30758987552 1.18703739329304e-14
5672.34213354051 1.18002641688532e-14
5675.37667720551 1.18075317115406e-14
5678.41122087051 1.18632004109001e-14
5681.44576453551 1.18383992862045e-14
5684.4803082005 1.18525413482918e-14
5687.5148518655 1.19339047921063e-14
5690.54939553049 1.19306386330616e-14
5693.58393919549 1.18416213995358e-14
5696.61848286049 1.18433383353199e-14
5699.65302652548 1.18804527779698e-14
5702.68757019048 1.18555610207488e-14
5705.72211385548 1.18699741333793e-14
5708.75665752047 1.19036877387459e-14
5711.79120118547 1.19092180168585e-14
5714.82574485047 1.19458157694105e-14
5717.86028851547 1.20326197058452e-14
5720.89483218046 1.19986477554296e-14
5723.92937584546 1.18817224803577e-14
5726.96391951045 1.18128985122944e-14
5729.99846317545 1.17890240416431e-14
5733.03300684045 1.18024139384733e-14
5736.06755050544 1.17935421153838e-14
5739.10209417044 1.17332935088785e-14
5742.13663783544 1.166799150381e-14
5745.17118150043 1.15848653844323e-14
5748.20572516543 1.15364040884211e-14
5751.24026883043 1.15219985990871e-14
5754.27481249542 1.14201123939937e-14
5757.30935616042 1.12422168403454e-14
5760.34389982542 1.11060698466015e-14
5763.37844349041 1.10052703847794e-14
5766.41298715541 1.089623776271e-14
5769.44753082041 1.07797766616931e-14
5772.4820744854 1.06679251139752e-14
5775.5166181504 1.05448673203652e-14
5778.5511618154 1.04150171695511e-14
5781.58570548039 1.03385495761718e-14
5784.62024914539 1.02735711376891e-14
5787.65479281039 1.01560292226316e-14
5790.68933647538 1.01083370325364e-14
5793.72388014038 1.01277832149395e-14
5796.75842380538 1.01344569875309e-14
5799.79296747037 1.01001004841573e-14
5802.82751113537 1.00734850148887e-14
5805.86205480037 1.00749808750735e-14
5808.89659846536 1.00942254636352e-14
5811.93114213036 1.00741270658627e-14
5814.96568579536 1.00364468052041e-14
5818.00022946035 1.00426555567075e-14
5821.03477312535 1.01265567112319e-14
5824.06931679035 1.02526409535625e-14
5827.10386045534 1.0287801291203e-14
5830.13840412034 1.03094624647631e-14
5833.17294778534 1.03837743592916e-14
5836.20749145033 1.04422789249585e-14
5839.24203511533 1.04673460179995e-14
5842.27657878033 1.05033567767191e-14
5845.31112244532 1.05211902083906e-14
5848.34566611032 1.05767936862131e-14
5851.38020977532 1.06493877979246e-14
5854.41475344031 1.06635222367154e-14
5857.44929710531 1.06859364225657e-14
5860.48384077031 1.07021401628466e-14
5863.5183844353 1.07384007962856e-14
5866.5529281003 1.07274901648921e-14
5869.5874717653 1.07522828192582e-14
5872.62201543029 1.07787966445731e-14
5875.65655909529 1.07525987625475e-14
5878.69110276029 1.07068784651536e-14
5881.72564642528 1.06459895017402e-14
5884.76019009028 1.05935810321947e-14
5887.79473375528 1.05429403204102e-14
5890.82927742027 1.05226648927518e-14
5893.86382108527 1.05762863134777e-14
5896.89836475027 1.06946481564282e-14
5899.93290841526 1.08310983879673e-14
5902.96745208026 1.08964749319352e-14
5906.00199574526 1.08880986231198e-14
5909.03653941025 1.0909100805047e-14
5912.07108307525 1.0965354804173e-14
5915.10562674025 1.10229106929389e-14
5918.14017040524 1.10656545165562e-14
5921.17471407024 1.10668861024615e-14
5924.20925773524 1.10490670703501e-14
5927.24380140023 1.09833474780385e-14
5930.27834506523 1.09537970396077e-14
5933.31288873022 1.10154449445418e-14
5936.34743239522 1.10785421228487e-14
5939.38197606022 1.11261623151433e-14
5942.41651972522 1.11384976559542e-14
5945.45106339021 1.10969947356046e-14
5948.48560705521 1.10789182054772e-14
5951.52015072021 1.10876748320859e-14
5954.5546943852 1.10845967143556e-14
5957.5892380502 1.10246776036669e-14
5960.6237817152 1.09551768562787e-14
5963.65832538019 1.10112529784858e-14
5966.69286904519 1.10512761322765e-14
5969.72741271018 1.10199130433386e-14
5972.76195637518 1.09739428712252e-14
5975.79650004018 1.09511763196689e-14
5978.83104370518 1.09698296792333e-14
5981.86558737017 1.09340145851245e-14
5984.90013103517 1.08411111644367e-14
5987.93467470016 1.08028913437907e-14
5990.96921836516 1.08584279060104e-14
5994.00376203016 1.08966367152281e-14
5997.03830569515 1.08377442084714e-14
6000.07284936015 1.07816663921984e-14
6003.10739302515 1.07374080736715e-14
6006.14193669014 1.07060280440745e-14
6009.17648035514 1.07196669685912e-14
6012.21102402014 1.06524667626878e-14
6015.24556768513 1.05915701759779e-14
6018.28011135013 1.05245436118288e-14
6021.31465501513 1.04562617448518e-14
6024.34919868012 1.03511542734599e-14
6027.38374234512 1.02971974276869e-14
6030.41828601012 1.02605869696406e-14
6033.45282967511 1.0163763480473e-14
6036.48737334011 1.00954113097613e-14
6039.52191700511 1.00552263726777e-14
6042.5564606701 9.99091116099266e-15
6045.5910043351 9.95074231753502e-15
6048.6255480001 9.94216102674639e-15
6051.66009166509 9.88966361874146e-15
6054.69463533009 9.79129090631324e-15
6057.72917899509 9.69348147079495e-15
6060.76372266008 9.66096048781806e-15
6063.79826632508 9.67492890815123e-15
6066.83280999008 9.57956570378461e-15
6069.86735365507 9.45586501216759e-15
6072.90189732007 9.40667780892053e-15
6075.93644098507 9.29679984796976e-15
6078.97098465006 9.11635726624912e-15
6082.00552831506 8.99584988884325e-15
6085.04007198006 8.8779454436843e-15
6088.07461564505 8.71363629851001e-15
6091.10915931005 8.54151327439731e-15
6094.14370297505 8.38833668324879e-15
6097.17824664004 8.24007881242497e-15
6100.21279030504 8.06860800368165e-15
6103.24733397004 7.92684772259623e-15
6106.28187763503 7.74747833161976e-15
6109.31642130003 7.47913321173192e-15
6112.35096496503 7.24220539089068e-15
6115.38550863002 7.01470547026886e-15
6118.42005229502 6.7924541893047e-15
6121.45459596002 6.5812503355551e-15
6124.48913962501 6.37083930464413e-15
6127.52368329001 6.17327988112538e-15
6130.55822695501 5.97000637334445e-15
6133.59277062 5.7415433762616e-15
6136.627314285 5.52981902076592e-15
6139.66185795 5.36483013165146e-15
6142.69640161499 5.24188838155518e-15
6145.73094527999 5.11180021448292e-15
6148.76548894499 4.97697459213666e-15
6151.80003260998 4.84922974171298e-15
6154.83457627498 4.71396069761884e-15
6157.86911993998 4.62352383687344e-15
6160.90366360497 4.54959310717119e-15
6163.93820726997 4.47008890067601e-15
6166.97275093497 4.43040794819599e-15
6170.00729459996 4.40961498340679e-15
6173.04183826496 4.42964307744462e-15
6176.07638192996 4.43815872317984e-15
6179.11092559495 4.40541624108725e-15
6182.14546925995 4.41241654487983e-15
6185.18001292495 4.48414880056748e-15
6188.21455658994 4.53954390828497e-15
6191.24910025494 4.57606161622347e-15
6194.28364391994 4.65696003894983e-15
6197.31818758493 4.75710389727076e-15
6200.35273124993 4.82160545620417e-15
6203.38727491493 4.88218186446001e-15
6206.42181857992 5.02067852759967e-15
6209.45636224492 5.19554890307679e-15
6212.49090590992 5.31957189073024e-15
6215.52544957491 5.45259375641532e-15
6218.55999323991 5.61359439089763e-15
6221.5945369049 5.77936255032356e-15
6224.6290805699 5.97088051134602e-15
6227.6636242349 6.12706788110555e-15
6230.69816789989 6.23686452689339e-15
6233.73271156489 6.37811108249631e-15
6236.76725522989 6.54742746293829e-15
6239.80179889488 6.72067365273905e-15
6242.83634255988 6.84610102101905e-15
6245.87088622488 6.95503242265126e-15
6248.90542988987 7.10398358994241e-15
6251.93997355487 7.24361146558312e-15
6254.97451721987 7.35625583613963e-15
6258.00906088486 7.46204178092222e-15
6261.04360454986 7.5593472318369e-15
6264.07814821486 7.64628499947718e-15
6267.11269187985 7.70959224195497e-15
6270.14723554485 7.74029125706231e-15
6273.18177920985 7.7557961951618e-15
6276.21632287484 7.75278414600136e-15
6279.25086653984 7.78012213437399e-15
6282.28541020484 7.91899318607634e-15
6285.31995386983 8.07053923880139e-15
6288.35449753483 8.18333692232135e-15
6291.38904119983 8.29608293683153e-15
6294.42358486482 8.42086105435746e-15
6297.45812852982 8.54297610029722e-15
6300.49267219482 8.61935814334882e-15
6303.52721585981 8.66519279019064e-15
6306.56175952481 8.73378805935814e-15
6309.59630318981 8.83798751143052e-15
6312.6308468548 8.87294286709781e-15
6315.6653905198 8.86408290246953e-15
6318.6999341848 8.92181836222028e-15
6321.73447784979 9.00638867277299e-15
6324.76902151479 9.08932505677045e-15
6327.80356517979 9.1276405921395e-15
6330.83810884478 9.17107559464175e-15
6333.87265250978 9.24707816693298e-15
6336.90719617478 9.30140601313693e-15
6339.94173983977 9.34289453392639e-15
6342.97628350477 9.38180722752325e-15
6346.01082716977 9.36692231754115e-15
6349.04537083476 9.3320482770368e-15
6352.07991449976 9.34686965954785e-15
6355.11445816476 9.32058283906276e-15
6358.14900182975 9.27744768622384e-15
6361.18354549475 9.32735402044312e-15
6364.21808915975 9.35183073151992e-15
6367.25263282474 9.36369427497917e-15
6370.28717648974 9.3148958598549e-15
6373.32172015474 9.24279556835167e-15
6376.35626381973 9.23337740901115e-15
6379.39080748473 9.17848713293022e-15
6382.42535114973 9.11875098135806e-15
6385.45989481472 9.12740342291427e-15
6388.49443847972 9.13487848867378e-15
6391.52898214472 9.12338848674428e-15
6394.56352580971 9.11237536436408e-15
6397.59806947471 9.1110565340652e-15
6400.63261313971 9.1190635365156e-15
6403.6671568047 9.10505107046917e-15
6406.7017004697 9.08548799751939e-15
6409.7362441347 9.06092573611491e-15
6412.77078779969 9.01932117181167e-15
6415.80533146469 9.00858333513933e-15
6418.83987512969 9.04344551718242e-15
6421.87441879468 9.02418737609365e-15
6424.90896245968 8.9534186203835e-15
6427.94350612468 8.94246224921076e-15
6430.97804978967 8.89745176542662e-15
6434.01259345467 8.78560784100526e-15
6437.04713711967 8.76854266821693e-15
6440.08168078466 8.80108906218223e-15
6443.11622444966 8.76472254962481e-15
6446.15076811466 8.74644188455717e-15
6449.18531177965 8.76374507360368e-15
6452.21985544465 8.68620513651318e-15
6455.25439910965 8.58186084180682e-15
6458.28894277464 8.5522036772246e-15
6461.32348643964 8.51938453865029e-15
6464.35803010463 8.41369939078842e-15
6467.39257376963 8.33730294817672e-15
6470.42711743463 8.31604326823358e-15
6473.46166109963 8.29554422387708e-15
6476.49620476462 8.27934302469495e-15
6479.53074842962 8.23273503677228e-15
6482.56529209462 8.18821244396575e-15
6485.59983575961 8.14741849019304e-15
6488.63437942461 8.03656728838587e-15
6491.6689230896 7.96748412824075e-15
6494.7034667546 7.97864632841967e-15
6497.7380104196 7.9895112200341e-15
6500.77255408459 7.98142544351961e-15
6503.80709774959 7.97046568421509e-15
6506.84164141459 7.91376783982473e-15
6509.87618507959 7.8229540494178e-15
6512.91072874458 7.79692980914636e-15
6515.94527240958 7.8025803659375e-15
6518.97981607457 7.73892753401723e-15
6522.01435973957 7.65077681519647e-15
6525.04890340457 7.65743703526073e-15
6528.08344706956 7.71420179525393e-15
6531.11799073456 7.69635735215412e-15
6534.15253439956 7.63630271619379e-15
6537.18707806455 7.60249424313708e-15
6540.22162172955 7.59367832422206e-15
6543.25616539455 7.59418061475978e-15
6546.29070905954 7.55739058572874e-15
6549.32525272454 7.50432143048442e-15
6552.35979638954 7.50783915831436e-15
6555.39434005453 7.53385662232223e-15
6558.42888371953 7.4618173171912e-15
6561.46342738453 7.38550388380832e-15
6564.49797104952 7.39853548570183e-15
6567.53251471452 7.41100973991604e-15
6570.56705837952 7.41490693850636e-15
6573.60160204451 7.39463320491383e-15
6576.63614570951 7.32174263167081e-15
6579.67068937451 7.25414855544696e-15
6582.7052330395 7.24349881020114e-15
6585.7397767045 7.25488632114402e-15
6588.7743203695 7.26490163871236e-15
6591.80886403449 7.24725370725631e-15
6594.84340769949 7.16790704888932e-15
6597.87795136449 7.13166250907631e-15
6600.91249502948 7.15244530947014e-15
6603.94703869448 7.17659591286226e-15
6606.98158235948 7.14334902264958e-15
6610.01612602447 7.0600018276727e-15
6613.05066968947 7.03680752447804e-15
6616.08521335447 7.06245059992321e-15
6619.11975701946 7.09684140813116e-15
6622.15430068446 7.12447712858475e-15
6625.18884434946 7.03077876747595e-15
6628.22338801445 6.87597248493692e-15
6631.25793167945 6.91579404488618e-15
6634.29247534445 7.00369404195455e-15
6637.32701900944 6.95423832926321e-15
6640.36156267444 6.88663366512753e-15
6643.39610633944 6.85928043016185e-15
6646.43065000443 6.87814131279836e-15
6649.46519366943 6.89110769315493e-15
6652.49973733443 6.83932094579275e-15
6655.53428099942 6.76844800503009e-15
6658.56882466442 6.73041156701716e-15
6661.60336832942 6.79542727494956e-15
6664.63791199441 6.870270259136e-15
6667.67245565941 6.79279681413186e-15
6670.70699932441 6.69549390431602e-15
6673.7415429894 6.64512720768991e-15
6676.7760866544 6.61200483132048e-15
6679.8106303194 6.59920573997099e-15
6682.84517398439 6.62115194011788e-15
6685.87971764939 6.65679847467013e-15
6688.91426131439 6.56330806014988e-15
6691.94880497938 6.42844516835395e-15
6694.98334864438 6.42574143918631e-15
6698.01789230938 6.46638123296263e-15
6701.05243597437 6.47523103319554e-15
6704.08697963937 6.45389766138599e-15
6707.12152330437 6.4606984889195e-15
6710.15606696936 6.52584802805756e-15
6713.19061063436 6.54655501900261e-15
6716.22515429936 6.53890842907128e-15
6719.25969796435 6.47480243452423e-15
6722.29424162935 6.38696215327864e-15
6725.32878529435 6.34673825267943e-15
6728.36332895934 6.33397007803252e-15
6731.39787262434 6.33551167799652e-15
6734.43241628934 6.35242777298614e-15
6737.46695995433 6.33756827399246e-15
6740.50150361933 6.31442945145584e-15
6743.53604728433 6.30626066571252e-15
6746.57059094932 6.25823262705378e-15
6749.60513461432 6.20304843054016e-15
6752.63967827932 6.16842595882114e-15
6755.67422194431 6.11387449591912e-15
6758.70876560931 6.03103848532591e-15
6761.7433092743 5.99240954776638e-15
6764.7778529393 6.03781644296984e-15
6767.8123966043 6.02127770115823e-15
6770.8469402693 5.93786782574325e-15
6773.88148393429 5.91738741611159e-15
6776.91602759929 5.91942241276737e-15
6779.95057126428 5.85981839833498e-15
6782.98511492928 5.77993133294764e-15
6786.01965859428 5.70359079451045e-15
6789.05420225927 5.60405679991154e-15
6792.08874592427 5.55474974150245e-15
6795.12328958927 5.57093908222332e-15
6798.15783325426 5.58671591789888e-15
6801.19237691926 5.53591045820609e-15
6804.22692058426 5.49071405069003e-15
6807.26146424925 5.52604125382116e-15
6810.29600791425 5.53544416656863e-15
6813.33055157925 5.48428041193916e-15
6816.36509524424 5.47037424852761e-15
6819.39963890924 5.45984478196029e-15
6822.43418257424 5.362372465555e-15
6825.46872623923 5.27356656674955e-15
6828.50326990423 5.25732174537063e-15
6831.53781356923 5.26533255946929e-15
6834.57235723422 5.30796288067165e-15
6837.60690089922 5.34215082448873e-15
6840.64144456422 5.35777900588204e-15
6843.67598822921 5.36541416086859e-15
6846.71053189421 5.35869718959687e-15
6849.74507555921 5.34279414601217e-15
6852.7796192242 5.27585779087187e-15
6855.8141628892 5.12292175708037e-15
6858.8487065542 4.92002009676328e-15
6861.88325021919 4.66608004269292e-15
6864.91779388419 4.35413178426279e-15
6867.95233754919 4.10399702570796e-15
6870.98688121418 4.06649675955065e-15
6874.02142487918 4.23580636372905e-15
6877.05596854418 4.42897646251513e-15
6880.09051220917 4.52928422171135e-15
6883.12505587417 4.55109743768552e-15
6886.15959953917 4.52327494646705e-15
6889.19414320416 4.48792360289692e-15
6892.22868686916 4.44640374188841e-15
6895.26323053416 4.41962733635981e-15
6898.29777419915 4.41427408813316e-15
6901.33231786415 4.41379847913328e-15
6904.36686152915 4.44012892181515e-15
6907.40140519414 4.51882759997749e-15
6910.43594885914 4.6211237690174e-15
6913.47049252414 4.68684420836191e-15
6916.50503618913 4.73288553124286e-15
6919.53957985413 4.75673840255402e-15
6922.57412351913 4.71829115356167e-15
6925.60866718412 4.67704403716218e-15
6928.64321084912 4.66424071064796e-15
6931.67775451412 4.64167236480131e-15
6934.71229817911 4.58488939359975e-15
6937.74684184411 4.52037174104034e-15
6940.78138550911 4.51400417085935e-15
6943.8159291741 4.55327092422817e-15
6946.8504728391 4.55238746886418e-15
6949.8850165041 4.55533429648768e-15
6952.91956016909 4.62004168442728e-15
6955.95410383409 4.66176313927724e-15
6958.98864749909 4.65670592906565e-15
6962.02319116408 4.6690383052612e-15
6965.05773482908 4.71914284519014e-15
6968.09227849408 4.74646601048619e-15
6971.12682215907 4.73090432117924e-15
6974.16136582407 4.68149943046474e-15
6977.19590948907 4.61323662172904e-15
6980.23045315406 4.58557887841882e-15
6983.26499681906 4.58419609713242e-15
6986.29954048406 4.58240208135014e-15
6989.33408414905 4.58841389769328e-15
6992.36862781405 4.57772137728361e-15
6995.40317147905 4.59793454802042e-15
6998.43771514404 4.6501354944938e-15
7001.47225880904 4.64289759795952e-15
7004.50680247404 4.6200814949758e-15
7007.54134613903 4.67820701339876e-15
7010.57588980403 4.76663937067448e-15
7013.61043346903 4.82745760683675e-15
7016.64497713402 4.81461446977401e-15
7019.67952079902 4.74775561814839e-15
7022.71406446401 4.69188617198044e-15
7025.74860812901 4.62981771518801e-15
7028.78315179401 4.58343122638105e-15
7031.81769545901 4.58322158572661e-15
7034.852239124 4.59164321080468e-15
7037.886782789 4.61011911696667e-15
7040.921326454 4.66800619561497e-15
7043.95587011899 4.74608908082466e-15
7046.99041378399 4.80052534724586e-15
7050.02495744898 4.7913888263603e-15
7053.05950111398 4.71732468896886e-15
7056.09404477898 4.61775427195322e-15
7059.12858844397 4.55675815887202e-15
7062.16313210897 4.55024447550763e-15
7065.19767577397 4.57520060723258e-15
7068.23221943897 4.62296394809531e-15
7071.26676310396 4.67213378716694e-15
7074.30130676896 4.72200878116717e-15
7077.33585043395 4.77616086803456e-15
7080.37039409895 4.7876021655696e-15
7083.40493776395 4.74350478330259e-15
7086.43948142894 4.69204753175689e-15
7089.47402509394 4.62548175353102e-15
7092.50856875894 4.56497268439449e-15
7095.54311242393 4.51773662154143e-15
7098.57765608893 4.49473882999053e-15
7101.61219975393 4.52485466291368e-15
7104.64674341892 4.60186308682978e-15
7107.68128708392 4.69119965177669e-15
7110.71583074892 4.74625298169996e-15
7113.75037441391 4.79874615454015e-15
7116.78491807891 4.82294969749147e-15
7119.81946174391 4.75977882731819e-15
7122.8540054089 4.66871473867535e-15
7125.8885490739 4.59320090439468e-15
7128.9230927389 4.54361136049768e-15
7131.95763640389 4.520521665872e-15
7134.99218006889 4.51806908197323e-15
7138.02672373389 4.54918907245535e-15
7141.06126739888 4.62447081970847e-15
7144.09581106388 4.71554591977962e-15
7147.13035472888 4.78016436925976e-15
7150.16489839387 4.78715239107461e-15
7153.19944205887 4.73701354631131e-15
7156.23398572387 4.63836216004344e-15
7159.26852938886 4.52090367773121e-15
7162.30307305386 4.41954729174629e-15
7165.33761671886 4.37543635695213e-15
7168.37216038385 4.40557548328133e-15
7171.40670404885 4.46133905033087e-15
7174.44124771385 4.50690052904721e-15
7177.47579137884 4.53622480968115e-15
7180.51033504384 4.50925231602526e-15
7183.54487870884 4.40488769252816e-15
7186.57942237383 4.27901266733554e-15
7189.61396603883 4.20155785705624e-15
7192.64850970383 4.20665741891518e-15
7195.68305336882 4.27111027345413e-15
7198.71759703382 4.35977979995508e-15
7201.75214069882 4.45639618956717e-15
7204.78668436381 4.55544059912256e-15
7207.82122802881 4.65443333966817e-15
7210.85577169381 4.68133468255649e-15
7213.8903153588 4.60532321641931e-15
7216.9248590238 4.50934294855061e-15
7219.9594026888 4.43810874823595e-15
7222.99394635379 4.36511356642394e-15
7226.02849001879 4.29563018321125e-15
7229.06303368379 4.26797328693398e-15
7232.09757734878 4.28896488094931e-15
7235.13212101378 4.35983993929434e-15
7238.16666467878 4.46148219889896e-15
7241.20120834377 4.53603507430097e-15
7244.23575200877 4.53274392778441e-15
7247.27029567377 4.45919859807316e-15
7250.30483933876 4.3742195941234e-15
7253.33938300376 4.28600407728218e-15
7256.37392666876 4.23352445696914e-15
7259.40847033375 4.2703496378675e-15
7262.44301399875 4.34755033826262e-15
7265.47755766375 4.41837542166377e-15
7268.51210132874 4.45881531566453e-15
7271.54664499374 4.44347512547328e-15
7274.58118865874 4.40600874063385e-15
7277.61573232373 4.36111853552822e-15
7280.65027598873 4.26892704603258e-15
7283.68481965373 4.16135089711597e-15
7286.71936331872 4.08778608564694e-15
7289.75390698372 4.08850521661916e-15
7292.78845064872 4.18350377330199e-15
7295.82299431371 4.29455275730234e-15
7298.85753797871 4.34063177314945e-15
7301.89208164371 4.32171540985489e-15
7304.9266253087 4.26642152257461e-15
7307.9611689737 4.18526051963459e-15
7310.9957126387 4.09999479503219e-15
7314.03025630369 4.03117421510072e-15
7317.06479996869 4.00869269013117e-15
7320.09934363368 4.07532496044341e-15
7323.13388729868 4.18325093396723e-15
7326.16843096368 4.24837929728162e-15
7329.20297462868 4.27116067191449e-15
7332.23751829367 4.28734704802005e-15
7335.27206195867 4.27035217896634e-15
7338.30660562366 4.21066939046985e-15
7341.34114928866 4.13269238437857e-15
7344.37569295366 4.04403683392125e-15
7347.41023661865 3.96419212018127e-15
7350.44478028365 3.91264804775848e-15
7353.47932394865 3.90920994102558e-15
7356.51386761364 3.92238215038833e-15
7359.54841127864 3.95939791369981e-15
7362.58295494364 4.04546959015153e-15
7365.61749860863 4.12856225172776e-15
7368.65204227363 4.13953598707591e-15
7371.68658593863 4.06847796961428e-15
7374.72112960362 3.98629036274219e-15
7377.75567326862 3.87978359292149e-15
7380.79021693362 3.75218612623063e-15
7383.82476059861 3.6975351369573e-15
7386.85930426361 3.69906784307536e-15
7389.89384792861 3.7437492545595e-15
7392.9283915936 3.82390440587465e-15
7395.9629352586 3.90437380641323e-15
7398.9974789236 3.96379697931138e-15
7402.03202258859 3.94841824912103e-15
7405.06656625359 3.86284632210819e-15
7408.10110991859 3.72566044245441e-15
7411.13565358358 3.60311086861271e-15
7414.17019724858 3.577901897553e-15
7417.20474091358 3.62788277067164e-15
7420.23928457857 3.71934835293147e-15
7423.27382824357 3.80814196975919e-15
7426.30837190857 3.86852483098658e-15
7429.34291557356 3.91455937760396e-15
7432.37745923856 3.91620939778521e-15
7435.41200290356 3.85471988801223e-15
7438.44654656855 3.76428345078331e-15
7441.48109023355 3.67627249239885e-15
7444.51563389855 3.60974567768855e-15
7447.55017756354 3.58830092104644e-15
7450.58472122854 3.6229051815571e-15
7453.61926489354 3.70248900914932e-15
7456.65380855853 3.79973220314238e-15
7459.68835222353 3.88680719012012e-15
7462.72289588853 3.94272237606722e-15
7465.75743955352 3.9334100958451e-15
7468.79198321852 3.84947675406873e-15
7471.82652688352 3.73204961197555e-15
7474.86107054851 3.63358330240666e-15
7477.89561421351 3.5772225771293e-15
7480.93015787851 3.55146790509333e-15
7483.9647015435 3.56362600425998e-15
7486.9992452085 3.61237147982504e-15
7490.0337888735 3.65912303983227e-15
7493.06833253849 3.68924480198605e-15
7496.10287620349 3.68545348251414e-15
7499.13741986849 3.63285824220381e-15
7502.17196353348 3.54071333952028e-15
7505.20650719848 3.41324737469448e-15
7508.24105086348 3.27340583499282e-15
7511.27559452847 3.15153007586066e-15
7514.31013819347 3.06544018820057e-15
7517.34468185847 3.02932503267025e-15
7520.37922552346 3.05035622547587e-15
7523.41376918846 3.11310908488968e-15
7526.44831285346 3.19187192579778e-15
7529.48285651845 3.2441887040267e-15
7532.51740018345 3.26197554888609e-15
7535.55194384845 3.26311777281547e-15
7538.58648751344 3.26462083278037e-15
7541.62103117844 3.24783179273284e-15
7544.65557484344 3.18823751917934e-15
7547.69011850843 3.13428342626338e-15
7550.72466217343 3.08106942838507e-15
7553.75920583843 3.01578309342603e-15
7556.79374950342 2.99396373646299e-15
7559.82829316842 3.01193375219723e-15
7562.86283683342 3.05254517036981e-15
7565.89738049841 3.12009668318805e-15
7568.93192416341 3.19589363823134e-15
7571.96646782841 3.26333736610704e-15
7575.0010114934 3.32135340552157e-15
7578.0355551584 3.39014412754164e-15
7581.07009882339 3.4330579930231e-15
7584.10464248839 3.35474132671996e-15
7587.13918615339 3.06774560012476e-15
7590.17372981839 2.53827928083973e-15
7593.20827348338 1.90492775870574e-15
7596.24281714838 1.39110814965975e-15
7599.27736081338 1.07846151256461e-15
7602.31190447837 9.49137263331649e-16
7605.34644814337 1.02147927686221e-15
7608.38099180836 1.32731608669878e-15
7611.41553547336 1.77254476762113e-15
7614.45007913836 2.122396056375e-15
7617.48462280335 2.19847316756559e-15
7620.51916646835 2.0791736591425e-15
7623.55371013335 1.9527821556103e-15
7626.58825379835 1.88434528160394e-15
7629.62279746334 1.8603958485368e-15
7632.65734112834 1.88001906082584e-15
7635.69188479333 1.93255098542336e-15
7638.72642845833 2.00666446248398e-15
7641.76097212333 2.10409654482428e-15
7644.79551578832 2.19888673140209e-15
7647.83005945332 2.31985531824774e-15
7650.86460311832 2.49138139589086e-15
7653.89914678331 2.67844396361076e-15
7656.93369044831 2.84932820203811e-15
7659.96823411331 3.00825551162378e-15
7663.0027777783 3.15779091989029e-15
7666.0373214433 3.30633995828972e-15
7669.0718651083 3.45644160808147e-15
7672.10640877329 3.56473561742088e-15
7675.14095243829 3.58701978371372e-15
7678.17549610329 3.52125826327127e-15
7681.21003976828 3.44104360789157e-15
7684.24458343328 3.37661616434104e-15
7687.27912709828 3.3526402614943e-15
7690.31367076327 3.3435340220366e-15
7693.34821442827 3.35379879080791e-15
7696.38275809327 3.40743355230276e-15
7699.41730175826 3.49034770168535e-15
7702.45184542326 3.58755341447049e-15
7705.48638908826 3.68193363710183e-15
7708.52093275325 3.76356601387699e-15
7711.55547641825 3.82250087228105e-15
7714.59002008325 3.86589818181715e-15
7717.62456374824 3.89074208167659e-15
7720.65910741324 3.87472680622638e-15
7723.69365107824 3.787324864531e-15
7726.72819474323 3.64865455963715e-15
7729.76273840823 3.53523663624157e-15
7732.79728207323 3.4848604104948e-15
7735.83182573822 3.51356805114314e-15
7738.86636940322 3.64599826431456e-15
7741.90091306822 3.82930212333103e-15
7744.93545673321 3.94856817395269e-15
7747.97000039821 3.96098694750886e-15
7751.00454406321 3.89086828958573e-15
7754.0390877282 3.77499884108255e-15
7757.0736313932 3.6764821330533e-15
7760.1081750582 3.62801067264667e-15
7763.14271872319 3.60110255349477e-15
7766.17726238819 3.59198043216932e-15
7769.21180605319 3.58629684109324e-15
7772.24634971818 3.55917654018805e-15
7775.28089338318 3.57776298414965e-15
7778.31543704818 3.6408813382802e-15
7781.34998071317 3.72881352260056e-15
7784.38452437817 3.8747988040269e-15
7787.41906804317 4.01463504977263e-15
7790.45361170816 4.11997376115907e-15
7793.48815537316 4.14184288130776e-15
7796.52269903816 3.97008069323058e-15
7799.55724270315 3.76183891369754e-15
7802.59178636815 3.69806537958229e-15
7805.62633003315 3.71271947308626e-15
7808.66087369814 3.72316847152359e-15
7811.69541736314 3.83920944419859e-15
7814.72996102814 3.97810548337287e-15
7817.76450469313 3.92790226410558e-15
7820.79904835813 3.87929824304271e-15
7823.83359202313 4.00091311602712e-15
7826.86813568812 4.17082072546628e-15
7829.90267935312 4.24330429937814e-15
7832.93722301812 4.13569130452832e-15
7835.97176668311 3.96052319697024e-15
7839.00631034811 3.81897552115457e-15
7842.0408540131 3.73187554670489e-15
7845.0753976781 3.68789971366581e-15
7848.1099413431 3.63598802894391e-15
7851.1444850081 3.62196031630443e-15
7854.17902867309 3.68410966474332e-15
7857.21357233809 3.78508954458319e-15
7860.24811600309 3.89508354904774e-15
7863.28265966808 4.00388111947429e-15
7866.31720333308 4.07916286672741e-15
7869.35174699807 4.07193005239081e-15
7872.38629066307 3.98217039448675e-15
7875.42083432807 3.81163132198541e-15
7878.45537799306 3.60261789543741e-15
7881.48992165806 3.45771681618356e-15
7884.52446532306 3.39872711239617e-15
7887.55900898806 3.41697114328884e-15
7890.59355265305 3.50735591150798e-15
7893.62809631805 3.60982868691738e-15
7896.66263998305 3.665791730226e-15
7899.69718364804 3.65897438555003e-15
7902.73172731304 3.62206958355463e-15
7905.76627097803 3.55413457656952e-15
7908.80081464303 3.44702006060916e-15
7911.83535830803 3.31822128944086e-15
7914.86990197302 3.16423366424534e-15
7917.90444563802 2.99372614372129e-15
7920.93898930302 2.82309537990341e-15
7923.97353296802 2.68273206790624e-15
7927.00807663301 2.58355954461758e-15
7930.04262029801 2.54718646755482e-15
7933.077163963 2.52065548982268e-15
7936.111707628 2.47998096769553e-15
7939.146251293 2.47739264676696e-15
7942.18079495799 2.51238040144448e-15
7945.21533862299 2.5409849158315e-15
7948.24988228799 2.52788428075279e-15
7951.28442595298 2.47706780963169e-15
7954.31896961798 2.39225397710664e-15
7957.35351328298 2.29793622315516e-15
7960.38805694797 2.20456799313756e-15
7963.42260061297 2.07512081824813e-15
7966.45714427797 1.95186312486253e-15
7969.49168794296 1.87625992860592e-15
7972.52623160796 1.82287567710522e-15
7975.56077527296 1.78929823228488e-15
7978.59531893795 1.77491730690639e-15
7981.62986260295 1.774624551144e-15
7984.66440626795 1.79926823359053e-15
7987.69894993294 1.84958431999804e-15
7990.73349359794 1.88672099726275e-15
7993.76803726294 1.89873806544368e-15
7996.80258092793 1.92256340818405e-15
7999.83712459293 1.95258818506538e-15
8002.87166825793 1.96678869242609e-15
8005.90621192292 1.98110481978411e-15
8008.94075558792 2.00735691191836e-15
8011.97529925292 2.0162810392924e-15
8015.00984291791 1.96756648042991e-15
8018.04438658291 1.87829238416286e-15
8021.07893024791 1.80458760049929e-15
8024.1134739129 1.76735753785215e-15
8027.1480175779 1.74892355982105e-15
8030.1825612429 1.73825454457567e-15
8033.21710490789 1.75516523973025e-15
8036.25164857289 1.79356537251491e-15
8039.28619223789 1.81878217862938e-15
8042.32073590288 1.86363003208765e-15
8045.35527956788 1.91671591623268e-15
8048.38982323288 1.93388929748003e-15
8051.42436689787 1.9538002892129e-15
8054.45891056287 1.99671203711198e-15
8057.49345422787 2.04212104989781e-15
8060.52799789286 2.08091515888206e-15
8063.56254155786 2.09509703151794e-15
8066.59708522286 2.09853535000908e-15
8069.63162888785 2.08043997339865e-15
8072.66617255285 2.06306055138689e-15
8075.70071621785 2.01041703019856e-15
8078.73525988284 1.91211758612028e-15
8081.76980354784 1.83853773981643e-15
8084.80434721284 1.78676327443198e-15
8087.83889087783 1.78495697667196e-15
8090.87343454283 1.82428111652295e-15
8093.90797820783 1.8493056461584e-15
8096.94252187282 1.91369454970983e-15
8099.97706553782 2.0104517585494e-15
8103.01160920282 2.10112705906944e-15
8106.04615286781 2.19869551371424e-15
8109.08069653281 2.27627229673795e-15
8112.11524019781 2.32748496752013e-15
8115.1497838628 2.36652005737787e-15
8118.1843275278 2.40227480038913e-15
8121.2188711928 2.43633526574765e-15
8124.25341485779 2.4605390204572e-15
8127.28795852279 2.49073786260919e-15
8130.32250218779 2.49062012502952e-15
8133.35704585278 2.43340347295896e-15
8136.39158951778 2.39071978868092e-15
8139.42613318277 2.37375774215392e-15
8142.46067684777 2.33756444783422e-15
8145.49522051277 2.30706999118364e-15
8148.52976417777 2.29970758080611e-15
8151.56430784276 2.28353115733768e-15
8154.59885150776 2.28458973676351e-15
8157.63339517276 2.33672884983175e-15
8160.66793883775 2.40566081459578e-15
8163.70248250275 2.51280645901695e-15
8166.73702616774 2.66253223793836e-15
8169.77156983274 2.79252532556229e-15
8172.80611349774 2.89789283606894e-15
8175.84065716273 3.0186147245687e-15
8178.87520082773 3.15229452309555e-15
8181.90974449273 3.26471252409691e-15
8184.94428815773 3.31958861237596e-15
8187.97883182272 3.28161019611992e-15
8191.01337548772 3.19874962157124e-15
8194.04791915271 3.10500954408979e-15
8197.08246281771 3.03209398337483e-15
8200.11700648271 2.97865869813905e-15
8203.1515501477 2.90656200652585e-15
8206.1860938127 2.86427071026062e-15
8209.2206374777 2.88417577276286e-15
8212.25518114269 2.96973859417152e-15
8215.28972480769 3.04458306066562e-15
8218.32426847269 3.05376426253915e-15
8221.35881213768 3.03076054175761e-15
8224.39335580268 3.02808878808374e-15
8227.42789946768 3.08398237469068e-15
8230.46244313267 3.15751309308359e-15
8233.49698679767 3.19983403550197e-15
8236.53153046267 3.18672238899494e-15
8239.56607412766 3.10233334349294e-15
8242.60061779266 2.98466903217453e-15
8245.63516145766 2.84455305379796e-15
8248.66970512265 2.6734121643876e-15
8251.70424878765 2.51758584242183e-15
8254.73879245265 2.42885977647165e-15
8257.77333611764 2.39965153935148e-15
8260.80787978264 2.40090832448697e-15
8263.84242344764 2.43542894049409e-15
8266.87696711263 2.46905212509358e-15
8269.91151077763 2.46524937067688e-15
8272.94605444263 2.47673259634281e-15
8275.98059810762 2.54349785082776e-15
8279.01514177262 2.59138528201726e-15
8282.04968543762 2.59739434550332e-15
8285.08422910261 2.62874261136472e-15
8288.11877276761 2.66411873064856e-15
8291.15331643261 2.69450392004894e-15
8294.1878600976 2.73643946247632e-15
8297.2224037626 2.71869179289074e-15
8300.2569474276 2.65225518718932e-15
8303.29149109259 2.62167899185933e-15
8306.32603475759 2.58640853993566e-15
8309.36057842259 2.49986316030819e-15
8312.39512208758 2.43801789669737e-15
8315.42966575258 2.39576450515653e-15
8318.46420941758 2.38725034172897e-15
8321.49875308257 2.42907365229084e-15
8324.53329674757 2.50698967200992e-15
8327.56784041257 2.57288163552625e-15
8330.60238407756 2.6329720586286e-15
8333.63692774256 2.76522058323284e-15
8336.67147140756 2.93519786113191e-15
8339.70601507255 3.04911574572461e-15
8342.74055873755 3.11709501018122e-15
8345.77510240255 3.17368104622254e-15
8348.80964606754 3.16445728094342e-15
8351.84418973254 3.0812047418984e-15
8354.87873339754 2.95841228135907e-15
8357.91327706253 2.81019506811672e-15
8360.94782072753 2.67979561643635e-15
8363.98236439253 2.55109467757345e-15
8367.01690805752 2.46293760600559e-15
8370.05145172252 2.4640921119127e-15
8373.08599538752 2.53822761182995e-15
8376.12053905251 2.66641906037507e-15
8379.15508271751 2.81635532698387e-15
8382.18962638251 2.94640558933174e-15
8385.2241700475 2.9951021487441e-15
8388.2587137125 3.03612797778613e-15
8391.2932573775 3.02441774729034e-15
8394.32780104249 2.9499929856216e-15
8397.36234470749 2.91161836970448e-15
8400.39688837248 2.83436938843136e-15
8403.43143203748 2.66668968740172e-15
8406.46597570248 2.51738996605278e-15
8409.50051936748 2.46300113347663e-15
8412.53506303247 2.47027651121884e-15
8415.56960669747 2.45613148451616e-15
8418.60415036247 2.47376819278566e-15
8421.63869402746 2.56284260103539e-15
8424.67323769246 2.61806618458106e-15
8427.70778135745 2.66507587787896e-15
8430.74232502245 2.77457373279466e-15
8433.77686868745 2.92925677203987e-15
8436.81141235244 3.08281092812463e-15
8439.84595601744 3.19659244041282e-15
8442.88049968244 3.30028430799156e-15
8445.91504334744 3.40955791093447e-15
8448.94958701243 3.4820815071531e-15
8451.98413067743 3.48799866756438e-15
8455.01867434243 3.4485112621128e-15
8458.05321800742 3.39753343121525e-15
8461.08776167242 3.30533813007136e-15
8464.12230533741 3.20749756609225e-15
8467.15684900241 3.15611167707236e-15
8470.19139266741 3.07698948243638e-15
8473.2259363324 2.99242298353194e-15
8476.2604799974 2.9396269964131e-15
8479.2950236624 2.96388369068186e-15
8482.3295673274 3.03190001282991e-15
8485.36411099239 3.1406776779822e-15
8488.39865465739 3.27110741109044e-15
8491.43319832238 3.39929547150378e-15
8494.46774198738 3.51001538320412e-15
8497.50228565238 3.62453741404646e-15
8500.53682931737 3.7537201028981e-15
8503.57137298237 3.86751643826288e-15
8506.60591664737 3.92392502090175e-15
8509.64046031236 3.96137150046692e-15
8512.67500397736 3.96417772062117e-15
8515.70954764236 3.87705699386428e-15
8518.74409130735 3.73690311076332e-15
8521.77863497235 3.58513767650492e-15
8524.81317863735 3.44041383889529e-15
8527.84772230234 3.31887456360143e-15
8530.88226596734 3.26099891989791e-15
8533.91680963234 3.25710278009878e-15
8536.95135329733 3.24450125918424e-15
8539.98589696233 3.29188894093485e-15
8543.02044062733 3.39265325088964e-15
8546.05498429232 3.4422741350057e-15
8549.08952795732 3.5254995689964e-15
8552.12407162232 3.6423251059388e-15
8555.15861528731 3.77429199208807e-15
8558.19315895231 3.93130183083939e-15
8561.22770261731 4.01314342475252e-15
8564.2622462823 4.04436632973773e-15
8567.2967899473 4.06005126233852e-15
8570.3313336123 4.03237191968814e-15
8573.36587727729 3.91591801845136e-15
8576.40042094229 3.69692061455407e-15
8579.43496460729 3.48604900947804e-15
8582.46950827228 3.36087320998337e-15
8585.50405193728 3.24444069632851e-15
8588.53859560228 3.18759208007354e-15
8591.57313926727 3.19055860121306e-15
8594.60768293227 3.18447817520119e-15
8597.64222659727 3.21171388434544e-15
8600.67677026226 3.32160772716398e-15
8603.71131392726 3.39455907502097e-15
8606.74585759226 3.41413887687146e-15
8609.78040125725 3.49638958769812e-15
8612.81494492225 3.61586379666657e-15
8615.84948858725 3.70448673635542e-15
8618.88403225224 3.69988057118825e-15
8621.91857591724 3.70544642468466e-15
8624.95311958224 3.80654573617009e-15
8627.98766324723 3.8333831280709e-15
8631.02220691223 3.71837299449271e-15
8634.05675057723 3.52830981255716e-15
8637.09129424222 3.33848570567097e-15
8640.12583790722 3.27835420147068e-15
8643.16038157222 3.25689504526846e-15
8646.19492523721 3.15994831280694e-15
8649.22946890221 3.11464242628244e-15
8652.26401256721 3.08318425789613e-15
8655.2985562322 3.05787152530038e-15
8658.3330998972 3.11575796867398e-15
8661.3676435622 3.17429387455988e-15
8664.40218722719 3.20673650698914e-15
8667.43673089219 3.2788363749759e-15
8670.47127455719 3.39093864444617e-15
8673.50581822218 3.50241114492015e-15
8676.54036188718 3.65428521115403e-15
8679.57490555218 3.75284892951185e-15
8682.60944921717 3.75155423965197e-15
8685.64399288217 3.7335230257873e-15
8688.67853654717 3.65792829986017e-15
8691.71308021216 3.50005893442562e-15
8694.74762387716 3.3135266093307e-15
8697.78216754215 3.16946875137585e-15
8700.81671120715 3.08139003035561e-15
8703.85125487215 3.00281883065183e-15
8706.88579853715 2.94456773959444e-15
8709.92034220214 2.91048271028045e-15
8712.95488586714 2.93079837200387e-15
8715.98942953214 3.00636091067901e-15
8719.02397319713 3.04784837267728e-15
8722.05851686213 3.06552383270411e-15
8725.09306052712 3.15645049025126e-15
8728.12760419212 3.31072398906647e-15
8731.16214785712 3.48333299833266e-15
8734.19669152211 3.65990400420964e-15
8737.23123518711 3.76385442859553e-15
8740.26577885211 3.7944437529362e-15
8743.30032251711 3.81000120707842e-15
8746.3348661821 3.75177573876768e-15
8749.3694098471 3.64605247442319e-15
8752.40395351209 3.49785431942216e-15
8755.43849717709 3.27785911071301e-15
8758.47304084209 3.08766633273653e-15
8761.50758450708 2.92938573280609e-15
8764.54212817208 2.87390486300269e-15
8767.57667183708 2.88233157027845e-15
8770.61121550207 2.85524028025171e-15
8773.64575916707 2.90338160956714e-15
8776.68030283207 3.00950933214395e-15
8779.71484649706 3.06059748908288e-15
8782.74939016206 3.17963992300648e-15
8785.78393382706 3.45498217031335e-15
8788.81847749205 3.63043657500761e-15
8791.85302115705 3.60354285541581e-15
8794.88756482205 3.46507647370402e-15
8797.92210848704 3.32602627453333e-15
8800.95665215204 3.36644986314986e-15
8803.99119581704 3.52932709912681e-15
8807.02573948203 3.59238319633574e-15
8810.06028314703 3.46229185288992e-15
8813.09482681203 3.17274528657406e-15
8816.12937047702 2.92696745374168e-15
8819.16391414202 2.89912336318306e-15
8822.19845780702 3.01937451312238e-15
8825.23300147201 3.12780214190922e-15
8828.26754513701 3.15038806368952e-15
8831.30208880201 3.073041250111e-15
8834.336632467 2.97990722470331e-15
8837.371176132 2.95872949519782e-15
8840.405719797 2.94644455284732e-15
8843.44026346199 2.95570304647728e-15
8846.47480712699 3.02637142878318e-15
8849.50935079199 3.11552969329469e-15
8852.54389445698 3.23201916991526e-15
8855.57843812198 3.35804687279662e-15
8858.61298178698 3.50992686826113e-15
8861.64752545197 3.62230759981281e-15
8864.68206911697 3.55574817433404e-15
8867.71661278197 3.42437484652256e-15
8870.75115644696 3.27082979604198e-15
8873.78570011196 3.05863766660117e-15
8876.82024377696 2.90532470314814e-15
8879.85478744195 2.75563280554463e-15
8882.88933110695 2.6045712556654e-15
8885.92387477195 2.54272768612047e-15
8888.95841843694 2.52253759703148e-15
8891.99296210194 2.53805629941636e-15
8895.02750576694 2.56724992521819e-15
8898.06204943193 2.60004513511175e-15
8901.09659309693 2.66243292332529e-15
8904.13113676193 2.68712711011131e-15
8907.16568042692 2.68051771202388e-15
8910.20022409192 2.72391925672472e-15
8913.23476775692 2.84004408566149e-15
8916.26931142191 2.89754491728585e-15
8919.30385508691 2.88090664910293e-15
8922.33839875191 2.93309870173038e-15
8925.3729424169 2.97362224023468e-15
8928.4074860819 2.87808094719089e-15
8931.4420297469 2.71128703086584e-15
8934.47657341189 2.5383343379813e-15
8937.51111707689 2.35314117197599e-15
8940.54566074189 2.22757256095204e-15
8943.58020440688 2.17281886893386e-15
8946.61474807188 2.12098871113313e-15
8949.64929173688 2.114001324593e-15
8952.68383540187 2.15937137386325e-15
8955.71837906687 2.1910040310367e-15
8958.75292273186 2.25371453880315e-15
8961.78746639686 2.33385402000877e-15
8964.82201006186 2.42502314073707e-15
8967.85655372686 2.55463972221595e-15
8970.89109739185 2.66653171575705e-15
8973.92564105685 2.7215251180993e-15
8976.96018472185 2.70484005134605e-15
8979.99472838684 2.65101957787751e-15
8983.02927205184 2.61280568646213e-15
8986.06381571683 2.61144619858179e-15
8989.09835938183 2.6072402564822e-15
8992.13290304683 2.53020197465471e-15
8995.16744671182 2.38802664742513e-15
8998.20199037682 2.26258784420035e-15
9001.23653404182 2.21925321510234e-15
9004.27107770682 2.1925634186926e-15
9007.30562137181 2.14080208231883e-15
9010.34016503681 2.10773095144271e-15
9013.37470870181 2.16048733977126e-15
9016.4092523668 2.22829508005605e-15
9019.4437960318 2.3141719389299e-15
9022.47833969679 2.42562601643727e-15
9025.51288336179 2.53956062993069e-15
9028.54742702679 2.61752175415421e-15
9031.58197069178 2.66340891703876e-15
9034.61651435678 2.75777325780234e-15
9037.65105802178 2.88167914315083e-15
9040.68560168678 2.95857215882787e-15
9043.72014535177 3.00208635891069e-15
9046.75468901677 3.01148969517463e-15
9049.78923268176 2.98116739797058e-15
9052.82377634676 2.96236030192622e-15
9055.85832001176 2.94245142777572e-15
9058.89286367675 2.8231493782538e-15
9061.92740734175 2.65821215814912e-15
9064.96195100675 2.54493632453044e-15
9067.99649467174 2.47757391181767e-15
9071.03103833674 2.4125135228973e-15
9074.06558200174 2.32515562691518e-15
9077.10012566673 2.26507727403233e-15
9080.13466933173 2.19487433633094e-15
9083.16921299673 2.10311483363841e-15
9086.20375666172 2.06495303474929e-15
9089.23830032672 2.06672735701555e-15
9092.27284399172 2.09587947820296e-15
9095.30738765671 2.16517863174963e-15
9098.34193132171 2.1687361701281e-15
9101.37647498671 2.13182035670439e-15
9104.4110186517 2.20223378209316e-15
9107.4455623167 2.29877245643234e-15
9110.4801059817 2.34677508410266e-15
9113.51464964669 2.44654391858619e-15
9116.54919331169 2.59122942795496e-15
9119.58373697669 2.6279417417131e-15
9122.61828064168 2.56544743910644e-15
9125.65282430668 2.55723143127631e-15
9128.68736797168 2.59164913278033e-15
9131.72191163667 2.66012242920342e-15
9134.75645530167 2.72009024428665e-15
9137.79099896667 2.70444681630029e-15
9140.82554263166 2.63604805877656e-15
9143.86008629666 2.57938981317648e-15
9146.89462996166 2.48534798020757e-15
9149.92917362665 2.35964702028561e-15
9152.96371729165 2.29181111615533e-15
9155.99826095665 2.23523227989406e-15
9159.03280462164 2.16700525830038e-15
9162.06734828664 2.10571564830295e-15
9165.10189195164 2.02590058071613e-15
9168.13643561663 1.9981386523534e-15
9171.17097928163 2.01811846551323e-15
9174.20552294663 2.07284949940007e-15
9177.24006661162 2.19248739748558e-15
9180.27461027662 2.28851806381464e-15
9183.30915394162 2.32967264186465e-15
9186.34369760661 2.46117598923354e-15
9189.37824127161 2.52700167242175e-15
9192.41278493661 2.57742596728827e-15
9195.4473286016 2.66313363133091e-15
9198.4818722666 2.78460323816486e-15
9201.5164159316 2.83426075645588e-15
9204.55095959659 2.89676183532611e-15
9207.58550326159 3.02718267458841e-15
9210.62004692659 3.06426852987628e-15
9213.65459059158 3.02207400712528e-15
9216.68913425658 2.96782260564483e-15
9219.72367792158 2.88828494134823e-15
9222.75822158657 2.80452291198544e-15
9225.79276525157 2.72597839381949e-15
9228.82730891657 2.63869058981375e-15
9231.86185258156 2.567698640922e-15
9234.89639624656 2.49892824769266e-15
9237.93093991156 2.44125568013825e-15
9240.96548357655 2.4752617236299e-15
9244.00002724155 2.49480044438245e-15
9247.03457090655 2.46942990178806e-15
9250.06911457154 2.4888949306742e-15
9253.10365823654 2.49915948768726e-15
9256.13820190153 2.52402138699683e-15
9259.17274556653 2.58141739829397e-15
9262.20728923153 2.59595078960296e-15
9265.24183289653 2.59058568291505e-15
9268.27637656152 2.66382311614997e-15
9271.31092022652 2.7442323773493e-15
9274.34546389152 2.79125519965788e-15
9277.38000755651 2.90027638678251e-15
9280.41455122151 3.06700190519707e-15
9283.4490948865 3.11196707271854e-15
9286.4836385515 3.04534581383462e-15
9289.5181822165 3.1125932418248e-15
9292.55272588149 3.17749883547405e-15
9295.58726954649 3.22138615357014e-15
9298.62181321149 3.21391214660181e-15
9301.65635687649 3.1334327934261e-15
9304.69090054148 3.02050657265639e-15
9307.72544420648 2.91316589889911e-15
9310.75998787147 2.79688881579007e-15
9313.79453153647 2.64984516669614e-15
9316.82907520147 2.52619466178125e-15
9319.86361886646 2.39663525502631e-15
9322.89816253146 2.2466092029251e-15
9325.93270619646 2.09282719497753e-15
9328.96724986145 1.97808366501949e-15
9332.00179352645 1.8575485472846e-15
9335.03633719145 1.77294583772166e-15
9338.07088085644 1.89044624816477e-15
9341.10542452144 2.08555139371886e-15
9344.13996818644 2.1047426192048e-15
9347.17451185143 2.07185487096175e-15
9350.20905551643 2.15439696112226e-15
9353.24359918143 2.3077692168816e-15
9356.27814284642 2.38172535757227e-15
9359.31268651142 2.3896876790347e-15
9362.34723017642 2.47211097282435e-15
9365.38177384141 2.63645357580005e-15
9368.41631750641 2.72089513734478e-15
9371.45086117141 2.78713057272123e-15
9374.4854048364 2.90208819025669e-15
9377.5199485014 3.04160976326252e-15
9380.5544921664 3.19924132419712e-15
9383.58903583139 3.30411734383613e-15
9386.62357949639 3.30849883351404e-15
9389.65812316139 3.17672337681084e-15
9392.69266682638 3.00242093692485e-15
9395.72721049138 2.86703860217401e-15
9398.76175415638 2.68772680943796e-15
9401.79629782137 2.49912539461114e-15
9404.83084148637 2.3926696585255e-15
9407.86538515137 2.35838367064478e-15
9410.89992881636 2.35632707464885e-15
9413.93447248136 2.34719013024682e-15
9416.96901614636 2.25236013312049e-15
9420.00355981135 2.18998483864292e-15
9423.03810347635 2.22011549464265e-15
9426.07264714135 2.3877107041358e-15
9429.10719080634 2.4302055000666e-15
9432.14173447134 2.42576789445594e-15
9435.17627813634 2.6025792459317e-15
9438.21082180133 2.86745004842814e-15
9441.24536546633 2.97223522378355e-15
9444.27990913133 2.8500051931212e-15
9447.31445279632 2.69774869151164e-15
9450.34899646132 2.54022872716783e-15
9453.38354012632 2.49306063870879e-15
9456.41808379131 2.52677318528423e-15
9459.45262745631 2.44842136711378e-15
9462.48717112131 2.31689430282237e-15
9465.5217147863 2.24376825442001e-15
9468.5562584513 2.16256595862382e-15
9471.5908021163 2.1263915107872e-15
9474.62534578129 2.25233408685736e-15
9477.65988944629 2.35583240740765e-15
9480.69443311129 2.29552853200259e-15
9483.72897677628 2.20620064914339e-15
9486.76352044128 2.17743265739756e-15
9489.79806410627 2.21560504419852e-15
9492.83260777127 2.52652309880655e-15
9495.86715143627 2.93920051532416e-15
9498.90169510127 3.18576862989633e-15
9501.93623876626 3.16028987884292e-15
9504.97078243126 2.98808617484199e-15
9508.00532609626 2.8699013617775e-15
9511.03986976125 2.75252313583702e-15
9514.07441342625 2.66425785581015e-15
9517.10895709124 2.6899157543319e-15
9520.14350075624 2.7239525027679e-15
9523.17804442124 2.66485247293912e-15
9526.21258808623 2.5489275437779e-15
9529.24713175123 2.39060882736483e-15
9532.28167541623 2.17996761525045e-15
9535.31621908123 2.06509914793269e-15
9538.35076274622 2.06220822448371e-15
9541.38530641122 2.10828914615495e-15
9544.41985007621 2.23414574838097e-15
9547.45439374121 2.33137538984687e-15
9550.48893740621 2.36200092484603e-15
9553.5234810712 2.38028497804546e-15
9556.5580247362 2.40603160326844e-15
9559.5925684012 2.56576719404402e-15
9562.62711206619 2.75250323056276e-15
9565.66165573119 2.79843422740234e-15
9568.69619939619 2.70284634754645e-15
9571.73074306119 2.68410828468729e-15
9574.76528672618 2.58763610243447e-15
9577.79983039118 2.35309818505391e-15
9580.83437405617 2.15291719456341e-15
9583.86891772117 2.04189256276029e-15
9586.90346138617 1.97636863505954e-15
9589.93800505116 1.91394548322045e-15
9592.97254871616 1.86269956639509e-15
9596.00709238116 1.91533525252866e-15
9599.04163604615 1.92107220668041e-15
9602.07617971115 1.91460087496339e-15
9605.11072337615 1.91921021650411e-15
9608.14526704114 1.97955898465537e-15
9611.17981070614 1.99405955343766e-15
9614.21435437114 2.08810032761538e-15
9617.24889803613 2.27192595892735e-15
9620.28344170113 2.32660108863967e-15
9623.31798536613 2.31291960071738e-15
9626.35252903112 2.27152679465096e-15
9629.38707269612 2.25296322057893e-15
9632.42161636112 2.242527986427e-15
9635.45616002611 2.20850563755111e-15
9638.49070369111 2.18330386627145e-15
9641.52524735611 2.08589380678778e-15
9644.5597910211 1.9567132355185e-15
9647.5943346861 1.85513005646195e-15
9650.6288783511 1.79238249100407e-15
9653.66342201609 1.74784052231887e-15
9656.69796568109 1.7387695406076e-15
9659.73250934609 1.80204036066866e-15
9662.76705301108 1.89956498135844e-15
9665.80159667608 1.98529360946652e-15
9668.83614034108 1.98241200337996e-15
9671.87068400607 1.96480981170307e-15
9674.90522767107 2.04449613028191e-15
9677.93977133607 2.14710273689698e-15
9680.97431500106 2.24377248958475e-15
9684.00885866606 2.36591315827116e-15
9687.04340233106 2.4612528574735e-15
9690.07794599605 2.46483707738981e-15
9693.11248966105 2.46078762462722e-15
9696.14703332605 2.47785682082205e-15
9699.18157699104 2.39454308364659e-15
9702.21612065604 2.24185988918985e-15
9705.25066432104 2.12465276390472e-15
9708.28520798603 2.0150782525073e-15
9711.31975165103 1.91696579095212e-15
9714.35429531603 1.87522083093788e-15
9717.38883898102 1.83496114319664e-15
9720.42338264602 1.75582740773677e-15
9723.45792631102 1.75880557557931e-15
9726.49246997601 1.73131088611144e-15
9729.52701364101 1.68695081775166e-15
9732.56155730601 1.53760366255768e-15
9735.596100971 1.61661786049288e-15
9738.630644636 1.62436747080643e-15
9741.665188301 1.68869072930444e-15
9744.69973196599 1.83513584374202e-15
9747.73427563099 1.98172929482448e-15
9750.76881929598 1.91619075580538e-15
9753.80336296098 1.81115231759875e-15
9756.83790662598 1.83514749044504e-15
9759.87245029098 1.94403124647398e-15
9762.90699395597 2.04681276539265e-15
9765.94153762097 2.09960705844559e-15
9768.97608128597 2.12767116581226e-15
9772.01062495096 2.12725188450337e-15
9775.04516861596 2.07157852646271e-15
9778.07971228096 1.96687890143498e-15
9781.11425594595 1.86831772417599e-15
9784.14879961095 1.73183879939581e-15
9787.18334327594 1.58263034584694e-15
9790.21788694094 1.5643974322617e-15
9793.25243060594 1.57736624783799e-15
9796.28697427094 1.51264170748122e-15
9799.32151793593 1.46020327414524e-15
9802.35606160093 1.43724434023079e-15
9805.39060526593 1.48506294999333e-15
9808.42514893092 1.63867322201084e-15
9811.45969259592 1.68011420307614e-15
9814.49423626091 1.63360796498626e-15
9817.52877992591 1.68835826887265e-15
9820.56332359091 1.6357555111449e-15
9823.5978672559 1.58291674886223e-15
9826.6324109209 1.67412292728197e-15
9829.6669545859 1.6952623285466e-15
9832.7014982509 1.68690116044513e-15
9835.73604191589 1.7084561372495e-15
9838.77058558089 1.69443763609333e-15
9841.80512924588 1.63555021153431e-15
9844.83967291088 1.5650819407622e-15
9847.87421657588 1.47413495442432e-15
9850.90876024087 1.37519748277852e-15
9853.94330390587 1.32986237361734e-15
9856.97784757087 1.31407653821672e-15
9860.01239123586 1.3120039544739e-15
9863.04693490086 1.30217276069248e-15
9866.08147856586 1.23591445542646e-15
9869.11602223085 1.26292252446614e-15
9872.15056589585 1.41830807166198e-15
9875.18510956085 1.27319195191865e-15
9878.21965322584 1.15900841661786e-15
9881.25419689084 1.1990219354088e-15
9884.28874055584 1.24251908895356e-15
9887.32328422083 1.31669683463905e-15
9890.35782788583 1.35746823615954e-15
9893.39237155083 1.71013686237509e-15
9896.42691521582 1.93486656174292e-15
9899.46145888082 1.70798222231552e-15
9902.49600254582 1.6695299970046e-15
9905.53054621081 1.68986535224405e-15
9908.56508987581 1.55001650688322e-15
9911.59963354081 1.45330726128429e-15
9914.6341772058 1.37276618058255e-15
9917.6687208708 1.31893236634509e-15
9920.7032645358 1.2959708913318e-15
9923.73780820079 1.25217134702487e-15
9926.77235186579 1.21372748616432e-15
9929.80689553079 1.15696272617112e-15
9932.84143919578 1.12697987742069e-15
9935.87598286078 1.17396341857635e-15
9938.91052652578 1.22241285612634e-15
9941.94507019077 1.33063666761025e-15
9944.97961385577 1.53633438368622e-15
9948.01415752077 1.72535942086579e-15
9951.04870118576 1.93386113363453e-15
9954.08324485076 2.11766220099103e-15
9957.11778851576 2.0592607615855e-15
9960.15233218075 1.9764391505524e-15
9963.18687584575 2.08734604477585e-15
9966.22141951075 2.08132258172969e-15
9969.25596317574 2.07989236659825e-15
9972.29050684074 2.04257950648051e-15
9975.32505050574 2.00096075437541e-15
9978.35959417073 1.89667172856886e-15
9981.39413783573 1.75367499113867e-15
9984.42868150073 1.65425206373498e-15
9987.46322516572 1.55141379360883e-15
9990.49776883072 1.44185495232094e-15
9993.53231249572 1.36373839755159e-15
9996.56685616071 1.31167001173445e-15
9999.60139982571 1.27413755832514e-15
