5151 0.0157130006700754
5152.5 0.0149871995672584
5154 0.0142614003270864
5155.5 0.0163497496396303
5157 0.0184381008148193
5158.5 0.0150896003469825
5160 0.0117410998791456
5161.5 0.0154884997755289
5163 0.0192358996719122
5164.5 0.0191016495227814
5166 0.0189673993736506
5167.5 0.0160972997546196
5169 0.0132272001355886
5170.5 0.013047399930656
5172 0.0128675997257233
5173.5 0.0129983499646187
5175 0.0131291002035141
5176.5 0.0157540999352932
5178 0.0183790996670723
5179.5 0.0171609502285719
5181 0.0159428007900715
5182.5 0.0163580495864153
5184 0.0167733002454042
5185.5 0.0183990504592657
5187 0.0200248006731272
5188.5 0.018249649554491
5190 0.0164745002985001
5191.5 0.0174691006541252
5193 0.0184636991471052
5194.5 0.0170314498245716
5196 0.0155991995707154
5197.5 0.0152823999524117
5199 0.0149656003341079
5200.5 0.0168139506131411
5202 0.0186622999608517
5203.5 0.0202936995774508
5205 0.0219250991940498
5206.5 0.0224465504288673
5208 0.0229679998010397
5209.5 0.0220247991383076
5211 0.0210816003382206
5212.5 0.0208021495491266
5214 0.0205227006226778
5215.5 0.0215898994356394
5217 0.0226571001112461
5218.5 0.0233580507338047
5220 0.0240589994937181
5221.5 0.0245784502476454
5223 0.0250978991389275
5224.5 0.0251167491078377
5226 0.0251355990767479
5227.5 0.0244612004607916
5229 0.0237867999821901
5230.5 0.0241995491087437
5232 0.0246123000979424
5233.5 0.0250346008688211
5235 0.0254568997770548
5236.5 0.0257421508431435
5238 0.026027400046587
5239.5 0.0260220505297184
5241 0.0260166991502047
5242.5 0.0260310508310795
5244 0.0260454006493092
5245.5 0.0263042505830526
5247 0.0265631005167961
5248.5 0.0262499507516623
5250 0.0259367991238832
5251.5 0.0257789492607117
5253 0.0256210993975401
5254.5 0.0256214998662472
5256 0.0256219003349543
5257.5 0.0255718491971493
5259 0.0255217999219894
5260.5 0.0253561493009329
5262 0.0251905005425215
5263.5 0.0253535993397236
5265 0.0255166999995708
5266.5 0.0259325001388788
5268 0.0263483002781868
5269.5 0.0266966000199318
5271 0.0270448997616768
5272.5 0.0261792000383139
5274 0.0253135003149509
5275.5 0.0253096502274275
5277 0.025305800139904
5278.5 0.0247837007045746
5280 0.0242615994066
5281.5 0.0246207993477583
5283 0.0249799992889166
5284.5 0.024778600782156
5286 0.0245772004127502
5287.5 0.0245638005435467
5289 0.0245504006743431
5290.5 0.0247106496244669
5292 0.0248709004372358
5293.5 0.0246549490839243
5295 0.0244389995932579
5296.5 0.02377749979496
5298 0.0231159999966621
5299.5 0.0232190992683172
5301 0.0233222004026175
5302.5 0.0234559495002031
5304 0.023589700460434
5305.5 0.0232238508760929
5307 0.0228579994291067
5308.5 0.0230764504522085
5310 0.0232948996126652
5311.5 0.0233226008713245
5313 0.0233503002673388
5314.5 0.0226125493645668
5316 0.02187480032444
5317.5 0.0216359999030828
5319 0.0213971994817257
5320.5 0.0217430498450994
5322 0.0220889002084732
5323.5 0.0222540497779846
5325 0.022419199347496
5326.5 0.0221714004874229
5328 0.0219235997647047
5329.5 0.0217737499624491
5331 0.0216239001601934
5332.5 0.0218135006725788
5334 0.022003099322319
5335.5 0.0221231505274773
5337 0.0222431998699903
5338.5 0.0222831498831511
5340 0.0223230998963118
5341.5 0.0217503495514393
5343 0.0211775992065668
5344.5 0.0210970006883144
5346 0.0210164003074169
5347.5 0.0217099003493786
5349 0.0224034003913403
5350.5 0.022266099229455
5352 0.0221287999302149
5353.5 0.0219292994588614
5355 0.021729800850153
5356.5 0.0214573498815298
5358 0.0211849007755518
5359.5 0.0210980996489525
5361 0.0210113003849983
5362.5 0.0212325006723404
5364 0.0214536990970373
5365.5 0.0211493503302336
5367 0.0208449997007847
5368.5 0.0214033499360085
5370 0.0219617001712322
5371.5 0.0220185499638319
5373 0.0220753997564316
5374.5 0.0218237992376089
5376 0.0215722005814314
5377.5 0.0210191495716572
5379 0.0204661004245281
5380.5 0.0210207495838404
5382 0.0215754006057978
5383.5 0.0211019497364759
5385 0.0206285007297993
5386.5 0.0203823503106833
5388 0.0201361998915672
5389.5 0.0198702998459339
5391 0.0196043998003006
5392.5 0.0195714998990297
5394 0.0195385999977589
5395.5 0.019335500895977
5397 0.01913239993155
5398.5 0.0186665505170822
5400 0.0182006992399693
5401.5 0.0181651990860701
5403 0.018129700794816
5404.5 0.0186558496206999
5406 0.0191820003092289
5407.5 0.0189578495919704
5409 0.0187337007373571
5410.5 0.0181584004312754
5412 0.0175831001251936
5413.5 0.0164148490875959
5415 0.0152465999126434
5416.5 0.0149522004649043
5418 0.0146578000858426
5419.5 0.0144833503291011
5421 0.014308899641037
5422.5 0.014258399605751
5424 0.0142078995704651
5425.5 0.0145739000290632
5427 0.0149398995563388
5428.5 0.0143461003899574
5430 0.0137523002922535
5431.5 0.0134661495685577
5433 0.0131799997761846
5434.5 0.0123108001425862
5436 0.0114415995776653
5437.5 0.0115189496427774
5439 0.0115962997078896
5440.5 0.0113156996667385
5442 0.0110350996255875
5443.5 0.0116558996960521
5445 0.0122766997665167
5446.5 0.0107939401641488
5448 0.00931117963045835
5449.5 0.00809144973754883
5451 0.0068717198446393
5452.5 0.00713346479460597
5454 0.00739521021023393
5455.5 0.00756538007408381
5457 0.00773554993793368
5458.5 0.00733463512733579
5460 0.0069337198510766
5461.5 0.00732252979651093
5463 0.00771134020760655
5464.5 0.00743815489113331
5466 0.00716497004032135
5467.5 0.0072550349868834
5469 0.00734509993344545
5470.5 0.00759797496721148
5472 0.00785085000097752
5473.5 0.00779302511364222
5475 0.00773520022630692
5476.5 0.00778127508237958
5478 0.00782734993845224
5479.5 0.00756258005276322
5481 0.0072978101670742
5482.5 0.00755774509161711
5484 0.00781768001616001
5485.5 0.00748657993972301
5487 0.00715547986328602
5488.5 0.00754548981785774
5490 0.00793549977242947
5491.5 0.0074504897929728
5493 0.00696547981351614
5494.5 0.00703432504087687
5496 0.0071031698025763
5497.5 0.00683985510841012
5499 0.00657653994858265
5500.5 0.00707125011831522
5502 0.0075659598223865
5503.5 0.00726753007620573
5505 0.00696909986436367
5506.5 0.0065212151966989
5508 0.00607333006337285
5509.5 0.00633188989013433
5511 0.00659045018255711
5512.5 0.0060273502022028
5514 0.00546425022184849
5515.5 0.00527581013739109
5517 0.00508737005293369
5518.5 0.00555917480960488
5520 0.00603098003193736
5521.5 0.00649744505062699
5523 0.00696391006931663
5524.5 0.0067532449029386
5526 0.00654258020222187
5527.5 0.00686862505972385
5529 0.00719466991722584
5530.5 0.00675038481131196
5532 0.00630610017105937
5533.5 0.00604614522308111
5535 0.00578618980944157
5536.5 0.00622559478506446
5538 0.00666500022634864
5539.5 0.00585212511941791
5541 0.00503925001248717
5542.5 0.00603531999513507
5544 0.00703138997778296
5545.5 0.0067973448894918
5547 0.00656329980120063
5548.5 0.00639338511973619
5550 0.00622346997261047
5551.5 0.00591262523084879
5553 0.00560178002342582
5554.5 0.00620523001998663
5556 0.00680868001654744
5557.5 0.00640074489638209
5559 0.00599280977621675
5560.5 0.00615256978198886
5562 0.00631232978776097
5563.5 0.00549637479707599
5565 0.004680419806391
5566.5 0.0052480548620224
5568 0.0058156899176538
5569.5 0.00506729492917657
5571 0.00431889994069934
5572.5 0.00459027010947466
5574 0.00486163981258869
5575.5 0.00185920496005565
5577 -0.00114323000889271
5578.5 0.00175308005418628
5580 0.00464939000084996
5581.5 0.00454993499442935
5583 0.00445047998800874
5584.5 0.00397793482989073
5586 0.00350538990460336
5587.5 0.00439672498032451
5589 0.00528805982321501
5590.5 0.00490443501621485
5592 0.00452081020921469
5593.5 0.00329249002970755
5595 0.00206417008303106
5596.5 0.00202487991191447
5598 0.00198558997362852
5599.5 0.00284048495814204
5601 0.00369537994265556
5602.5 0.00371515494771302
5604 0.00373492995277047
5605.5 0.00435427483171225
5607 0.00497362017631531
5608.5 0.00420770980417728
5610 0.00344179989770055
5611.5 0.00362925999797881
5613 0.00381672009825706
5614.5 0.00352671509608626
5616 0.00323671009391546
5617.5 0.00279032508842647
5619 0.00234394008293748
5620.5 0.00178070005495101
5622 0.00121746002696455
5623.5 0.00239642499946058
5625 0.00357538997195661
5626.5 0.0027235799934715
5628 0.0018717700149864
5629.5 0.0025930549018085
5631 0.00331434002146125
5632.5 0.002974544884637
5634 0.00263474998064339
5635.5 0.00252317008562386
5637 0.00241158995777369
5638.5 0.00256349495612085
5640 0.00271539995446801
5641.5 0.00267686997540295
5643 0.00263833999633789
5644.5 0.00188313005492091
5646 0.00112791999708861
5647.5 0.00109806505497545
5649 0.00106820999644697
5650.5 0.001235660049133
5652 0.00140310998540372
5653.5 0.00169537996407598
5655 0.00198765005916357
5656.5 0.00143035245127976
5658 0.000873055018018931
5659.5 0.00106343254446983
5661 0.00125381001271307
5662.5 0.0012462850427255
5664 0.00123875995632261
5665.5 0.00161200994625688
5667 0.00198526005260646
5668.5 0.00186675996519625
5670 0.00174825999420136
5671.5 0.00164375000167638
5673 0.0015392400091514
5674.5 0.00139053002931178
5676 0.00124182004947215
5677.5 0.00183032499626279
5679 0.00241883005946875
5680.5 0.00265782489441335
5682 0.0028968199621886
5683.5 0.00237391004338861
5685 0.00185100000817329
5686.5 0.00156934501137584
5688 0.0012876900145784
5689.5 0.00134571001399308
5691 0.00140373001340777
5692.5 0.00178720999974757
5694 0.0021706901025027
5695.5 0.00205680006183684
5697 0.00194291002117097
5698.5 0.00187935004942119
5700 0.00181578996125609
5701.5 0.00174372002948076
5703 0.0016716499812901
5704.5 0.00155789998825639
5706 0.00144414999522269
5707.5 0.00195923494175076
5709 0.00247431988827884
5710.5 0.00230545504018664
5712 0.0021365899592638
5713.5 0.00153634895104915
5715 0.000936108001042157
5716.5 0.000847221002914011
5718 0.000758334004785866
5719.5 0.000944191997405142
5721 0.00113005004823208
5722.5 0.00189111998770386
5724 0.00265218992717564
5725.5 0.00262589496560395
5727 0.00259960000403225
5728.5 0.00223598489537835
5730 0.00187237001955509
5731.5 0.00260856002569199
5733 0.00334475003182888
5734.5 0.00315953488461673
5736 0.00297431997023523
5737.5 0.00254128989763558
5739 0.00210826005786657
5740.5 0.00215764506720006
5742 0.00220703007653356
5743.5 0.00209963996894658
5745 0.00199225009419024
5746.5 0.00230042007751763
5748 0.00260859006084502
5749.5 0.00291582499630749
5751 0.00322305993176997
5752.5 0.00253175501711667
5754 0.00184044998604804
5755.5 0.00147340504918247
5757 0.00110635999590158
5758.5 0.00160303502343595
5760 0.00209971005097032
5761.5 0.00266742007806897
5763 0.00323513010516763
5764.5 0.0029658148996532
5766 0.00269649992696941
5767.5 0.00232391501776874
5769 0.00195132999215275
5770.5 0.00185792497359216
5772 0.00176451995503157
5773.5 0.0013547814451158
5775 0.000945042993407696
5776.5 0.00110677152406424
5778 0.00126849999651313
5779.5 0.00124669505748898
5781 0.00122489000204951
5782.5 0.000764307973440737
5784 0.000303726003039628
5785.5 0.00121040805242956
5787 0.0021170899271965
5788.5 0.00183359999209642
5790 0.00155011005699635
5791.5 0.00185548001900315
5793 0.00216084998100996
5794.5 0.00232704007066786
5796 0.00249322992749512
5797.5 0.00195822003297508
5799 0.00142321002203971
5800.5 0.00115753698628396
5802 0.000891864008735865
5803.5 0.00151135202031583
5805 0.00213083997368813
5806.5 0.00247299508191645
5808 0.00281514995731413
5809.5 0.00234217010438442
5811 0.00186919001862407
5812.5 0.00206503504887223
5814 0.0022608800791204
5815.5 0.00187982502393425
5817 0.00149876996874809
5818.5 0.00268626003526151
5820 0.00387375010177493
5821.5 0.00476190494373441
5823 0.00565005978569388
5824.5 0.0036326099652797
5826 0.00161516002845019
5827.5 0.00168322003446519
5829 0.0017512800404802
5830.5 0.00177402002736926
5832 0.00179676001425833
5833.5 0.00214410503394902
5835 0.00249144993722439
5836.5 0.00252493005245924
5838 0.00255840993486345
5839.5 0.00317388493567705
5841 0.00378935993649065
5842.5 0.00344896502792835
5844 0.00310856988653541
5845.5 0.00278429500758648
5847 0.00246001989580691
5848.5 0.00313388998620212
5850 0.00380776007659733
5851.5 0.00343510997481644
5853 0.00306246010586619
5854.5 0.00282364501617849
5856 0.00258482992649078
5857.5 0.00285887997597456
5859 0.00313293002545834
5860.5 0.00347510492429137
5862 0.00381728005595505
5863.5 0.00392834981903434
5865 0.00403941981494427
5866.5 0.0031602350063622
5868 0.00228104996494949
5869.5 0.00238797510974109
5871 0.00249490002170205
5872.5 0.0019868949893862
5874 0.00147888995707035
5875.5 0.00255064503289759
5877 0.00362240010872483
5878.5 0.00329177500680089
5880 0.00296114990487695
5881.5 0.00298523507080972
5883 0.00300932000391185
5884.5 0.00270340009592474
5886 0.00239747995510697
5887.5 0.00276104989461601
5889 0.00312462006695569
5890.5 0.00303271505981684
5892 0.00294081005267799
5893.5 0.002563769929111
5895 0.00218673003837466
5896.5 0.00331016490235925
5898 0.00443360023200512
5899.5 0.00434132479131222
5901 0.0042490498162806
5902.5 0.00430470984429121
5904 0.00436036987230182
5905.5 0.00424791499972343
5907 0.00413546012714505
5908.5 0.00332909007556736
5910 0.00252272002398968
5911.5 0.00338096497580409
5913 0.0042392099276185
5914.5 0.00439858017489314
5916 0.00455794995650649
5917.5 0.00451779505237937
5919 0.00447764014825225
5920.5 0.00442394008859992
5922 0.00437024002894759
5923.5 0.00335683999583125
5925 0.00234343996271491
5926.5 0.00275011011399329
5928 0.00315678003244102
5929.5 0.00325857498683035
5931 0.00336036994121969
5932.5 0.00295686488971114
5934 0.00255336007103324
5935.5 0.00230435491539538
5937 0.00205534999258816
5938.5 0.00194500503130257
5940 0.00183465995360166
5941.5 0.00228741997852921
5943 0.00274017988704145
5944.5 0.00327365007251501
5946 0.00380712002515793
5947.5 0.00428538490086794
5949 0.00476364977657795
5950.5 0.00345448008738458
5952 0.00214530993252993
5953.5 0.00278602004982531
5955 0.00342672993429005
5956.5 0.00283030001446605
5958 0.00223387009464204
5959.5 0.0028569099958986
5961 0.00347994989715517
5962.5 0.00321199488826096
5964 0.0029440401121974
5965.5 0.0032621449790895
5967 0.00358025007881224
5968.5 0.00299616996198893
5970 0.00241209007799625
5971.5 0.00256142509169877
5973 0.00271076010540128
5974.5 0.00322953495196998
5976 0.00374831003136933
5977.5 0.0030560300219804
5979 0.00236375001259148
5980.5 0.00276696495711803
5982 0.00317017990164459
5983.5 0.0035224100574851
5985 0.00387463998049498
5986.5 0.00391288520768285
5988 0.00395112996920943
5989.5 0.00420493492856622
5991 0.004458739887923
5992.5 0.00349009991623461
5994 0.00252145994454622
5995.5 0.00233744992874563
5997 0.00215343991294503
5998.5 0.00287529500201344
6000 0.00359715009108186
6001.5 0.00354908499866724
6003 0.00350101990625262
6004.5 0.00328128505498171
6006 0.00306154997088015
6007.5 0.00271786004304886
6009 0.00237417011521757
6010.5 0.00304916989989579
6012 0.00372416991740465
6013.5 0.00409802002832294
6015 0.00447187013924122
6016.5 0.00380041007883847
6018 0.00312895001843572
6019.5 0.00286471005529165
6021 0.00260047009214759
6022.5 0.00274278502911329
6024 0.002885099966079
6025.5 0.0032261700835079
6027 0.00356723996810615
6028.5 0.00381255010142922
6030 0.00405786000192165
6031.5 0.00353739503771067
6033 0.00301693007349968
6034.5 0.00269692996516824
6036 0.00237693008966744
6037.5 0.00250632991082966
6039 0.00263572996482253
6040.5 0.0025994349271059
6042 0.00256313988938928
6043.5 0.00261157494969666
6045 0.00266001001000404
6046.5 0.00242527993395925
6048 0.00219055009074509
6049.5 0.00190768495667726
6051 0.00162482005544007
6052.5 0.00165235996246338
6054 0.00167989998590201
6055.5 0.00182194996159524
6057 0.00196400005370378
6058.5 0.00193757994566113
6060 0.00191115995403379
6061.5 0.00197315006516874
6063 0.00203514005988836
6064.5 0.0023642301093787
6066 0.00269331992603838
6067.5 0.00266046007163823
6069 0.00262759998440742
6070.5 0.00219156011007726
6072 0.00175552000291646
6073.5 0.00130924652330577
6075 0.000862972985487431
6076.5 0.000676585477776825
6078 0.00049019802827388
6079.5 0.000831969024147838
6081 0.0011737400200218
6082.5 0.0013573250034824
6084 0.00154090998694301
6085.5 0.00152710499241948
6087 0.00151329999789596
6088.5 0.00128321500960737
6090 0.00105313002131879
6091.5 0.00091190350940451
6093 0.000770676997490227
6094.5 0.000990333501249552
6096 0.00120999000500888
6097.5 0.00120159995276481
6099 0.00119321001693606
6100.5 0.00124978995881975
6102 0.00130637001711875
6103.5 0.00151177996303886
6105 0.00171719002537429
6106.5 0.00171356997452676
6108 0.00170995004009455
6109.5 0.00138808495830745
6111 0.00106621999293566
6112.5 0.000957210490014404
6114 0.000848200987093151
6115.5 0.00085887499153614
6117 0.00086954899597913
6118.5 0.000605640991125256
6120 0.000341732986271381
6121.5 0.000224499497562647
6123 0.000107266001577955
6124.5 0.000379868492018431
6126 0.00065247097518295
6127.5 0.000915510521735996
6129 0.00117854995187372
6130.5 0.00146658497396857
6132 0.00175461999606341
6133.5 0.00124312948901206
6135 0.000731638981960714
6136.5 0.00104202947113663
6138 0.00135241996031255
6139.5 0.00113950704690069
6141 0.000926594017073512
6142.5 0.00104823196306825
6144 0.0011698700254783
6145.5 0.00141739996615797
6147 0.00166493002325296
6148.5 0.00131670455448329
6150 0.000968479027505964
6151.5 0.00123428949154913
6153 0.00150010001379997
6154.5 0.0012348365271464
6156 0.000969572982285172
6157.5 0.000769087520893663
6159 0.000568602001294494
6160.5 0.000987595994956791
6162 0.00140658998861909
6163.5 0.00153987994417548
6165 0.0016731700161472
6166.5 0.00130748655647039
6168 0.00094180298037827
6169.5 0.000719651987310499
6171 0.000497500994242728
6172.5 0.00134301045909524
6174 0.00218852004036307
6175.5 0.00155218795407563
6177 0.000915855984203517
6178.5 0.000886260473635048
6180 0.000856665021274239
6181.5 0.00115721253678203
6183 0.00145775999408215
6184.5 0.00161229004152119
6186 0.00176681997254491
6187.5 0.00100791896693408
6189 0.000249017990427092
6190.5 0.000340530008543283
6192 0.000432041997555643
6193.5 0.000776270986534655
6195 0.00112050003372133
6196.5 0.000960975477937609
6198 0.000801450980361551
6199.5 0.000359686760930344
6201 -8.20775021566078e-05
6202.5 0.000450747756985947
6204 0.000983573030680418
6205.5 0.000433487497502938
6207 -0.000116597999294754
6208.5 0.000550961005501449
6210 0.00121851998846978
6211.5 0.00157779001165181
6213 0.00193706003483385
6214.5 0.00175897497683764
6216 0.00158089003525674
6217.5 0.00147144997026771
6219 0.001362010021694
6220.5 0.00121589004993439
6222 0.00106976996175945
6223.5 0.00134112499654293
6225 0.00161248003132641
6226.5 0.00149972003418952
6228 0.00138696003705263
6229.5 0.00147326500155032
6231 0.001559569966048
6232.5 0.00157434504944831
6234 0.0015891200164333
6235.5 0.00144617503974587
6237 0.00130322994664311
6238.5 0.00112276000436395
6240 0.000942290003877133
6241.5 0.00128193502314389
6243 0.00162157998420298
6244.5 0.00143742503132671
6246 0.00125326996203512
6247.5 0.000601451203692704
6249 -5.03675983054563e-05
6250.5 0.000929766218177974
6252 0.00190989999100566
6253.5 0.00140331650618464
6255 0.000896733021363616
6256.5 0.000446143763838336
6258 -4.445470040082e-06
6259.5 0.000116434268420562
6261 0.000237314001424238
6262.5 0.000484135991428047
6264 0.000730958010535687
6265.5 0.00148915394674987
6267 0.00224735005758703
6268.5 0.00123991852160543
6270 0.000232487000175752
6271.5 0.00138210353907198
6273 0.00253172009252012
6274.5 0.0013700604904443
6276 0.000208401004783809
6277.5 9.09968002815731e-05
6279 -2.64074005826842e-05
6280.5 0.000316623802063987
6282 0.000659655022900552
6283.5 0.000808866519946605
6285 0.000958078016992658
6286.5 0.00152564398013055
6288 0.00209320988506079
6289.5 0.00152579403948039
6291 0.000958378019277006
6292.5 0.00116758898366243
6294 0.00137680000625551
6295.5 0.00247272988781333
6297 0.0035686600022018
6298.5 0.00204400205984712
6300 0.000519344001077116
6301.5 0.000864417001139373
6303 0.00120949000120163
6304.5 0.000983871053904295
6306 0.000758251990191638
6307.5 0.000369848014088348
6309 -1.85560002137208e-05
6310.5 0.000375203497242182
6312 0.000768963014706969
6313.5 0.00106683652848005
6315 0.00136471004225314
6316.5 0.001384980045259
6318 0.00140525004826486
6319.5 0.001079095993191
6321 0.000752941996324807
6322.5 0.000943691004067659
6324 0.00113443995360285
6325.5 0.00197691493667662
6327 0.00281939003616571
6328.5 0.00199577491730452
6330 0.00117216003127396
6331.5 0.00100902444683015
6333 0.000845888978801668
6334.5 0.000739135022740811
6336 0.000632381008472294
6337.5 0.000523262016940862
6339 0.0004141429963056
6340.5 0.000986736500635743
6342 0.00155933003406972
6343.5 0.00190395500976592
6345 0.00224858010187745
6346.5 0.00178025499917567
6348 0.00131193001288921
6349.5 0.00213804491795599
6351 0.0029641599394381
6352.5 0.00254540494643152
6354 0.00212664995342493
6355.5 0.00120020599570125
6357 0.000273762008873746
6358.5 0.000466981990030035
6360 0.000660202000290155
6361.5 0.000454248511232436
6363 0.000248294993070886
6364.5 0.000984757556580007
6366 0.00172121997456998
6367.5 0.00201053498312831
6369 0.00229985010810196
6370.5 0.00116047414485365
6372 2.10981997952331e-05
6373.5 0.000766734126955271
6375 0.00151236995588988
6376.5 0.00151283002924174
6378 0.00151328998617828
6379.5 0.00147913000546396
6381 0.00144497002474964
6382.5 0.00133525498677045
6384 0.00122553994879127
6385.5 0.00116471503861248
6387 0.00110389001201838
6388.5 0.000673061003908515
6390 0.000242231995798647
6391.5 0.000243949500145391
6393 0.000245667004492134
6394.5 0.00043975398875773
6396 0.000633840973023325
6397.5 3.97539988625795e-05
6399 -0.000554332975298166
6400.5 -0.000251941499300301
6402 5.0449998525437e-05
6403.5 0.000664879975374788
6405 0.00127930997405201
6406.5 0.00134644994977862
6408 0.00141359004192054
6409.5 0.00137047003954649
6411 0.00132735003717244
6412.5 0.00129345501773059
6414 0.00125955999828875
6415.5 0.0013287200126797
6417 0.00139788002707064
6418.5 0.000794962514191866
6420 0.00019204500131309
6421.5 0.000485592987388372
6423 0.000779140973463655
6424.5 0.00124282552860677
6426 0.00170650996733457
6427.5 0.00150390004273504
6429 0.00130129000172019
6430.5 0.00143974495586008
6432 0.00157820002641529
6433.5 0.00160955497995019
6435 0.00164091004990041
6436.5 0.00139976502396166
6438 0.00115861999802291
6439.5 0.00132847495842725
6441 0.00149833003524691
6442.5 0.00155806494876742
6444 0.00161779997870326
6445.5 0.00105729349888861
6447 0.000496787019073963
6448.5 0.000148634993820451
6450 -0.00019951700232923
6451.5 0.000351652997778729
6453 0.000902822997886688
6454.5 0.00125538150314242
6456 0.00160793995019048
6457.5 0.00183152500540018
6459 0.00205510994419456
6460.5 0.00255625997669995
6462 0.00305741000920534
6463.5 0.00252021499909461
6465 0.00198301998898387
6466.5 0.00160150497686118
6468 0.00121998996473849
6469.5 0.00116030499339104
6471 0.00110062002204359
6472.5 0.00109310494735837
6474 0.00108558998908848
6475.5 0.00162166496738791
6477 0.00215774006210268
6478.5 0.00209102989174426
6480 0.00202431995421648
6481.5 0.00202941498719156
6483 0.00203451002016664
6484.5 0.00228337501175702
6486 0.0025322400033474
6487.5 0.00234169000759721
6489 0.00215114001184702
6490.5 0.00190062494948506
6492 0.00165011000353843
6493.5 0.00201048003509641
6495 0.00237084995023906
6496.5 0.0028544650413096
6498 0.00333807989954948
6499.5 0.00298667000606656
6501 0.00263526011258364
6502.5 0.00227614003233612
6504 0.00191701995208859
6505.5 0.00225364998914301
6507 0.00259028002619743
6508.5 0.00261881994083524
6510 0.00264736008830369
6511.5 0.00276273000054061
6513 0.00287809991277754
6514.5 0.00289803999476135
6516 0.00291798007674515
6517.5 0.00264485995285213
6519 0.00237174006178975
6520.5 0.00294536002911627
6522 0.00351897999644279
6523.5 0.00368557008914649
6525 0.00385215994901955
6526.5 0.00342438509687781
6528 0.00299661001190543
6529.5 0.00267264991998672
6531 0.00234869006089866
6532.5 0.00244895508512855
6534 0.00254922010935843
6535.5 0.00302775506861508
6537 0.00350629002787173
6538.5 0.00335614988580346
6540 0.00320600997656584
6541.5 0.00366698997095227
6543 0.00412796996533871
6544.5 0.00418485002592206
6546 0.00424173008650541
6547.5 0.00422077998518944
6549 0.00419982988387346
6550.5 0.00431369477882981
6552 0.00442756013944745
6553.5 0.00411478988826275
6555 0.00380202010273933
6556.5 0.00344272493384778
6558 0.00308342999778688
6559.5 0.0033695250749588
6561 0.00365561991930008
6562.5 0.00358687504194677
6564 0.00351812993176281
6565.5 0.00370742008090019
6567 0.00389670999720693
6568.5 0.00371365994215012
6570 0.00353060988709331
6571.5 0.00372526491992176
6573 0.00391991995275021
6574.5 0.00382198998704553
6576 0.00372406002134085
6577.5 0.00375614990480244
6579 0.00378824002109468
6580.5 0.00341787491925061
6582 0.00304751005023718
6583.5 0.00324538489803672
6585 0.0034432599786669
6586.5 0.00378651497885585
6588 0.00412977021187544
6589.5 0.00399373006075621
6591 0.00385768990963697
6592.5 0.00338587001897395
6594 0.00291404989548028
6595.5 0.00323356501758099
6597 0.00355307990685105
6598.5 0.00324967503547668
6600 0.00294626993127167
6601.5 0.00285594002343714
6603 0.00276561011560261
6604.5 0.0033802050165832
6606 0.00399480015039444
6607.5 0.00351373990997672
6609 0.00303267990238965
6610.5 0.00304591003805399
6612 0.00305913994088769
6613.5 0.00345717999152839
6615 0.00385522004216909
6616.5 0.00355297001078725
6618 0.0032507199794054
6619.5 0.00297184009104967
6621 0.0026929599698633
6622.5 0.00307652004994452
6624 0.0034600798971951
6625.5 0.00380182010121644
6627 0.00414355983957648
6628.5 0.0038967349100858
6630 0.00364990998059511
6631.5 0.00373746990226209
6633 0.00382503005675972
6634.5 0.00374405505135655
6636 0.00366308004595339
6637.5 0.003745730035007
6639 0.00382838002406061
6640.5 0.00346057000569999
6642 0.00309275998733938
6643.5 0.00334780989214778
6645 0.00360286002978683
6646.5 0.00388155994005501
6648 0.0041602598503232
6649.5 0.00388334994204342
6651 0.00360644003376365
6652.5 0.00334347994066775
6654 0.00308052008040249
6655.5 0.00298102502711117
6657 0.00288152997381985
6658.5 0.00340166501700878
6660 0.00392179982736707
6661.5 0.00390111492015421
6663 0.00388043001294136
6664.5 0.00353707489557564
6666 0.00319372001104057
6667.5 0.00300667504779994
6669 0.00281963008455932
6670.5 0.00303629506379366
6672 0.003252960043028
6673.5 0.00316940504126251
6675 0.00308585003949702
6676.5 0.00312486500479281
6678 0.0031638799700886
6679.5 0.00295142503455281
6681 0.00273897009901702
6682.5 0.00269937003031373
6684 0.00265976996161044
6685.5 0.00311385001987219
6687 0.00356793007813394
6688.5 0.00305751501582563
6690 0.00254709995351732
6691.5 0.00274505489505827
6693 0.00294301006942987
6694.5 0.00325514492578804
6696 0.00356728001497686
6697.5 0.00369981490075588
6699 0.00383235001936555
6700.5 0.00355397490784526
6702 0.00327560002915561
6703.5 0.00315898493863642
6705 0.00304237008094788
6706.5 0.00325477495789528
6708 0.00346718006767333
6709.5 0.00350944511592388
6711 0.00355170993134379
6712.5 0.00333037995733321
6714 0.00310904998332262
6715.5 0.0032330600079149
6717 0.00335707003250718
6718.5 0.00339245004579425
6720 0.00342783005908132
6721.5 0.00335852010175586
6723 0.00328920991159976
6724.5 0.00331098004244268
6726 0.00333274994045496
6727.5 0.00300546991638839
6729 0.00267818989232183
6730.5 0.00286583509296179
6732 0.00305348006077111
6733.5 0.00283225998282433
6735 0.00261103990487754
6736.5 0.00323697994463146
6738 0.00386291998438537
6739.5 0.00353324506431818
6741 0.00320356991142035
6742.5 0.00273082009516656
6744 0.00225807004608214
6745.5 0.00270222499966621
6747 0.00314637995325029
6748.5 0.00304960994981229
6750 0.0029528399463743
6751.5 0.0032710749655962
6753 0.0035893099848181
6754.5 0.00311519997194409
6756 0.00264108995907009
6757.5 0.00238663493655622
6759 0.00213217991404235
6760.5 0.00255310488864779
6762 0.00297403009608388
6763.5 0.00264387996867299
6765 0.00231373007409275
6766.5 0.00279814493842423
6768 0.00328256003558636
6769.5 0.00320337992161512
6771 0.00312420004047453
6772.5 0.00285819498822093
6774 0.00259218993596733
6775.5 0.00274694501422346
6777 0.00290170009247959
6778.5 0.00333081488497555
6780 0.00375992991030216
6781.5 0.00352224009111524
6783 0.00328455003909767
6784.5 0.00275876000523567
6786 0.00223296997137368
6787.5 0.00223579490557313
6789 0.00223862007260323
6790.5 0.00222939508967102
6792 0.00222017010673881
6793.5 0.002309629926458
6795 0.00239908997900784
6796.5 0.00293560000136495
6798 0.00347211002372205
6799.5 0.00298037496395409
6801 0.00248863990418613
6802.5 0.00198661489412189
6804 0.00148459000047296
6805.5 0.00208121002651751
6807 0.00267782993614674
6808.5 0.00289818993769586
6810 0.00311854993924499
6811.5 0.00225923489779234
6813 0.00139991997275501
6814.5 0.00173808995168656
6816 0.00207626004703343
6817.5 0.0025947499088943
6819 0.00311324000358582
6820.5 0.0030001699924469
6822 0.00288709998130798
6823.5 0.00251021492294967
6825 0.002133330097422
6826.5 0.001960305031389
6828 0.00178727996535599
6829.5 0.00179892999585718
6831 0.00181058002635837
6832.5 0.00186946999747306
6834 0.00192835996858776
6835.5 0.00187203998211771
6837 0.00181571999564767
6838.5 0.00149588997010142
6840 0.00117605994455516
6841.5 0.00128420500550419
6843 0.0013923499500379
6844.5 0.00203485507518053
6846 0.00267736008390784
6847.5 0.00280547491274774
6849 0.00293358997441828
6850.5 0.00247657997533679
6852 0.0020195699762553
6853.5 0.00198545004241168
6855 0.00195132999215275
6856.5 0.00221473490819335
6858 0.00247813994064927
6859.5 0.00296823005191982
6861 0.00345831993035972
6862.5 0.00367278000339866
6864 0.00388724007643759
6865.5 0.00356201990507543
6867 0.00323679996654391
6868.5 0.00289053004235029
6870 0.00254425988532603
6871.5 0.00205608503893018
6873 0.00156790995970368
6874.5 0.00159078999422491
6876 0.00161367002874613
6877.5 0.00192330998834223
6879 0.00223294994793832
6880.5 0.00225654500536621
6882 0.00228014006279409
6883.5 0.00233052507974207
6885 0.00238091009669006
6886.5 0.00263211503624916
6888 0.00288331997580826
6889.5 0.00252430490218103
6891 0.00216529006138444
6892.5 0.00225951010361314
6894 0.00235372991301119
6895.5 0.00249135005287826
6897 0.00262896995991468
6898.5 0.00273133488371968
6900 0.00283370004035532
6901.5 0.00276147993281484
6903 0.00268926005810499
6904.5 0.00245031993836164
6906 0.00221138005144894
6907.5 0.00233853003010154
6909 0.00246568000875413
6910.5 0.0025897950399667
