3646.36403086003 5.12314325619607e-16
3650.88313568784 4.67967703907872e-16
3655.40224051564 2.80280211161353e-16
3659.92134534345 3.87536446321698e-16
3664.44045017125 4.20393542559962e-16
3668.95955499906 3.64036761279769e-16
3673.47865982687 5.69211646269047e-16
3677.99776465467 7.23942278177983e-16
3682.51686948248 6.34764108392209e-16
3687.03597431028 6.24627876870653e-16
3691.55507913809 6.70513186870635e-16
3696.0741839659 6.47298713703914e-16
3700.5932887937 6.65437712511128e-16
3705.11239362151 7.33669922181607e-16
3709.63149844931 5.95051445116223e-16
3714.15060327712 4.96359613025125e-16
3718.66970810493 5.96789344965752e-16
3723.18881293273 5.7892870236083e-16
3727.70791776054 5.56446806814365e-16
3732.22702258834 6.4492516856703e-16
3736.74612741615 5.95914783447712e-16
3741.26523224395 5.26346220484263e-16
3745.78433707176 6.24534120911304e-16
3750.30344189957 5.71539610445457e-16
3754.82254672737 5.13174593456663e-16
3759.34165155518 4.88078383658057e-16
3763.86075638298 4.51671901733442e-16
3768.37986121079 4.55302496703611e-16
3772.8989660386 5.68560966146878e-16
3777.4180708664 4.85231982378368e-16
3781.93717569421 3.97857463374653e-16
3786.45628052201 4.71372564597597e-16
3790.97538534982 4.44675991924273e-16
3795.49449017763 3.67944494842368e-16
3800.01359500543 3.47031966058708e-16
3804.53269983324 3.30997658836964e-16
3809.05180466104 3.23020381949062e-16
3813.57090948885 2.93183805200707e-16
3818.09001431666 2.48094415003568e-16
3822.60911914446 2.84509473136773e-16
3827.12822397227 3.212873260692e-16
3831.64732880007 3.00513287172416e-16
3836.16643362788 3.30879259512806e-16
3840.68553845569 3.62710757670622e-16
3845.20464328349 3.76653184680224e-16
3849.7237481113 3.87970418358268e-16
3854.2428529391 3.94249341247366e-16
3858.76195776691 3.81138832940866e-16
3863.28106259471 3.78192349424503e-16
3867.80016742252 4.32970949505284e-16
3872.31927225033 5.60464548780989e-16
3876.83837707813 5.4712266813099e-16
3881.35748190594 5.68379224640133e-16
3885.87658673374 6.18497528854459e-16
3890.39569156155 6.157036436175e-16
3894.91479638936 6.82190806597957e-16
3899.43390121716 6.86588336962305e-16
3903.95300604497 7.04222821770311e-16
3908.47211087277 7.44038928944979e-16
3912.99121570058 7.98058455156122e-16
3917.51032052839 8.58737566156815e-16
3922.02942535619 8.28280643653715e-16
3926.548530184 7.95509521259597e-16
3931.0676350118 7.787197929978e-16
3935.58673983961 8.66492311607606e-16
3940.10584466742 9.35198171514277e-16
3944.62494949522 9.48199915496394e-16
3949.14405432303 9.68979327758436e-16
3953.66315915083 9.52268214742056e-16
3958.18226397864 9.49686564197944e-16
3962.70136880645 1.00483444417395e-15
3967.22047363425 1.09288182497514e-15
3971.73957846206 1.15540196208669e-15
3976.25868328986 1.1699009426822e-15
3980.77778811767 1.18762658941115e-15
3985.29689294548 1.16896465363812e-15
3989.81599777328 1.16057881570207e-15
3994.33510260109 1.19881176535876e-15
3998.85420742889 1.1591731645261e-15
4003.3733122567 1.06185352580955e-15
4007.8924170845 1.04141070326493e-15
4012.41152191231 1.06162133290289e-15
4016.93062674012 1.06449012761612e-15
4021.44973156792 1.00849563820934e-15
4025.96883639573 1.04121069761026e-15
4030.48794122353 1.00272035581672e-15
4035.00704605134 9.58847966676328e-16
4039.52615087915 8.91713194068136e-16
4044.04525570695 8.53992434646738e-16
4048.56436053476 8.36128880366059e-16
4053.08346536256 7.97601427941519e-16
4057.60257019037 8.14304176507545e-16
4062.12167501818 8.08421373870187e-16
4066.64077984598 8.19013944392075e-16
4071.15988467379 8.24581756652174e-16
4075.67898950159 8.83476910386831e-16
4080.1980943294 9.0373883845766e-16
4084.71719915721 8.66269383123801e-16
4089.23630398501 8.32831434041957e-16
4093.75540881282 8.3444280834499e-16
4098.27451364062 8.56786372823256e-16
4102.79361846843 8.21576907271789e-16
4107.31272329624 7.7349100567484e-16
4111.83182812404 7.91933665793645e-16
4116.35093295185 8.13392451418945e-16
4120.87003777965 7.68825442322245e-16
4125.38914260746 7.61158205962818e-16
4129.90824743526 8.18665443273839e-16
4134.42735226307 7.7978641923663e-16
4138.94645709088 7.55424534063735e-16
4143.46556191868 7.70739789722599e-16
4147.98466674649 7.54226353020284e-16
4152.50377157429 7.71972116781736e-16
4157.0228764021 8.00723591385099e-16
4161.54198122991 7.6452675011493e-16
4166.06108605771 7.16082183004378e-16
4170.58019088552 7.02166014016141e-16
4175.09929571332 7.19332089604315e-16
4179.61840054113 7.45401752017552e-16
4184.13750536894 7.69007448526786e-16
4188.65661019674 7.54484592190079e-16
4193.17571502455 7.61701154082008e-16
4197.69481985235 7.6513613738092e-16
4202.21392468016 7.74159844065816e-16
4206.73302950797 7.86944535855199e-16
4211.25213433577 7.77831096617453e-16
4215.77123916358 8.09891293671028e-16
4220.29034399138 8.06507555865425e-16
4224.80944881919 7.76451968160645e-16
4229.32855364699 7.95680674854502e-16
4233.8476584748 7.96138813799848e-16
4238.36676330261 7.79621565449271e-16
4242.88586813041 7.65250910345273e-16
4247.40497295822 7.60857721024779e-16
4251.92407778603 7.53045430273134e-16
4256.44318261383 7.26219420377558e-16
4260.96228744164 7.38897703652942e-16
4265.48139226944 7.55014199540349e-16
4270.00049709725 7.6509293870061e-16
4274.51960192505 7.84336362591925e-16
4279.03870675286 7.68561538619616e-16
4283.55781158067 7.28076910691327e-16
4288.07691640847 7.14244703843987e-16
4292.59602123628 7.56058802922551e-16
4297.11512606408 7.97605610166697e-16
4301.63423089189 7.6983526441405e-16
4306.1533357197 7.92057544362181e-16
4310.6724405475 8.20036577857207e-16
4315.19154537531 8.32238299220642e-16
4319.71065020311 8.37550625168025e-16
4324.22975503092 8.79062068786623e-16
4328.74885985873 9.08612348398806e-16
4333.26796468653 9.27404409608353e-16
4337.78706951434 9.18991784255342e-16
4342.30617434214 9.1982664110398e-16
4346.82527916995 9.30941089800495e-16
4351.34438399776 8.93976889619673e-16
4355.86348882556 8.7304797604244e-16
4360.38259365337 8.55651825129968e-16
4364.90169848117 8.41019225087032e-16
4369.42080330898 8.34423750103677e-16
4373.93990813678 8.04653665441681e-16
4378.45901296459 7.8199542822351e-16
4382.9781177924 7.68824012954147e-16
4387.4972226202 7.19673126244703e-16
4392.01632744801 6.59169774580565e-16
4396.53543227581 6.35587477356499e-16
4401.05453710362 6.25124979331573e-16
4405.57364193143 5.95154571377552e-16
4410.09274675923 5.7562977372907e-16
4414.61185158704 5.66734286656565e-16
4419.13095641484 5.40508029027204e-16
4423.65006124265 5.29397709616306e-16
4428.16916607046 5.22034293387147e-16
4432.68827089826 5.03782427439711e-16
4437.20737572607 4.95319085988983e-16
4441.72648055387 5.14383309472395e-16
4446.24558538168 5.22371359560595e-16
4450.76469020949 5.25254395015252e-16
4455.28379503729 5.38416016466163e-16
4459.8028998651 5.41850735067279e-16
4464.3220046929 5.41779319601914e-16
4468.84110952071 5.43004976276591e-16
4473.36021434852 5.50523558353775e-16
4477.87931917632 5.55827413971686e-16
4482.39842400413 5.74595175923559e-16
4486.91752883193 5.71796155549357e-16
4491.43663365974 5.62633006065519e-16
4495.95573848755 5.71969850243103e-16
4500.47484331535 6.00989040197358e-16
4504.99394814316 6.17671883489123e-16
4509.51305297096 6.27727488062012e-16
4514.03215779877 6.3535946667501e-16
4518.55126262657 6.6978389150305e-16
4523.07036745438 6.95601402795801e-16
4527.58947228219 7.34752483227757e-16
4532.10857710999 7.92796951185575e-16
4536.6276819378 7.83336810774606e-16
4541.1467867656 7.78944256728823e-16
4545.66589159341 8.3935395831273e-16
4550.18499642122 9.03698922030021e-16
4554.70410124902 9.56237305253771e-16
4559.22320607683 1.01354035468495e-15
4563.74231090463 1.11238486446479e-15
4568.26141573244 1.17260467184983e-15
4572.78052056025 1.19829348707416e-15
4577.29962538805 1.30516246935893e-15
4581.81873021586 1.40171977842295e-15
4586.33783504366 1.44978826290492e-15
4590.85693987147 1.52944091192411e-15
4595.37604469928 1.56935617489317e-15
4599.89514952708 1.60266256917039e-15
4604.41425435489 1.6137890880864e-15
4608.93335918269 1.68588334447989e-15
4613.4524640105 1.72139265969468e-15
4617.9715688383 1.74370869560216e-15
4622.49067366611 1.7618224951792e-15
4627.00977849392 1.75808633872798e-15
4631.52888332172 1.83530419154028e-15
4636.04798814953 1.90346810917939e-15
4640.56709297734 1.92127422403833e-15
4645.08619780514 1.88830791348943e-15
4649.60530263295 1.85701025784662e-15
4654.12440746075 1.88419366270638e-15
4658.64351228856 1.92923548670957e-15
4663.16261711636 1.9414791362039e-15
4667.68172194417 1.90984605551398e-15
4672.20082677198 1.81682680307064e-15
4676.71993159978 1.7298179905419e-15
4681.23903642759 1.67883158343576e-15
4685.75814125539 1.55077746010721e-15
4690.2772460832 1.41405194286026e-15
4694.79635091101 1.37193884115132e-15
4699.31545573881 1.31946366776126e-15
4703.83456056662 1.23882168425967e-15
4708.35366539442 1.15295424862736e-15
4712.87277022223 1.08578485354745e-15
4717.39187505004 1.02414467778898e-15
4721.91097987784 9.63843766999233e-16
4726.43008470565 9.02550662990899e-16
4730.94918953345 8.75899088942898e-16
4735.46829436126 8.55998685121869e-16
4739.98739918907 8.34638631774483e-16
4744.50650401687 8.15390866839313e-16
4749.02560884468 7.79995689314161e-16
4753.54471367248 7.5272736940144e-16
4758.06381850029 7.38822370660195e-16
4762.58292332809 7.24332654487549e-16
4767.1020281559 7.14732488942487e-16
4771.62113298371 7.10081060452199e-16
4776.14023781151 6.91015884056722e-16
4780.65934263932 6.63756828566862e-16
4785.17844746712 6.59328646197734e-16
4789.69755229493 6.75324810467073e-16
4794.21665712274 7.11427948717452e-16
4798.73576195054 7.44166301524423e-16
4803.25486677835 7.53193396341108e-16
4807.77397160615 7.96876103040874e-16
4812.29307643396 8.58388112126514e-16
4816.81218126177 8.90682566729564e-16
4821.33128608957 9.43696029557606e-16
4825.85039091738 1.01741150701213e-15
4830.36949574518 1.065407464298e-15
4834.88860057299 1.08129684947642e-15
4839.4077054008 1.08330262349552e-15
4843.9268102286 1.09551736799052e-15
4848.44591505641 1.0840565886977e-15
4852.96501988421 1.04424815775911e-15
4857.48412471202 1.01559250375791e-15
4862.00322953983 1.00142767766009e-15
4866.52233436763 9.70157974104541e-16
4871.04143919544 9.37896712605111e-16
4875.56054402324 9.05753929839178e-16
4880.07964885105 8.84737983626615e-16
4884.59875367886 9.02476124091541e-16
4889.11785850666 9.35937313639875e-16
4893.63696333447 9.35621370350549e-16
4898.15606816227 9.37782257278113e-16
4902.67517299008 9.79409903229163e-16
4907.19427781788 1.0154572961237e-15
4911.71338264569 1.06225957222864e-15
4916.2324874735 1.15359449965637e-15
4920.7515923013 1.23174588865567e-15
4925.27069712911 1.26035400293271e-15
4929.78980195691 1.31750522170808e-15
4934.30890678472 1.43488958863743e-15
4938.82801161253 1.51775937466941e-15
4943.34711644033 1.59134112679739e-15
4947.86622126814 1.64608370150813e-15
4952.38532609594 1.73928358372747e-15
4956.90443092375 1.85064353469858e-15
4961.42353575156 1.89238002438336e-15
4965.94264057936 1.9250020160392e-15
4970.46174540717 1.96811895766976e-15
4974.98085023497 1.9955691779079e-15
4979.49995506278 2.00063549372366e-15
4984.01905989059 1.9394877617449e-15
4988.53816471839 1.83473922056446e-15
4993.0572695462 1.7697185363135e-15
4997.576374374 1.67613674811407e-15
5002.09547920181 1.55516953769696e-15
5006.61458402961 1.47767375219883e-15
5011.13368885742 1.39450718699796e-15
5015.65279368523 1.30831343192272e-15
5020.17189851303 1.24232755362836e-15
5024.69100334084 1.1695564120309e-15
5029.21010816865 1.11236707677289e-15
5033.72921299645 1.08092182563903e-15
5038.24831782426 1.03543266236056e-15
5042.76742265206 1.01169784626643e-15
5047.28652747987 1.00047254213294e-15
5051.80563230767 9.72193923672385e-16
5056.32473713548 9.56989152873578e-16
5060.84384196329 9.60748814489085e-16
5065.36294679109 9.50206113031966e-16
5069.8820516189 9.29099746052283e-16
5074.4011564467 9.06746123057768e-16
5078.92026127451 8.75259684946839e-16
5083.43936610232 8.58165024824031e-16
5087.95847093012 8.56573767553495e-16
5092.47757575793 8.53379500430281e-16
5096.99668058573 8.5287646873873e-16
5101.51578541354 8.47535502489818e-16
5106.03489024135 8.10887827933473e-16
5110.55399506915 7.71091043697914e-16
5115.07309989696 7.54594706473222e-16
5119.59220472476 7.50040369134513e-16
5124.11130955257 7.518249087357e-16
5128.63041438038 7.46833078879734e-16
5133.14951920818 7.51078196253136e-16
5137.66862403599 7.58798319232208e-16
5142.18772886379 7.70557518820262e-16
5146.7068336916 7.77494824537393e-16
5151.2259385194 7.60703984544852e-16
5155.74504334721 7.34427751971603e-16
5160.26414817502 7.30962010788794e-16
5164.78325300282 7.41384274748725e-16
5169.30235783063 7.38082805018124e-16
5173.82146265843 7.3640636799683e-16
5178.34056748624 7.5826257089307e-16
5182.85967231405 7.74344709006554e-16
5187.37877714185 7.83889023316656e-16
5191.89788196966 8.01605352683191e-16
5196.41698679746 8.29650295929425e-16
5200.93609162527 8.46554108941306e-16
5205.45519645308 8.62458899531459e-16
5209.97430128088 8.77496857779216e-16
5214.49340610869 8.795646769617e-16
5219.01251093649 9.07630107817347e-16
5223.5316157643 9.38887952911635e-16
5228.05072059211 9.62787199276652e-16
5232.56982541991 9.87721731661451e-16
5237.08893024772 1.02737526144981e-15
5241.60803507552 1.06603913911841e-15
5246.12713990333 1.09324837848306e-15
5250.64624473114 1.13242460520564e-15
5255.16534955894 1.17364567534201e-15
5259.68445438675 1.20838736694835e-15
5264.20355921455 1.2483951682669e-15
5268.72266404236 1.28667046957095e-15
5273.24176887017 1.31140637272962e-15
5277.76087369797 1.32027883109387e-15
5282.27997852578 1.32901608182392e-15
5286.79908335358 1.36339079640586e-15
5291.31818818139 1.40520097795705e-15
5295.83729300919 1.42157634828896e-15
5300.356397837 1.44373864771651e-15
5304.87550266481 1.46562703786475e-15
5309.39460749261 1.49067613145566e-15
5313.91371232042 1.5144023713412e-15
5318.43281714822 1.55729855500988e-15
5322.95192197603 1.59844625091719e-15
5327.47102680384 1.62510354243759e-15
5331.99013163164 1.63808834576076e-15
5336.50923645945 1.65622416819442e-15
5341.02834128725 1.64666296616493e-15
5345.54744611506 1.63261026605351e-15
5350.06655094287 1.62587434241959e-15
5354.58565577067 1.62378037109486e-15
5359.10476059848 1.6026741099943e-15
5363.62386542628 1.57528815838102e-15
5368.14297025409 1.55229216677514e-15
5372.6620750819 1.49924672845334e-15
5377.1811799097 1.45701197163734e-15
5381.70028473751 1.44525091916472e-15
5386.21938956531 1.43807009147525e-15
5390.73849439312 1.43241148787112e-15
5395.25759922092 1.41557480222031e-15
5399.77670404873 1.40859228611962e-15
5404.29580887654 1.43446628392204e-15
5408.81491370434 1.45463625597853e-15
5413.33401853215 1.47730709281179e-15
5417.85312335996 1.53525473431583e-15
5422.37222818776 1.59294371313359e-15
5426.89133301557 1.63845256992808e-15
5431.41043784337 1.68177989336691e-15
5435.92954267118 1.73235739531777e-15
5440.44864749898 1.77917343570811e-15
5444.96775232679 1.82866048861849e-15
5449.4868571546 1.91181794821518e-15
5454.0059619824 1.9786624002807e-15
5458.52506681021 2.02076629050635e-15
5463.04417163801 2.09308215189466e-15
5467.56327646582 2.18287547935837e-15
5472.08238129363 2.26492374931064e-15
5476.60148612143 2.33256864751131e-15
5481.12059094924 2.39659967964253e-15
5485.63969577704 2.46196055350093e-15
5490.15880060485 2.52267142823715e-15
5494.67790543266 2.59950006941019e-15
5499.19701026046 2.61856296940462e-15
5503.71611508827 2.61721470471083e-15
5508.23521991607 2.65654879719895e-15
5512.75432474388 2.71130206570065e-15
5517.27342957169 2.75630429091356e-15
5521.79253439949 2.77535596772144e-15
5526.3116392273 2.78438703300507e-15
5530.8307440551 2.7746372602657e-15
5535.34984888291 2.78126381077031e-15
5539.86895371071 2.82377597087653e-15
5544.38805853852 2.83426668568651e-15
5548.90716336633 2.80529900592336e-15
5553.42626819413 2.78392180015879e-15
5557.94537302194 2.76775172943747e-15
5562.46447784974 2.7290679464946e-15
5566.98358267755 2.71346242323263e-15
5571.50268750536 2.70756241523853e-15
5576.02179233316 2.68562320311346e-15
5580.54089716097 2.68056641641835e-15
5585.06000198877 2.648349941786e-15
5589.57910681658 2.62282354512931e-15
5594.09821164439 2.62029917518826e-15
5598.61731647219 2.60834457568718e-15
5603.1364213 2.60335661041904e-15
5607.6555261278 2.58789931792283e-15
5612.17463095561 2.5685626145282e-15
5616.69373578342 2.54931950827424e-15
5621.21284061122 2.51657872024755e-15
5625.73194543903 2.47570218076248e-15
5630.25105026683 2.45002183586762e-15
5634.77015509464 2.42103721544552e-15
5639.28925992245 2.3928214891813e-15
5643.80836475025 2.36227261066386e-15
5648.32746957806 2.33179572994694e-15
5652.84657440586 2.29613034891162e-15
5657.36567923367 2.24832592695095e-15
5661.88478406148 2.19735423704227e-15
5666.40388888928 2.14627370339986e-15
5670.92299371709 2.09639765060845e-15
5675.44209854489 2.02900389767663e-15
5679.9612033727 1.94040679249267e-15
5684.4803082005 1.86371304131648e-15
5688.99941302831 1.79390122107849e-15
5693.51851785612 1.73029465833297e-15
5698.03762268392 1.67594404811857e-15
5702.55672751173 1.61156732066576e-15
5707.07583233953 1.55394652800024e-15
5711.59493716734 1.50763468397176e-15
5716.11404199515 1.48371076777215e-15
5720.63314682295 1.45944105037183e-15
5725.15225165076 1.4102384946526e-15
5729.67135647856 1.37883750099023e-15
5734.19046130637 1.381412587029e-15
5738.70956613418 1.37479048344737e-15
5743.22867096198 1.35114471169182e-15
5747.74777578979 1.34637443389112e-15
5752.26688061759 1.35592674207466e-15
5756.7859854454 1.35677261035161e-15
5761.30509027321 1.36301958421673e-15
5765.82419510101 1.37014016668782e-15
5770.34329992882 1.3727998501422e-15
5774.86240475662 1.40103145827419e-15
5779.38150958443 1.44093221580402e-15
5783.90061441223 1.45802057611928e-15
5788.41971924004 1.47963590402115e-15
5792.93882406785 1.51566275636672e-15
5797.45792889565 1.52923762401677e-15
5801.97703372346 1.54253646480513e-15
5806.49613855127 1.58381248620396e-15
5811.01524337907 1.61862426978669e-15
5815.53434820688 1.62877744196719e-15
5820.05345303468 1.66413079724057e-15
5824.57255786249 1.71462391353405e-15
5829.09166269029 1.74106468225731e-15
5833.6107675181 1.77077573931079e-15
5838.12987234591 1.80050723103413e-15
5842.64897717371 1.82097197055627e-15
5847.16808200152 1.83906311200196e-15
5851.68718682932 1.84039549482799e-15
5856.20629165713 1.84574514316461e-15
5860.72539648494 1.87273987143537e-15
5865.24450131274 1.91515292868676e-15
5869.76360614055 1.95279909626924e-15
5874.28271096835 1.96183820836587e-15
5878.80181579616 1.94224930091119e-15
5883.32092062397 1.89633566824703e-15
5887.84002545177 1.84349140025021e-15
5892.35913027958 1.82842035477795e-15
5896.87823510738 1.86978097359237e-15
5901.39733993519 1.91406872651428e-15
5905.916444763 1.91672015139742e-15
5910.4355495908 1.89471783531778e-15
5914.95465441861 1.86454122778066e-15
5919.47375924641 1.8419434475391e-15
5923.99286407422 1.82963351771665e-15
5928.51196890202 1.83238743358641e-15
5933.03107372983 1.84194662391265e-15
5937.55017855764 1.82233823470019e-15
5942.06928338544 1.78522633314919e-15
5946.58838821325 1.76904800385663e-15
5951.10749304105 1.758810657777e-15
5955.62659786886 1.73803103375672e-15
5960.14570269667 1.71062274164946e-15
5964.66480752447 1.67562948125778e-15
5969.18391235228 1.63075844027258e-15
5973.70301718008 1.58793266621764e-15
5978.22212200789 1.54025445216611e-15
5982.7412268357 1.48479422879081e-15
5987.2603316635 1.43643690607382e-15
5991.77943649131 1.38319336792148e-15
5996.29854131911 1.32830086837908e-15
6000.81764614692 1.27909778326426e-15
6005.33675097473 1.23488287517582e-15
6009.85585580253 1.1994671571017e-15
6014.37496063034 1.17660351439382e-15
6018.89406545814 1.15955845863798e-15
6023.41317028595 1.14390073697063e-15
6027.93227511376 1.12922652643416e-15
6032.45137994156 1.11998677340816e-15
6036.97048476937 1.12266530334561e-15
6041.48958959717 1.12832147173002e-15
6046.00869442498 1.12647493990501e-15
6050.52779925278 1.13101990694174e-15
6055.04690408059 1.1315552317644e-15
6059.5660089084 1.11652124398358e-15
6064.0851137362 1.10726592672717e-15
6068.60421856401 1.10475595634622e-15
6073.12332339181 1.10510112227223e-15
6077.64242821962 1.10469634640256e-15
6082.16153304743 1.10531457457494e-15
6086.68063787523 1.100429629689e-15
6091.19974270304 1.09978874338529e-15
6095.71884753084 1.10676935366185e-15
6100.23795235865 1.10104976368551e-15
6104.75705718646 1.09145764495345e-15
6109.27616201426 1.10079575968045e-15
6113.79526684207 1.11041731280743e-15
6118.31437166987 1.11001221930041e-15
6122.83347649768 1.11986871819113e-15
6127.35258132549 1.11630090953818e-15
6131.87168615329 1.10774015929852e-15
6136.3907909811 1.11762418676003e-15
6140.9098958089 1.10471053420443e-15
6145.42900063671 1.08787395443273e-15
6149.94810546451 1.0931157119477e-15
6154.46721029232 1.08008908637276e-15
6158.98631512013 1.03815841438483e-15
6163.50541994793 9.94316200793181e-16
6168.02452477574 9.46610352291753e-16
6172.54362960355 9.05717189785091e-16
6177.06273443135 8.83298027616283e-16
6181.58183925916 8.64872572854219e-16
6186.10094408696 8.45177256885544e-16
6190.62004891477 8.18132341912661e-16
6195.13915374258 7.84015337104916e-16
6199.65825857038 7.68752756307459e-16
6204.17736339819 7.74121198187597e-16
6208.69646822599 7.84195278666648e-16
6213.2155730538 7.93217344225209e-16
6217.7346778816 7.95542767302777e-16
6222.25378270941 8.08049261708546e-16
6226.77288753722 8.38174941389711e-16
6231.29199236502 8.69676202577217e-16
6235.81109719283 9.04021853341162e-16
6240.33020202063 9.57205781549838e-16
6244.84930684844 1.0144431859276e-15
6249.36841167625 1.04800189014399e-15
6253.88751650405 1.06729126557269e-15
6258.40662133186 1.0801261440642e-15
6262.92572615966 1.08637354144579e-15
6267.44483098747 1.09280993305374e-15
6271.96393581528 1.07706666105872e-15
6276.48304064308 1.04482244609735e-15
6281.00214547089 1.03724203061502e-15
6285.52125029869 1.04066711421636e-15
6290.0403551265 1.03396930706506e-15
6294.55945995431 1.04155109897594e-15
6299.07856478211 1.05672558834688e-15
6303.59766960992 1.05313660387024e-15
6308.11677443772 1.0516494257731e-15
6312.63587926553 1.05819053182915e-15
6317.15498409333 1.06641786872495e-15
6321.67408892114 1.08296328092103e-15
6326.19319374895 1.09951218712801e-15
6330.71229857675 1.12827901420354e-15
6335.23140340456 1.1581297258142e-15
6339.75050823236 1.17286873437114e-15
6344.26961306017 1.18952299030093e-15
6348.78871788798 1.21781219667333e-15
6353.30782271578 1.24293614680096e-15
6357.82692754359 1.25528641656752e-15
6362.34603237139 1.27233136644424e-15
6366.8651371992 1.29022832558677e-15
6371.38424202701 1.31308180389929e-15
6375.90334685481 1.35498971187676e-15
6380.42245168262 1.39689126710713e-15
6384.94155651042 1.42570626918153e-15
6389.46066133823 1.45847903270199e-15
6393.97976616604 1.50924129371446e-15
6398.49887099384 1.56429377660478e-15
6403.01797582165 1.59102465411247e-15
6407.53708064945 1.60697417863015e-15
6412.05618547726 1.65207794191761e-15
6416.57529030507 1.71164691036181e-15
6421.09439513287 1.77451570741027e-15
6425.61349996068 1.82347685873953e-15
6430.13260478848 1.84726260268962e-15
6434.65170961629 1.88973135235729e-15
6439.17081444409 1.95044455643411e-15
6443.6899192719 2.00466588824494e-15
6448.20902409971 2.06293540226893e-15
6452.72812892751 2.09164029006019e-15
6457.24723375532 2.09587524303823e-15
6461.76633858312 2.13045324552752e-15
6466.28544341093 2.17288853739377e-15
6470.80454823874 2.19077257928386e-15
6475.32365306654 2.19433668216767e-15
6479.84275789435 2.22066966594839e-15
6484.36186272215 2.27361706020654e-15
6488.88096754996 2.30197911141241e-15
6493.40007237777 2.31511765121551e-15
6497.91917720557 2.3468989626712e-15
6502.43828203338 2.35990600060923e-15
6506.95738686118 2.34148176345703e-15
6511.47649168899 2.32431346440737e-15
6515.9955965168 2.32909962407583e-15
6520.5147013446 2.34717721299437e-15
6525.03380617241 2.35591245202117e-15
6529.55291100021 2.36786832207166e-15
6534.07201582802 2.41462602306776e-15
6538.59112065582 2.4573810698716e-15
6543.11022548363 2.42963523513487e-15
6547.62933031144 2.39231983391829e-15
6552.14843513924 2.40083547965351e-15
6556.66753996705 2.41486721569949e-15
6561.18664479486 2.43720770968332e-15
6565.70574962266 2.46443071333336e-15
6570.22485445047 2.4484812946948e-15
6574.74395927827 2.40515831229982e-15
6579.26306410608 2.39865775794612e-15
6583.78216893389 2.3963849567904e-15
6588.30127376169 2.39569250735602e-15
6592.8203785895 2.41020196998425e-15
6597.3394834173 2.39615414031227e-15
6601.85858824511 2.36398742886558e-15
6606.37769307291 2.35328919098352e-15
6610.89679790072 2.36088284135566e-15
6615.41590272853 2.35626968816667e-15
6619.93500755633 2.32591689777652e-15
6624.45411238414 2.27273995758966e-15
6628.97321721194 2.23691279326141e-15
6633.49232203975 2.20911698358079e-15
6638.01142686756 2.15621511734355e-15
6642.53053169536 2.13105188606299e-15
6647.04963652317 2.11512046687456e-15
6651.56874135097 2.06433639476369e-15
6656.08784617878 2.03125594652514e-15
6660.60695100659 2.01057542535969e-15
6665.12605583439 1.95421808821413e-15
6669.6451606622 1.897135055591e-15
6674.16426549 1.84777548113918e-15
6678.68337031781 1.77501492745356e-15
6683.20247514562 1.70880680888967e-15
6687.72157997342 1.66907789316901e-15
6692.24068480123 1.6395824060006e-15
6696.75978962903 1.60077368569801e-15
6701.27889445684 1.55030523923911e-15
6705.79799928464 1.48987960284789e-15
6710.31710411245 1.44687394017077e-15
6714.83620894026 1.42384745537878e-15
6719.35531376806 1.38031483232936e-15
6723.87441859587 1.34471604925951e-15
6728.39352342367 1.32935298917869e-15
6732.91262825148 1.30959128700277e-15
6737.43173307929 1.27775756538347e-15
6741.95083790709 1.25778982244313e-15
6746.4699427349 1.26937193920565e-15
6750.9890475627 1.28171447979656e-15
6755.50815239051 1.26203292811328e-15
6760.02725721832 1.22882987185562e-15
6764.54636204612 1.20774245723814e-15
6769.06546687393 1.19555111202831e-15
6773.58457170173 1.19126523119432e-15
6778.10367652954 1.18239224343447e-15
6782.62278135735 1.16338577701015e-15
6787.14188618515 1.15415237673125e-15
6791.66099101296 1.14381793950004e-15
6796.18009584076 1.13611004555914e-15
6800.69920066857 1.14579004395948e-15
6805.21830549638 1.14114989159531e-15
6809.73741032418 1.13132367413245e-15
6814.25651515199 1.1403963499096e-15
6818.77561997979 1.13249776767646e-15
6823.2947248076 1.10163305174881e-15
6827.8138296354 1.08082706382805e-15
6832.33293446321 1.0756031998841e-15
6836.85203929102 1.07432820354024e-15
6841.37114411882 1.08120335821487e-15
6845.89024894663 1.09891820527375e-15
6850.40935377443 1.09512445058211e-15
6854.92845860224 1.0696456995287e-15
6859.44756343005 1.02351374412239e-15
6863.96666825785 9.13936056351418e-16
6868.48577308566 8.03076807731249e-16
6873.00487791346 7.85398965424256e-16
6877.52398274127 8.484617859572e-16
6882.04308756908 8.94060322364978e-16
6886.56219239688 8.89359607145071e-16
6891.08129722469 8.81008603438973e-16
6895.60040205249 8.98498563250353e-16
6900.1195068803 9.26228939635801e-16
6904.63861170811 9.20217546809138e-16
6909.15771653591 9.13971208218729e-16
6913.67682136372 9.27584827626119e-16
6918.19592619152 9.41046616377713e-16
6922.71503101933 9.49913145511334e-16
6927.23413584713 9.4966284727542e-16
6931.75324067494 9.43226349788353e-16
6936.27234550275 9.46534331084737e-16
6940.79145033055 9.47941041051889e-16
6945.31055515836 9.43330111324392e-16
6949.82965998617 9.44620777777771e-16
6954.34876481397 9.44546556515768e-16
6958.86786964178 9.58847966676328e-16
6963.38697446958 9.94138217995139e-16
6967.90607929739 1.01878687676024e-15
6972.4251841252 1.01934623614278e-15
6976.944288953 1.00586634206194e-15
6981.46339378081 9.97126126716578e-16
6985.98249860861 9.93611998776657e-16
6990.50160343642 9.89659107770058e-16
6995.02070826422 9.90266748030595e-16
6999.53981309203 9.9203080002237e-16
7004.05891791984 9.81959895916872e-16
7008.57802274764 9.56581730025949e-16
7013.09712757545 9.34056688738734e-16
7017.61623240325 9.22381504231135e-16
7022.13533723106 9.25928137060408e-16
7026.65444205887 9.43736157743482e-16
7031.17354688667 9.52608298470379e-16
7035.69265171448 9.43574903846149e-16
7040.21175654228 9.29786372135151e-16
7044.73086137009 9.21931200340551e-16
7049.2499661979 9.11618256570375e-16
7053.7690710257 8.89843368837072e-16
7058.28817585351 8.77097693502822e-16
7062.80728068131 8.76474171374525e-16
7067.32638550912 8.60455719550762e-16
7071.84549033693 8.45998031811433e-16
7076.36459516473 8.38446997784457e-16
7080.88369999254 8.32351960454252e-16
7085.40280482034 8.31580789895336e-16
7089.92190964815 8.34477113179354e-16
7094.44101447595 8.39811514922925e-16
7098.96011930376 8.31012377848169e-16
7103.47922413157 8.12731977478323e-16
7107.99832895937 8.13560111002942e-16
7112.51743378718 8.28487054995049e-16
7117.03653861498 8.42943842761871e-16
7121.55564344279 8.44673907556638e-16
7126.0747482706 8.23593957416998e-16
7130.5938530984 8.14380780049713e-16
7135.11295792621 8.29849295732471e-16
7139.63206275401 8.32881673683641e-16
7144.15116758182 8.15817983202966e-16
7148.67027240963 8.02567846809067e-16
7153.18937723743 7.9994463871098e-16
7157.70848206524 7.87972304457573e-16
7162.22758689304 7.64125574135286e-16
7166.74669172085 7.28002848248002e-16
7171.26579654866 7.03408399591526e-16
7175.78490137646 6.89411815412859e-16
7180.30400620427 6.86239041750681e-16
7184.82311103207 6.8401616259929e-16
7189.34221585988 6.90147887044023e-16
7193.86132068769 7.05272507350196e-16
7198.38042551549 7.20770457427871e-16
7202.8995303433 7.67380086476874e-16
7207.4186351711 8.38895078213555e-16
7211.93773999891 9.02359762940412e-16
7216.45684482671 9.31332842538601e-16
7220.97594965452 9.33959491708036e-16
7225.49505448233 9.19096816340802e-16
7230.01415931013 8.89363312914216e-16
7234.53326413794 8.75585157356822e-16
7239.05236896574 8.80167764420145e-16
7243.57147379355 8.84865409145618e-16
7248.09057862136 8.92663141518482e-16
7252.60968344916 9.00022269643345e-16
7257.12878827697 9.13712227895106e-16
7261.64789310477 9.42385034313493e-16
7266.16699793258 9.34706257130159e-16
7270.68610276039 8.85517995091918e-16
7275.20520758819 8.94725031470335e-16
7279.724312416 9.34605036692962e-16
7284.2434172438 9.20887761628653e-16
7288.76252207161 9.0092774786396e-16
7293.28162689942 9.03321780610256e-16
7297.80073172722 9.00887937315439e-16
7302.31983655503 8.98302792760419e-16
7306.83894138283 8.90740588486451e-16
7311.35804621064 8.9348529287291e-16
7315.87715103844 9.17011209466425e-16
7320.39625586625 9.55482387139531e-16
7324.91536069406 9.70967208206524e-16
7329.43446552186 9.79275119111431e-16
7333.95357034967 1.00163085968831e-15
7338.47267517748 9.93522954438077e-16
7342.99178000528 9.79686141849086e-16
7347.51088483309 9.8284388067645e-16
7352.02998966089 9.98963341179173e-16
7356.5490944887 9.90517152145627e-16
7361.06819931651 9.88565482356034e-16
7365.58730414431 1.0175775254698e-15
7370.10640897212 1.04023978609447e-15
7374.62551379992 1.05829831677169e-15
7379.14461862773 1.07291757604571e-15
7383.66372345553 1.08340426744919e-15
7388.18282828334 1.10898550948922e-15
7392.70193311115 1.12852655958237e-15
7397.22103793895 1.13226684531921e-15
7401.74014276676 1.14872363669318e-15
7406.25924759456 1.17199110235866e-15
7410.77835242237 1.1946899971583e-15
7415.29745725018 1.22609543774365e-15
7419.81656207798 1.25011252756745e-15
7424.33566690579 1.26310643649481e-15
7428.85477173359 1.26870193614437e-15
7433.3738765614 1.27473291660794e-15
7437.89298138921 1.30959742799164e-15
7442.41208621701 1.35191117062996e-15
7446.93119104482 1.35849981641018e-15
7451.45029587262 1.36013427236103e-15
7455.96940070043 1.36265059548908e-15
7460.48850552824 1.36018562373345e-15
7465.00761035604 1.3599788418152e-15
7469.52671518385 1.36763506674632e-15
7474.04582001165 1.36430199209887e-15
7478.56492483946 1.34817226132166e-15
7483.08402966726 1.33231008707667e-15
7487.60313449507 1.33057864585336e-15
7492.12223932288 1.31704761215833e-15
7496.64134415068 1.30002542629207e-15
7501.16044897849 1.27676685447253e-15
7505.67955380629 1.24483953571256e-15
7510.1986586341 1.21018064157681e-15
7514.71776346191 1.17629657082956e-15
7519.23686828971 1.13445875482847e-15
7523.75597311752 1.08685804429162e-15
7528.27507794532 1.04852609765922e-15
7532.79418277313 1.01990728959122e-15
7537.31328760094 9.99945052365041e-16
7541.83239242874 9.88667761584415e-16
7546.35149725655 9.77008564823697e-16
7550.87060208435 9.57730941977136e-16
7555.38970691216 9.45112374524533e-16
7559.90881173997 9.38281053804928e-16
7564.42791656777 9.2127538508114e-16
7568.94702139558 9.24285951933918e-16
7573.46612622338 9.38804308408094e-16
7577.98523105119 9.40952807478804e-16
7582.504335879 9.37690671840691e-16
7587.0234407068 8.52061623043472e-16
7591.54254553461 6.26795010666203e-16
7596.06165036241 3.68627018109397e-16
7600.58075519022 2.17225675669424e-16
7605.09986001802 2.02599044561788e-16
7609.61896484583 3.38877050479899e-16
7614.13806967364 5.52081781339368e-16
7618.65717450144 6.32512906576643e-16
7623.17627932925 5.63935425101041e-16
7627.69538415705 5.10545456127944e-16
7632.21448898486 5.26048964859336e-16
7636.73359381267 5.82513822249643e-16
7641.25269864047 6.62477279420916e-16
7645.77180346828 7.43261670336755e-16
7650.29090829608 8.37694726648177e-16
7654.81001312389 9.25135102463541e-16
7659.3291179517 1.00304254597403e-15
7663.8482227795 1.0820772844582e-15
7668.36732760731 1.15474159402518e-15
7672.88643243511 1.21286255964605e-15
7677.40553726292 1.24909651154722e-15
7681.92464209073 1.28636087902873e-15
7686.44374691853 1.31028617165687e-15
7690.96285174634 1.31901505793657e-15
7695.48195657414 1.31576626306737e-15
7700.00106140195 1.33086780172573e-15
7704.52016622975 1.35859436646292e-15
7709.03927105756 1.37524714008506e-15
7713.55837588537 1.3689084749034e-15
7718.07748071317 1.37647353791356e-15
7722.59658554098 1.39155188904499e-15
7727.11569036879 1.38476662574189e-15
7731.63479519659 1.38926722942801e-15
7736.1539000244 1.39675785941793e-15
7740.6730048522 1.39104250460633e-15
7745.19210968001 1.38583176967306e-15
7749.71121450782 1.40719679933901e-15
7754.23031933562 1.42513621600803e-15
7758.74942416343 1.41563621210898e-15
7763.26852899123 1.40526249372484e-15
7767.78763381904 1.40677423577745e-15
7772.30673864684 1.40162607540316e-15
7776.82584347465 1.39802618537733e-15
7781.34494830246 1.40161929913958e-15
7785.86405313026 1.39694018325983e-15
7790.38315795807 1.40444817742517e-15
7794.90226278587 1.40417903270618e-15
7799.42136761368 1.37972381509041e-15
7803.94047244149 1.36901096589001e-15
7808.45957726929 1.36843815985943e-15
7812.9786820971 1.37072800755322e-15
7817.4977869249 1.35449483287732e-15
7822.01689175271 1.34200702613595e-15
7826.53599658051 1.34159822685979e-15
7831.05510140832 1.33084789645147e-15
7835.57420623613 1.30663185976418e-15
7840.09331106393 1.28290869037307e-15
7844.61241589174 1.27283471577314e-15
7849.13152071955 1.27512075181866e-15
7853.65062554735 1.26869166586989e-15
7858.16973037516 1.24725421488694e-15
7862.68883520296 1.22288560639003e-15
7867.20794003077 1.21341471924854e-15
7871.72704485858 1.2125775330593e-15
7876.24614968638 1.19768754087952e-15
7880.76525451419 1.17195118593102e-15
7885.28435934199 1.1437274128538e-15
7889.8034641698 1.11846804333373e-15
7894.3225689976 1.09828208353036e-15
7898.84167382541 1.09418022060416e-15
7903.36077865322 1.093092736179e-15
7907.87988348102 1.08699071082698e-15
7912.39898830883 1.08366568299254e-15
7916.91809313663 1.0740104603059e-15
7921.43719796444 1.04252137521701e-15
7925.95630279225 1.02518631655586e-15
7930.47540762005 1.03207830601032e-15
7934.99451244786 1.03247249396815e-15
7939.51361727566 9.99602109900521e-16
7944.03272210347 9.69326611266811e-16
7948.55182693128 9.53630455479478e-16
7953.07093175908 9.24637682365266e-16
7957.59003658689 8.98207925070327e-16
7962.10914141469 8.97035102075735e-16
7966.6282462425 9.01048238300707e-16
7971.14735107031 8.91451778524789e-16
7975.66645589811 8.87052448215428e-16
7980.18556072592 8.87187814668311e-16
7984.70466555372 8.67795418857398e-16
7989.22377038153 8.45049037273153e-16
7993.74287520933 8.44693230495747e-16
7998.26198003714 8.3438298664309e-16
8002.78108486495 8.19533228528301e-16
8007.30018969275 8.03511653270546e-16
8011.81929452056 8.03615573625262e-16
8016.33839934836 8.02207434290011e-16
8020.85750417617 7.83916393068765e-16
8025.37660900398 7.7878893206212e-16
8029.89571383178 7.75240340469157e-16
8034.41481865959 7.69200942615675e-16
8038.9339234874 7.61066885223192e-16
8043.4530283152 7.54119203352457e-16
8047.97213314301 7.52037514005461e-16
8052.49123797081 7.48935202896583e-16
8057.01034279862 7.41571733727864e-16
8061.52944762642 7.41425355846667e-16
8066.04855245423 7.48018236791621e-16
8070.56765728204 7.42581820517465e-16
8075.08676210984 7.22655105735512e-16
8079.60586693765 7.11004273425147e-16
8084.12497176545 7.11738280413502e-16
8088.64407659326 7.07901274101999e-16
8093.16318142107 7.07576860483201e-16
8097.68228624887 7.11800960851599e-16
8102.20139107668 7.02275493024573e-16
8106.72049590448 6.84002821830371e-16
8111.23960073229 6.6278004076e-16
8115.75870556009 6.55356273433349e-16
8120.2778103879 6.59096400351509e-16
8124.79691521571 6.39011343347978e-16
8129.31602004351 6.11921588568451e-16
8133.83512487132 6.0122414477978e-16
8138.35422969913 5.96516282719381e-16
8142.87333452693 5.79942706677812e-16
8147.39243935474 5.63343243191792e-16
8151.91154418254 5.63447745881659e-16
8156.43064901035 5.61893122786092e-16
8160.94975383815 5.40655465699585e-16
8165.46885866596 5.35053825061156e-16
8169.98796349377 5.57669340055049e-16
8174.50706832157 5.50718164173407e-16
8179.02617314938 5.48396870381457e-16
8183.54527797718 5.59520583500833e-16
8188.06438280499 5.55976280012166e-16
8192.5834876328 5.35261136374996e-16
8197.1025924606 5.20720968802429e-16
8201.62169728841 5.18654420169365e-16
8206.14080211621 4.94715998530538e-16
8210.65990694402 4.6510356787585e-16
8215.17901177182 4.24224381412818e-16
8219.69811659963 3.51356969226948e-16
8224.21722142744 2.72315428009423e-16
8228.73632625524 2.34223562278009e-16
8233.25543108305 2.36845446887116e-16
8237.77453591086 2.41335250903156e-16
8242.29364073866 2.30649797924645e-16
8246.81274556647 2.1480158648839e-16
8251.33185039427 1.93918465629868e-16
8255.85095522208 1.77372193165958e-16
8260.37006004989 1.64810628383728e-16
8264.88916487769 1.61173363029099e-16
8269.4082697055 1.51846895005119e-16
8273.9273745333 1.41623710257572e-16
8278.44647936111 1.39533246178638e-16
8282.96558418891 1.49859702771301e-16
8287.48468901672 1.46693705372701e-16
8292.00379384453 1.53363679550745e-16
8296.52289867233 1.61413483634756e-16
8301.04200350014 1.57810483409822e-16
8305.56110832794 1.67913442418418e-16
8310.08021315575 1.81199564477686e-16
8314.59931798356 1.80905233763405e-16
8319.11842281136 1.87226137722951e-16
8323.63752763917 2.02794087132783e-16
8328.15663246697 2.20148164330578e-16
8332.67573729478 2.2919475413994e-16
8337.19484212259 2.41824200671959e-16
8341.71394695039 2.5572941117144e-16
8346.2330517782 2.60904332492911e-16
8350.752156606 2.6004575872175e-16
8355.27126143381 2.55741163753583e-16
8359.79036626162 2.59263894371875e-16
8364.30947108942 2.67403933934548e-16
8368.82857591723 2.66977955771418e-16
8373.34768074503 2.68934390121339e-16
8377.86678557284 2.71919890092835e-16
8382.38589040064 2.72199622723665e-16
8386.90499522845 2.85528030255847e-16
8391.42410005626 2.80065355960326e-16
8395.94320488406 2.68446049157467e-16
8400.46230971187 2.61988693484074e-16
8404.98141453967 2.65246726306349e-16
8409.50051936748 2.67882798717323e-16
8414.01962419529 2.69779331956005e-16
8418.53872902309 2.79003626630722e-16
8423.0578338509 2.88923150066679e-16
8427.5769386787 2.93491436979238e-16
8432.09604350651 2.9732714627154e-16
8436.61514833432 3.16365455840721e-16
8441.13425316212 3.38696553052795e-16
8445.65335798993 3.63895227368239e-16
8450.17246281773 3.86946461404156e-16
8454.69156764554 4.0141910456896e-16
8459.21067247335 4.14644068202457e-16
8463.72977730115 4.01977881616351e-16
8468.24888212896 4.14450627053128e-16
8472.76798695676 4.69925038230299e-16
8477.28709178457 4.85389901083472e-16
8481.80619661238 4.93896705912306e-16
8486.32530144018 4.99125281477029e-16
8490.84440626799 5.00877051491069e-16
8495.36351109579 5.19107265158791e-16
8499.8826159236 5.4950844230605e-16
8504.4017207514 5.69589899419555e-16
8508.92082557921 5.79434645728137e-16
8513.43993040702 5.99755919044833e-16
8517.95903523482 6.48140558574367e-16
8522.47814006263 6.89214456736149e-16
8526.99724489044 7.39838704317782e-16
8531.51634971824 7.95234976705569e-16
8536.03545454605 8.56623901316061e-16
8540.55455937385 9.11401733773233e-16
8545.07366420166 9.60222701149721e-16
8549.59276902946 1.00666551764767e-15
8554.11187385727 1.02542941501173e-15
8558.63097868508 1.06264052529667e-15
8563.15008351288 1.09608890347168e-15
8567.66918834069 1.11871812981141e-15
8572.18829316849 1.15357925306332e-15
8576.7073979963 1.20539257608422e-15
8581.22650282411 1.23926828238111e-15
8585.74560765191 1.25988824069083e-15
8590.26471247972 1.2720544925496e-15
8594.78381730752 1.27263915704145e-15
8599.30292213533 1.28802974569306e-15
8603.82202696313 1.29344408617102e-15
8608.34113179094 1.29503608459539e-15
8612.86023661875 1.30224867602038e-15
8617.37934144655 1.30013204656431e-15
8621.89844627436 1.29411239516641e-15
8626.41755110217 1.30355215384708e-15
8630.93665592997 1.3147436825418e-15
8635.45576075778 1.33924792218939e-15
8639.97486558558 1.35319611961095e-15
8644.49397041339 1.33194480411817e-15
8649.0130752412 1.31195281485971e-15
8653.532180069 1.29959238069779e-15
8658.05128489681 1.29597470298006e-15
8662.57038972461 1.31463981512664e-15
8667.08949455242 1.33210542274079e-15
8671.60859938022 1.33974047184822e-15
8676.12770420803 1.35385055844182e-15
8680.64680903584 1.35430128584888e-15
8685.16591386364 1.36183426748616e-15
8689.68501869145 1.35585135614235e-15
8694.20412351925 1.34168769471484e-15
8698.72322834706 1.35266735929362e-15
8703.24233317487 1.35323963592861e-15
8707.76143800267 1.34541982775956e-15
8712.28054283048 1.36081973377359e-15
8716.79964765828 1.39225704397358e-15
8721.31875248609 1.40355953398439e-15
8725.8378573139 1.42827669653909e-15
8730.3569621417 1.43847253800431e-15
8734.87606696951 1.44471961774855e-15
8739.39517179731 1.48241438384638e-15
8743.91427662512 1.46701183085439e-15
8748.43338145293 1.47245348814491e-15
8752.95248628073 1.48114775195288e-15
8757.47159110854 1.49411032066119e-15
8761.99069593634 1.50066635567293e-15
8766.50980076415 1.52391899826184e-15
8771.02890559195 1.51068897890044e-15
8775.54801041976 1.50354160901239e-15
8780.06711524757 1.54105743940011e-15
8784.58622007537 1.55250233682517e-15
8789.10532490318 1.54082217599901e-15
8793.62442973098 1.53635185374076e-15
8798.14353455879 1.53136939418677e-15
8802.6626393866 1.53311311738781e-15
8807.1817442144 1.51925809359046e-15
8811.70084904221 1.47902402859588e-15
8816.21995387001 1.47409323805167e-15
8820.73905869782 1.51913612084605e-15
8825.25816352563 1.55996924989258e-15
8829.77726835343 1.5806473358383e-15
8834.29637318124 1.55434241002397e-15
8838.81547800904 1.51667326667279e-15
8843.33458283685 1.50916813124364e-15
8847.85368766466 1.50172726443937e-15
8852.37279249246 1.47763531807885e-15
8856.89189732027 1.46081589072434e-15
8861.41100214807 1.47174716854601e-15
8865.93010697588 1.46228506937135e-15
8870.44921180369 1.46428809053337e-15
8874.96831663149 1.45551261744158e-15
8879.4874214593 1.43092854493871e-15
8884.0065262871 1.42850581895133e-15
8888.52563111491 1.47201948963856e-15
8893.04473594271 1.46677900267301e-15
8897.56384077052 1.43752724923518e-15
8902.08294559833 1.41827916666265e-15
8906.60205042613 1.40817395772279e-15
8911.12115525394 1.40107910387747e-15
8915.64026008175 1.41089727452733e-15
8920.15936490955 1.35409545684269e-15
8924.67846973736 1.27744797484124e-15
8929.19757456516 1.24263502658821e-15
8933.71667939297 1.22742760881144e-15
8938.23578422077 1.2127023645399e-15
8942.75488904858 1.17058714524859e-15
8947.27399387639 1.13611608066889e-15
8951.79309870419 1.10143103439089e-15
8956.312203532 1.06844534796332e-15
8960.8313083598 1.02160940229873e-15
8965.35041318761 9.87700873475124e-16
8969.86951801542 9.67793269874043e-16
8974.38862284322 9.86400889659326e-16
8978.90772767103 1.00279256537547e-15
8983.42683249883 9.19004066233077e-16
8987.94593732664 7.94141404231104e-16
8992.46504215444 8.38654944373008e-16
8996.98414698225 9.15457645162042e-16
9001.50325181006 8.54255385437301e-16
9006.02235663786 8.18460884817077e-16
9010.54146146567 8.44146470728294e-16
9015.06056629348 8.36175096601243e-16
9019.57967112128 8.26932537778601e-16
9024.09877594909 8.20427377683247e-16
9028.61788077689 8.72293322625996e-16
9033.1369856047 9.52474149627357e-16
9037.65609043251 9.62351189067053e-16
9042.17519526031 9.40074116675146e-16
9046.69430008812 9.47057691567021e-16
9051.21340491592 9.59993790495726e-16
9055.73250974373 9.62994404711374e-16
9060.25161457153 9.26389134741951e-16
9064.77071939934 8.54233150822436e-16
9069.28982422715 8.16485498104962e-16
9073.80892905495 7.91834721757494e-16
9078.32803388276 7.78022579003092e-16
9082.84713871056 7.80526249576498e-16
9087.36624353837 7.86871214565702e-16
9091.88534836618 7.98160734384503e-16
9096.40445319398 7.91952088760248e-16
9100.92355802179 7.72994167911716e-16
9105.44266284959 7.88876247430971e-16
9109.9617676774 8.25007073070814e-16
9114.48087250521 8.29412279671247e-16
9118.99997733301 8.23002887238492e-16
9123.51908216082 8.15786590044359e-16
9128.03818698862 7.43867775350075e-16
9132.55729181643 6.69066401657166e-16
9137.07639664424 7.41670307187101e-16
9141.59550147204 8.69288208547815e-16
9146.11460629985 8.9303340079555e-16
9150.63371112765 7.92386987239104e-16
9155.15281595546 7.3517827610243e-16
9159.67192078326 8.22982452568639e-16
9164.19102561107 8.75528035572441e-16
9168.71013043888 7.71830132883952e-16
9173.22923526668 6.71922914392663e-16
9177.74834009449 6.90336987149498e-16
9182.26744492229 7.71292690478919e-16
9186.7865497501 8.17926777604274e-16
9191.30565457791 8.11100803780148e-16
9195.82475940571 8.29328264590791e-16
9200.34386423352 9.29981083833901e-16
9204.86296906132 9.3722755657678e-16
9209.38207388913 9.07385103537353e-16
9213.90117871694 8.91131494191609e-16
9218.42028354474 9.15124020059942e-16
9222.93938837255 9.19842840609096e-16
9227.45849320035 9.21133083546001e-16
9231.97759802816 9.32992391840509e-16
9236.49670285597 9.03736403237937e-16
9241.01580768377 8.70726152854898e-16
9245.53491251158 8.49005792867574e-16
9250.05401733938 8.42118567973449e-16
9254.57312216719 8.05623147589373e-16
9259.092226995 7.83686847140059e-16
9263.6113318228 8.24341569872068e-16
9268.13043665061 8.29542881563802e-16
9272.64954147841 7.38421565257466e-16
9277.16864630622 6.52809457119192e-16
9281.68775113402 6.158790853167e-16
9286.20685596183 6.08035401406448e-16
9290.72596078964 6.22368416483852e-16
9295.24506561744 5.9698088029095e-16
9299.76417044525 5.9504233951204e-16
9304.28327527305 6.01208315851578e-16
9308.80238010086 5.15303875467382e-16
9313.32148492867 3.55563414252352e-16
9317.84058975647 2.67044686085794e-16
9322.35969458428 2.2667739869048e-16
9326.87879941208 1.80926330177747e-16
9331.39790423989 1.36035807434756e-16
9335.9170090677 1.14986496065005e-16
9340.4361138955 1.05959474040213e-16
9344.95521872331 1.96031998121725e-16
9349.47432355111 2.79093994458283e-16
9353.99342837892 2.25501028745421e-16
9358.51253320673 2.16696597714745e-16
9363.03163803453 2.2782171373244e-16
9367.55074286234 1.77585169012633e-16
9372.06984769014 1.59231129715935e-16
9376.58895251795 1.47619618263169e-16
9381.10805734575 1.80154921390815e-16
9385.62716217356 2.69730336393962e-16
9390.14626700137 3.71090189920013e-16
9394.66537182917 4.24580055841326e-16
9399.18447665698 3.84189210342166e-16
9403.70358148479 3.21291720052614e-16
9408.22268631259 3.25862945110708e-16
9412.7417911404 3.84335561753584e-16
9417.2608959682 4.33458655194446e-16
9421.78000079601 4.28131453230926e-16
9426.29910562382 3.77509296761882e-16
9430.81821045162 3.94035253669948e-16
9435.33731527943 3.93509007981686e-16
9439.85642010723 3.13662256068678e-16
9444.37552493504 3.19994489093894e-16
9448.89462976284 3.60491319590579e-16
9453.41373459065 2.81667174672923e-16
9457.93283941846 1.93253094780021e-16
9462.45194424626 2.05173058574485e-16
9466.97104907407 2.08837852499899e-16
9471.49015390187 2.14989733681799e-16
9476.00925872968 2.57462705279319e-16
9480.52836355749 2.48273800699928e-16
9485.04746838529 3.28492691244357e-16
9489.5665732131 4.32587720036211e-16
9494.0856780409 3.87886800324506e-16
9498.60478286871 3.87334005447305e-16
9503.12388769652 5.06539043226991e-16
9507.64299252432 6.70063518254762e-16
9512.16209735213 6.82832645813739e-16
9516.68120217993 5.40219349610868e-16
9521.20030700774 4.51576292889521e-16
9525.71941183555 4.44665774589347e-16
9530.23851666335 4.63193243881995e-16
9534.75762149116 4.8404761855987e-16
9539.27672631896 4.46560693171473e-16
9543.79583114677 3.83112816754663e-16
9548.31493597457 3.58432976589192e-16
9552.83404080238 3.37488234083757e-16
9557.35314563019 3.55360470452145e-16
9561.87225045799 4.09388466992761e-16
9566.3913552858 4.8141662834658e-16
9570.9104601136 6.61991135448751e-16
9575.42956494141 7.71016134221641e-16
9579.94866976922 6.72661527122668e-16
9584.46777459702 5.77362114924883e-16
9588.98687942483 4.69018289460263e-16
9593.50598425263 4.19317519549374e-16
9598.02508908044 4.65353707293086e-16
9602.54419390825 5.18616303686739e-16
9607.06329873605 5.88538079389193e-16
9611.58240356386 6.51318202675991e-16
9616.10150839166 6.00588287734188e-16
9620.62061321947 4.84101828668494e-16
9625.13971804728 4.54242223211885e-16
9629.65882287508 4.92681584209911e-16
9634.17792770289 4.68415149062259e-16
9638.69703253069 4.31119388422146e-16
9643.2161373585 4.54192301207557e-16
9647.73524218631 5.27953571380796e-16
9652.25434701411 6.13561232596098e-16
9656.77345184192 6.34673899383326e-16
9661.29255666972 6.20788011822953e-16
9665.81166149753 6.56710679116008e-16
9670.33076632533 7.37055989327815e-16
9674.84987115314 7.89399819671493e-16
9679.36897598095 7.69700533235877e-16
9683.88808080875 6.89875777709718e-16
9688.40718563656 6.36003370533601e-16
9692.92629046436 6.1660149854159e-16
9697.44539529217 5.9549560801794e-16
9701.96450011998 6.06819538550223e-16
9706.48360494778 6.19698886271462e-16
9711.00270977559 5.90405787037889e-16
9715.52181460339 6.14823311687507e-16
9720.0409194312 6.27445002574103e-16
9724.56002425901 6.24327868388647e-16
9729.07912908681 6.54796437594773e-16
9733.59823391462 6.09263334482171e-16
9738.11733874242 5.74004370442849e-16
9742.63644357023 5.90844126588093e-16
9747.15554839804 5.44637473463746e-16
9751.67465322584 5.46612224901151e-16
9756.19375805365 6.04163613804548e-16
9760.71286288145 6.65524851025577e-16
9765.23196770926 7.66584351962488e-16
9769.75107253706 8.21250852526656e-16
9774.27017736487 7.75329755384652e-16
9778.78928219268 7.13896890940021e-16
9783.30838702048 6.74059978518585e-16
9787.82749184829 6.67632957212616e-16
9792.3465966761 6.59311123203638e-16
9796.8657015039 6.60670134627948e-16
9801.38480633171 6.57495719839435e-16
9805.90391115951 6.96027089791356e-16
9810.42301598732 6.96580996399301e-16
9814.94212081513 6.95027432094918e-16
9819.46122564293 7.341847064553e-16
9823.98033047074 7.44448839951891e-16
9828.49943529854 7.94329974940987e-16
9833.01854012635 8.13201445489339e-16
9837.53764495415 7.49167289924131e-16
9842.05674978196 7.64303080477295e-16
9846.57585460977 7.81976528800875e-16
9851.09495943757 8.17263391987897e-16
9855.61406426538 8.92891416897767e-16
9860.13316909318 9.27839784543242e-16
9864.65227392099 9.83737818073158e-16
9869.1713787488 1.02780968347263e-15
9873.6904835766 9.93122731370499e-16
9878.20958840441 1.02390708504727e-15
9882.72869323221 1.08503681757591e-15
9887.24779806002 1.07460401864369e-15
9891.76690288783 1.05687445438736e-15
9896.28600771563 1.04979569416803e-15
9900.80511254344 1.03147320684862e-15
9905.32421737124 1.00743409416819e-15
9909.84332219905 1.00325398657349e-15
9914.36242702686 9.91429830146293e-16
9918.88153185466 9.67505913946687e-16
9923.40063668247 9.47977251710384e-16
9927.91974151027 9.90751356755542e-16
9932.43884633808 1.04916973682001e-15
9936.95795116588 1.07738376901834e-15
9941.47705599369 1.09131650808861e-15
9945.9961608215 1.10655547784266e-15
9950.5152656493 1.16211268649043e-15
9955.03437047711 1.16201813643769e-15
9959.55347530491 1.12415322259658e-15
9964.07258013272 1.18977805309717e-15
9968.59168496053 1.22527222759804e-15
9973.11078978833 1.24626636271221e-15
9977.62989461614 1.22498709513217e-15
9982.14899944394 1.18432898426837e-15
9986.66810427175 1.18656218663381e-15
9991.18720909956 1.15510550055515e-15
9995.70631392736 9.93166882962875e-16
