# OBJECT   = SN2011fe                       / object name
# RA       = 14:03:05.73                    / object right ascension
# DEC      = 54:16:25.18                    / object declination
# EQUINOX  = 2000.0                         / 
# RADECSYS = FK5                            / coordinate system
# EXPTIME  = 500                            / exposure time [s]
# FLXUNITS = erg/s/cm2/A                    / flux units
# FLXERROR = 0.057                          / achromatic abs. flux calibration accuracy [mag]
# MWEBV    = 0.0088                         / MW E(B-V) correction applied
# MWRV     = 3.1                            / R_V value used for MW E(B-V) correction
# UTC      = 2011-10-02T05:09:21            / 
# MJD      = 55836.2                        / 
# TXPL     = 39.5                           / days relative to date of explosion
# TMAX     = 21.7                           / phase, days relative to B-band maximum
# AIRMASS  = 2.75                           / 
# SEEING   = 1.51                           / 
# ISPHOTO  = 0                              / photometric night?
# ORIGIN   = The Nearby Supernova Factory   / 
# OBSERVAT = University of Hawaii 2.2m      / 
# TELESCOP = 2.2m UH                        / 
# INSTRUME = SNIFS                          / 
#
# lbda  flux         variance    
3298.68 3.924167e-14 6.411061e-29
3301.06 2.963751e-14 5.772890e-29
3303.44 3.290302e-14 5.753405e-29
3305.82 3.610714e-14 5.736528e-29
3308.20 3.189391e-14 5.239651e-29
3310.58 2.861717e-14 4.913126e-29
3312.96 3.110381e-14 4.561645e-29
3315.34 2.691600e-14 3.886574e-29
3317.72 2.931375e-14 3.572050e-29
3320.10 3.566208e-14 3.349699e-29
3322.48 2.454267e-14 2.805350e-29
3324.86 2.244588e-14 2.650959e-29
3327.24 2.777369e-14 2.646177e-29
3329.62 3.318680e-14 2.650038e-29
3332.00 2.957398e-14 2.449848e-29
3334.38 2.979030e-14 2.346513e-29
3336.76 2.086453e-14 2.119229e-29
3339.14 3.016544e-14 2.217007e-29
3341.52 3.236103e-14 2.195685e-29
3343.90 2.948353e-14 1.971061e-29
3346.28 2.763037e-14 1.819596e-29
3348.66 3.057047e-14 1.718636e-29
3351.04 2.556197e-14 1.549946e-29
3353.42 2.636448e-14 1.486854e-29
3355.80 2.645845e-14 1.451477e-29
3358.18 1.935170e-14 1.259947e-29
3360.56 2.488875e-14 1.299338e-29
3362.94 2.472178e-14 1.340339e-29
3365.32 2.624382e-14 1.400490e-29
3367.70 2.276625e-14 1.290160e-29
3370.08 2.709592e-14 1.276732e-29
3372.46 2.654316e-14 1.255344e-29
3374.84 2.639501e-14 1.193573e-29
3377.22 2.702007e-14 1.174103e-29
3379.60 2.710077e-14 1.138492e-29
3381.98 2.881412e-14 1.092111e-29
3384.36 2.819751e-14 1.005887e-29
3386.74 2.741179e-14 9.563194e-30
3389.12 2.877748e-14 9.532913e-30
3391.50 3.149038e-14 9.788038e-30
3393.88 2.935120e-14 9.264887e-30
3396.26 2.951004e-14 8.886830e-30
3398.64 3.431021e-14 9.259336e-30
3401.02 3.321953e-14 9.005092e-30
3403.40 3.569010e-14 8.975418e-30
3405.78 3.749162e-14 8.833662e-30
3408.16 3.177158e-14 7.919846e-30
3410.54 3.203868e-14 7.631531e-30
3412.92 3.590953e-14 7.721625e-30
3415.30 3.399275e-14 7.400423e-30
3417.68 3.146824e-14 6.901313e-30
3420.06 3.146532e-14 6.726406e-30
3422.44 3.411287e-14 6.638013e-30
3424.82 3.280273e-14 6.528165e-30
3427.20 3.227365e-14 6.360220e-30
3429.58 3.693118e-14 6.615836e-30
3431.96 3.554757e-14 6.262967e-30
3434.34 3.562261e-14 6.023522e-30
3436.72 3.656868e-14 6.062044e-30
3439.10 4.053029e-14 6.452251e-30
3441.48 3.646915e-14 5.886364e-30
3443.86 3.625766e-14 5.790508e-30
3446.24 3.744062e-14 5.821110e-30
3448.62 4.096889e-14 6.010859e-30
3451.00 3.692218e-14 5.460022e-30
3453.38 3.716929e-14 5.297018e-30
3455.76 3.599775e-14 5.131271e-30
3458.14 3.645307e-14 5.020177e-30
3460.52 3.592198e-14 4.907526e-30
3462.90 3.934644e-14 5.041534e-30
3465.28 3.764327e-14 4.902146e-30
3467.66 3.975189e-14 4.921703e-30
3470.04 3.839740e-14 4.755642e-30
3472.42 3.641764e-14 4.483791e-30
3474.80 3.736545e-14 4.501522e-30
3477.18 3.794292e-14 4.456405e-30
3479.56 3.830611e-14 4.338287e-30
3481.94 4.068629e-14 4.419509e-30
3484.32 3.868625e-14 4.207077e-30
3486.70 3.808173e-14 4.156665e-30
3489.08 4.076632e-14 4.255697e-30
3491.46 4.204430e-14 4.196348e-30
3493.84 4.153237e-14 4.138105e-30
3496.22 4.326149e-14 4.204128e-30
3498.60 4.175273e-14 4.050088e-30
3500.98 4.506774e-14 4.136737e-30
3503.36 4.371552e-14 3.976272e-30
3505.74 4.262726e-14 3.878871e-30
3508.12 4.639258e-14 3.919199e-30
3510.50 5.025885e-14 4.015629e-30
3512.88 5.044817e-14 4.027344e-30
3515.26 5.171345e-14 3.961064e-30
3517.64 5.152603e-14 3.876460e-30
3520.02 5.192040e-14 3.869788e-30
3522.40 5.405828e-14 3.845555e-30
3524.78 5.361718e-14 3.751195e-30
3527.16 5.356462e-14 3.721922e-30
3529.54 5.196760e-14 3.640302e-30
3531.92 5.040776e-14 3.517091e-30
3534.30 5.236106e-14 3.611695e-30
3536.68 5.435048e-14 3.670863e-30
3539.06 5.750952e-14 3.788941e-30
3541.44 5.661211e-14 3.705135e-30
3543.82 5.777224e-14 3.688330e-30
3546.20 5.745748e-14 3.698245e-30
3548.58 5.527746e-14 3.579650e-30
3550.96 5.601612e-14 3.550200e-30
3553.34 5.870495e-14 3.553262e-30
3555.72 5.867163e-14 3.484332e-30
3558.10 5.953391e-14 3.460294e-30
3560.48 6.081616e-14 3.476047e-30
3562.86 5.858374e-14 3.318234e-30
3565.24 5.982818e-14 3.302558e-30
3567.62 6.162761e-14 3.295771e-30
3570.00 5.804741e-14 3.093077e-30
3572.38 5.904788e-14 3.099161e-30
3574.76 6.155189e-14 3.151824e-30
3577.14 6.219700e-14 3.149147e-30
3579.52 6.188448e-14 3.117849e-30
3581.90 6.348866e-14 3.115211e-30
3584.28 6.060653e-14 2.994081e-30
3586.66 5.982298e-14 2.919168e-30
3589.04 6.249432e-14 2.986307e-30
3591.42 6.672726e-14 3.084386e-30
3593.80 6.496752e-14 3.032117e-30
3596.18 6.477699e-14 3.002944e-30
3598.56 6.349535e-14 2.954907e-30
3600.94 6.241726e-14 2.889222e-30
3603.32 6.006949e-14 2.807979e-30
3605.70 6.108293e-14 2.806530e-30
3608.08 5.836211e-14 2.684255e-30
3610.46 6.018682e-14 2.724283e-30
3612.84 5.899778e-14 2.654110e-30
3615.22 5.679599e-14 2.580333e-30
3617.60 5.952975e-14 2.624162e-30
3619.98 5.918633e-14 2.595621e-30
3622.36 5.941021e-14 2.555487e-30
3624.74 5.951225e-14 2.504928e-30
3627.12 5.991756e-14 2.488974e-30
3629.50 5.938204e-14 2.436280e-30
3631.88 6.035730e-14 2.409124e-30
3634.26 6.266998e-14 2.430328e-30
3636.64 6.366942e-14 2.430261e-30
3639.02 6.214280e-14 2.369360e-30
3641.40 6.325051e-14 2.376177e-30
3643.78 6.935079e-14 2.470174e-30
3646.16 7.092578e-14 2.467974e-30
3648.54 7.351747e-14 2.497324e-30
3650.92 7.249616e-14 2.451785e-30
3653.30 7.581749e-14 2.498991e-30
3655.68 7.624309e-14 2.500193e-30
3658.06 8.074782e-14 2.578002e-30
3660.44 8.536991e-14 2.648904e-30
3662.82 8.774330e-14 2.677237e-30
3665.20 8.950802e-14 2.705783e-30
3667.58 9.329419e-14 2.747227e-30
3669.96 9.620846e-14 2.771584e-30
3672.34 9.903730e-14 2.811660e-30
3674.72 1.001781e-13 2.815218e-30
3677.10 1.019616e-13 2.804752e-30
3679.48 1.073919e-13 2.880024e-30
3681.86 1.094870e-13 2.906957e-30
3684.24 1.094739e-13 2.888126e-30
3686.62 1.086901e-13 2.824476e-30
3689.00 1.102598e-13 2.814777e-30
3691.38 1.125473e-13 2.829185e-30
3693.76 1.120361e-13 2.789808e-30
3696.14 1.116826e-13 2.756733e-30
3698.52 1.110350e-13 2.711854e-30
3700.90 1.097247e-13 2.644928e-30
3703.28 1.070509e-13 2.559449e-30
3705.66 1.065840e-13 2.515392e-30
3708.04 1.032499e-13 2.430791e-30
3710.42 1.000068e-13 2.354669e-30
3712.80 1.004663e-13 2.331627e-30
3715.18 1.024767e-13 2.341632e-30
3717.56 1.003026e-13 2.285966e-30
3719.94 9.683257e-14 2.199833e-30
3722.32 9.478938e-14 2.142281e-30
3724.70 9.323493e-14 2.096147e-30
3727.08 9.404697e-14 2.097766e-30
3729.46 9.326060e-14 2.062819e-30
3731.84 9.096908e-14 2.005669e-30
3734.22 9.014957e-14 1.968084e-30
3736.60 9.137564e-14 1.976939e-30
3738.98 9.070946e-14 1.962810e-30
3741.36 9.244761e-14 1.977932e-30
3743.74 9.279832e-14 1.966544e-30
3746.12 9.380340e-14 1.975154e-30
3748.50 9.355895e-14 1.956838e-30
3750.88 9.191354e-14 1.919264e-30
3753.26 9.185952e-14 1.908452e-30
3755.64 8.962305e-14 1.869572e-30
3758.02 8.617286e-14 1.807525e-30
3760.40 8.283172e-14 1.752657e-30
3762.78 8.071375e-14 1.714156e-30
3765.16 7.893308e-14 1.684343e-30
3767.54 7.606676e-14 1.623888e-30
3769.92 7.347138e-14 1.577554e-30
3772.30 7.134578e-14 1.542184e-30
3774.68 7.069687e-14 1.522369e-30
3777.06 6.867368e-14 1.471096e-30
3779.44 6.695795e-14 1.442148e-30
3781.82 6.463548e-14 1.394059e-30
3784.20 6.161563e-14 1.340838e-30
3786.58 6.055036e-14 1.314035e-30
3788.96 6.163920e-14 1.326951e-30
3791.34 5.994549e-14 1.283192e-30
3793.72 5.789460e-14 1.251202e-30
3796.10 5.576914e-14 1.209283e-30
3798.48 5.469886e-14 1.186803e-30
3800.86 5.396614e-14 1.175597e-30
3803.24 5.339656e-14 1.150618e-30
3805.62 5.363663e-14 1.145366e-30
3808.00 5.384798e-14 1.142899e-30
3810.38 5.341580e-14 1.126230e-30
3812.76 5.391013e-14 1.116829e-30
3815.14 5.385781e-14 1.103000e-30
3817.52 5.446775e-14 1.107721e-30
3819.90 5.680448e-14 1.125887e-30
3822.28 5.863210e-14 1.134066e-30
3824.66 5.933961e-14 1.131151e-30
3827.04 6.114728e-14 1.148582e-30
3829.42 6.197994e-14 1.153038e-30
3831.80 6.388115e-14 1.169836e-30
3834.18 6.411319e-14 1.165361e-30
3836.56 6.629349e-14 1.177520e-30
3838.94 6.985422e-14 1.212668e-30
3841.32 7.260289e-14 1.242476e-30
3843.70 7.449814e-14 1.258912e-30
3846.08 7.705872e-14 1.281598e-30
3848.46 7.834181e-14 1.280559e-30
3850.84 8.037259e-14 1.295603e-30
3853.22 8.312601e-14 1.316310e-30
3855.60 8.687144e-14 1.348285e-30
3857.98 9.068645e-14 1.381780e-30
3860.36 9.278728e-14 1.394332e-30
3862.74 9.320491e-14 1.391066e-30
3865.12 9.707698e-14 1.419634e-30
3867.50 1.002977e-13 1.446044e-30
3869.88 1.034294e-13 1.472443e-30
3872.26 1.071907e-13 1.502815e-30
3874.64 1.089139e-13 1.517893e-30
3877.02 1.091792e-13 1.514909e-30
3879.40 1.117527e-13 1.536231e-30
3881.78 1.139500e-13 1.554526e-30
3884.16 1.165220e-13 1.571508e-30
3886.54 1.182874e-13 1.583627e-30
3888.92 1.200468e-13 1.597977e-30
3891.30 1.225926e-13 1.620987e-30
3893.68 1.237408e-13 1.622520e-30
3896.06 1.238994e-13 1.626073e-30
3898.44 1.258210e-13 1.643647e-30
3900.82 1.275946e-13 1.655093e-30
3903.20 1.283082e-13 1.656215e-30
3905.58 1.298276e-13 1.672489e-30
3907.96 1.310082e-13 1.689780e-30
3910.34 1.320577e-13 1.706098e-30
3912.72 1.337946e-13 1.733725e-30
3915.10 1.346604e-13 1.740051e-30
3917.48 1.359003e-13 1.729679e-30
3919.86 1.367164e-13 1.729867e-30
3922.24 1.375320e-13 1.740677e-30
3924.62 1.401425e-13 1.768553e-30
3927.00 1.427531e-13 1.788069e-30
3929.38 1.419378e-13 1.772636e-30
3931.76 1.404583e-13 1.751687e-30
3934.14 1.412104e-13 1.754320e-30
3936.52 1.432177e-13 1.770522e-30
3938.90 1.461025e-13 1.793463e-30
3941.28 1.503413e-13 1.825691e-30
3943.66 1.528155e-13 1.847261e-30
3946.04 1.537040e-13 1.849527e-30
3948.42 1.555547e-13 1.858138e-30
3950.80 1.587802e-13 1.871909e-30
3953.18 1.613629e-13 1.883132e-30
3955.56 1.632548e-13 1.885967e-30
3957.94 1.638674e-13 1.879297e-30
3960.32 1.664347e-13 1.890963e-30
3962.70 1.672005e-13 1.890517e-30
3965.08 1.678730e-13 1.879544e-30
3967.46 1.661532e-13 1.851222e-30
3969.84 1.654925e-13 1.846316e-30
3972.22 1.670637e-13 1.861049e-30
3974.60 1.662754e-13 1.852644e-30
3976.98 1.659554e-13 1.846085e-30
3979.36 1.651654e-13 1.834368e-30
3981.74 1.622345e-13 1.807109e-30
3984.12 1.596530e-13 1.780034e-30
3986.50 1.583918e-13 1.768162e-30
3988.88 1.548138e-13 1.738528e-30
3991.26 1.532261e-13 1.724471e-30
3993.64 1.514715e-13 1.694300e-30
3996.02 1.477585e-13 1.654561e-30
3998.40 1.444757e-13 1.621253e-30
4000.78 1.418457e-13 1.592805e-30
4003.16 1.396166e-13 1.567513e-30
4005.54 1.368880e-13 1.531485e-30
4007.92 1.340081e-13 1.499484e-30
4010.30 1.323460e-13 1.476241e-30
4012.68 1.296238e-13 1.446219e-30
4015.06 1.257162e-13 1.407738e-30
4017.44 1.247738e-13 1.393311e-30
4019.82 1.252208e-13 1.387873e-30
4022.20 1.230943e-13 1.357935e-30
4024.58 1.207676e-13 1.336453e-30
4026.96 1.197203e-13 1.320488e-30
4029.34 1.171952e-13 1.299024e-30
4031.72 1.162487e-13 1.285586e-30
4034.10 1.162672e-13 1.288119e-30
4036.48 1.148892e-13 1.277810e-30
4038.86 1.136101e-13 1.272702e-30
4041.24 1.125680e-13 1.276730e-30
4043.62 1.125001e-13 1.288597e-30
4046.00 1.117920e-13 1.297136e-30
4048.38 1.123312e-13 1.313266e-30
4050.76 1.127760e-13 1.326253e-30
4053.14 1.141958e-13 1.344163e-30
4055.52 1.135227e-13 1.334849e-30
4057.90 1.154576e-13 1.351590e-30
4060.28 1.157274e-13 1.345539e-30
4062.66 1.147222e-13 1.321408e-30
4065.04 1.154604e-13 1.306411e-30
4067.42 1.150687e-13 1.281831e-30
4069.80 1.133599e-13 1.246943e-30
4072.18 1.136174e-13 1.224634e-30
4074.56 1.123197e-13 1.195512e-30
4076.94 1.096300e-13 1.151731e-30
4079.32 1.082698e-13 1.124368e-30
4081.70 1.079130e-13 1.105931e-30
4084.08 1.085870e-13 1.098934e-30
4086.46 1.067023e-13 1.074650e-30
4088.84 1.061945e-13 1.063886e-30
4091.22 1.067186e-13 1.059196e-30
4093.60 1.036769e-13 1.034273e-30
4095.98 1.036350e-13 1.028006e-30
4098.36 1.024539e-13 1.010195e-30
4100.74 1.020820e-13 1.004325e-30
4103.12 1.000946e-13 9.902738e-31
4105.50 1.002445e-13 9.888540e-31
4107.88 1.007729e-13 9.851089e-31
4110.26 1.005149e-13 9.818820e-31
4112.64 9.828756e-14 9.658050e-31
4115.02 9.710928e-14 9.579689e-31
4117.40 9.821839e-14 9.660480e-31
4119.78 9.752249e-14 9.618211e-31
4122.16 9.725204e-14 9.562161e-31
4124.54 9.629515e-14 9.499155e-31
4126.92 9.446330e-14 9.404178e-31
4129.30 9.617819e-14 9.552789e-31
4131.68 9.731196e-14 9.685817e-31
4134.06 9.568711e-14 9.624944e-31
4136.44 9.355114e-14 9.533094e-31
4138.82 9.351149e-14 9.586755e-31
4141.20 9.617670e-14 9.799532e-31
4143.58 9.442536e-14 9.699332e-31
4145.96 9.388228e-14 9.639075e-31
4148.34 9.349901e-14 9.644736e-31
4150.72 9.522342e-14 9.824905e-31
4153.10 9.477679e-14 9.750077e-31
4155.48 9.379322e-14 9.611821e-31
4157.86 9.499789e-14 9.629835e-31
4160.24 9.665465e-14 9.717563e-31
4162.62 9.729350e-14 9.737800e-31
4165.00 9.896061e-14 9.769494e-31
4167.38 9.947678e-14 9.726348e-31
4169.76 1.017073e-13 9.777986e-31
4172.14 1.024560e-13 9.716919e-31
4174.52 1.031014e-13 9.632936e-31
4176.90 1.032091e-13 9.567151e-31
4179.28 1.075449e-13 9.792277e-31
4181.66 1.070106e-13 9.677478e-31
4184.04 1.075277e-13 9.668711e-31
4186.42 1.073198e-13 9.590215e-31
4188.80 1.083093e-13 9.568731e-31
4191.18 1.084233e-13 9.541115e-31
4193.56 1.099528e-13 9.618334e-31
4195.94 1.103400e-13 9.586467e-31
4198.32 1.097286e-13 9.500302e-31
4200.70 1.092981e-13 9.451937e-31
4203.08 1.097805e-13 9.442472e-31
4205.46 1.106800e-13 9.493796e-31
4207.84 1.102595e-13 9.418659e-31
4210.22 1.098253e-13 9.366617e-31
4212.60 1.097769e-13 9.338222e-31
4214.98 1.095091e-13 9.285767e-31
4217.36 1.101182e-13 9.295597e-31
4219.74 1.100800e-13 9.269940e-31
4222.12 1.098974e-13 9.226629e-31
4224.50 1.097449e-13 9.170943e-31
4226.88 1.098572e-13 9.159433e-31
4229.26 1.095617e-13 9.134131e-31
4231.64 1.095425e-13 9.114215e-31
4234.02 1.095169e-13 9.084499e-31
4236.40 1.086498e-13 9.019316e-31
4238.78 1.073885e-13 8.911188e-31
4241.16 1.061706e-13 8.851220e-31
4243.54 1.063422e-13 8.822737e-31
4245.92 1.082672e-13 8.877346e-31
4248.30 1.079496e-13 8.890181e-31
4250.68 1.082233e-13 8.914383e-31
4253.06 1.075098e-13 8.816226e-31
4255.44 1.094368e-13 8.908667e-31
4257.82 1.077219e-13 8.783401e-31
4260.20 1.093006e-13 8.888132e-31
4262.58 1.087599e-13 8.839803e-31
4264.96 1.094179e-13 8.881903e-31
4267.34 1.095693e-13 8.865974e-31
4269.72 1.094587e-13 8.807026e-31
4272.10 1.106563e-13 8.849182e-31
4274.48 1.101603e-13 8.859602e-31
4276.86 1.097136e-13 8.850902e-31
4279.24 1.114695e-13 8.937128e-31
4281.62 1.129528e-13 8.983237e-31
4284.00 1.159834e-13 9.161279e-31
4286.38 1.174627e-13 9.231008e-31
4288.76 1.179442e-13 9.227666e-31
4291.14 1.194381e-13 9.297675e-31
4293.52 1.234237e-13 9.553425e-31
4295.90 1.226772e-13 9.468216e-31
4298.28 1.245956e-13 9.562549e-31
4300.66 1.247110e-13 9.519536e-31
4303.04 1.266661e-13 9.621498e-31
4305.42 1.287348e-13 9.765161e-31
4307.80 1.279144e-13 9.708127e-31
4310.18 1.289447e-13 9.750769e-31
4312.56 1.311546e-13 9.883718e-31
4314.94 1.297655e-13 9.821627e-31
4317.32 1.289079e-13 9.755821e-31
4319.70 1.289508e-13 9.694446e-31
4322.08 1.276590e-13 9.633744e-31
4324.46 1.276590e-13 9.605473e-31
4326.84 1.267975e-13 9.541292e-31
4329.22 1.247372e-13 9.446382e-31
4331.60 1.218199e-13 9.246745e-31
4333.98 1.212283e-13 9.169718e-31
4336.36 1.185337e-13 8.972168e-31
4338.74 1.168403e-13 8.825889e-31
4341.12 1.154872e-13 8.704508e-31
4343.50 1.124677e-13 8.521409e-31
4345.88 1.112885e-13 8.437641e-31
4348.26 1.086316e-13 8.275938e-31
4350.64 1.062978e-13 8.121350e-31
4353.02 1.053673e-13 8.062382e-31
4355.40 1.036206e-13 7.951092e-31
4357.78 1.020068e-13 7.869297e-31
4360.16 1.014175e-13 7.804921e-31
4362.54 9.899471e-14 7.641175e-31
4364.92 9.715029e-14 7.502294e-31
4367.30 9.518823e-14 7.376479e-31
4369.68 9.318515e-14 7.244952e-31
4372.06 9.137888e-14 7.102589e-31
4374.44 8.945543e-14 6.963833e-31
4376.82 8.750975e-14 6.848778e-31
4379.20 8.527793e-14 6.702497e-31
4381.58 8.417204e-14 6.609571e-31
4383.96 8.336218e-14 6.531825e-31
4386.34 8.053710e-14 6.364458e-31
4388.72 7.874230e-14 6.264581e-31
4391.10 7.770172e-14 6.169796e-31
4393.48 7.621262e-14 6.072773e-31
4395.86 7.586955e-14 6.035144e-31
4398.24 7.477271e-14 5.946771e-31
4400.62 7.363644e-14 5.872215e-31
4403.00 7.234714e-14 5.808822e-31
4405.38 6.995584e-14 5.661216e-31
4407.76 7.031694e-14 5.654018e-31
4410.14 6.879897e-14 5.587831e-31
4412.52 6.736292e-14 5.486165e-31
4414.90 6.778330e-14 5.509307e-31
4417.28 6.856852e-14 5.543016e-31
4419.66 6.883106e-14 5.565676e-31
4422.04 6.865237e-14 5.551886e-31
4424.42 6.916306e-14 5.555453e-31
4426.80 6.881840e-14 5.513588e-31
4429.18 6.818324e-14 5.455866e-31
4431.56 6.922302e-14 5.499601e-31
4433.94 6.950426e-14 5.515731e-31
4436.32 7.015430e-14 5.554743e-31
4438.70 7.080508e-14 5.601605e-31
4441.08 7.103413e-14 5.611809e-31
4443.46 7.110235e-14 5.601939e-31
4445.84 7.178328e-14 5.633689e-31
4448.22 7.201029e-14 5.639657e-31
4450.60 7.287012e-14 5.664306e-31
4452.98 7.343343e-14 5.684517e-31
4455.36 7.455347e-14 5.753459e-31
4457.74 7.531590e-14 5.798766e-31
4460.12 7.483456e-14 5.782575e-31
4462.50 7.499508e-14 5.766071e-31
4464.88 7.566520e-14 5.803724e-31
4467.26 7.651154e-14 5.865619e-31
4469.64 7.767564e-14 5.895099e-31
4472.02 7.848580e-14 5.943021e-31
4474.40 7.972430e-14 6.029798e-31
4476.78 8.143914e-14 6.099003e-31
4479.16 8.229770e-14 6.142591e-31
4481.54 8.308192e-14 6.200025e-31
4483.92 8.454454e-14 6.278572e-31
4486.30 8.674374e-14 6.385119e-31
4488.68 8.792359e-14 6.466978e-31
4491.06 8.843401e-14 6.502688e-31
4493.44 9.011890e-14 6.580837e-31
4495.82 9.217502e-14 6.677723e-31
4498.20 9.333351e-14 6.736324e-31
4500.58 9.448335e-14 6.793947e-31
4502.96 9.594342e-14 6.898325e-31
4505.34 9.782728e-14 6.997329e-31
4507.72 9.925237e-14 7.052385e-31
4510.10 1.018241e-13 7.170040e-31
4512.48 1.045570e-13 7.311954e-31
4514.86 1.071938e-13 7.451701e-31
4517.24 1.096015e-13 7.590456e-31
4519.62 1.126459e-13 7.766521e-31
4522.00 1.150830e-13 7.902564e-31
4524.38 1.183992e-13 8.070542e-31
4526.76 1.226573e-13 8.302619e-31
4529.14 1.262725e-13 8.472303e-31
4531.52 1.312978e-13 8.746128e-31
4533.90 1.357709e-13 8.998938e-31
4536.28 1.409339e-13 9.261288e-31
4538.66 1.471168e-13 9.603655e-31
4541.04 1.522282e-13 9.890870e-31
4543.42 1.583233e-13 1.021548e-30
4545.80 1.641356e-13 1.053354e-30
4548.18 1.697075e-13 1.080725e-30
4550.56 1.753368e-13 1.107808e-30
4552.94 1.807318e-13 1.136723e-30
4555.32 1.869793e-13 1.169123e-30
4557.70 1.931732e-13 1.203702e-30
4560.08 1.985274e-13 1.233162e-30
4562.46 2.046469e-13 1.262589e-30
4564.84 2.095898e-13 1.285535e-30
4567.22 2.139517e-13 1.308148e-30
4569.60 2.164647e-13 1.321925e-30
4571.98 2.203670e-13 1.342111e-30
4574.36 2.234631e-13 1.361276e-30
4576.74 2.256014e-13 1.372578e-30
4579.12 2.272311e-13 1.376258e-30
4581.50 2.290562e-13 1.385377e-30
4583.88 2.321662e-13 1.402913e-30
4586.26 2.332542e-13 1.406242e-30
4588.64 2.339681e-13 1.408329e-30
4591.02 2.342721e-13 1.406604e-30
4593.40 2.357853e-13 1.412544e-30
4595.78 2.352828e-13 1.409291e-30
4598.16 2.320924e-13 1.390616e-30
4600.54 2.340764e-13 1.399171e-30
4602.92 2.366213e-13 1.412775e-30
4605.30 2.378901e-13 1.417535e-30
4607.68 2.379663e-13 1.417246e-30
4610.06 2.399538e-13 1.427883e-30
4612.44 2.429003e-13 1.441592e-30
4614.82 2.466552e-13 1.458725e-30
4617.20 2.482597e-13 1.466865e-30
4619.58 2.533747e-13 1.491777e-30
4621.96 2.576821e-13 1.511554e-30
4624.34 2.599662e-13 1.525058e-30
4626.72 2.618587e-13 1.532452e-30
4629.10 2.645503e-13 1.544006e-30
4631.48 2.672777e-13 1.555602e-30
4633.86 2.707245e-13 1.572668e-30
4636.24 2.711845e-13 1.572330e-30
4638.62 2.670175e-13 1.549157e-30
4641.00 2.637068e-13 1.531826e-30
4643.38 2.612993e-13 1.521238e-30
4645.76 2.557601e-13 1.489308e-30
4648.14 2.494937e-13 1.454745e-30
4650.52 2.434918e-13 1.425235e-30
4652.90 2.403694e-13 1.409044e-30
4655.28 2.328874e-13 1.368157e-30
4657.66 2.247903e-13 1.326446e-30
4660.04 2.180140e-13 1.291198e-30
4662.42 2.109228e-13 1.254433e-30
4664.80 2.020576e-13 1.203493e-30
4667.18 1.948591e-13 1.164360e-30
4669.56 1.899041e-13 1.135139e-30
4671.94 1.828082e-13 1.099408e-30
4674.32 1.773213e-13 1.069795e-30
4676.70 1.694081e-13 1.025944e-30
4679.08 1.639543e-13 9.968930e-31
4681.46 1.601820e-13 9.772315e-31
4683.84 1.538805e-13 9.487943e-31
4686.22 1.497526e-13 9.257163e-31
4688.60 1.451359e-13 8.987377e-31
4690.98 1.399412e-13 8.686215e-31
4693.36 1.360529e-13 8.491269e-31
4695.74 1.312759e-13 8.229234e-31
4698.12 1.287460e-13 8.085730e-31
4700.50 1.254818e-13 7.923077e-31
4702.88 1.227851e-13 7.764793e-31
4705.26 1.201058e-13 7.618992e-31
4707.64 1.174819e-13 7.497116e-31
4710.02 1.169130e-13 7.465740e-31
4712.40 1.162135e-13 7.413019e-31
4714.78 1.117456e-13 7.153099e-31
4717.16 1.107065e-13 7.071374e-31
4719.54 1.106304e-13 7.083239e-31
4721.92 1.084041e-13 6.972298e-31
4724.30 1.049014e-13 6.771805e-31
4726.68 1.040693e-13 6.721868e-31
4729.06 1.033398e-13 6.689931e-31
4731.44 1.016043e-13 6.603285e-31
4733.82 9.970405e-14 6.511722e-31
4736.20 9.767558e-14 6.415715e-31
4738.58 9.571465e-14 6.302686e-31
4740.96 9.494641e-14 6.265506e-31
4743.34 9.488141e-14 6.244145e-31
4745.72 9.357661e-14 6.183113e-31
4748.10 9.384206e-14 6.185539e-31
4750.48 9.361734e-14 6.163565e-31
4752.86 9.454730e-14 6.181715e-31
4755.24 9.384679e-14 6.155488e-31
4757.62 9.375869e-14 6.163866e-31
4760.00 9.423464e-14 6.211416e-31
4762.38 9.433758e-14 6.180626e-31
4764.76 9.554249e-14 6.252946e-31
4767.14 9.605355e-14 6.288137e-31
4769.52 9.745032e-14 6.362176e-31
4771.90 9.871050e-14 6.447853e-31
4774.28 1.005067e-13 6.547802e-31
4776.66 1.029555e-13 6.644316e-31
4779.04 1.043409e-13 6.720097e-31
4781.42 1.055032e-13 6.781588e-31
4783.80 1.067897e-13 6.864316e-31
4786.18 1.097846e-13 7.019054e-31
4788.56 1.129752e-13 7.157662e-31
4790.94 1.151392e-13 7.273228e-31
4793.32 1.180201e-13 7.440657e-31
4795.70 1.216100e-13 7.640043e-31
4798.08 1.241150e-13 7.779787e-31
4800.46 1.269915e-13 7.925103e-31
4802.84 1.289125e-13 8.028684e-31
4805.22 1.320413e-13 8.175797e-31
4807.60 1.341122e-13 8.262149e-31
4809.98 1.351984e-13 8.324934e-31
4812.36 1.357735e-13 8.364429e-31
4814.74 1.367869e-13 8.404187e-31
4817.12 1.372978e-13 8.448627e-31
4819.50 1.352044e-13 8.340407e-31
4821.88 1.342876e-13 8.285506e-31
4824.26 1.333209e-13 8.248661e-31
4826.64 1.310696e-13 8.117894e-31
4829.02 1.304343e-13 8.053827e-31
4831.40 1.300467e-13 8.071649e-31
4833.78 1.287048e-13 7.996328e-31
4836.16 1.274089e-13 7.918262e-31
4838.54 1.260029e-13 7.858389e-31
4840.92 1.257182e-13 7.845377e-31
4843.30 1.253464e-13 7.841423e-31
4845.68 1.243324e-13 7.788227e-31
4848.06 1.238937e-13 7.749295e-31
4850.44 1.234547e-13 7.736433e-31
4852.82 1.228795e-13 7.695436e-31
4855.20 1.230155e-13 7.688382e-31
4857.58 1.228661e-13 7.688177e-31
4859.96 1.222896e-13 7.672862e-31
4862.34 1.236780e-13 7.716719e-31
4864.72 1.238143e-13 7.722757e-31
4867.10 1.248052e-13 7.791252e-31
4869.48 1.270293e-13 7.922639e-31
4871.86 1.286137e-13 8.029055e-31
4874.24 1.304423e-13 8.135342e-31
4876.62 1.337612e-13 8.299588e-31
4879.00 1.364041e-13 8.448377e-31
4881.38 1.382465e-13 8.552504e-31
4883.76 1.415086e-13 8.713515e-31
4886.14 1.446828e-13 8.879069e-31
4888.52 1.473418e-13 9.003689e-31
4890.90 1.510493e-13 9.208800e-31
4893.28 1.550173e-13 9.440392e-31
4895.66 1.583636e-13 9.645269e-31
4898.04 1.609355e-13 9.793707e-31
4900.42 1.644819e-13 9.978246e-31
4902.80 1.683853e-13 1.017239e-30
4905.18 1.719940e-13 1.037038e-30
4907.56 1.753879e-13 1.056077e-30
4909.94 1.789896e-13 1.076684e-30
4912.32 1.823920e-13 1.095559e-30
4914.70 1.852188e-13 1.111740e-30
4917.08 1.892135e-13 1.133855e-30
4919.46 1.926702e-13 1.153149e-30
4921.84 1.972515e-13 1.179755e-30
4924.22 2.007107e-13 1.200596e-30
4926.60 2.044872e-13 1.222166e-30
4928.98 2.105547e-13 1.258155e-30
4931.36 2.111518e-13 1.263078e-30
4933.74 2.132966e-13 1.276969e-30
4936.12 2.154091e-13 1.290439e-30
4938.50 2.178381e-13 1.305313e-30
4940.88 2.178270e-13 1.308202e-30
4943.26 2.168900e-13 1.308094e-30
4945.64 2.155687e-13 1.308188e-30
4948.02 2.143836e-13 1.305959e-30
4950.40 2.120201e-13 1.294665e-30
4952.78 2.103856e-13 1.289097e-30
4955.16 2.067415e-13 1.274672e-30
4957.54 2.021084e-13 1.253923e-30
4959.92 1.969128e-13 1.233353e-30
4962.30 1.932102e-13 1.221424e-30
4964.68 1.878950e-13 1.200619e-30
4967.06 1.838160e-13 1.184764e-30
4969.44 1.760958e-13 1.144226e-30
4971.82 1.722921e-13 1.132387e-30
4974.20 1.706017e-13 1.131730e-30
4976.58 1.670035e-13 1.118611e-30
4978.96 1.628466e-13 1.101678e-30
4981.34 1.590678e-13 1.087343e-30
4983.72 1.542298e-13 1.071218e-30
4986.10 1.519580e-13 1.063103e-30
4988.48 1.482084e-13 1.050721e-30
4990.86 1.454370e-13 1.044258e-30
4993.24 1.437995e-13 1.044871e-30
4995.62 1.413453e-13 1.042852e-30
4998.00 1.382488e-13 1.034587e-30
5000.38 1.361778e-13 1.030076e-30
5002.76 1.330770e-13 1.021841e-30
5005.14 1.302771e-13 1.012234e-30
5007.52 1.276351e-13 1.008422e-30
5009.90 1.256532e-13 1.011411e-30
5012.28 1.232317e-13 1.009998e-30
5014.66 1.213496e-13 1.012050e-30
5017.04 1.195777e-13 1.012358e-30
5019.42 1.185637e-13 1.019025e-30
5021.80 1.152848e-13 1.013898e-30
5024.18 1.144269e-13 1.018307e-30
5026.56 1.119660e-13 1.017141e-30
5028.94 1.093979e-13 1.013036e-30
5031.32 1.106213e-13 1.036524e-30
5033.70 1.094203e-13 1.047258e-30
5036.08 1.064436e-13 1.039075e-30
5038.46 1.065392e-13 1.056491e-30
5040.84 1.063195e-13 1.074159e-30
5043.22 1.066550e-13 1.092686e-30
5045.60 1.056589e-13 1.105554e-30
5047.98 1.044235e-13 1.111238e-30
5050.36 1.035676e-13 1.122521e-30
5052.74 1.029187e-13 1.135494e-30
5055.12 1.016857e-13 1.142043e-30
5057.50 1.003373e-13 1.150883e-30
5059.88 1.001850e-13 1.165236e-30
5062.26 9.829720e-14 1.164000e-30
5064.64 9.831231e-14 1.180440e-30
5067.02 9.860059e-14 1.197597e-30
5069.40 9.788849e-14 1.208186e-30
5071.78 9.816280e-14 1.226805e-30
5074.16 9.699673e-14 1.233666e-30
5076.54 9.566641e-14 1.237889e-30
5078.92 9.486129e-14 1.242028e-30
5081.30 9.388318e-14 1.243064e-30
5083.68 9.354027e-14 1.250372e-30
5086.06 9.484993e-14 1.273076e-30
5088.44 9.381209e-14 1.267452e-30
5090.82 9.222587e-14 1.261217e-30
5093.20 9.183476e-14 1.268525e-30
5095.58 9.269107e-14 1.278762e-30
5097.96 9.508866e-14 9.600306e-31
5100.34 9.324244e-14 9.428509e-31
5102.72 9.365474e-14 9.435134e-31
5105.10 9.407012e-14 9.425050e-31
5107.48 9.345087e-14 9.370089e-31
5109.86 9.288547e-14 9.251847e-31
5112.24 9.308795e-14 9.200944e-31
5114.62 9.348304e-14 9.192966e-31
5117.00 9.418973e-14 9.197877e-31
5119.38 9.453136e-14 9.191619e-31
5121.76 9.320542e-14 9.066019e-31
5124.14 9.207679e-14 8.927582e-31
5126.52 9.206865e-14 8.857394e-31
5128.90 9.177717e-14 8.814879e-31
5131.28 9.128181e-14 8.749729e-31
5133.66 9.121801e-14 8.675204e-31
5136.04 9.274401e-14 8.721884e-31
5138.42 9.299699e-14 8.702087e-31
5140.80 9.257317e-14 8.663306e-31
5143.18 9.377064e-14 8.701215e-31
5145.56 9.441725e-14 8.730497e-31
5147.94 9.472727e-14 8.725747e-31
5150.32 1.001938e-13 2.905968e-30
5152.70 1.021003e-13 2.917803e-30
5155.08 1.032418e-13 2.902414e-30
5157.46 1.034822e-13 2.850808e-30
5159.84 1.037117e-13 2.793797e-30
5162.22 1.067956e-13 2.804638e-30
5164.60 1.084809e-13 2.786145e-30
5166.98 1.078750e-13 2.714974e-30
5169.36 1.085819e-13 2.662283e-30
5171.74 1.107872e-13 2.633639e-30
5174.12 1.100664e-13 2.549123e-30
5176.50 1.098530e-13 2.482030e-30
5178.88 1.115003e-13 2.427905e-30
5181.26 1.133766e-13 2.371626e-30
5183.64 1.145612e-13 2.310322e-30
5186.02 1.158423e-13 2.242944e-30
5188.40 1.171291e-13 2.183349e-30
5190.78 1.192146e-13 2.125414e-30
5193.16 1.212494e-13 2.062581e-30
5195.54 1.231342e-13 2.001507e-30
5197.92 1.246592e-13 1.935796e-30
5200.30 1.239189e-13 1.841409e-30
5202.68 1.245282e-13 1.769385e-30
5205.06 1.278919e-13 1.735630e-30
5207.44 1.312220e-13 1.702177e-30
5209.82 1.323584e-13 1.646046e-30
5212.20 1.335097e-13 1.598065e-30
5214.58 1.367931e-13 1.570991e-30
5216.96 1.395926e-13 1.548507e-30
5219.34 1.420822e-13 1.529970e-30
5221.72 1.457812e-13 1.521270e-30
5224.10 1.493824e-13 1.513283e-30
5226.48 1.512006e-13 1.499923e-30
5228.86 1.550235e-13 1.509477e-30
5231.24 1.590428e-13 1.522729e-30
5233.62 1.609252e-13 1.521634e-30
5236.00 1.629371e-13 1.525985e-30
5238.38 1.674093e-13 1.549958e-30
5240.76 1.702310e-13 1.561389e-30
5243.14 1.707752e-13 1.556817e-30
5245.52 1.721124e-13 1.561938e-30
5247.90 1.744787e-13 1.578352e-30
5250.28 1.750079e-13 1.579643e-30
5252.66 1.776938e-13 1.593210e-30
5255.04 1.803297e-13 1.610371e-30
5257.42 1.805695e-13 1.612503e-30
5259.80 1.800769e-13 1.604638e-30
5262.18 1.817528e-13 1.609098e-30
5264.56 1.848293e-13 1.629146e-30
5266.94 1.872502e-13 1.643137e-30
5269.32 1.883410e-13 1.647815e-30
5271.70 1.900017e-13 1.657434e-30
5274.08 1.929534e-13 1.673103e-30
5276.46 1.943894e-13 1.677127e-30
5278.84 1.972574e-13 1.691118e-30
5281.22 2.024042e-13 1.720560e-30
5283.60 2.065234e-13 1.741583e-30
5285.98 2.083274e-13 1.744327e-30
5288.36 2.110135e-13 1.752244e-30
5290.74 2.132898e-13 1.761379e-30
5293.12 2.156209e-13 1.766471e-30
5295.50 2.177419e-13 1.767491e-30
5297.88 2.189090e-13 1.763513e-30
5300.26 2.195857e-13 1.754152e-30
5302.64 2.204778e-13 1.745828e-30
5305.02 2.202066e-13 1.729149e-30
5307.40 2.199260e-13 1.711250e-30
5309.78 2.193195e-13 1.689677e-30
5312.16 2.180248e-13 1.662326e-30
5314.54 2.191060e-13 1.651341e-30
5316.92 2.171920e-13 1.622685e-30
5319.30 2.134764e-13 1.583768e-30
5321.68 2.110134e-13 1.551048e-30
5324.06 2.102006e-13 1.525023e-30
5326.44 2.097573e-13 1.501828e-30
5328.82 2.079836e-13 1.475791e-30
5331.20 2.069328e-13 1.452770e-30
5333.58 2.065705e-13 1.433181e-30
5335.96 2.053695e-13 1.409753e-30
5338.34 2.034931e-13 1.381515e-30
5340.72 2.017585e-13 1.358448e-30
5343.10 1.990017e-13 1.326510e-30
5345.48 1.961313e-13 1.293116e-30
5347.86 1.944737e-13 1.270749e-30
5350.24 1.934797e-13 1.252565e-30
5352.62 1.920712e-13 1.227659e-30
5355.00 1.916126e-13 1.214457e-30
5357.38 1.902781e-13 1.194588e-30
5359.76 1.887579e-13 1.170437e-30
5362.14 1.889464e-13 1.160207e-30
5364.52 1.892491e-13 1.152329e-30
5366.90 1.889333e-13 1.137657e-30
5369.28 1.879078e-13 1.121664e-30
5371.66 1.876626e-13 1.111274e-30
5374.04 1.884827e-13 1.105751e-30
5376.42 1.887238e-13 1.099811e-30
5378.80 1.890469e-13 1.093896e-30
5381.18 1.912058e-13 1.094141e-30
5383.56 1.934475e-13 1.095039e-30
5385.94 1.951923e-13 1.095333e-30
5388.32 1.983437e-13 1.103270e-30
5390.70 2.023329e-13 1.117405e-30
5393.08 2.048741e-13 1.122991e-30
5395.46 2.071266e-13 1.123785e-30
5397.84 2.103623e-13 1.129492e-30
5400.22 2.135601e-13 1.137171e-30
5402.60 2.158481e-13 1.139711e-30
5404.98 2.196798e-13 1.152879e-30
5407.36 2.224501e-13 1.160893e-30
5409.74 2.246010e-13 1.163317e-30
5412.12 2.275807e-13 1.169045e-30
5414.50 2.300895e-13 1.173769e-30
5416.88 2.324410e-13 1.176922e-30
5419.26 2.346067e-13 1.179894e-30
5421.64 2.365781e-13 1.181190e-30
5424.02 2.381964e-13 1.177983e-30
5426.40 2.393977e-13 1.173374e-30
5428.78 2.407084e-13 1.175978e-30
5431.16 2.421085e-13 1.177969e-30
5433.54 2.433795e-13 1.176094e-30
5435.92 2.446098e-13 1.173280e-30
5438.30 2.453693e-13 1.169165e-30
5440.68 2.449760e-13 1.160276e-30
5443.06 2.454117e-13 1.155451e-30
5445.44 2.467018e-13 1.153225e-30
5447.82 2.472192e-13 1.148022e-30
5450.20 2.469725e-13 1.140214e-30
5452.58 2.474157e-13 1.134297e-30
5454.96 2.473286e-13 1.128457e-30
5457.34 2.473340e-13 1.121971e-30
5459.72 2.469369e-13 1.114600e-30
5462.10 2.466365e-13 1.108929e-30
5464.48 2.473330e-13 1.105222e-30
5466.86 2.469866e-13 1.096070e-30
5469.24 2.457243e-13 1.084627e-30
5471.62 2.444394e-13 1.073753e-30
5474.00 2.434012e-13 1.063576e-30
5476.38 2.426059e-13 1.055056e-30
5478.76 2.422007e-13 1.049330e-30
5481.14 2.413009e-13 1.040235e-30
5483.52 2.397747e-13 1.028770e-30
5485.90 2.392120e-13 1.021863e-30
5488.28 2.390540e-13 1.016508e-30
5490.66 2.371931e-13 1.004443e-30
5493.04 2.366279e-13 9.978502e-31
5495.42 2.359441e-13 9.914487e-31
5497.80 2.349808e-13 9.844175e-31
5500.18 2.337887e-13 9.767626e-31
5502.56 2.316732e-13 9.650235e-31
5504.94 2.296475e-13 9.521984e-31
5507.32 2.284659e-13 9.445080e-31
5509.70 2.281800e-13 9.398760e-31
5512.08 2.277485e-13 9.334791e-31
5514.46 2.267096e-13 9.258686e-31
5516.84 2.256743e-13 9.195214e-31
5519.22 2.229594e-13 9.068343e-31
5521.60 2.211345e-13 8.981384e-31
5523.98 2.202998e-13 8.915420e-31
5526.36 2.193011e-13 8.826187e-31
5528.74 2.186042e-13 8.770884e-31
5531.12 2.167480e-13 8.675823e-31
5533.50 2.141815e-13 8.551801e-31
5535.88 2.131176e-13 8.486904e-31
5538.26 2.127546e-13 8.447749e-31
5540.64 2.109062e-13 8.347832e-31
5543.02 2.094917e-13 8.272064e-31
5545.40 2.071080e-13 8.165773e-31
5547.78 2.061382e-13 8.102052e-31
5550.16 2.054712e-13 8.055631e-31
5552.54 2.022947e-13 7.930632e-31
5554.92 1.995364e-13 7.797098e-31
5557.30 1.991921e-13 7.742715e-31
5559.68 1.981675e-13 7.681446e-31
5562.06 1.964044e-13 7.615940e-31
5564.44 1.955240e-13 7.580486e-31
5566.82 1.943108e-13 7.514098e-31
5569.20 1.918348e-13 7.427584e-31
5571.58 1.902729e-13 7.434141e-31
5573.96 1.894815e-13 7.514553e-31
5576.34 1.886972e-13 7.595026e-31
5578.72 1.876872e-13 7.595362e-31
5581.10 1.852526e-13 7.397651e-31
5583.48 1.838048e-13 7.155691e-31
5585.86 1.821724e-13 6.956278e-31
5588.24 1.797245e-13 6.806104e-31
5590.62 1.779190e-13 6.703869e-31
5593.00 1.766914e-13 6.633569e-31
5595.38 1.742664e-13 6.540492e-31
5597.76 1.725051e-13 6.467061e-31
5600.14 1.716711e-13 6.412323e-31
5602.52 1.702340e-13 6.335099e-31
5604.90 1.680742e-13 6.242697e-31
5607.28 1.662257e-13 6.168267e-31
5609.66 1.643314e-13 6.084266e-31
5612.04 1.627788e-13 6.005329e-31
5614.42 1.614339e-13 5.933964e-31
5616.80 1.595470e-13 5.851238e-31
5619.18 1.580377e-13 5.795272e-31
5621.56 1.574762e-13 5.745006e-31
5623.94 1.557214e-13 5.666542e-31
5626.32 1.526377e-13 5.555285e-31
5628.70 1.500693e-13 5.440812e-31
5631.08 1.479324e-13 5.353632e-31
5633.46 1.458655e-13 5.282889e-31
5635.84 1.451097e-13 5.239412e-31
5638.22 1.439000e-13 5.172121e-31
5640.60 1.408177e-13 5.054179e-31
5642.98 1.380874e-13 4.952013e-31
5645.36 1.361203e-13 4.879535e-31
5647.74 1.341634e-13 4.800872e-31
5650.12 1.327004e-13 4.735273e-31
5652.50 1.316435e-13 4.685073e-31
5654.88 1.298582e-13 4.610547e-31
5657.26 1.276219e-13 4.524688e-31
5659.64 1.254647e-13 4.444804e-31
5662.02 1.234848e-13 4.368425e-31
5664.40 1.217689e-13 4.297823e-31
5666.78 1.203383e-13 4.238044e-31
5669.16 1.188535e-13 4.177181e-31
5671.54 1.172641e-13 4.109243e-31
5673.92 1.156098e-13 4.047263e-31
5676.30 1.141974e-13 3.997575e-31
5678.68 1.128933e-13 3.947804e-31
5681.06 1.113419e-13 3.888859e-31
5683.44 1.104502e-13 3.840753e-31
5685.82 1.091277e-13 3.787139e-31
5688.20 1.070974e-13 3.715075e-31
5690.58 1.054833e-13 3.649577e-31
5692.96 1.049634e-13 3.615616e-31
5695.34 1.044421e-13 3.581392e-31
5697.72 1.034650e-13 3.543658e-31
5700.10 1.026655e-13 3.509570e-31
5702.48 1.020241e-13 3.474923e-31
5704.86 1.009545e-13 3.432883e-31
5707.24 9.991323e-14 3.395129e-31
5709.62 9.992546e-14 3.381437e-31
5712.00 1.002041e-13 3.374341e-31
5714.38 1.000385e-13 3.359894e-31
5716.76 9.949043e-14 3.335328e-31
5719.14 9.888017e-14 3.302767e-31
5721.52 9.880581e-14 3.287714e-31
5723.90 9.945221e-14 3.293562e-31
5726.28 1.005878e-13 3.311090e-31
5728.66 1.016455e-13 3.329841e-31
5731.04 1.022963e-13 3.344604e-31
5733.42 1.030132e-13 3.356773e-31
5735.80 1.039309e-13 3.365320e-31
5738.18 1.056385e-13 3.398246e-31
5740.56 1.071647e-13 3.431489e-31
5742.94 1.076802e-13 3.433790e-31
5745.32 1.090541e-13 3.457553e-31
5747.70 1.111109e-13 3.503437e-31
5750.08 1.123376e-13 3.529199e-31
5752.46 1.134091e-13 3.549104e-31
5754.84 1.157742e-13 3.602261e-31
5757.22 1.186992e-13 3.670958e-31
5759.60 1.207395e-13 3.713406e-31
5761.98 1.229805e-13 3.768286e-31
5764.36 1.252461e-13 3.826258e-31
5766.74 1.274867e-13 3.874611e-31
5769.12 1.302330e-13 3.927883e-31
5771.50 1.323455e-13 3.966316e-31
5773.88 1.356564e-13 4.044657e-31
5776.26 1.379274e-13 4.097646e-31
5778.64 1.390898e-13 4.117949e-31
5781.02 1.412703e-13 4.162932e-31
5783.40 1.432602e-13 4.202276e-31
5785.78 1.461004e-13 4.264225e-31
5788.16 1.482166e-13 4.312218e-31
5790.54 1.499506e-13 4.346982e-31
5792.92 1.523912e-13 4.398452e-31
5795.30 1.544731e-13 4.451514e-31
5797.68 1.563792e-13 4.484096e-31
5800.06 1.581474e-13 4.518012e-31
5802.44 1.600551e-13 4.559396e-31
5804.82 1.622853e-13 4.602854e-31
5807.20 1.644103e-13 4.645970e-31
5809.58 1.659695e-13 4.677682e-31
5811.96 1.680598e-13 4.713897e-31
5814.34 1.699544e-13 4.747068e-31
5816.72 1.712897e-13 4.770077e-31
5819.10 1.730431e-13 4.801049e-31
5821.48 1.755856e-13 4.860123e-31
5823.86 1.783872e-13 4.926323e-31
5826.24 1.813070e-13 4.993390e-31
5828.62 1.846524e-13 5.063409e-31
5831.00 1.880609e-13 5.130371e-31
5833.38 1.906478e-13 5.186521e-31
5835.76 1.933610e-13 5.247072e-31
5838.14 1.972126e-13 5.336921e-31
5840.52 2.006254e-13 5.412606e-31
5842.90 2.025074e-13 5.446286e-31
5845.28 2.042236e-13 5.477794e-31
5847.66 2.064710e-13 5.522812e-31
5850.04 2.079582e-13 5.552101e-31
5852.42 2.091513e-13 5.571774e-31
5854.80 2.104034e-13 5.591803e-31
5857.18 2.115865e-13 5.610464e-31
5859.56 2.131330e-13 5.630446e-31
5861.94 2.129005e-13 5.622027e-31
5864.32 2.125452e-13 5.614561e-31
5866.70 2.128960e-13 5.619008e-31
5869.08 2.129470e-13 5.610556e-31
5871.46 2.124103e-13 5.580170e-31
5873.84 2.113978e-13 5.546091e-31
5876.22 2.103130e-13 5.506696e-31
5878.60 2.099015e-13 5.484302e-31
5880.98 2.093104e-13 5.466296e-31
5883.36 2.070666e-13 5.422730e-31
5885.74 2.047379e-13 5.417018e-31
5888.12 2.028037e-13 5.435323e-31
5890.50 2.012054e-13 5.435521e-31
5892.88 1.999472e-13 5.406929e-31
5895.26 1.991215e-13 5.360103e-31
5897.64 1.984331e-13 5.285122e-31
5900.02 1.967747e-13 5.177181e-31
5902.40 1.952439e-13 5.076499e-31
5904.78 1.937710e-13 4.993268e-31
5907.16 1.916396e-13 4.917008e-31
5909.54 1.897626e-13 4.862580e-31
5911.92 1.884703e-13 4.827417e-31
5914.30 1.864600e-13 4.770245e-31
5916.68 1.834623e-13 4.683630e-31
5919.06 1.800368e-13 4.584337e-31
5921.44 1.766644e-13 4.488506e-31
5923.82 1.740325e-13 4.421492e-31
5926.20 1.717483e-13 4.369680e-31
5928.58 1.693034e-13 4.308970e-31
5930.96 1.667310e-13 4.235288e-31
5933.34 1.641716e-13 4.160295e-31
5935.72 1.612260e-13 4.083951e-31
5938.10 1.576827e-13 3.991053e-31
5940.48 1.537457e-13 3.885285e-31
5942.86 1.500837e-13 3.788610e-31
5945.24 1.473324e-13 3.718048e-31
5947.62 1.453305e-13 3.664917e-31
5950.00 1.430557e-13 3.603478e-31
5952.38 1.405083e-13 3.538066e-31
5954.76 1.374494e-13 3.460837e-31
5957.14 1.342652e-13 3.377786e-31
5959.52 1.319342e-13 3.315638e-31
5961.90 1.297929e-13 3.261525e-31
5964.28 1.272137e-13 3.193132e-31
5966.66 1.246519e-13 3.123959e-31
5969.04 1.228568e-13 3.074439e-31
5971.42 1.217704e-13 3.040845e-31
5973.80 1.206870e-13 3.009049e-31
5976.18 1.199596e-13 2.990233e-31
5978.56 1.192665e-13 2.968072e-31
5980.94 1.190545e-13 2.955700e-31
5983.32 1.195568e-13 2.965142e-31
5985.70 1.198449e-13 2.966668e-31
5988.08 1.205715e-13 2.972021e-31
5990.46 1.209941e-13 2.974113e-31
5992.84 1.211365e-13 2.975816e-31
5995.22 1.214264e-13 2.979012e-31
5997.60 1.217396e-13 2.975438e-31
5999.98 1.222438e-13 2.975089e-31
6002.36 1.229163e-13 2.984269e-31
6004.74 1.231061e-13 2.980552e-31
6007.12 1.233260e-13 2.972982e-31
6009.50 1.240587e-13 2.981218e-31
6011.88 1.236737e-13 2.969557e-31
6014.26 1.230589e-13 2.948290e-31
6016.64 1.225887e-13 2.926832e-31
6019.02 1.224346e-13 2.913221e-31
6021.40 1.225230e-13 2.907559e-31
6023.78 1.222183e-13 2.894890e-31
6026.16 1.215370e-13 2.870589e-31
6028.54 1.203956e-13 2.840028e-31
6030.92 1.191271e-13 2.807210e-31
6033.30 1.181165e-13 2.775328e-31
6035.68 1.175164e-13 2.753342e-31
6038.06 1.173915e-13 2.745595e-31
6040.44 1.161706e-13 2.710394e-31
6042.82 1.143624e-13 2.666927e-31
6045.20 1.133714e-13 2.644615e-31
6047.58 1.129178e-13 2.627025e-31
6049.96 1.115576e-13 2.590918e-31
6052.34 1.107754e-13 2.567220e-31
6054.72 1.105671e-13 2.554918e-31
6057.10 1.103586e-13 2.541779e-31
6059.48 1.100895e-13 2.527133e-31
6061.86 1.098773e-13 2.515978e-31
6064.24 1.097684e-13 2.511969e-31
6066.62 1.094528e-13 2.499728e-31
6069.00 1.095830e-13 2.493756e-31
6071.38 1.104016e-13 2.502804e-31
6073.76 1.110690e-13 2.506784e-31
6076.14 1.117916e-13 2.514077e-31
6078.52 1.131746e-13 2.540400e-31
6080.90 1.149057e-13 2.570187e-31
6083.28 1.161099e-13 2.584132e-31
6085.66 1.167156e-13 2.590212e-31
6088.04 1.175730e-13 2.605237e-31
6090.42 1.176987e-13 2.602827e-31
6092.80 1.179470e-13 2.597003e-31
6095.18 1.181677e-13 2.591166e-31
6097.56 1.176997e-13 2.578106e-31
6099.94 1.173940e-13 2.569870e-31
6102.32 1.167127e-13 2.549954e-31
6104.70 1.154932e-13 2.518863e-31
6107.08 1.142224e-13 2.489635e-31
6109.46 1.131639e-13 2.464639e-31
6111.84 1.118505e-13 2.431987e-31
6114.22 1.098706e-13 2.389527e-31
6116.60 1.079782e-13 2.348798e-31
6118.98 1.063761e-13 2.309631e-31
6121.36 1.044183e-13 2.260411e-31
6123.74 1.018873e-13 2.203459e-31
6126.12 9.975289e-14 2.162062e-31
6128.50 9.792506e-14 2.121632e-31
6130.88 9.590124e-14 2.074053e-31
6133.26 9.391619e-14 2.028377e-31
6135.64 9.227272e-14 1.991648e-31
6138.02 9.056823e-14 1.957471e-31
6140.40 8.909500e-14 1.925977e-31
6142.78 8.757083e-14 1.893914e-31
6145.16 8.613392e-14 1.864296e-31
6147.54 8.506093e-14 1.838835e-31
6149.92 8.404725e-14 1.812199e-31
6152.30 8.274043e-14 1.785489e-31
6154.68 8.173451e-14 1.764745e-31
6157.06 8.115388e-14 1.749785e-31
6159.44 8.064884e-14 1.736654e-31
6161.82 8.006819e-14 1.723367e-31
6164.20 7.964806e-14 1.711438e-31
6166.58 7.945299e-14 1.705118e-31
6168.96 7.936240e-14 1.701561e-31
6171.34 7.955991e-14 1.703681e-31
6173.72 7.996157e-14 1.708495e-31
6176.10 7.998834e-14 1.701822e-31
6178.48 8.026166e-14 1.700725e-31
6180.86 8.072147e-14 1.706772e-31
6183.24 8.116201e-14 1.714158e-31
6185.62 8.168982e-14 1.721644e-31
6188.00 8.233194e-14 1.730370e-31
6190.38 8.272643e-14 1.738280e-31
6192.76 8.371261e-14 1.753995e-31
6195.14 8.479489e-14 1.769285e-31
6197.52 8.578147e-14 1.785248e-31
6199.90 8.712503e-14 1.808589e-31
6202.28 8.810535e-14 1.821318e-31
6204.66 8.937228e-14 1.839875e-31
6207.04 9.081982e-14 1.865666e-31
6209.42 9.181148e-14 1.882821e-31
6211.80 9.242434e-14 1.887914e-31
6214.18 9.343083e-14 1.899093e-31
6216.56 9.440216e-14 1.915480e-31
6218.94 9.509428e-14 1.928048e-31
6221.32 9.544938e-14 1.932447e-31
6223.70 9.577347e-14 1.935729e-31
6226.08 9.645023e-14 1.944761e-31
6228.46 9.696556e-14 1.947140e-31
6230.84 9.708821e-14 1.945011e-31
6233.22 9.711504e-14 1.945297e-31
6235.60 9.746863e-14 1.951258e-31
6237.98 9.801995e-14 1.958391e-31
6240.36 9.805621e-14 1.956334e-31
6242.74 9.785045e-14 1.945481e-31
6245.12 9.746674e-14 1.930583e-31
6247.50 9.739893e-14 1.922524e-31
6249.88 9.814126e-14 1.929014e-31
6252.26 9.913595e-14 1.942341e-31
6254.64 9.969096e-14 1.949509e-31
6257.02 9.989372e-14 1.950951e-31
6259.40 1.003494e-13 1.956837e-31
6261.78 1.009945e-13 1.966583e-31
6264.16 1.013765e-13 1.971209e-31
6266.54 1.023639e-13 1.981081e-31
6268.92 1.028936e-13 1.982474e-31
6271.30 1.021539e-13 1.966370e-31
6273.68 1.017476e-13 1.972237e-31
6276.06 1.034661e-13 2.035810e-31
6278.44 1.056261e-13 2.101496e-31
6280.82 1.073580e-13 2.135415e-31
6283.20 1.088943e-13 2.142038e-31
6285.58 1.101263e-13 2.136667e-31
6287.96 1.109384e-13 2.135845e-31
6290.34 1.119377e-13 2.157182e-31
6292.72 1.128309e-13 2.201014e-31
6295.10 1.144295e-13 2.293432e-31
6297.48 1.165140e-13 2.427003e-31
6299.86 1.182225e-13 2.540133e-31
6302.24 1.194717e-13 2.560586e-31
6304.62 1.204338e-13 2.475986e-31
6307.00 1.216939e-13 2.368567e-31
6309.38 1.230894e-13 2.305933e-31
6311.76 1.242940e-13 2.288585e-31
6314.14 1.256888e-13 2.293098e-31
6316.52 1.277217e-13 2.323598e-31
6318.90 1.290191e-13 2.330384e-31
6321.28 1.298483e-13 2.330740e-31
6323.66 1.305244e-13 2.339093e-31
6326.04 1.312275e-13 2.348781e-31
6328.42 1.329094e-13 2.375023e-31
6330.80 1.348056e-13 2.400942e-31
6333.18 1.364714e-13 2.419524e-31
6335.56 1.381660e-13 2.438263e-31
6337.94 1.399828e-13 2.461662e-31
6340.32 1.417428e-13 2.486251e-31
6342.70 1.440150e-13 2.516810e-31
6345.08 1.462527e-13 2.550226e-31
6347.46 1.480021e-13 2.576942e-31
6349.84 1.495008e-13 2.597739e-31
6352.22 1.512417e-13 2.623643e-31
6354.60 1.532396e-13 2.657199e-31
6356.98 1.550596e-13 2.698809e-31
6359.36 1.569918e-13 2.759623e-31
6361.74 1.592617e-13 2.835629e-31
6364.12 1.611798e-13 2.889754e-31
6366.50 1.620360e-13 2.884494e-31
6368.88 1.632037e-13 2.852542e-31
6371.26 1.642215e-13 2.818896e-31
6373.64 1.653627e-13 2.806623e-31
6376.02 1.670662e-13 2.820817e-31
6378.40 1.683816e-13 2.837924e-31
6380.78 1.690244e-13 2.847902e-31
6383.16 1.699772e-13 2.858804e-31
6385.54 1.713854e-13 2.876296e-31
6387.92 1.724307e-13 2.889593e-31
6390.30 1.727983e-13 2.889327e-31
6392.68 1.734003e-13 2.891923e-31
6395.06 1.740822e-13 2.895684e-31
6397.44 1.746593e-13 2.897900e-31
6399.82 1.751742e-13 2.903467e-31
6402.20 1.754958e-13 2.910119e-31
6404.58 1.754570e-13 2.906407e-31
6406.96 1.758680e-13 2.911484e-31
6409.34 1.761412e-13 2.913830e-31
6411.72 1.764033e-13 2.913428e-31
6414.10 1.769663e-13 2.918501e-31
6416.48 1.772252e-13 2.921967e-31
6418.86 1.774651e-13 2.925009e-31
6421.24 1.781889e-13 2.935287e-31
6423.62 1.792430e-13 2.948065e-31
6426.00 1.800761e-13 2.956229e-31
6428.38 1.806048e-13 2.963446e-31
6430.76 1.813958e-13 2.976246e-31
6433.14 1.820245e-13 2.986108e-31
6435.52 1.821951e-13 2.988474e-31
6437.90 1.821347e-13 2.983182e-31
6440.28 1.823088e-13 2.977298e-31
6442.66 1.829912e-13 2.985131e-31
6445.04 1.839464e-13 3.002037e-31
6447.42 1.840387e-13 3.004912e-31
6449.80 1.836820e-13 2.996366e-31
6452.18 1.839335e-13 2.995389e-31
6454.56 1.843594e-13 3.001583e-31
6456.94 1.840635e-13 2.999044e-31
6459.32 1.839693e-13 2.992369e-31
6461.70 1.845185e-13 2.995226e-31
6464.08 1.851444e-13 3.006280e-31
6466.46 1.853731e-13 3.012325e-31
6468.84 1.855066e-13 3.013443e-31
6471.22 1.854191e-13 3.008567e-31
6473.60 1.851291e-13 2.996032e-31
6475.98 1.846360e-13 2.983074e-31
6478.36 1.842192e-13 2.979587e-31
6480.74 1.845096e-13 2.983030e-31
6483.12 1.848697e-13 2.984421e-31
6485.50 1.853707e-13 2.986682e-31
6487.88 1.861990e-13 2.992821e-31
6490.26 1.869178e-13 2.998240e-31
6492.64 1.868136e-13 2.996131e-31
6495.02 1.860654e-13 2.988172e-31
6497.40 1.859207e-13 2.987452e-31
6499.78 1.866944e-13 2.999262e-31
6502.16 1.873263e-13 3.007935e-31
6504.54 1.869186e-13 2.995897e-31
6506.92 1.863704e-13 2.977664e-31
6509.30 1.865689e-13 2.972531e-31
6511.68 1.864447e-13 2.966438e-31
6514.06 1.852893e-13 2.942542e-31
6516.44 1.840722e-13 2.915546e-31
6518.82 1.839588e-13 2.916055e-31
6521.20 1.845500e-13 2.927533e-31
6523.58 1.843283e-13 2.922285e-31
6525.96 1.836539e-13 2.907608e-31
6528.34 1.835445e-13 2.904247e-31
6530.72 1.833954e-13 2.904916e-31
6533.10 1.827493e-13 2.890604e-31
6535.48 1.821776e-13 2.877061e-31
6537.86 1.815177e-13 2.862260e-31
6540.24 1.805911e-13 2.839482e-31
6542.62 1.797338e-13 2.818464e-31
6545.00 1.786840e-13 2.802364e-31
6547.38 1.775103e-13 2.785001e-31
6549.76 1.764702e-13 2.767172e-31
6552.14 1.758074e-13 2.754667e-31
6554.52 1.753129e-13 2.745098e-31
6556.90 1.744122e-13 2.727047e-31
6559.28 1.735177e-13 2.705351e-31
6561.66 1.719637e-13 2.674126e-31
6564.04 1.701717e-13 2.643621e-31
6566.42 1.689393e-13 2.624369e-31
6568.80 1.676823e-13 2.603210e-31
6571.18 1.661048e-13 2.576647e-31
6573.56 1.649888e-13 2.556918e-31
6575.94 1.640142e-13 2.541095e-31
6578.32 1.627522e-13 2.520371e-31
6580.70 1.614954e-13 2.495255e-31
6583.08 1.599637e-13 2.467392e-31
6585.46 1.583472e-13 2.439341e-31
6587.84 1.565290e-13 2.407146e-31
6590.22 1.546399e-13 2.374208e-31
6592.60 1.530877e-13 2.348834e-31
6594.98 1.516909e-13 2.326189e-31
6597.36 1.497792e-13 2.295907e-31
6599.74 1.478572e-13 2.265319e-31
6602.12 1.458927e-13 2.233742e-31
6604.50 1.436675e-13 2.199121e-31
6606.88 1.417279e-13 2.169928e-31
6609.26 1.399273e-13 2.138225e-31
6611.64 1.385539e-13 2.111000e-31
6614.02 1.371579e-13 2.085325e-31
6616.40 1.354445e-13 2.056846e-31
6618.78 1.338244e-13 2.030548e-31
6621.16 1.321768e-13 2.005919e-31
6623.54 1.305044e-13 1.981232e-31
6625.92 1.288787e-13 1.954591e-31
6628.30 1.273113e-13 1.926081e-31
6630.68 1.258933e-13 1.900821e-31
6633.06 1.247756e-13 1.884075e-31
6635.44 1.234874e-13 1.864323e-31
6637.82 1.220916e-13 1.840902e-31
6640.20 1.207582e-13 1.819005e-31
6642.58 1.193024e-13 1.796488e-31
6644.96 1.175076e-13 1.767511e-31
6647.34 1.158298e-13 1.742061e-31
6649.72 1.145908e-13 1.722220e-31
6652.10 1.136580e-13 1.704538e-31
6654.48 1.126501e-13 1.685334e-31
6656.86 1.113968e-13 1.664328e-31
6659.24 1.102017e-13 1.646009e-31
6661.62 1.092626e-13 1.631573e-31
6664.00 1.082335e-13 1.614502e-31
6666.38 1.069357e-13 1.593779e-31
6668.76 1.056543e-13 1.575174e-31
6671.14 1.046454e-13 1.559357e-31
6673.52 1.039028e-13 1.544833e-31
6675.90 1.030232e-13 1.529088e-31
6678.28 1.019725e-13 1.513430e-31
6680.66 1.009312e-13 1.497913e-31
6683.04 9.989755e-14 1.479739e-31
6685.42 9.916785e-14 1.465884e-31
6687.80 9.834688e-14 1.452603e-31
6690.18 9.760113e-14 1.440934e-31
6692.56 9.693461e-14 1.429554e-31
6694.94 9.586798e-14 1.412835e-31
6697.32 9.488779e-14 1.398837e-31
6699.70 9.432938e-14 1.388786e-31
6702.08 9.365499e-14 1.376749e-31
6704.46 9.273031e-14 1.362914e-31
6706.84 9.201853e-14 1.352078e-31
6709.22 9.143625e-14 1.341503e-31
6711.60 9.076649e-14 1.329928e-31
6713.98 9.010735e-14 1.317692e-31
6716.36 8.939669e-14 1.305452e-31
6718.74 8.860426e-14 1.293606e-31
6721.12 8.799456e-14 1.282391e-31
6723.50 8.740034e-14 1.271987e-31
6725.88 8.669029e-14 1.261822e-31
6728.26 8.575745e-14 1.248973e-31
6730.64 8.487778e-14 1.235967e-31
6733.02 8.453188e-14 1.229914e-31
6735.40 8.442976e-14 1.227018e-31
6737.78 8.390566e-14 1.217326e-31
6740.16 8.308806e-14 1.204800e-31
6742.54 8.227823e-14 1.193436e-31
6744.92 8.148604e-14 1.181361e-31
6747.30 8.086609e-14 1.171934e-31
6749.68 8.067558e-14 1.165908e-31
6752.06 8.038740e-14 1.160285e-31
6754.44 7.966880e-14 1.150249e-31
6756.82 7.889837e-14 1.137909e-31
6759.20 7.842515e-14 1.130266e-31
6761.58 7.769546e-14 1.118979e-31
6763.96 7.711036e-14 1.110564e-31
6766.34 7.689491e-14 1.106426e-31
6768.72 7.664879e-14 1.101279e-31
6771.10 7.608312e-14 1.094158e-31
6773.48 7.557467e-14 1.087049e-31
6775.86 7.477182e-14 1.073811e-31
6778.24 7.424316e-14 1.064673e-31
6780.62 7.424991e-14 1.064360e-31
6783.00 7.414851e-14 1.062592e-31
6785.38 7.368132e-14 1.055439e-31
6787.76 7.313834e-14 1.046938e-31
6790.14 7.274464e-14 1.040159e-31
6792.52 7.262306e-14 1.037298e-31
6794.90 7.255655e-14 1.035625e-31
6797.28 7.214730e-14 1.029235e-31
6799.66 7.186490e-14 1.025410e-31
6802.04 7.169757e-14 1.023515e-31
6804.42 7.145454e-14 1.019879e-31
6806.80 7.099965e-14 1.013466e-31
6809.18 7.038045e-14 1.006454e-31
6811.56 6.998106e-14 1.001873e-31
6813.94 6.979276e-14 9.985102e-32
6816.32 6.965990e-14 9.945329e-32
6818.70 6.956179e-14 9.909459e-32
6821.08 6.935367e-14 9.877908e-32
6823.46 6.875065e-14 9.824953e-32
6825.84 6.871339e-14 9.857502e-32
6828.22 6.899455e-14 9.942602e-32
6830.60 6.896604e-14 9.970950e-32
6832.98 6.874757e-14 9.935626e-32
6835.36 6.879787e-14 9.922169e-32
6837.74 6.865301e-14 9.863044e-32
6840.12 6.861632e-14 9.806090e-32
6842.50 6.859100e-14 9.762006e-32
6844.88 6.833525e-14 9.710791e-32
6847.26 6.818860e-14 9.685030e-32
6849.64 6.839335e-14 9.702993e-32
6852.02 6.822654e-14 9.673877e-32
6854.40 6.787255e-14 9.624246e-32
6856.78 6.780135e-14 9.618613e-32
6859.16 6.811310e-14 9.733012e-32
6861.54 6.875607e-14 1.009900e-31
6863.92 6.869928e-14 1.062457e-31
6866.30 6.840276e-14 1.154850e-31
6868.68 6.869486e-14 1.290003e-31
6871.06 6.945908e-14 1.402910e-31
6873.44 6.985047e-14 1.408385e-31
6875.82 6.953941e-14 1.325574e-31
6878.20 6.923520e-14 1.226729e-31
6880.58 6.889705e-14 1.147477e-31
6882.96 6.839437e-14 1.099628e-31
6885.34 6.838048e-14 1.098553e-31
6887.72 6.891686e-14 1.126075e-31
6890.10 6.910758e-14 1.145388e-31
6892.48 6.901647e-14 1.147610e-31
6894.86 6.905261e-14 1.140711e-31
6897.24 6.908254e-14 1.127549e-31
6899.62 6.892724e-14 1.109570e-31
6902.00 6.903385e-14 1.098860e-31
6904.38 6.911206e-14 1.086434e-31
6906.76 6.910875e-14 1.071101e-31
6909.14 6.929430e-14 1.059903e-31
6911.52 6.942247e-14 1.047292e-31
6913.90 6.918381e-14 1.034246e-31
6916.28 6.914984e-14 1.025368e-31
6918.66 6.921803e-14 1.018066e-31
6921.04 6.890488e-14 1.007033e-31
6923.42 6.835785e-14 9.924283e-32
6925.80 6.798492e-14 9.773083e-32
6928.18 6.778095e-14 9.632835e-32
6930.56 6.743151e-14 9.473970e-32
6932.94 6.721818e-14 9.370766e-32
6935.32 6.740532e-14 9.387513e-32
6937.70 6.704540e-14 9.348438e-32
6940.08 6.645079e-14 9.289362e-32
6942.46 6.622467e-14 9.269035e-32
6944.84 6.626545e-14 9.269087e-32
6947.22 6.642667e-14 9.295498e-32
6949.60 6.699883e-14 9.390150e-32
6951.98 6.704301e-14 9.368436e-32
6954.36 6.681197e-14 9.301247e-32
6956.74 6.646618e-14 9.233124e-32
6959.12 6.612571e-14 9.166884e-32
6961.50 6.618019e-14 9.159383e-32
6963.88 6.625834e-14 9.179671e-32
6966.26 6.637236e-14 9.204785e-32
6968.64 6.620379e-14 9.181468e-32
6971.02 6.583231e-14 9.131352e-32
6973.40 6.569788e-14 9.115052e-32
6975.78 6.548559e-14 9.077486e-32
6978.16 6.514661e-14 9.041188e-32
6980.54 6.474553e-14 8.985790e-32
6982.92 6.432311e-14 8.907616e-32
6985.30 6.391286e-14 8.826491e-32
6987.68 6.357632e-14 8.742622e-32
6990.06 6.331505e-14 8.696767e-32
6992.44 6.298971e-14 8.666663e-32
6994.82 6.291609e-14 8.656308e-32
6997.20 6.298177e-14 8.648354e-32
6999.58 6.260006e-14 8.600097e-32
7001.96 6.252616e-14 8.593761e-32
7004.34 6.258592e-14 8.598260e-32
7006.72 6.250303e-14 8.576228e-32
7009.10 6.227439e-14 8.535014e-32
7011.48 6.206472e-14 8.503266e-32
7013.86 6.203916e-14 8.494567e-32
7016.24 6.197759e-14 8.485623e-32
7018.62 6.196042e-14 8.469838e-32
7021.00 6.214414e-14 8.470986e-32
7023.38 6.234343e-14 8.483363e-32
7025.76 6.229313e-14 8.469573e-32
7028.14 6.256905e-14 8.514207e-32
7030.52 6.324479e-14 8.610611e-32
7032.90 6.376202e-14 8.669339e-32
7035.28 6.377570e-14 8.653224e-32
7037.66 6.358590e-14 8.617604e-32
7040.04 6.344697e-14 8.586679e-32
7042.42 6.349130e-14 8.602896e-32
7044.80 6.376998e-14 8.652031e-32
7047.18 6.389116e-14 8.664508e-32
7049.56 6.363047e-14 8.622827e-32
7051.94 6.372024e-14 8.615215e-32
7054.32 6.365281e-14 8.599498e-32
7056.70 6.365252e-14 8.592292e-32
7059.08 6.365042e-14 8.590179e-32
7061.46 6.340384e-14 8.571403e-32
7063.84 6.340842e-14 8.569474e-32
7066.22 6.333264e-14 8.557535e-32
7068.60 6.349692e-14 8.567571e-32
7070.98 6.368841e-14 8.574667e-32
7073.36 6.351549e-14 8.546909e-32
7075.74 6.323864e-14 8.520330e-32
7078.12 6.304264e-14 8.497750e-32
7080.50 6.313547e-14 8.496912e-32
7082.88 6.328847e-14 8.506439e-32
7085.26 6.327421e-14 8.512495e-32
7087.64 6.322755e-14 8.520754e-32
7090.02 6.327471e-14 8.527100e-32
7092.40 6.324527e-14 8.521501e-32
7094.78 6.334285e-14 8.515027e-32
7097.16 6.368199e-14 8.542671e-32
7099.54 6.421903e-14 8.617894e-32
7101.92 6.495444e-14 8.694720e-32
7104.30 6.532065e-14 8.726646e-32
7106.68 6.531122e-14 8.737758e-32
7109.06 6.561572e-14 8.776075e-32
7111.44 6.634182e-14 8.842065e-32
7113.82 6.683838e-14 8.904614e-32
7116.20 6.759963e-14 8.998658e-32
7118.58 6.849761e-14 9.112941e-32
7120.96 6.906239e-14 9.180277e-32
7123.34 6.908212e-14 9.180816e-32
7125.72 6.906417e-14 9.187935e-32
7128.10 6.989144e-14 9.271230e-32
7130.48 7.078498e-14 9.376722e-32
7132.86 7.123329e-14 9.429166e-32
7135.24 7.165273e-14 9.473428e-32
7137.62 7.226731e-14 9.553830e-32
7140.00 7.244831e-14 9.576582e-32
7142.38 7.264743e-14 9.594464e-32
7144.76 7.278778e-14 9.615426e-32
7147.14 7.313500e-14 9.648900e-32
7149.52 7.381313e-14 9.705335e-32
7151.90 7.416006e-14 9.751870e-32
7154.28 7.404859e-14 9.754477e-32
7156.66 7.397648e-14 9.749587e-32
7159.04 7.403462e-14 9.755264e-32
7161.42 7.392995e-14 9.731168e-32
7163.80 7.371670e-14 9.701011e-32
7166.18 7.386128e-14 9.808563e-32
7168.56 7.356377e-14 9.847068e-32
7170.94 7.296851e-14 9.831115e-32
7173.32 7.239075e-14 9.820747e-32
7175.70 7.205631e-14 9.822796e-32
7178.08 7.240075e-14 9.897736e-32
7180.46 7.235243e-14 9.923580e-32
7182.84 7.178368e-14 9.917188e-32
7185.22 7.119295e-14 9.928869e-32
7187.60 7.102713e-14 9.933391e-32
7189.98 7.122678e-14 9.882679e-32
7192.36 7.101955e-14 9.817264e-32
7194.74 7.072761e-14 9.762113e-32
7197.12 7.060190e-14 9.728645e-32
7199.50 7.049608e-14 9.728780e-32
7201.88 7.044490e-14 9.766939e-32
7204.26 7.082050e-14 9.810828e-32
7206.64 7.113231e-14 9.788883e-32
7209.02 7.198288e-14 9.825477e-32
7211.40 7.281749e-14 9.838663e-32
7213.78 7.284929e-14 9.722770e-32
7216.16 7.330410e-14 9.729475e-32
7218.54 7.312814e-14 9.692128e-32
7220.92 7.291372e-14 9.682206e-32
7223.30 7.275304e-14 9.685763e-32
7225.68 7.220904e-14 9.642732e-32
7228.06 7.174766e-14 9.655953e-32
7230.44 7.159734e-14 9.713133e-32
7232.82 7.103835e-14 9.754056e-32
7235.20 7.049321e-14 9.798822e-32
7237.58 7.031308e-14 9.862394e-32
7239.96 6.998815e-14 9.909677e-32
7242.34 6.983036e-14 9.952122e-32
7244.72 7.021497e-14 9.959922e-32
7247.10 7.069976e-14 9.888295e-32
7249.48 7.072497e-14 9.765898e-32
7251.86 7.054367e-14 9.703337e-32
7254.24 7.098207e-14 9.762806e-32
7256.62 7.176026e-14 9.803562e-32
7259.00 7.229484e-14 9.794841e-32
7261.38 7.225578e-14 9.754161e-32
7263.76 7.213954e-14 9.745373e-32
7266.14 7.266580e-14 9.836801e-32
7268.52 7.297239e-14 9.890685e-32
7270.90 7.323524e-14 9.923744e-32
7273.28 7.365158e-14 1.008263e-31
7275.66 7.373975e-14 1.029718e-31
7278.04 7.327293e-14 1.032018e-31
7280.42 7.340498e-14 1.022228e-31
7282.80 7.443503e-14 1.018518e-31
7285.18 7.540824e-14 1.022823e-31
7287.56 7.545742e-14 1.022812e-31
7289.94 7.483963e-14 1.012393e-31
7292.32 7.460188e-14 1.003374e-31
7294.70 7.515895e-14 1.002709e-31
7297.08 7.580500e-14 1.005790e-31
7299.46 7.608443e-14 1.009186e-31
7301.84 7.592988e-14 1.011604e-31
7304.22 7.549562e-14 1.010918e-31
7306.60 7.595053e-14 1.012670e-31
7308.98 7.695027e-14 1.021101e-31
7311.36 7.718161e-14 1.025661e-31
7313.74 7.675372e-14 1.025980e-31
7316.12 7.710009e-14 1.038498e-31
7318.50 7.784287e-14 1.055565e-31
7320.88 7.764113e-14 1.038209e-31
7323.26 7.779360e-14 1.021196e-31
7325.64 7.879951e-14 1.028433e-31
7328.02 7.956101e-14 1.039040e-31
7330.40 8.005319e-14 1.048181e-31
7332.78 7.942740e-14 1.040023e-31
7335.16 7.899759e-14 1.030696e-31
7337.54 7.962622e-14 1.040321e-31
7339.92 8.064471e-14 1.062904e-31
7342.30 8.106512e-14 1.071952e-31
7344.68 8.045907e-14 1.057243e-31
7347.06 8.019225e-14 1.040277e-31
7349.44 8.018070e-14 1.030407e-31
7351.82 8.002391e-14 1.026386e-31
7354.20 8.025713e-14 1.030283e-31
7356.58 8.054045e-14 1.037614e-31
7358.96 8.064136e-14 1.040499e-31
7361.34 8.048730e-14 1.037331e-31
7363.72 8.037271e-14 1.035940e-31
7366.10 8.058851e-14 1.042709e-31
7368.48 8.087742e-14 1.051586e-31
7370.86 8.112237e-14 1.057649e-31
7373.24 8.114760e-14 1.054175e-31
7375.62 8.101345e-14 1.043966e-31
7378.00 8.103982e-14 1.037206e-31
7380.38 8.128706e-14 1.036701e-31
7382.76 8.114886e-14 1.033208e-31
7385.14 8.090408e-14 1.030849e-31
7387.52 8.113290e-14 1.035819e-31
7389.90 8.141282e-14 1.042195e-31
7392.28 8.105357e-14 1.040905e-31
7394.66 8.103956e-14 1.039944e-31
7397.04 8.072119e-14 1.036259e-31
7399.42 8.035075e-14 1.034582e-31
7401.80 8.040963e-14 1.038649e-31
7404.18 8.068501e-14 1.042156e-31
7406.56 8.070190e-14 1.036622e-31
7408.94 7.987715e-14 1.022630e-31
7411.32 7.952257e-14 1.017009e-31
7413.70 7.949446e-14 1.015655e-31
7416.08 7.896335e-14 1.008265e-31
7418.46 7.870771e-14 1.005484e-31
7420.84 7.856222e-14 1.004778e-31
7423.22 7.855074e-14 1.004881e-31
7425.60 7.809609e-14 9.999943e-32
7427.98 7.728942e-14 9.928221e-32
7430.36 7.709832e-14 9.933297e-32
7432.74 7.706150e-14 9.928449e-32
7435.12 7.667153e-14 9.886250e-32
7437.50 7.640805e-14 9.863386e-32
7439.88 7.626555e-14 9.848419e-32
7442.26 7.579596e-14 9.784777e-32
7444.64 7.544225e-14 9.711394e-32
7447.02 7.483793e-14 9.619020e-32
7449.40 7.423864e-14 9.545753e-32
7451.78 7.384913e-14 9.494714e-32
7454.16 7.328220e-14 9.419528e-32
7456.54 7.235986e-14 9.322557e-32
7458.92 7.212295e-14 9.294931e-32
7461.30 7.180615e-14 9.260792e-32
7463.68 7.098933e-14 9.183332e-32
7466.06 7.003329e-14 9.095370e-32
7468.44 6.943145e-14 9.044329e-32
7470.82 6.962913e-14 9.086960e-32
7473.20 6.946497e-14 9.086435e-32
7475.58 6.865140e-14 8.993892e-32
7477.96 6.776443e-14 8.873604e-32
7480.34 6.725907e-14 8.804712e-32
7482.72 6.707074e-14 8.802421e-32
7485.10 6.672915e-14 8.764133e-32
7487.48 6.655650e-14 8.714896e-32
7489.86 6.642873e-14 8.663901e-32
7492.24 6.599602e-14 8.591357e-32
7494.62 6.559853e-14 8.536517e-32
7497.00 6.528756e-14 8.497883e-32
7499.38 6.526001e-14 8.484438e-32
7501.76 6.527295e-14 8.475357e-32
7504.14 6.504456e-14 8.445430e-32
7506.52 6.472082e-14 8.407673e-32
7508.90 6.450787e-14 8.396097e-32
7511.28 6.476303e-14 8.427127e-32
7513.66 6.498993e-14 8.458408e-32
7516.04 6.498833e-14 8.477495e-32
7518.42 6.513801e-14 8.520996e-32
7520.80 6.532107e-14 8.599952e-32
7523.18 6.556373e-14 8.719496e-32
7525.56 6.562171e-14 8.767044e-32
7527.94 6.568726e-14 8.735737e-32
7530.32 6.606716e-14 8.715710e-32
7532.70 6.642752e-14 8.706238e-32
7535.08 6.650057e-14 8.662775e-32
7537.46 6.664202e-14 8.658222e-32
7539.84 6.687918e-14 8.687643e-32
7542.22 6.709975e-14 8.708942e-32
7544.60 6.741879e-14 8.740235e-32
7546.98 6.767647e-14 8.773157e-32
7549.36 6.777519e-14 8.786158e-32
7551.74 6.849705e-14 8.874403e-32
7554.12 6.970085e-14 9.028159e-32
7556.50 7.015594e-14 9.098865e-32
7558.88 6.983640e-14 9.074143e-32
7561.26 6.996790e-14 9.085551e-32
7563.64 7.050408e-14 9.131612e-32
7566.02 7.075651e-14 9.155289e-32
7568.40 7.064436e-14 9.186240e-32
7570.78 7.066570e-14 9.278534e-32
7573.16 7.069895e-14 9.287368e-32
7575.54 7.105953e-14 9.285974e-32
7577.92 7.168287e-14 9.306528e-32
7580.30 7.190535e-14 9.290727e-32
7582.68 7.162484e-14 9.276158e-32
7585.06 7.219127e-14 9.429716e-32
7587.44 7.303893e-14 9.650415e-32
7589.82 7.329005e-14 1.003934e-31
7592.20 7.376850e-14 1.132139e-31
7594.58 7.531576e-14 1.467426e-31
7596.96 7.600520e-14 2.092867e-31
7599.34 7.511634e-14 2.955008e-31
7601.72 7.210709e-14 3.789225e-31
7604.10 6.881015e-14 4.392494e-31
7606.48 6.785266e-14 4.597451e-31
7608.86 6.892333e-14 4.211716e-31
7611.24 7.017401e-14 3.455482e-31
7613.62 7.268496e-14 2.666793e-31
7616.00 7.455383e-14 2.027955e-31
7618.38 7.455182e-14 1.631379e-31
7620.76 7.484090e-14 1.559628e-31
7623.14 7.428991e-14 1.743043e-31
7625.52 7.443946e-14 2.024638e-31
7627.90 7.403793e-14 2.194490e-31
7630.28 7.376970e-14 2.232515e-31
7632.66 7.518080e-14 2.234521e-31
7635.04 7.425937e-14 2.126000e-31
7637.42 7.382550e-14 2.015830e-31
7639.80 7.411969e-14 1.915523e-31
7642.18 7.458808e-14 1.818615e-31
7644.56 7.508790e-14 1.730463e-31
7646.94 7.474402e-14 1.618629e-31
7649.32 7.458820e-14 1.520306e-31
7651.70 7.448726e-14 1.435840e-31
7654.08 7.465687e-14 1.365998e-31
7656.46 7.476370e-14 1.306040e-31
7658.84 7.405117e-14 1.243353e-31
7661.22 7.428824e-14 1.205213e-31
7663.60 7.437358e-14 1.170523e-31
7665.98 7.423572e-14 1.138704e-31
7668.36 7.403854e-14 1.110886e-31
7670.74 7.335495e-14 1.075409e-31
7673.12 7.280317e-14 1.043240e-31
7675.50 7.266410e-14 1.025020e-31
7677.88 7.261578e-14 1.012650e-31
7680.26 7.256289e-14 1.002790e-31
7682.64 7.235576e-14 9.909778e-32
7685.02 7.143953e-14 9.631936e-32
7687.40 7.042198e-14 9.417483e-32
7689.78 6.982295e-14 9.303044e-32
7692.16 6.954659e-14 9.202487e-32
7694.54 6.955856e-14 9.146185e-32
7696.92 6.992360e-14 9.216181e-32
7699.30 6.979671e-14 9.227701e-32
7701.68 6.956046e-14 9.171170e-32
7704.06 6.927498e-14 9.111122e-32
7706.44 6.910772e-14 9.127418e-32
7708.82 6.924552e-14 9.228497e-32
7711.20 6.890816e-14 9.294835e-32
7713.58 6.851995e-14 9.380684e-32
7715.96 6.844167e-14 9.440139e-32
7718.34 6.823140e-14 9.371906e-32
7720.72 6.765703e-14 9.197984e-32
7723.10 6.753752e-14 9.087630e-32
7725.48 6.789059e-14 9.093991e-32
7727.86 6.768523e-14 9.049873e-32
7730.24 6.718175e-14 8.956257e-32
7732.62 6.697236e-14 8.903915e-32
7735.00 6.677061e-14 8.879011e-32
7737.38 6.694365e-14 8.907836e-32
7739.76 6.659938e-14 8.868134e-32
7742.14 6.611903e-14 8.822526e-32
7744.52 6.601325e-14 8.864697e-32
7746.90 6.594664e-14 8.972893e-32
7749.28 6.596453e-14 9.126577e-32
7751.66 6.586930e-14 9.194021e-32
7754.04 6.594888e-14 9.159239e-32
7756.42 6.612943e-14 9.079137e-32
7758.80 6.609441e-14 9.012740e-32
7761.18 6.590035e-14 8.970012e-32
7763.56 6.508700e-14 8.826904e-32
7765.94 6.454642e-14 8.716424e-32
7768.32 6.458488e-14 8.718788e-32
7770.70 6.456212e-14 8.753401e-32
7773.08 6.422075e-14 8.750818e-32
7775.46 6.420184e-14 8.759961e-32
7777.84 6.427522e-14 8.764734e-32
7780.22 6.417548e-14 8.751789e-32
7782.60 6.375376e-14 8.694412e-32
7784.98 6.324464e-14 8.606363e-32
7787.36 6.341596e-14 8.615608e-32
7789.74 6.340249e-14 8.669562e-32
7792.12 6.342243e-14 8.777882e-32
7794.50 6.330588e-14 8.848606e-32
7796.88 6.272507e-14 8.769865e-32
7799.26 6.256993e-14 8.642013e-32
7801.64 6.254274e-14 8.541390e-32
7804.02 6.281722e-14 8.568513e-32
7806.40 6.284262e-14 8.610185e-32
7808.78 6.227035e-14 8.563856e-32
7811.16 6.201869e-14 8.551674e-32
7813.54 6.236394e-14 8.583869e-32
7815.92 6.219985e-14 8.581815e-32
7818.30 6.167054e-14 8.596324e-32
7820.68 6.140074e-14 8.675319e-32
7823.06 6.128813e-14 8.723500e-32
7825.44 6.116267e-14 8.630643e-32
7827.82 6.100834e-14 8.474187e-32
7830.20 6.096696e-14 8.388878e-32
7832.58 6.086003e-14 8.365751e-32
7834.96 6.058885e-14 8.333649e-32
7837.34 6.062800e-14 8.339892e-32
7839.72 6.080577e-14 8.379124e-32
7842.10 6.058773e-14 8.388430e-32
7844.48 6.026525e-14 8.376730e-32
7846.86 6.025537e-14 8.394515e-32
7849.24 6.021740e-14 8.460641e-32
7851.62 6.005921e-14 8.595046e-32
7854.00 5.995402e-14 8.694721e-32
7856.38 5.979219e-14 8.662620e-32
7858.76 5.950996e-14 8.540544e-32
7861.14 5.931393e-14 8.446922e-32
7863.52 5.922180e-14 8.388939e-32
7865.90 5.895685e-14 8.339884e-32
7868.28 5.870078e-14 8.325677e-32
7870.66 5.858459e-14 8.333263e-32
7873.04 5.838519e-14 8.296071e-32
7875.42 5.802735e-14 8.211355e-32
7877.80 5.798767e-14 8.188832e-32
7880.18 5.786310e-14 8.185237e-32
7882.56 5.748309e-14 8.137177e-32
7884.94 5.706628e-14 8.069179e-32
7887.32 5.672647e-14 8.046726e-32
7889.70 5.667591e-14 8.062868e-32
7892.08 5.645871e-14 8.027335e-32
7894.46 5.604899e-14 7.920754e-32
7896.84 5.582176e-14 7.821507e-32
7899.22 5.568357e-14 7.771614e-32
7901.60 5.500581e-14 7.688323e-32
7903.98 5.462272e-14 7.654803e-32
7906.36 5.444149e-14 7.679234e-32
7908.74 5.419727e-14 7.756014e-32
7911.12 5.416738e-14 7.930879e-32
7913.50 5.433539e-14 8.153540e-32
7915.88 5.389709e-14 8.121671e-32
7918.26 5.353698e-14 7.966563e-32
7920.64 5.343211e-14 7.831777e-32
7923.02 5.315453e-14 7.714337e-32
7925.40 5.283304e-14 7.620689e-32
7927.78 5.260434e-14 7.541089e-32
7930.16 5.247550e-14 7.522450e-32
7932.54 5.227476e-14 7.518262e-32
7934.92 5.203812e-14 7.478263e-32
7937.30 5.182026e-14 7.411117e-32
7939.68 5.127654e-14 7.308410e-32
7942.06 5.125215e-14 7.303064e-32
7944.44 5.112344e-14 7.306276e-32
7946.82 5.081748e-14 7.300728e-32
7949.20 5.080066e-14 7.334709e-32
7951.58 5.030220e-14 7.273113e-32
7953.96 4.997623e-14 7.200611e-32
7956.34 4.947718e-14 7.095037e-32
7958.72 4.898817e-14 7.040984e-32
7961.10 4.882144e-14 7.122389e-32
7963.48 4.861541e-14 7.250639e-32
7965.86 4.893610e-14 7.392198e-32
7968.24 4.876375e-14 7.301943e-32
7970.62 4.839711e-14 7.104662e-32
7973.00 4.853935e-14 7.031783e-32
7975.38 4.856561e-14 7.035078e-32
7977.76 4.782831e-14 7.013171e-32
7980.14 4.774896e-14 7.058571e-32
7982.52 4.760518e-14 7.020347e-32
7984.90 4.700574e-14 6.887683e-32
7987.28 4.663072e-14 6.833962e-32
7989.66 4.618049e-14 6.858188e-32
7992.04 4.632617e-14 7.036122e-32
7994.42 4.649686e-14 7.153961e-32
7996.80 4.646461e-14 7.077186e-32
7999.18 4.616479e-14 6.871187e-32
8001.56 4.526246e-14 6.653997e-32
8003.94 4.503420e-14 6.568043e-32
8006.32 4.509643e-14 6.563115e-32
8008.70 4.493491e-14 6.563308e-32
8011.08 4.464266e-14 6.564265e-32
8013.46 4.437666e-14 6.579475e-32
8015.84 4.402924e-14 6.569250e-32
8018.22 4.413582e-14 6.561102e-32
8020.60 4.400968e-14 6.521281e-32
8022.98 4.375557e-14 6.548333e-32
8025.36 4.396203e-14 6.700945e-32
8027.74 4.371993e-14 6.723693e-32
8030.12 4.367100e-14 6.642494e-32
8032.50 4.375876e-14 6.528412e-32
8034.88 4.372237e-14 6.454648e-32
8037.26 4.355124e-14 6.425901e-32
8039.64 4.331390e-14 6.374105e-32
8042.02 4.320586e-14 6.347661e-32
8044.40 4.314715e-14 6.328074e-32
8046.78 4.306733e-14 6.336556e-32
8049.16 4.311483e-14 6.400229e-32
8051.54 4.342686e-14 6.488426e-32
8053.92 4.367470e-14 6.550043e-32
8056.30 4.336287e-14 6.510642e-32
8058.68 4.299382e-14 6.479957e-32
8061.06 4.306700e-14 6.532668e-32
8063.44 4.323901e-14 6.569099e-32
8065.82 4.302297e-14 6.497273e-32
8068.20 4.298550e-14 6.436111e-32
8070.58 4.301486e-14 6.394399e-32
8072.96 4.287620e-14 6.365250e-32
8075.34 4.288420e-14 6.396873e-32
8077.72 4.327190e-14 6.479825e-32
8080.10 4.309659e-14 6.459312e-32
8082.48 4.305702e-14 6.439433e-32
8084.86 4.294147e-14 6.414656e-32
8087.24 4.265401e-14 6.384183e-32
8089.62 4.292792e-14 6.437314e-32
8092.00 4.307032e-14 6.464483e-32
8094.38 4.291073e-14 6.469810e-32
8096.76 4.291100e-14 6.473743e-32
8099.14 4.312879e-14 6.495101e-32
8101.52 4.325487e-14 6.550260e-32
8103.90 4.339027e-14 6.607159e-32
8106.28 4.326408e-14 6.579515e-32
8108.66 4.290996e-14 6.482055e-32
8111.04 4.271859e-14 6.425233e-32
8113.42 4.271920e-14 6.432994e-32
8115.80 4.248992e-14 6.406298e-32
8118.18 4.238173e-14 6.405692e-32
8120.56 4.207686e-14 6.370386e-32
8122.94 4.131328e-14 6.263832e-32
8125.32 4.060284e-14 6.167195e-32
8127.70 4.053611e-14 6.166247e-32
8130.08 4.038294e-14 6.178286e-32
8132.46 3.951789e-14 6.116197e-32
8134.84 3.877085e-14 6.064667e-32
8137.22 3.839789e-14 6.051131e-32
8139.60 3.789241e-14 6.014856e-32
8141.98 3.762952e-14 5.985937e-32
8144.36 3.694953e-14 5.874660e-32
8146.74 3.572732e-14 5.708743e-32
8149.12 3.467160e-14 5.582301e-32
8151.50 3.411384e-14 5.523599e-32
8153.88 3.348383e-14 5.480874e-32
8156.26 3.290733e-14 5.441992e-32
8158.64 3.204834e-14 5.353838e-32
8161.02 3.090959e-14 5.240559e-32
8163.40 2.996907e-14 5.154037e-32
8165.78 2.934542e-14 5.054394e-32
8168.16 2.844942e-14 4.866499e-32
8170.54 2.812459e-14 4.770899e-32
8172.92 2.798210e-14 4.748612e-32
8175.30 2.735678e-14 4.705277e-32
8177.68 2.638287e-14 4.625859e-32
8180.06 2.547257e-14 4.515254e-32
8182.44 2.537511e-14 4.489093e-32
8184.82 2.500525e-14 4.424617e-32
8187.20 2.427202e-14 4.312581e-32
8189.58 2.385413e-14 4.250713e-32
8191.96 2.329000e-14 4.194751e-32
8194.34 2.268542e-14 4.130897e-32
8196.72 2.203695e-14 4.033405e-32
8199.10 2.141018e-14 3.892803e-32
8201.48 2.099046e-14 3.749936e-32
8203.86 2.077935e-14 3.646565e-32
8206.24 2.039155e-14 3.537054e-32
8208.62 1.976809e-14 3.425841e-32
8211.00 1.929155e-14 3.366878e-32
8213.38 1.904927e-14 3.361153e-32
8215.76 1.877348e-14 3.357850e-32
8218.14 1.845345e-14 3.344209e-32
8220.52 1.797617e-14 3.297473e-32
8222.90 1.755727e-14 3.257396e-32
8225.28 1.708405e-14 3.241884e-32
8227.66 1.635770e-14 3.217850e-32
8230.04 1.579303e-14 3.166822e-32
8232.42 1.587160e-14 3.130487e-32
8234.80 1.633386e-14 3.130098e-32
8237.18 1.675611e-14 3.140868e-32
8239.56 1.691094e-14 3.136078e-32
8241.94 1.682642e-14 3.115297e-32
8244.32 1.678800e-14 3.080269e-32
8246.70 1.695797e-14 3.069338e-32
8249.08 1.728935e-14 3.107531e-32
8251.46 1.745246e-14 3.148160e-32
8253.84 1.734183e-14 3.160050e-32
8256.22 1.745784e-14 3.217795e-32
8258.60 1.756698e-14 3.252170e-32
8260.98 1.791375e-14 3.279309e-32
8263.36 1.846342e-14 3.320579e-32
8265.74 1.885657e-14 3.358286e-32
8268.12 1.904851e-14 3.384223e-32
8270.50 1.899363e-14 3.391004e-32
8272.88 1.895071e-14 3.461169e-32
8275.26 1.890203e-14 3.561422e-32
8277.64 1.895861e-14 3.654973e-32
8280.02 1.939627e-14 3.787785e-32
8282.40 1.970682e-14 3.882198e-32
8284.78 1.997938e-14 3.918509e-32
8287.16 2.012433e-14 3.941948e-32
8289.54 2.012630e-14 3.957930e-32
8291.92 2.023567e-14 3.942747e-32
8294.30 2.051820e-14 3.954264e-32
8296.68 2.088843e-14 4.047699e-32
8299.06 2.114564e-14 4.136411e-32
8301.44 2.118898e-14 4.096069e-32
8303.82 2.112843e-14 3.942966e-32
8306.20 2.119623e-14 3.845789e-32
8308.58 2.148840e-14 3.858967e-32
8310.96 2.155482e-14 3.882947e-32
8313.34 2.118064e-14 3.833940e-32
8315.72 2.090347e-14 3.777170e-32
8318.10 2.125660e-14 3.820499e-32
8320.48 2.150923e-14 3.861252e-32
8322.86 2.152492e-14 3.833096e-32
8325.24 2.150751e-14 3.775030e-32
8327.62 2.167941e-14 3.779319e-32
8330.00 2.188294e-14 3.836566e-32
8332.38 2.162835e-14 3.809475e-32
8334.76 2.166785e-14 3.846670e-32
8337.14 2.210138e-14 3.957727e-32
8339.52 2.262209e-14 4.142198e-32
8341.90 2.296549e-14 4.414513e-32
8344.28 2.296814e-14 4.653875e-32
8346.66 2.292360e-14 4.705184e-32
8349.04 2.316079e-14 4.562480e-32
8351.42 2.353022e-14 4.415826e-32
8353.80 2.373804e-14 4.366285e-32
8356.18 2.381523e-14 4.309719e-32
8358.56 2.394364e-14 4.259180e-32
8360.94 2.423185e-14 4.246274e-32
8363.32 2.456130e-14 4.299083e-32
8365.70 2.467766e-14 4.343025e-32
8368.08 2.464736e-14 4.302919e-32
8370.46 2.496503e-14 4.291488e-32
8372.84 2.520747e-14 4.296161e-32
8375.22 2.525132e-14 4.317018e-32
8377.60 2.554191e-14 4.405886e-32
8379.98 2.617004e-14 4.558090e-32
8382.36 2.645054e-14 4.660750e-32
8384.74 2.649177e-14 4.682265e-32
8387.12 2.671488e-14 4.658122e-32
8389.50 2.719605e-14 4.669415e-32
8391.88 2.771263e-14 4.745628e-32
8394.26 2.821929e-14 4.879934e-32
8396.64 2.894046e-14 5.160734e-32
8399.02 2.931549e-14 5.413623e-32
8401.40 2.917542e-14 5.426777e-32
8403.78 2.927397e-14 5.249538e-32
8406.16 3.002310e-14 5.108762e-32
8408.54 3.046220e-14 5.081739e-32
8410.92 3.133194e-14 5.234949e-32
8413.30 3.226279e-14 5.442951e-32
8415.68 3.263473e-14 5.555490e-32
8418.06 3.269862e-14 5.556941e-32
8420.44 3.301778e-14 5.533362e-32
8422.82 3.336499e-14 5.548446e-32
8425.20 3.396071e-14 5.696168e-32
8427.58 3.482509e-14 6.012368e-32
8429.96 3.553864e-14 6.331861e-32
8432.34 3.589856e-14 6.401154e-32
8434.72 3.644189e-14 6.268306e-32
8437.10 3.706116e-14 6.110063e-32
8439.48 3.762119e-14 6.057740e-32
8441.86 3.812281e-14 6.117216e-32
8444.24 3.875106e-14 6.247957e-32
8446.62 3.984675e-14 6.467118e-32
8449.00 4.087796e-14 6.670817e-32
8451.38 4.173258e-14 6.836530e-32
8453.76 4.262876e-14 6.972384e-32
8456.14 4.355017e-14 7.045995e-32
8458.52 4.433779e-14 7.075107e-32
8460.90 4.551359e-14 7.281646e-32
8463.28 4.705791e-14 7.684832e-32
8465.66 4.851973e-14 8.060365e-32
8468.04 4.959034e-14 8.199009e-32
8470.42 5.042975e-14 8.140463e-32
8472.80 5.145842e-14 8.110775e-32
8475.18 5.279935e-14 8.238212e-32
8477.56 5.390856e-14 8.386220e-32
8479.94 5.467835e-14 8.466751e-32
8482.32 5.555000e-14 8.556555e-32
8484.70 5.634051e-14 8.644801e-32
8487.08 5.721332e-14 8.780584e-32
8489.46 5.830238e-14 8.981557e-32
8491.84 5.947877e-14 9.211551e-32
8494.22 6.056504e-14 9.420558e-32
8496.60 6.151954e-14 9.576957e-32
8498.98 6.211294e-14 9.662744e-32
8501.36 6.256268e-14 9.780017e-32
8503.74 6.315923e-14 9.954689e-32
8506.12 6.375222e-14 1.006000e-31
8508.50 6.412300e-14 9.994783e-32
8510.88 6.484156e-14 9.909348e-32
8513.26 6.531338e-14 9.890177e-32
8515.64 6.584494e-14 9.983933e-32
8518.02 6.663310e-14 1.014782e-31
8520.40 6.715256e-14 1.028325e-31
8522.78 6.765196e-14 1.037881e-31
8525.16 6.818331e-14 1.040609e-31
8527.54 6.841467e-14 1.036190e-31
8529.92 6.864204e-14 1.033638e-31
8532.30 6.932114e-14 1.041842e-31
8534.68 7.001546e-14 1.056974e-31
8537.06 7.061062e-14 1.073985e-31
8539.44 7.083580e-14 1.084380e-31
8541.82 7.088889e-14 1.086938e-31
8544.20 7.107425e-14 1.086260e-31
8546.58 7.132342e-14 1.086551e-31
8548.96 7.182725e-14 1.093435e-31
8551.34 7.258697e-14 1.104614e-31
8553.72 7.300640e-14 1.109747e-31
8556.10 7.310309e-14 1.110866e-31
8558.48 7.350869e-14 1.119076e-31
8560.86 7.391992e-14 1.127155e-31
8563.24 7.437228e-14 1.132752e-31
8565.62 7.476494e-14 1.136257e-31
8568.00 7.524385e-14 1.138199e-31
8570.38 7.582660e-14 1.138671e-31
8572.76 7.596130e-14 1.138341e-31
8575.14 7.602607e-14 1.140794e-31
8577.52 7.618058e-14 1.148040e-31
8579.90 7.672172e-14 1.162668e-31
8582.28 7.750572e-14 1.178001e-31
8584.66 7.791991e-14 1.183250e-31
8587.04 7.854313e-14 1.191630e-31
8589.42 7.900010e-14 1.194419e-31
8591.80 7.921120e-14 1.193101e-31
8594.18 7.972992e-14 1.198868e-31
8596.56 8.060507e-14 1.211959e-31
8598.94 8.081058e-14 1.220585e-31
8601.32 8.112751e-14 1.229782e-31
8603.70 8.197226e-14 1.241692e-31
8606.08 8.255114e-14 1.248859e-31
8608.46 8.249506e-14 1.248538e-31
8610.84 8.289687e-14 1.251013e-31
8613.22 8.328064e-14 1.253630e-31
8615.60 8.385825e-14 1.259527e-31
8617.98 8.430165e-14 1.265195e-31
8620.36 8.441670e-14 1.271088e-31
8622.74 8.496015e-14 1.287963e-31
8625.12 8.562286e-14 1.306914e-31
8627.50 8.610962e-14 1.321764e-31
8629.88 8.647569e-14 1.332240e-31
8632.26 8.687909e-14 1.338452e-31
8634.64 8.726335e-14 1.338314e-31
8637.02 8.742510e-14 1.331505e-31
8639.40 8.763727e-14 1.323566e-31
8641.78 8.805430e-14 1.323369e-31
8644.16 8.862751e-14 1.332872e-31
8646.54 8.911610e-14 1.346345e-31
8648.92 8.926387e-14 1.359236e-31
8651.30 8.945765e-14 1.370425e-31
8653.68 8.955888e-14 1.375915e-31
8656.06 8.979959e-14 1.376203e-31
8658.44 9.035789e-14 1.375985e-31
8660.82 9.075419e-14 1.377218e-31
8663.20 9.104826e-14 1.377915e-31
8665.58 9.125761e-14 1.379560e-31
8667.96 9.146655e-14 1.386270e-31
8670.34 9.167019e-14 1.394449e-31
8672.72 9.173994e-14 1.395199e-31
8675.10 9.179575e-14 1.391980e-31
8677.48 9.219247e-14 1.394070e-31
8679.86 9.246740e-14 1.396234e-31
8682.24 9.263848e-14 1.395113e-31
8684.62 9.308862e-14 1.395498e-31
8687.00 9.334107e-14 1.398147e-31
8689.38 9.351908e-14 1.402965e-31
8691.76 9.356635e-14 1.406636e-31
8694.14 9.372643e-14 1.410421e-31
8696.52 9.397367e-14 1.413465e-31
8698.90 9.380316e-14 1.410528e-31
8701.28 9.387113e-14 1.411163e-31
8703.66 9.431426e-14 1.416969e-31
8706.04 9.470698e-14 1.422678e-31
8708.42 9.476868e-14 1.426023e-31
8710.80 9.465900e-14 1.428919e-31
8713.18 9.459268e-14 1.429451e-31
8715.56 9.475577e-14 1.427480e-31
8717.94 9.490926e-14 1.424452e-31
8720.32 9.488343e-14 1.422456e-31
8722.70 9.488021e-14 1.423733e-31
8725.08 9.506233e-14 1.428860e-31
8727.46 9.506307e-14 1.433015e-31
8729.84 9.491349e-14 1.434604e-31
8732.22 9.478186e-14 1.434753e-31
8734.60 9.470742e-14 1.434145e-31
8736.98 9.475254e-14 1.432619e-31
8739.36 9.508086e-14 1.431313e-31
8741.74 9.502149e-14 1.428234e-31
8744.12 9.475444e-14 1.426876e-31
8746.50 9.467144e-14 1.429529e-31
8748.88 9.455650e-14 1.431709e-31
8751.26 9.439958e-14 1.431484e-31
8753.64 9.410851e-14 1.434960e-31
8756.02 9.381751e-14 1.446514e-31
8758.40 9.385799e-14 1.469398e-31
8760.78 9.424977e-14 1.499461e-31
8763.16 9.449701e-14 1.520954e-31
8765.54 9.455770e-14 1.531400e-31
8767.92 9.400556e-14 1.525046e-31
8770.30 9.327445e-14 1.502816e-31
8772.68 9.305756e-14 1.481992e-31
8775.06 9.308097e-14 1.483658e-31
8777.44 9.310107e-14 1.500907e-31
8779.82 9.293941e-14 1.505304e-31
8782.20 9.288121e-14 1.486308e-31
8784.58 9.278307e-14 1.458215e-31
8786.96 9.218065e-14 1.439926e-31
8789.34 9.174298e-14 1.433234e-31
8791.72 9.124953e-14 1.422117e-31
8794.10 9.059532e-14 1.400218e-31
8796.48 9.035380e-14 1.383285e-31
8798.86 9.065029e-14 1.383744e-31
8801.24 9.038184e-14 1.386198e-31
8803.62 8.990425e-14 1.391708e-31
8806.00 8.938970e-14 1.396751e-31
8808.38 8.910231e-14 1.396434e-31
8810.76 8.886669e-14 1.385889e-31
8813.14 8.803813e-14 1.362827e-31
8815.52 8.762101e-14 1.342270e-31
8817.90 8.756392e-14 1.336459e-31
8820.28 8.756784e-14 1.350179e-31
8822.66 8.765716e-14 1.395832e-31
8825.04 8.779448e-14 1.475646e-31
8827.42 8.751396e-14 1.536258e-31
8829.80 8.687148e-14 1.530751e-31
8832.18 8.626468e-14 1.478614e-31
8834.56 8.581717e-14 1.430539e-31
8836.94 8.544195e-14 1.405205e-31
8839.32 8.532816e-14 1.376326e-31
8841.70 8.545003e-14 1.343069e-31
8844.08 8.533859e-14 1.321575e-31
8846.46 8.499893e-14 1.325183e-31
8848.84 8.474909e-14 1.346764e-31
8851.22 8.425006e-14 1.357489e-31
8853.60 8.276121e-14 1.336949e-31
8855.98 8.181350e-14 1.312069e-31
8858.36 8.188255e-14 1.300286e-31
8860.74 8.219239e-14 1.297599e-31
8863.12 8.236003e-14 1.300562e-31
8865.50 8.246590e-14 1.312009e-31
8867.88 8.214159e-14 1.322004e-31
8870.26 8.149293e-14 1.318031e-31
8872.64 8.097775e-14 1.305023e-31
8875.02 8.059201e-14 1.297331e-31
8877.40 7.980411e-14 1.294076e-31
8879.78 7.922734e-14 1.295718e-31
8882.16 7.934032e-14 1.323367e-31
8884.54 7.977557e-14 1.368302e-31
8886.92 7.961840e-14 1.384987e-31
8889.30 7.860454e-14 1.346548e-31
8891.68 7.807022e-14 1.293704e-31
8894.06 7.786518e-14 1.264224e-31
8896.44 7.765353e-14 1.258929e-31
8898.82 7.729607e-14 1.265899e-31
8901.20 7.664142e-14 1.281461e-31
8903.58 7.593019e-14 1.291849e-31
8905.96 7.520817e-14 1.278768e-31
8908.34 7.493811e-14 1.253462e-31
8910.72 7.488822e-14 1.232621e-31
8913.10 7.438607e-14 1.223025e-31
8915.48 7.392981e-14 1.239364e-31
8917.86 7.395545e-14 1.294808e-31
8920.24 7.361505e-14 1.338307e-31
8922.62 7.290140e-14 1.327507e-31
8925.00 7.236203e-14 1.274165e-31
8927.38 7.160516e-14 1.217652e-31
8929.76 7.067457e-14 1.181294e-31
8932.14 6.971009e-14 1.157802e-31
8934.52 6.940524e-14 1.147597e-31
8936.90 6.969534e-14 1.150926e-31
8939.28 6.947667e-14 1.156981e-31
8941.66 6.878749e-14 1.167386e-31
8944.04 6.793414e-14 1.174020e-31
8946.42 6.688963e-14 1.162318e-31
8948.80 6.611569e-14 1.146929e-31
8951.18 6.607111e-14 1.154222e-31
8953.56 6.590378e-14 1.171579e-31
8955.94 6.535279e-14 1.191989e-31
8958.32 6.476106e-14 1.199866e-31
8960.70 6.399556e-14 1.182686e-31
8963.08 6.296498e-14 1.145821e-31
8965.46 6.237082e-14 1.110338e-31
8967.84 6.220251e-14 1.092655e-31
8970.22 6.211752e-14 1.095854e-31
8972.60 6.231318e-14 1.116950e-31
8974.98 6.268607e-14 1.132630e-31
8977.36 6.263352e-14 1.119598e-31
8979.74 6.259164e-14 1.110454e-31
8982.12 6.253260e-14 1.114306e-31
8984.50 6.206265e-14 1.130684e-31
8986.88 6.071038e-14 1.152194e-31
8989.26 5.911541e-14 1.172099e-31
8991.64 5.946379e-14 1.193197e-31
8994.02 6.154935e-14 1.196891e-31
8996.40 6.349248e-14 1.203843e-31
8998.78 6.372702e-14 1.224369e-31
9001.16 6.272194e-14 1.248227e-31
9003.54 6.228813e-14 1.263365e-31
9005.92 6.210341e-14 1.229550e-31
9008.30 6.265100e-14 1.209037e-31
9010.68 6.450831e-14 1.246468e-31
9013.06 6.670093e-14 1.318379e-31
9015.44 6.753130e-14 1.379092e-31
9017.82 6.751985e-14 1.405361e-31
9020.20 6.697119e-14 1.382685e-31
9022.58 6.577303e-14 1.335420e-31
9024.96 6.460462e-14 1.299519e-31
9027.34 6.451605e-14 1.284436e-31
9029.72 6.508638e-14 1.270843e-31
9032.10 6.529980e-14 1.243689e-31
9034.48 6.544746e-14 1.220996e-31
9036.86 6.532806e-14 1.210206e-31
9039.24 6.459929e-14 1.206607e-31
9041.62 6.413361e-14 1.215244e-31
9044.00 6.390572e-14 1.218692e-31
9046.38 6.381340e-14 1.219366e-31
9048.76 6.361709e-14 1.223909e-31
9051.14 6.317536e-14 1.220585e-31
9053.52 6.292296e-14 1.199287e-31
9055.90 6.357318e-14 1.193618e-31
9058.28 6.410095e-14 1.203468e-31
9060.66 6.353116e-14 1.213368e-31
9063.04 6.190512e-14 1.204088e-31
9065.42 6.017389e-14 1.176431e-31
9067.80 5.932445e-14 1.168071e-31
9070.18 5.884129e-14 1.179214e-31
9072.56 5.827282e-14 1.173889e-31
9074.94 5.815149e-14 1.158357e-31
9077.32 5.857205e-14 1.158002e-31
9079.70 5.834537e-14 1.154669e-31
9082.08 5.798709e-14 1.151432e-31
9084.46 5.785119e-14 1.151490e-31
9086.84 5.773559e-14 1.157409e-31
9089.22 5.747126e-14 1.162947e-31
9091.60 5.729055e-14 1.159623e-31
9093.98 5.728998e-14 1.160553e-31
9096.36 5.678413e-14 1.151292e-31
9098.74 5.594725e-14 1.135775e-31
9101.12 5.552227e-14 1.125826e-31
9103.50 5.547998e-14 1.116869e-31
9105.88 5.498224e-14 1.101723e-31
9108.26 5.503252e-14 1.103940e-31
9110.64 5.591545e-14 1.122776e-31
9113.02 5.642630e-14 1.128915e-31
9115.40 5.558355e-14 1.113431e-31
9117.78 5.431179e-14 1.108733e-31
9120.16 5.401236e-14 1.112370e-31
9122.54 5.464463e-14 1.114875e-31
9124.92 5.440768e-14 1.096785e-31
9127.30 5.286246e-14 1.072496e-31
9129.68 5.159601e-14 1.074909e-31
9132.06 5.009447e-14 1.057992e-31
9134.44 4.978932e-14 1.058594e-31
9136.82 5.009240e-14 1.065466e-31
9139.20 5.051873e-14 1.062262e-31
9141.58 5.170242e-14 1.067828e-31
9143.96 5.253104e-14 1.073912e-31
9146.34 5.269535e-14 1.085601e-31
9148.72 5.186626e-14 1.086378e-31
9151.10 5.008302e-14 1.073435e-31
9153.48 4.818537e-14 1.060110e-31
9155.86 4.745995e-14 1.049744e-31
9158.24 4.855583e-14 1.055909e-31
9160.62 4.982185e-14 1.056512e-31
9163.00 5.046630e-14 1.053872e-31
9165.38 5.090332e-14 1.065556e-31
9167.76 5.096331e-14 1.079398e-31
9170.14 4.980530e-14 1.070179e-31
9172.52 4.821468e-14 1.052991e-31
9174.90 4.741757e-14 1.048055e-31
9177.28 4.760358e-14 1.044137e-31
9179.66 4.820135e-14 1.028547e-31
9182.04 4.907894e-14 1.034732e-31
9184.42 4.945768e-14 1.052643e-31
9186.80 5.016982e-14 1.085552e-31
9189.18 5.066594e-14 1.103926e-31
9191.56 4.973342e-14 1.081116e-31
9193.94 4.871325e-14 1.061500e-31
9196.32 4.871267e-14 1.059723e-31
9198.70 4.925180e-14 1.059244e-31
9201.08 4.999600e-14 1.061886e-31
9203.46 5.087150e-14 1.080099e-31
9205.84 5.133737e-14 1.106071e-31
9208.22 5.113021e-14 1.127264e-31
9210.60 5.129046e-14 1.165076e-31
9212.98 5.151805e-14 1.205975e-31
9215.36 5.083517e-14 1.213482e-31
9217.74 4.972792e-14 1.187757e-31
9220.12 4.996989e-14 1.173863e-31
9222.50 5.060370e-14 1.160324e-31
9224.88 5.136896e-14 1.179727e-31
9227.26 5.214542e-14 1.221822e-31
9229.64 5.247454e-14 1.241476e-31
9232.02 5.250088e-14 1.259757e-31
9234.40 5.262989e-14 1.300118e-31
9236.78 5.185142e-14 1.305476e-31
9239.16 5.025031e-14 1.264241e-31
9241.54 4.955966e-14 1.245682e-31
9243.92 5.039045e-14 1.281094e-31
9246.30 5.007541e-14 1.261363e-31
9248.68 4.976700e-14 1.216173e-31
9251.06 4.949507e-14 1.175634e-31
9253.44 4.858870e-14 1.134087e-31
9255.82 4.789318e-14 1.111416e-31
9258.20 4.838984e-14 1.153680e-31
9260.58 4.865840e-14 1.199368e-31
9262.96 4.897237e-14 1.245439e-31
9265.34 4.929178e-14 1.269610e-31
9267.72 4.870653e-14 1.234539e-31
9270.10 4.747804e-14 1.183157e-31
9272.48 4.614829e-14 1.142720e-31
9274.86 4.516597e-14 1.115559e-31
9277.24 4.464065e-14 1.109373e-31
9279.62 4.443631e-14 1.122572e-31
9282.00 4.441867e-14 1.135196e-31
9284.38 4.451675e-14 1.152756e-31
9286.76 4.460564e-14 1.171728e-31
9289.14 4.498372e-14 1.202817e-31
9291.52 4.516339e-14 1.233160e-31
9293.90 4.433337e-14 1.234620e-31
9296.28 4.350255e-14 1.232967e-31
9298.66 4.289720e-14 1.238315e-31
9301.04 4.268544e-14 1.255006e-31
9303.42 4.308404e-14 1.292898e-31
9305.80 4.377490e-14 1.366488e-31
9308.18 4.399530e-14 1.476441e-31
9310.56 4.407651e-14 1.579865e-31
9312.94 4.358288e-14 1.640626e-31
9315.32 4.237812e-14 1.683177e-31
9317.70 4.117939e-14 1.697058e-31
9320.08 4.063288e-14 1.632110e-31
9322.46 4.027602e-14 1.612842e-31
9324.84 4.003645e-14 1.656850e-31
9327.22 4.019561e-14 1.629313e-31
9329.60 4.063196e-14 1.518424e-31
9331.98 4.037915e-14 1.468939e-31
9334.36 3.863686e-14 1.474191e-31
9336.74 3.744344e-14 1.527257e-31
9339.12 3.726101e-14 1.606457e-31
9341.50 3.690180e-14 1.714486e-31
9343.88 3.663531e-14 1.828987e-31
9346.26 3.878958e-14 1.836346e-31
9348.64 4.155038e-14 1.697823e-31
9351.02 4.150795e-14 1.550265e-31
9353.40 3.963752e-14 1.560882e-31
9355.78 3.897893e-14 1.706157e-31
9358.16 3.963068e-14 1.767996e-31
9360.54 4.055025e-14 1.670922e-31
9362.92 4.130506e-14 1.573371e-31
9365.30 4.087754e-14 1.580589e-31
9367.68 3.923612e-14 1.672227e-31
9370.06 3.833186e-14 1.805373e-31
9372.44 3.952744e-14 1.974202e-31
9374.82 4.055178e-14 2.083531e-31
9377.20 3.913355e-14 2.053829e-31
9379.58 3.745054e-14 1.950362e-31
9381.96 3.859587e-14 1.852079e-31
9384.34 4.060321e-14 1.705941e-31
9386.72 4.227933e-14 1.632746e-31
9389.10 4.338371e-14 1.585820e-31
9391.48 4.418819e-14 1.529147e-31
9393.86 4.490660e-14 1.511625e-31
9396.24 4.522443e-14 1.553742e-31
9398.62 4.459064e-14 1.604068e-31
9401.00 4.379380e-14 1.629835e-31
9403.38 4.334823e-14 1.615126e-31
9405.76 4.308169e-14 1.569715e-31
9408.14 4.259772e-14 1.530882e-31
9410.52 4.177994e-14 1.526266e-31
9412.90 4.179736e-14 1.534732e-31
9415.28 4.243883e-14 1.561186e-31
9417.66 4.311312e-14 1.630565e-31
9420.04 4.335198e-14 1.712018e-31
9422.42 4.251255e-14 1.733419e-31
9424.80 4.189305e-14 1.799585e-31
9427.18 4.055806e-14 1.894561e-31
9429.56 3.930904e-14 1.901928e-31
9431.94 4.003763e-14 1.786721e-31
9434.32 4.181435e-14 1.690135e-31
9436.70 4.179218e-14 1.775532e-31
9439.08 3.939916e-14 1.977772e-31
9441.46 3.752428e-14 2.133593e-31
9443.84 3.785510e-14 2.072025e-31
9446.22 3.888364e-14 1.803453e-31
9448.60 3.987512e-14 1.664331e-31
9450.98 3.993874e-14 1.655552e-31
9453.36 3.919704e-14 1.712988e-31
9455.74 3.846809e-14 1.829928e-31
9458.12 3.781980e-14 1.943097e-31
9460.50 3.665558e-14 1.895367e-31
9462.88 3.691600e-14 1.762063e-31
9465.26 3.742564e-14 1.600862e-31
9467.64 3.752978e-14 1.526989e-31
9470.02 3.760596e-14 1.571095e-31
9472.40 3.721139e-14 1.597491e-31
9474.78 3.694656e-14 1.671935e-31
9477.16 3.669842e-14 1.805923e-31
9479.54 3.622799e-14 1.922561e-31
9481.92 3.617375e-14 1.939333e-31
9484.30 3.706005e-14 1.823278e-31
9486.68 3.747270e-14 1.606717e-31
9489.06 3.758137e-14 1.487859e-31
9491.44 3.733459e-14 1.516524e-31
9493.82 3.632727e-14 1.614203e-31
9496.20 3.470502e-14 1.699749e-31
9498.58 3.328104e-14 1.737273e-31
9500.96 3.243751e-14 1.749852e-31
9503.34 3.406417e-14 1.761398e-31
9505.72 3.658788e-14 1.699222e-31
9508.10 3.724122e-14 1.558835e-31
9510.48 3.694542e-14 1.502496e-31
9512.86 3.658575e-14 1.531782e-31
9515.24 3.528134e-14 1.595076e-31
9517.62 3.412208e-14 1.701456e-31
9520.00 3.388177e-14 1.820158e-31
9522.38 3.352477e-14 1.846026e-31
9524.76 3.374579e-14 1.776800e-31
9527.14 3.421485e-14 1.706539e-31
9529.52 3.456801e-14 1.651725e-31
9531.90 3.521635e-14 1.626705e-31
9534.28 3.600958e-14 1.648551e-31
9536.66 3.551173e-14 1.655309e-31
9539.04 3.519491e-14 1.671989e-31
9541.42 3.514965e-14 1.727865e-31
9543.80 3.530645e-14 1.829320e-31
9546.18 3.588937e-14 1.913209e-31
9548.56 3.616318e-14 1.871478e-31
9550.94 3.492090e-14 1.746231e-31
9553.32 3.355644e-14 1.713516e-31
9555.70 3.230114e-14 1.708822e-31
9558.08 3.153455e-14 1.644802e-31
9560.46 3.201959e-14 1.602582e-31
9562.84 3.136667e-14 1.573024e-31
9565.22 3.111727e-14 1.663511e-31
9567.60 3.203007e-14 1.782535e-31
9569.98 3.277999e-14 1.754777e-31
9572.36 3.272751e-14 1.590351e-31
9574.74 3.342142e-14 1.498708e-31
9577.12 3.363546e-14 1.517006e-31
9579.50 3.287692e-14 1.569143e-31
9581.88 3.220691e-14 1.603220e-31
9584.26 3.232323e-14 1.614839e-31
9586.64 3.207461e-14 1.597010e-31
9589.02 3.043808e-14 1.546516e-31
9591.40 2.939411e-14 1.510869e-31
9593.78 2.944694e-14 1.467977e-31
9596.16 2.973283e-14 1.405464e-31
9598.54 3.028545e-14 1.389610e-31
9600.92 3.134714e-14 1.429455e-31
9603.30 3.136242e-14 1.438452e-31
9605.68 3.093197e-14 1.462325e-31
9608.06 3.131338e-14 1.541698e-31
9610.44 3.215304e-14 1.606590e-31
9612.82 3.230796e-14 1.604800e-31
9615.20 3.207922e-14 1.593018e-31
9617.58 3.138838e-14 1.572110e-31
9619.96 3.039252e-14 1.538353e-31
9622.34 2.965781e-14 1.495940e-31
9624.72 2.952518e-14 1.437273e-31
9627.10 3.014784e-14 1.412278e-31
9629.48 3.137343e-14 1.409078e-31
9631.86 3.190895e-14 1.400990e-31
9634.24 3.102944e-14 1.405800e-31
9636.62 2.981614e-14 1.450612e-31
9639.00 2.935829e-14 1.487359e-31
9641.38 2.947649e-14 1.509550e-31
9643.76 2.961076e-14 1.515943e-31
9646.14 2.945263e-14 1.493076e-31
9648.52 2.937750e-14 1.443597e-31
9650.90 3.005088e-14 1.399870e-31
9653.28 3.029681e-14 1.350009e-31
9655.66 2.985789e-14 1.306927e-31
9658.04 2.947704e-14 1.299111e-31
9660.42 2.941050e-14 1.333271e-31
9662.80 2.899895e-14 1.378772e-31
9665.18 2.863510e-14 1.401789e-31
9667.56 2.923176e-14 1.448830e-31
9669.94 2.947323e-14 1.476695e-31
9672.32 2.904318e-14 1.452446e-31
9674.70 2.972502e-14 1.433490e-31
9677.08 3.009439e-14 1.396869e-31
9679.46 2.985480e-14 1.369578e-31
9681.84 2.985276e-14 1.366137e-31
9684.22 3.031966e-14 1.365066e-31
9686.60 3.054538e-14 1.342566e-31
9688.98 3.025578e-14 1.315989e-31
9691.36 2.998063e-14 1.337301e-31
9693.74 3.056991e-14 1.404647e-31
9696.12 3.097992e-14 1.480022e-31
9698.50 3.014583e-14 1.535658e-31
9700.88 2.984581e-14 1.569694e-31
