# OBJECT   = SN2011fe                       / object name
# RA       = 14:03:05.73                    / object right ascension
# DEC      = 54:16:25.18                    / object declination
# EQUINOX  = 2000.0                         / 
# RADECSYS = FK5                            / coordinate system
# EXPTIME  = 500                            / exposure time [s]
# FLXUNITS = erg/s/cm2/A                    / flux units
# FLXERROR = 0.031                          / achromatic abs. flux calibration accuracy [mag]
# MWEBV    = 0.0088                         / MW E(B-V) correction applied
# MWRV     = 3.1                            / R_V value used for MW E(B-V) correction
# UTC      = 2011-09-13T05:23:28            / 
# MJD      = 55817.2                        / 
# TXPL     = 20.5                           / days relative to date of explosion
# TMAX     = 2.7                            / phase, days relative to B-band maximum
# AIRMASS  = 1.98                           / 
# SEEING   = 0.96                           / 
# ISPHOTO  = 1                              / photometric night?
# ORIGIN   = The Nearby Supernova Factory   / 
# OBSERVAT = University of Hawaii 2.2m      / 
# TELESCOP = 2.2m UH                        / 
# INSTRUME = SNIFS                          / 
#
# lbda  flux         variance    
3298.68 3.266501e-13 3.710632e-30
3301.06 3.180792e-13 3.526858e-30
3303.44 3.155182e-13 3.483190e-30
3305.82 3.223923e-13 3.541176e-30
3308.20 3.234322e-13 3.531747e-30
3310.58 3.275538e-13 3.502124e-30
3312.96 3.273618e-13 3.398040e-30
3315.34 3.279228e-13 3.281756e-30
3317.72 3.278709e-13 3.165338e-30
3320.10 3.283974e-13 3.069775e-30
3322.48 3.331480e-13 3.038452e-30
3324.86 3.382415e-13 3.037784e-30
3327.24 3.430452e-13 3.052868e-30
3329.62 3.476965e-13 3.085049e-30
3332.00 3.558373e-13 3.161227e-30
3334.38 3.602877e-13 3.204856e-30
3336.76 3.659491e-13 3.250579e-30
3339.14 3.700669e-13 3.276303e-30
3341.52 3.753298e-13 3.287561e-30
3343.90 3.801460e-13 3.274645e-30
3346.28 3.758159e-13 3.171460e-30
3348.66 3.736457e-13 3.082344e-30
3351.04 3.730061e-13 3.016075e-30
3353.42 3.717493e-13 2.945043e-30
3355.80 3.713612e-13 2.890006e-30
3358.18 3.724338e-13 2.853835e-30
3360.56 3.716138e-13 2.811055e-30
3362.94 3.705920e-13 2.778101e-30
3365.32 3.679380e-13 2.740235e-30
3367.70 3.668885e-13 2.712238e-30
3370.08 3.622027e-13 2.655444e-30
3372.46 3.592561e-13 2.599866e-30
3374.84 3.584778e-13 2.557349e-30
3377.22 3.568260e-13 2.508261e-30
3379.60 3.603937e-13 2.489322e-30
3381.98 3.625666e-13 2.460865e-30
3384.36 3.619669e-13 2.424058e-30
3386.74 3.647918e-13 2.408971e-30
3389.12 3.714206e-13 2.423622e-30
3391.50 3.797941e-13 2.455338e-30
3393.88 3.853254e-13 2.472706e-30
3396.26 3.915627e-13 2.491419e-30
3398.64 3.952352e-13 2.493434e-30
3401.02 3.964435e-13 2.472674e-30
3403.40 3.971508e-13 2.444786e-30
3405.78 4.021854e-13 2.442988e-30
3408.16 4.042752e-13 2.424015e-30
3410.54 4.071391e-13 2.412495e-30
3412.92 4.071671e-13 2.391505e-30
3415.30 4.071815e-13 2.374677e-30
3417.68 4.096433e-13 2.372327e-30
3420.06 4.078527e-13 2.347726e-30
3422.44 4.055373e-13 2.324490e-30
3424.82 4.054832e-13 2.308053e-30
3427.20 4.079144e-13 2.304697e-30
3429.58 4.080388e-13 2.291957e-30
3431.96 4.095751e-13 2.282151e-30
3434.34 4.133458e-13 2.284692e-30
3436.72 4.183821e-13 2.300511e-30
3439.10 4.217851e-13 2.298853e-30
3441.48 4.247116e-13 2.288372e-30
3443.86 4.314832e-13 2.292066e-30
3446.24 4.355266e-13 2.283935e-30
3448.62 4.402315e-13 2.278035e-30
3451.00 4.423919e-13 2.262506e-30
3453.38 4.458087e-13 2.253751e-30
3455.76 4.481001e-13 2.248050e-30
3458.14 4.482596e-13 2.237341e-30
3460.52 4.449046e-13 2.208935e-30
3462.90 4.448698e-13 2.198765e-30
3465.28 4.482149e-13 2.204253e-30
3467.66 4.493212e-13 2.198134e-30
3470.04 4.490975e-13 2.184864e-30
3472.42 4.493436e-13 2.172199e-30
3474.80 4.535444e-13 2.176299e-30
3477.18 4.565306e-13 2.177205e-30
3479.56 4.606172e-13 2.188185e-30
3481.94 4.654151e-13 2.195708e-30
3484.32 4.686443e-13 2.192239e-30
3486.70 4.747566e-13 2.203155e-30
3489.08 4.800444e-13 2.210961e-30
3491.46 4.894664e-13 2.237985e-30
3493.84 4.977052e-13 2.264525e-30
3496.22 5.086501e-13 2.304484e-30
3498.60 5.185810e-13 2.341414e-30
3500.98 5.285305e-13 2.381500e-30
3503.36 5.402438e-13 2.430239e-30
3505.74 5.483357e-13 2.462851e-30
3508.12 5.612883e-13 2.519425e-30
3510.50 5.718860e-13 2.565260e-30
3512.88 5.797949e-13 2.593860e-30
3515.26 5.878293e-13 2.622810e-30
3517.64 5.987572e-13 2.661862e-30
3520.02 6.100890e-13 2.697658e-30
3522.40 6.183691e-13 2.712002e-30
3524.78 6.266795e-13 2.719954e-30
3527.16 6.347661e-13 2.723033e-30
3529.54 6.431619e-13 2.729254e-30
3531.92 6.441569e-13 2.702322e-30
3534.30 6.498229e-13 2.697193e-30
3536.68 6.582088e-13 2.705520e-30
3539.06 6.652156e-13 2.712787e-30
3541.44 6.715871e-13 2.719265e-30
3543.82 6.787325e-13 2.728324e-30
3546.20 6.820221e-13 2.721023e-30
3548.58 6.858176e-13 2.723031e-30
3550.96 6.902779e-13 2.730726e-30
3553.34 6.968301e-13 2.748527e-30
3555.72 7.050605e-13 2.776111e-30
3558.10 7.093584e-13 2.791505e-30
3560.48 7.119801e-13 2.800171e-30
3562.86 7.139414e-13 2.807434e-30
3565.24 7.236459e-13 2.846383e-30
3567.62 7.309037e-13 2.873947e-30
3570.00 7.343242e-13 2.885872e-30
3572.38 7.396067e-13 2.906350e-30
3574.76 7.450273e-13 2.925671e-30
3577.14 7.500912e-13 2.941553e-30
3579.52 7.582721e-13 2.967771e-30
3581.90 7.617481e-13 2.973602e-30
3584.28 7.634872e-13 2.965568e-30
3586.66 7.632136e-13 2.949740e-30
3589.04 7.615912e-13 2.928194e-30
3591.42 7.614416e-13 2.913824e-30
3593.80 7.601066e-13 2.889335e-30
3596.18 7.562830e-13 2.853459e-30
3598.56 7.485118e-13 2.802965e-30
3600.94 7.396708e-13 2.747690e-30
3603.32 7.325338e-13 2.699564e-30
3605.70 7.258447e-13 2.655773e-30
3608.08 7.194751e-13 2.612022e-30
3610.46 7.179466e-13 2.586831e-30
3612.84 7.157367e-13 2.561516e-30
3615.22 7.141730e-13 2.536778e-30
3617.60 7.135314e-13 2.517523e-30
3619.98 7.129551e-13 2.501941e-30
3622.36 7.113785e-13 2.483482e-30
3624.74 7.128855e-13 2.478309e-30
3627.12 7.176929e-13 2.485736e-30
3629.50 7.225907e-13 2.492040e-30
3631.88 7.263528e-13 2.494958e-30
3634.26 7.344879e-13 2.516132e-30
3636.64 7.413016e-13 2.532415e-30
3639.02 7.473427e-13 2.550203e-30
3641.40 7.538263e-13 2.568806e-30
3643.78 7.583639e-13 2.577307e-30
3646.16 7.591299e-13 2.570785e-30
3648.54 7.597178e-13 2.565365e-30
3650.92 7.615229e-13 2.560890e-30
3653.30 7.613330e-13 2.546325e-30
3655.68 7.627379e-13 2.537066e-30
3658.06 7.624842e-13 2.521664e-30
3660.44 7.642925e-13 2.510598e-30
3662.82 7.691097e-13 2.506703e-30
3665.20 7.723097e-13 2.497083e-30
3667.58 7.751301e-13 2.483515e-30
3669.96 7.749929e-13 2.459492e-30
3672.34 7.721549e-13 2.428743e-30
3674.72 7.668166e-13 2.395475e-30
3677.10 7.582542e-13 2.351937e-30
3679.48 7.477421e-13 2.301832e-30
3681.86 7.327944e-13 2.240771e-30
3684.24 7.149430e-13 2.173861e-30
3686.62 6.993327e-13 2.115464e-30
3689.00 6.826186e-13 2.058959e-30
3691.38 6.626148e-13 1.992402e-30
3693.76 6.427242e-13 1.926844e-30
3696.14 6.194142e-13 1.852627e-30
3698.52 5.968466e-13 1.781517e-30
3700.90 5.785870e-13 1.721582e-30
3703.28 5.618021e-13 1.665118e-30
3705.66 5.472555e-13 1.615321e-30
3708.04 5.338254e-13 1.572318e-30
3710.42 5.215247e-13 1.536847e-30
3712.80 5.096051e-13 1.501562e-30
3715.18 4.980045e-13 1.467089e-30
3717.56 4.851318e-13 1.425998e-30
3719.94 4.714813e-13 1.384299e-30
3722.32 4.595086e-13 1.350500e-30
3724.70 4.481077e-13 1.319259e-30
3727.08 4.375739e-13 1.287781e-30
3729.46 4.284284e-13 1.260154e-30
3731.84 4.219713e-13 1.238583e-30
3734.22 4.175584e-13 1.222478e-30
3736.60 4.134736e-13 1.208914e-30
3738.98 4.130855e-13 1.206904e-30
3741.36 4.147730e-13 1.209754e-30
3743.74 4.157396e-13 1.208543e-30
3746.12 4.159658e-13 1.204646e-30
3748.50 4.166286e-13 1.202730e-30
3750.88 4.155460e-13 1.193030e-30
3753.26 4.124328e-13 1.179721e-30
3755.64 4.091971e-13 1.165755e-30
3758.02 4.071138e-13 1.152363e-30
3760.40 4.071739e-13 1.146678e-30
3762.78 4.059899e-13 1.138746e-30
3765.16 4.030384e-13 1.126721e-30
3767.54 4.001628e-13 1.114721e-30
3769.92 3.969864e-13 1.101812e-30
3772.30 3.946656e-13 1.091981e-30
3774.68 3.933381e-13 1.083873e-30
3777.06 3.922094e-13 1.077059e-30
3779.44 3.884773e-13 1.063453e-30
3781.82 3.852060e-13 1.050767e-30
3784.20 3.843269e-13 1.044232e-30
3786.58 3.824485e-13 1.033714e-30
3788.96 3.786457e-13 1.018987e-30
3791.34 3.761526e-13 1.008403e-30
3793.72 3.745377e-13 1.000027e-30
3796.10 3.730438e-13 9.917420e-31
3798.48 3.726739e-13 9.858122e-31
3800.86 3.726770e-13 9.818317e-31
3803.24 3.718495e-13 9.765198e-31
3805.62 3.724381e-13 9.725818e-31
3808.00 3.742281e-13 9.713634e-31
3810.38 3.769134e-13 9.730218e-31
3812.76 3.820328e-13 9.801240e-31
3815.14 3.879323e-13 9.871657e-31
3817.52 3.930302e-13 9.941323e-31
3819.90 3.986848e-13 1.001789e-30
3822.28 4.044432e-13 1.008704e-30
3824.66 4.105595e-13 1.016357e-30
3827.04 4.179736e-13 1.027103e-30
3829.42 4.265331e-13 1.040727e-30
3831.80 4.362838e-13 1.056562e-30
3834.18 4.467113e-13 1.074136e-30
3836.56 4.563188e-13 1.091390e-30
3838.94 4.681095e-13 1.112912e-30
3841.32 4.803188e-13 1.137226e-30
3843.70 4.945931e-13 1.166354e-30
3846.08 5.080851e-13 1.192004e-30
3848.46 5.220492e-13 1.219100e-30
3850.84 5.370450e-13 1.248384e-30
3853.22 5.519436e-13 1.278236e-30
3855.60 5.679955e-13 1.312205e-30
3857.98 5.862461e-13 1.349537e-30
3860.36 6.052552e-13 1.389117e-30
3862.74 6.286225e-13 1.439186e-30
3865.12 6.535963e-13 1.495637e-30
3867.50 6.785957e-13 1.554752e-30
3869.88 7.058751e-13 1.617327e-30
3872.26 7.333874e-13 1.682928e-30
3874.64 7.583886e-13 1.745580e-30
3877.02 7.817235e-13 1.805281e-30
3879.40 8.048465e-13 1.864022e-30
3881.78 8.273278e-13 1.919853e-30
3884.16 8.445593e-13 1.964056e-30
3886.54 8.597781e-13 2.002945e-30
3888.92 8.743752e-13 2.041221e-30
3891.30 8.871383e-13 2.074668e-30
3893.68 8.985373e-13 2.101418e-30
3896.06 9.075325e-13 2.119623e-30
3898.44 9.161334e-13 2.133595e-30
3900.82 9.246586e-13 2.142487e-30
3903.20 9.311257e-13 2.145190e-30
3905.58 9.341722e-13 2.138144e-30
3907.96 9.375414e-13 2.131849e-30
3910.34 9.444155e-13 2.132672e-30
3912.72 9.502500e-13 2.131408e-30
3915.10 9.547878e-13 2.124440e-30
3917.48 9.571230e-13 2.111963e-30
3919.86 9.598537e-13 2.100763e-30
3922.24 9.634145e-13 2.095953e-30
3924.62 9.658520e-13 2.087056e-30
3927.00 9.710449e-13 2.085004e-30
3929.38 9.693787e-13 2.069711e-30
3931.76 9.560758e-13 2.030484e-30
3934.14 9.442796e-13 1.999006e-30
3936.52 9.537076e-13 2.014242e-30
3938.90 9.782659e-13 2.062154e-30
3941.28 9.974470e-13 2.097933e-30
3943.66 1.005095e-12 2.111985e-30
3946.04 1.005860e-12 2.113167e-30
3948.42 1.008780e-12 2.120597e-30
3950.80 1.007897e-12 2.119783e-30
3953.18 1.008065e-12 2.120768e-30
3955.56 1.006094e-12 2.117967e-30
3957.94 1.000010e-12 2.105420e-30
3960.32 9.899650e-13 2.083126e-30
3962.70 9.772987e-13 2.053801e-30
3965.08 9.583555e-13 2.012313e-30
3967.46 9.376731e-13 1.968594e-30
3969.84 9.223532e-13 1.933882e-30
3972.22 9.168095e-13 1.923325e-30
3974.60 9.133091e-13 1.914865e-30
3976.98 9.047684e-13 1.894289e-30
3979.36 8.895283e-13 1.860015e-30
3981.74 8.730064e-13 1.823933e-30
3984.12 8.568360e-13 1.788812e-30
3986.50 8.418338e-13 1.758465e-30
3988.88 8.280437e-13 1.732376e-30
3991.26 8.152854e-13 1.715845e-30
3993.64 8.021873e-13 1.700309e-30
3996.02 7.901551e-13 1.689070e-30
3998.40 7.808867e-13 1.691876e-30
4000.78 7.714263e-13 1.694567e-30
4003.16 7.615600e-13 1.698979e-30
4005.54 7.535755e-13 1.706955e-30
4007.92 7.474934e-13 1.718117e-30
4010.30 7.457996e-13 1.733382e-30
4012.68 7.474937e-13 1.742965e-30
4015.06 7.561793e-13 1.753225e-30
4017.44 7.681356e-13 1.756932e-30
4019.82 7.801793e-13 1.750111e-30
4022.20 7.882119e-13 1.726436e-30
4024.58 7.956140e-13 1.704111e-30
4026.96 8.023795e-13 1.680153e-30
4029.34 8.071511e-13 1.655530e-30
4031.72 8.130759e-13 1.639773e-30
4034.10 8.211129e-13 1.631381e-30
4036.48 8.289856e-13 1.627580e-30
4038.86 8.359636e-13 1.625201e-30
4041.24 8.421519e-13 1.620735e-30
4043.62 8.500930e-13 1.623798e-30
4046.00 8.557893e-13 1.622490e-30
4048.38 8.640591e-13 1.628969e-30
4050.76 8.731336e-13 1.636884e-30
4053.14 8.807678e-13 1.643448e-30
4055.52 8.880861e-13 1.649436e-30
4057.90 8.957964e-13 1.656924e-30
4060.28 9.014896e-13 1.663709e-30
4062.66 9.051644e-13 1.666244e-30
4065.04 9.086788e-13 1.669544e-30
4067.42 9.124794e-13 1.675480e-30
4069.80 9.173396e-13 1.682991e-30
4072.18 9.223968e-13 1.691186e-30
4074.56 9.277874e-13 1.700928e-30
4076.94 9.313611e-13 1.709008e-30
4079.32 9.371853e-13 1.721958e-30
4081.70 9.437179e-13 1.738450e-30
4084.08 9.475601e-13 1.750565e-30
4086.46 9.498410e-13 1.760624e-30
4088.84 9.522287e-13 1.774488e-30
4091.22 9.543747e-13 1.789527e-30
4093.60 9.553875e-13 1.803635e-30
4095.98 9.515235e-13 1.808796e-30
4098.36 9.468546e-13 1.815688e-30
4100.74 9.409323e-13 1.819437e-30
4103.12 9.375263e-13 1.829049e-30
4105.50 9.312921e-13 1.832275e-30
4107.88 9.261041e-13 1.834798e-30
4110.26 9.259183e-13 1.845308e-30
4112.64 9.255853e-13 1.848008e-30
4115.02 9.272805e-13 1.848412e-30
4117.40 9.271761e-13 1.839593e-30
4119.78 9.265565e-13 1.825320e-30
4122.16 9.255545e-13 1.804967e-30
4124.54 9.227978e-13 1.778807e-30
4126.92 9.161935e-13 1.745723e-30
4129.30 9.101934e-13 1.714038e-30
4131.68 8.997571e-13 1.675762e-30
4134.06 8.903121e-13 1.641729e-30
4136.44 8.832692e-13 1.614403e-30
4138.82 8.780187e-13 1.592067e-30
4141.20 8.717554e-13 1.569429e-30
4143.58 8.652239e-13 1.546075e-30
4145.96 8.610576e-13 1.528408e-30
4148.34 8.586295e-13 1.515648e-30
4150.72 8.551841e-13 1.501912e-30
4153.10 8.525401e-13 1.490030e-30
4155.48 8.494110e-13 1.477047e-30
4157.86 8.496589e-13 1.470588e-30
4160.24 8.491476e-13 1.466535e-30
4162.62 8.491000e-13 1.462733e-30
4165.00 8.504787e-13 1.461689e-30
4167.38 8.484132e-13 1.455720e-30
4169.76 8.492699e-13 1.451770e-30
4172.14 8.511409e-13 1.450179e-30
4174.52 8.494735e-13 1.443315e-30
4176.90 8.513473e-13 1.443746e-30
4179.28 8.540626e-13 1.444878e-30
4181.66 8.575849e-13 1.447574e-30
4184.04 8.587836e-13 1.447605e-30
4186.42 8.594310e-13 1.446699e-30
4188.80 8.625013e-13 1.449328e-30
4191.18 8.596105e-13 1.443368e-30
4193.56 8.533764e-13 1.431662e-30
4195.94 8.473330e-13 1.420433e-30
4198.32 8.383859e-13 1.403184e-30
4200.70 8.286751e-13 1.384869e-30
4203.08 8.200717e-13 1.370218e-30
4205.46 8.101692e-13 1.352475e-30
4207.84 8.024929e-13 1.338134e-30
4210.22 7.932514e-13 1.321595e-30
4212.60 7.847289e-13 1.305520e-30
4214.98 7.769996e-13 1.291254e-30
4217.36 7.683877e-13 1.274737e-30
4219.74 7.606157e-13 1.260583e-30
4222.12 7.518943e-13 1.244532e-30
4224.50 7.425740e-13 1.225493e-30
4226.88 7.342316e-13 1.210725e-30
4229.26 7.256907e-13 1.194934e-30
4231.64 7.160158e-13 1.177124e-30
4234.02 7.073720e-13 1.161374e-30
4236.40 6.992843e-13 1.145392e-30
4238.78 6.921331e-13 1.131763e-30
4241.16 6.839482e-13 1.117145e-30
4243.54 6.784538e-13 1.107029e-30
4245.92 6.727119e-13 1.095453e-30
4248.30 6.692415e-13 1.087823e-30
4250.68 6.623872e-13 1.075718e-30
4253.06 6.586669e-13 1.068571e-30
4255.44 6.541675e-13 1.059018e-30
4257.82 6.481793e-13 1.047252e-30
4260.20 6.411744e-13 1.034005e-30
4262.58 6.372448e-13 1.026809e-30
4264.96 6.305079e-13 1.015441e-30
4267.34 6.259729e-13 1.006739e-30
4269.72 6.172690e-13 9.901308e-31
4272.10 6.116255e-13 9.791216e-31
4274.48 6.063991e-13 9.705262e-31
4276.86 6.010851e-13 9.614679e-31
4279.24 5.926227e-13 9.464493e-31
4281.62 5.824044e-13 9.288798e-31
4284.00 5.735927e-13 9.125091e-31
4286.38 5.671159e-13 9.010591e-31
4288.76 5.590190e-13 8.867907e-31
4291.14 5.525070e-13 8.751851e-31
4293.52 5.441730e-13 8.609000e-31
4295.90 5.361814e-13 8.465070e-31
4298.28 5.293678e-13 8.338481e-31
4300.66 5.211022e-13 8.188941e-31
4303.04 5.150538e-13 8.074961e-31
4305.42 5.115588e-13 8.012224e-31
4307.80 5.052690e-13 7.900071e-31
4310.18 5.028342e-13 7.845733e-31
4312.56 5.007762e-13 7.815883e-31
4314.94 4.974761e-13 7.758217e-31
4317.32 4.946522e-13 7.713444e-31
4319.70 4.936895e-13 7.686119e-31
4322.08 4.926650e-13 7.658763e-31
4324.46 4.916554e-13 7.632370e-31
4326.84 4.919035e-13 7.638909e-31
4329.22 4.935223e-13 7.668545e-31
4331.60 4.964924e-13 7.716539e-31
4333.98 5.002344e-13 7.771557e-31
4336.36 5.079793e-13 7.882733e-31
4338.74 5.145687e-13 7.977846e-31
4341.12 5.192297e-13 8.041491e-31
4343.50 5.231796e-13 8.100533e-31
4345.88 5.274503e-13 8.174608e-31
4348.26 5.293756e-13 8.214988e-31
4350.64 5.345828e-13 8.298161e-31
4353.02 5.365371e-13 8.335684e-31
4355.40 5.423567e-13 8.431751e-31
4357.78 5.458983e-13 8.481164e-31
4360.16 5.484343e-13 8.519575e-31
4362.54 5.502197e-13 8.547896e-31
4364.92 5.521456e-13 8.578866e-31
4367.30 5.537157e-13 8.598510e-31
4369.68 5.562976e-13 8.625075e-31
4372.06 5.561190e-13 8.613943e-31
4374.44 5.596673e-13 8.660271e-31
4376.82 5.594418e-13 8.650858e-31
4379.20 5.576245e-13 8.612616e-31
4381.58 5.579177e-13 8.598487e-31
4383.96 5.582254e-13 8.589681e-31
4386.34 5.583191e-13 8.574527e-31
4388.72 5.585376e-13 8.564831e-31
4391.10 5.601863e-13 8.576350e-31
4393.48 5.620540e-13 8.589401e-31
4395.86 5.633960e-13 8.594883e-31
4398.24 5.657804e-13 8.615174e-31
4400.62 5.672883e-13 8.622591e-31
4403.00 5.683966e-13 8.619001e-31
4405.38 5.705982e-13 8.639438e-31
4407.76 5.734318e-13 8.672490e-31
4410.14 5.727462e-13 8.652097e-31
4412.52 5.705660e-13 8.606378e-31
4414.90 5.716653e-13 8.608916e-31
4417.28 5.693368e-13 8.571370e-31
4419.66 5.658097e-13 8.512993e-31
4422.04 5.619756e-13 8.447378e-31
4424.42 5.556731e-13 8.351520e-31
4426.80 5.517350e-13 8.290010e-31
4429.18 5.503143e-13 8.257308e-31
4431.56 5.479764e-13 8.220010e-31
4433.94 5.455186e-13 8.178657e-31
4436.32 5.432813e-13 8.145448e-31
4438.70 5.431054e-13 8.142933e-31
4441.08 5.432544e-13 8.142545e-31
4443.46 5.444695e-13 8.152843e-31
4445.84 5.470675e-13 8.184669e-31
4448.22 5.500619e-13 8.225079e-31
4450.60 5.531964e-13 8.264601e-31
4452.98 5.583333e-13 8.337904e-31
4455.36 5.650050e-13 8.427100e-31
4457.74 5.737604e-13 8.548258e-31
4460.12 5.825737e-13 8.675103e-31
4462.50 5.918594e-13 8.799915e-31
4464.88 6.010032e-13 8.921993e-31
4467.26 6.098620e-13 9.040379e-31
4469.64 6.174601e-13 9.140893e-31
4472.02 6.254136e-13 9.243200e-31
4474.40 6.336103e-13 9.354528e-31
4476.78 6.415784e-13 9.453245e-31
4479.16 6.488450e-13 9.540467e-31
4481.54 6.568152e-13 9.632740e-31
4483.92 6.648629e-13 9.737333e-31
4486.30 6.731404e-13 9.853654e-31
4488.68 6.813922e-13 9.954351e-31
4491.06 6.886249e-13 1.004776e-30
4493.44 6.939357e-13 1.010407e-30
4495.82 6.998740e-13 1.016692e-30
4498.20 7.038794e-13 1.021741e-30
4500.58 7.063041e-13 1.024427e-30
4502.96 7.081349e-13 1.026728e-30
4505.34 7.099018e-13 1.028662e-30
4507.72 7.122184e-13 1.030497e-30
4510.10 7.134154e-13 1.031386e-30
4512.48 7.134660e-13 1.030740e-30
4514.86 7.156310e-13 1.033629e-30
4517.24 7.161734e-13 1.033999e-30
4519.62 7.164246e-13 1.033053e-30
4522.00 7.182670e-13 1.034982e-30
4524.38 7.196896e-13 1.035518e-30
4526.76 7.207502e-13 1.035770e-30
4529.14 7.232044e-13 1.038507e-30
4531.52 7.254853e-13 1.042026e-30
4533.90 7.266662e-13 1.043849e-30
4536.28 7.269099e-13 1.043670e-30
4538.66 7.251334e-13 1.040569e-30
4541.04 7.222315e-13 1.035510e-30
4543.42 7.190495e-13 1.030859e-30
4545.80 7.152384e-13 1.024554e-30
4548.18 7.111621e-13 1.016850e-30
4550.56 7.079890e-13 1.011797e-30
4552.94 7.038180e-13 1.005239e-30
4555.32 6.994055e-13 9.979299e-31
4557.70 6.967423e-13 9.935369e-31
4560.08 6.940006e-13 9.885789e-31
4562.46 6.902415e-13 9.820480e-31
4564.84 6.880836e-13 9.780741e-31
4567.22 6.849304e-13 9.726140e-31
4569.60 6.823616e-13 9.678814e-31
4571.98 6.792872e-13 9.625365e-31
4574.36 6.750094e-13 9.553619e-31
4576.74 6.732353e-13 9.518865e-31
4579.12 6.726903e-13 9.501282e-31
4581.50 6.739306e-13 9.511136e-31
4583.88 6.755297e-13 9.525267e-31
4586.26 6.778176e-13 9.544143e-31
4588.64 6.798355e-13 9.563982e-31
4591.02 6.820116e-13 9.596306e-31
4593.40 6.843198e-13 9.623627e-31
4595.78 6.860270e-13 9.637161e-31
4598.16 6.870995e-13 9.648706e-31
4600.54 6.895568e-13 9.684622e-31
4602.92 6.907736e-13 9.698470e-31
4605.30 6.921487e-13 9.715587e-31
4607.68 6.932548e-13 9.731988e-31
4610.06 6.957811e-13 9.775556e-31
4612.44 6.951554e-13 9.768026e-31
4614.82 6.962935e-13 9.779709e-31
4617.20 6.956409e-13 9.776241e-31
4619.58 6.925216e-13 9.724744e-31
4621.96 6.905903e-13 9.695381e-31
4624.34 6.852635e-13 9.621142e-31
4626.72 6.807843e-13 9.560126e-31
4629.10 6.758438e-13 9.494045e-31
4631.48 6.701547e-13 9.411837e-31
4633.86 6.647826e-13 9.323654e-31
4636.24 6.564719e-13 9.205459e-31
4638.62 6.499185e-13 9.110384e-31
4641.00 6.453105e-13 9.043057e-31
4643.38 6.366746e-13 8.915511e-31
4645.76 6.284943e-13 8.794318e-31
4648.14 6.201366e-13 8.664124e-31
4650.52 6.115452e-13 8.543354e-31
4652.90 6.024288e-13 8.415825e-31
4655.28 5.918188e-13 8.257508e-31
4657.66 5.807228e-13 8.105077e-31
4660.04 5.702972e-13 7.953405e-31
4662.42 5.609082e-13 7.814024e-31
4664.80 5.516674e-13 7.680899e-31
4667.18 5.424602e-13 7.551552e-31
4669.56 5.354316e-13 7.450301e-31
4671.94 5.293610e-13 7.362683e-31
4674.32 5.233567e-13 7.278198e-31
4676.70 5.180080e-13 7.209564e-31
4679.08 5.152835e-13 7.169966e-31
4681.46 5.154376e-13 7.173464e-31
4683.84 5.161427e-13 7.181700e-31
4686.22 5.179173e-13 7.206549e-31
4688.60 5.171580e-13 7.193305e-31
4690.98 5.184182e-13 7.211782e-31
4693.36 5.199554e-13 7.237353e-31
4695.74 5.218253e-13 7.261415e-31
4698.12 5.240435e-13 7.294769e-31
4700.50 5.233310e-13 7.288312e-31
4702.88 5.234591e-13 7.296310e-31
4705.26 5.207162e-13 7.259240e-31
4707.64 5.171956e-13 7.215737e-31
4710.02 5.149411e-13 7.188520e-31
4712.40 5.143411e-13 7.182792e-31
4714.78 5.125493e-13 7.156165e-31
4717.16 5.084981e-13 7.110069e-31
4719.54 5.049071e-13 7.065196e-31
4721.92 5.019792e-13 7.023795e-31
4724.30 4.972141e-13 6.955983e-31
4726.68 4.906718e-13 6.869869e-31
4729.06 4.878531e-13 6.828361e-31
4731.44 4.821933e-13 6.741502e-31
4733.82 4.808627e-13 6.729378e-31
4736.20 4.782136e-13 6.688734e-31
4738.58 4.735431e-13 6.622034e-31
4740.96 4.705698e-13 6.579470e-31
4743.34 4.674108e-13 6.533356e-31
4745.72 4.634063e-13 6.475070e-31
4748.10 4.577677e-13 6.397902e-31
4750.48 4.537508e-13 6.338750e-31
4752.86 4.498848e-13 6.282282e-31
4755.24 4.457227e-13 6.227512e-31
4757.62 4.409611e-13 6.160198e-31
4760.00 4.355376e-13 6.084535e-31
4762.38 4.313764e-13 6.031044e-31
4764.76 4.289979e-13 6.000573e-31
4767.14 4.261549e-13 5.964949e-31
4769.52 4.230994e-13 5.923460e-31
4771.90 4.224850e-13 5.916994e-31
4774.28 4.241220e-13 5.939025e-31
4776.66 4.242282e-13 5.945462e-31
4779.04 4.236217e-13 5.940733e-31
4781.42 4.259386e-13 5.970939e-31
4783.80 4.287200e-13 6.008507e-31
4786.18 4.316810e-13 6.041628e-31
4788.56 4.357027e-13 6.101078e-31
4790.94 4.384918e-13 6.142011e-31
4793.32 4.391177e-13 6.149724e-31
4795.70 4.393190e-13 6.152885e-31
4798.08 4.379078e-13 6.134704e-31
4800.46 4.382378e-13 6.139353e-31
4802.84 4.401042e-13 6.165509e-31
4805.22 4.410572e-13 6.176968e-31
4807.60 4.396178e-13 6.156110e-31
4809.98 4.378481e-13 6.130566e-31
4812.36 4.342842e-13 6.079749e-31
4814.74 4.282948e-13 6.003288e-31
4817.12 4.234110e-13 5.938033e-31
4819.50 4.191762e-13 5.882226e-31
4821.88 4.151371e-13 5.824368e-31
4824.26 4.116810e-13 5.780482e-31
4826.64 4.092391e-13 5.752316e-31
4829.02 4.053857e-13 5.698597e-31
4831.40 4.013320e-13 5.641816e-31
4833.78 3.972125e-13 5.589692e-31
4836.16 3.936724e-13 5.545825e-31
4838.54 3.890991e-13 5.486791e-31
4840.92 3.837213e-13 5.420916e-31
4843.30 3.778726e-13 5.347563e-31
4845.68 3.715500e-13 5.267669e-31
4848.06 3.670139e-13 5.212423e-31
4850.44 3.615119e-13 5.147383e-31
4852.82 3.558631e-13 5.077689e-31
4855.20 3.516188e-13 5.021365e-31
4857.58 3.466144e-13 4.958403e-31
4859.96 3.419328e-13 4.901505e-31
4862.34 3.391544e-13 4.869150e-31
4864.72 3.375156e-13 4.856143e-31
4867.10 3.349607e-13 4.833071e-31
4869.48 3.335555e-13 4.824549e-31
4871.86 3.332150e-13 4.826733e-31
4874.24 3.327805e-13 4.827463e-31
4876.62 3.328645e-13 4.840547e-31
4879.00 3.334187e-13 4.857455e-31
4881.38 3.337827e-13 4.872087e-31
4883.76 3.362075e-13 4.911572e-31
4886.14 3.393042e-13 4.960552e-31
4888.52 3.423773e-13 5.011049e-31
4890.90 3.463365e-13 5.074494e-31
4893.28 3.506987e-13 5.143460e-31
4895.66 3.556742e-13 5.223226e-31
4898.04 3.627204e-13 5.332599e-31
4900.42 3.699800e-13 5.442699e-31
4902.80 3.770180e-13 5.547591e-31
4905.18 3.827566e-13 5.636112e-31
4907.56 3.883845e-13 5.726972e-31
4909.94 3.936004e-13 5.811443e-31
4912.32 3.984885e-13 5.893337e-31
4914.70 4.038137e-13 5.981962e-31
4917.08 4.077067e-13 6.048630e-31
4919.46 4.095283e-13 6.086015e-31
4921.84 4.125205e-13 6.144079e-31
4924.22 4.154444e-13 6.205305e-31
4926.60 4.166679e-13 6.245491e-31
4928.98 4.163745e-13 6.265103e-31
4931.36 4.166683e-13 6.294763e-31
4933.74 4.175407e-13 6.332723e-31
4936.12 4.167958e-13 6.348042e-31
4938.50 4.149557e-13 6.356513e-31
4940.88 4.128214e-13 6.357545e-31
4943.26 4.122732e-13 6.393867e-31
4945.64 4.102848e-13 6.405928e-31
4948.02 4.078533e-13 6.403575e-31
4950.40 4.059854e-13 6.424568e-31
4952.78 4.034485e-13 6.440388e-31
4955.16 3.998012e-13 6.434999e-31
4957.54 3.972826e-13 6.444223e-31
4959.92 3.928559e-13 6.432490e-31
4962.30 3.896841e-13 6.442155e-31
4964.68 3.855038e-13 6.443311e-31
4967.06 3.830566e-13 6.469581e-31
4969.44 3.816735e-13 6.513310e-31
4971.82 3.800931e-13 6.555983e-31
4974.20 3.786437e-13 6.609385e-31
4976.58 3.795506e-13 6.699227e-31
4978.96 3.772606e-13 6.731018e-31
4981.34 3.754940e-13 6.782299e-31
4983.72 3.733918e-13 6.830372e-31
4986.10 3.731569e-13 6.918695e-31
4988.48 3.717655e-13 6.987916e-31
4990.86 3.716919e-13 7.078203e-31
4993.24 3.706113e-13 7.155340e-31
4995.62 3.691320e-13 7.224561e-31
4998.00 3.694433e-13 7.328936e-31
5000.38 3.678730e-13 7.400181e-31
5002.76 3.690076e-13 7.535040e-31
5005.14 3.702101e-13 7.669847e-31
5007.52 3.707912e-13 7.792250e-31
5009.90 3.709230e-13 7.908228e-31
5012.28 3.733598e-13 8.080264e-31
5014.66 3.749403e-13 8.237587e-31
5017.04 3.776532e-13 8.416455e-31
5019.42 3.781720e-13 8.553039e-31
5021.80 3.801825e-13 8.736572e-31
5024.18 3.811937e-13 8.878502e-31
5026.56 3.825245e-13 9.034424e-31
5028.94 3.857325e-13 9.247886e-31
5031.32 3.869186e-13 9.406059e-31
5033.70 3.902830e-13 9.622052e-31
5036.08 3.896022e-13 9.717419e-31
5038.46 3.908786e-13 9.867404e-31
5040.84 3.938508e-13 1.005640e-30
5043.22 3.936956e-13 1.014870e-30
5045.60 3.963539e-13 1.032613e-30
5047.98 3.986519e-13 1.048128e-30
5050.36 4.011982e-13 1.062699e-30
5052.74 4.022978e-13 1.072684e-30
5055.12 4.044449e-13 1.085108e-30
5057.50 4.095737e-13 1.103860e-30
5059.88 4.134331e-13 1.118635e-30
5062.26 4.164297e-13 1.128597e-30
5064.64 4.212169e-13 1.141808e-30
5067.02 4.252811e-13 1.153862e-30
5069.40 4.316874e-13 1.171168e-30
5071.78 4.362683e-13 1.182497e-30
5074.16 4.404983e-13 1.190328e-30
5076.54 4.444141e-13 1.197121e-30
5078.92 4.474858e-13 1.201140e-30
5081.30 4.522192e-13 1.209099e-30
5083.68 4.568931e-13 1.216841e-30
5086.06 4.621172e-13 1.224832e-30
5088.44 4.668385e-13 1.231045e-30
5090.82 4.719968e-13 1.239310e-30
5093.20 4.760047e-13 1.246347e-30
5095.58 4.802931e-13 1.252026e-30
5097.96 4.869597e-13 9.124262e-31
5100.34 4.886321e-13 9.102982e-31
5102.72 4.916655e-13 9.120706e-31
5105.10 4.951274e-13 9.153380e-31
5107.48 4.980313e-13 9.168031e-31
5109.86 5.018013e-13 9.197388e-31
5112.24 5.054000e-13 9.239180e-31
5114.62 5.085946e-13 9.274250e-31
5117.00 5.124290e-13 9.324738e-31
5119.38 5.151057e-13 9.353392e-31
5121.76 5.179283e-13 9.387895e-31
5124.14 5.205557e-13 9.421946e-31
5126.52 5.219502e-13 9.434651e-31
5128.90 5.235386e-13 9.451643e-31
5131.28 5.239790e-13 9.451204e-31
5133.66 5.235056e-13 9.446591e-31
5136.04 5.216905e-13 9.418974e-31
5138.42 5.207672e-13 9.412669e-31
5140.80 5.190577e-13 9.393494e-31
5143.18 5.167985e-13 9.368394e-31
5145.56 5.145306e-13 9.357454e-31
5147.94 5.134759e-13 9.363953e-31
5150.32 5.273582e-13 2.589673e-30
5152.70 5.254661e-13 2.506656e-30
5155.08 5.213313e-13 2.413026e-30
5157.46 5.170260e-13 2.317314e-30
5159.84 5.160442e-13 2.235361e-30
5162.22 5.157366e-13 2.152579e-30
5164.60 5.115194e-13 2.057352e-30
5166.98 5.064869e-13 1.963180e-30
5169.36 5.051828e-13 1.884209e-30
5171.74 5.056442e-13 1.812870e-30
5174.12 5.027351e-13 1.733519e-30
5176.50 5.008454e-13 1.660132e-30
5178.88 4.997116e-13 1.592745e-30
5181.26 4.978458e-13 1.528260e-30
5183.64 4.959981e-13 1.469197e-30
5186.02 4.959197e-13 1.419526e-30
5188.40 4.969692e-13 1.377020e-30
5190.78 4.965745e-13 1.335563e-30
5193.16 4.966864e-13 1.301050e-30
5195.54 4.976521e-13 1.273333e-30
5197.92 4.980304e-13 1.247516e-30
5200.30 4.997181e-13 1.229884e-30
5202.68 5.010501e-13 1.215394e-30
5205.06 5.021441e-13 1.203172e-30
5207.44 5.033119e-13 1.194299e-30
5209.82 5.047047e-13 1.189045e-30
5212.20 5.067285e-13 1.187080e-30
5214.58 5.080647e-13 1.185890e-30
5216.96 5.084761e-13 1.183319e-30
5219.34 5.061475e-13 1.175597e-30
5221.72 5.028214e-13 1.166454e-30
5224.10 5.028183e-13 1.164334e-30
5226.48 5.028539e-13 1.163733e-30
5228.86 4.999569e-13 1.156108e-30
5231.24 4.951305e-13 1.142793e-30
5233.62 4.900478e-13 1.128973e-30
5236.00 4.843754e-13 1.114713e-30
5238.38 4.775232e-13 1.096784e-30
5240.76 4.718516e-13 1.080445e-30
5243.14 4.659239e-13 1.064111e-30
5245.52 4.583072e-13 1.043548e-30
5247.90 4.494671e-13 1.018982e-30
5250.28 4.400188e-13 9.939472e-31
5252.66 4.303443e-13 9.681578e-31
5255.04 4.220744e-13 9.447302e-31
5257.42 4.147305e-13 9.231736e-31
5259.80 4.062999e-13 8.991279e-31
5262.18 3.968252e-13 8.723347e-31
5264.56 3.892049e-13 8.499914e-31
5266.94 3.815704e-13 8.276309e-31
5269.32 3.736567e-13 8.049715e-31
5271.70 3.671219e-13 7.852934e-31
5274.08 3.617442e-13 7.674757e-31
5276.46 3.548304e-13 7.464929e-31
5278.84 3.480646e-13 7.258836e-31
5281.22 3.421793e-13 7.071066e-31
5283.60 3.375560e-13 6.912912e-31
5285.98 3.337943e-13 6.771749e-31
5288.36 3.299058e-13 6.619243e-31
5290.74 3.278070e-13 6.516643e-31
5293.12 3.253211e-13 6.405646e-31
5295.50 3.227739e-13 6.290818e-31
5297.88 3.220913e-13 6.214818e-31
5300.26 3.225031e-13 6.155902e-31
5302.64 3.216985e-13 6.074358e-31
5305.02 3.213178e-13 5.999911e-31
5307.40 3.223079e-13 5.949822e-31
5309.78 3.238110e-13 5.911822e-31
5312.16 3.248027e-13 5.869412e-31
5314.54 3.255135e-13 5.822225e-31
5316.92 3.266807e-13 5.780937e-31
5319.30 3.272831e-13 5.729159e-31
5321.68 3.280879e-13 5.680181e-31
5324.06 3.297513e-13 5.648044e-31
5326.44 3.305669e-13 5.607348e-31
5328.82 3.319056e-13 5.572259e-31
5331.20 3.334902e-13 5.544256e-31
5333.58 3.345593e-13 5.510776e-31
5335.96 3.352543e-13 5.471597e-31
5338.34 3.364830e-13 5.444421e-31
5340.72 3.385344e-13 5.432207e-31
5343.10 3.396753e-13 5.406562e-31
5345.48 3.410955e-13 5.383192e-31
5347.86 3.433615e-13 5.373053e-31
5350.24 3.454867e-13 5.364973e-31
5352.62 3.484698e-13 5.371304e-31
5355.00 3.522901e-13 5.389937e-31
5357.38 3.544495e-13 5.384306e-31
5359.76 3.566997e-13 5.379233e-31
5362.14 3.611305e-13 5.405653e-31
5364.52 3.646086e-13 5.419075e-31
5366.90 3.674106e-13 5.419063e-31
5369.28 3.704209e-13 5.425616e-31
5371.66 3.728440e-13 5.428672e-31
5374.04 3.740609e-13 5.412865e-31
5376.42 3.751724e-13 5.392082e-31
5378.80 3.769716e-13 5.385361e-31
5381.18 3.783402e-13 5.375430e-31
5383.56 3.782398e-13 5.340597e-31
5385.94 3.774818e-13 5.294467e-31
5388.32 3.774009e-13 5.262366e-31
5390.70 3.771684e-13 5.228720e-31
5393.08 3.754667e-13 5.177955e-31
5395.46 3.738618e-13 5.127573e-31
5397.84 3.727789e-13 5.080469e-31
5400.22 3.712939e-13 5.027493e-31
5402.60 3.699086e-13 4.980244e-31
5404.98 3.692312e-13 4.944911e-31
5407.36 3.682789e-13 4.901979e-31
5409.74 3.667287e-13 4.851790e-31
5412.12 3.646219e-13 4.800601e-31
5414.50 3.619980e-13 4.742730e-31
5416.88 3.600076e-13 4.685979e-31
5419.26 3.576030e-13 4.625265e-31
5421.64 3.546913e-13 4.563737e-31
5424.02 3.515798e-13 4.498683e-31
5426.40 3.482201e-13 4.425879e-31
5428.78 3.447365e-13 4.357948e-31
5431.16 3.403004e-13 4.283457e-31
5433.54 3.359017e-13 4.209238e-31
5435.92 3.319452e-13 4.138259e-31
5438.30 3.276983e-13 4.065838e-31
5440.68 3.231645e-13 3.994971e-31
5443.06 3.190667e-13 3.922407e-31
5445.44 3.140215e-13 3.839387e-31
5447.82 3.087218e-13 3.756658e-31
5450.20 3.046314e-13 3.689652e-31
5452.58 3.010255e-13 3.631676e-31
5454.96 2.967773e-13 3.565226e-31
5457.34 2.935467e-13 3.512367e-31
5459.72 2.894901e-13 3.448742e-31
5462.10 2.849098e-13 3.377994e-31
5464.48 2.826729e-13 3.338354e-31
5466.86 2.809738e-13 3.306746e-31
5469.24 2.786627e-13 3.268144e-31
5471.62 2.760420e-13 3.224348e-31
5474.00 2.744544e-13 3.191114e-31
5476.38 2.740579e-13 3.172384e-31
5478.76 2.734797e-13 3.154479e-31
5481.14 2.738986e-13 3.151643e-31
5483.52 2.738086e-13 3.138378e-31
5485.90 2.744075e-13 3.130383e-31
5488.28 2.767706e-13 3.145788e-31
5490.66 2.794686e-13 3.166050e-31
5493.04 2.837611e-13 3.203529e-31
5495.42 2.877481e-13 3.235437e-31
5497.80 2.916811e-13 3.266883e-31
5500.18 2.969729e-13 3.314229e-31
5502.56 3.032570e-13 3.371547e-31
5504.94 3.090222e-13 3.423375e-31
5507.32 3.150547e-13 3.477835e-31
5509.70 3.215717e-13 3.536176e-31
5512.08 3.287143e-13 3.600873e-31
5514.46 3.355246e-13 3.662966e-31
5516.84 3.404377e-13 3.704343e-31
5519.22 3.467759e-13 3.759832e-31
5521.60 3.533958e-13 3.819104e-31
5523.98 3.589064e-13 3.866289e-31
5526.36 3.634145e-13 3.900956e-31
5528.74 3.674048e-13 3.928892e-31
5531.12 3.720089e-13 3.961571e-31
5533.50 3.780105e-13 4.009857e-31
5535.88 3.825756e-13 4.043122e-31
5538.26 3.857300e-13 4.061442e-31
5540.64 3.901275e-13 4.094209e-31
5543.02 3.939690e-13 4.121130e-31
5545.40 3.990010e-13 4.162406e-31
5547.78 4.041696e-13 4.203541e-31
5550.16 4.081824e-13 4.229240e-31
5552.54 4.111234e-13 4.242924e-31
5554.92 4.139183e-13 4.257315e-31
5557.30 4.193772e-13 4.304427e-31
5559.68 4.227185e-13 4.324516e-31
5562.06 4.243795e-13 4.325141e-31
5564.44 4.267259e-13 4.337774e-31
5566.82 4.276642e-13 4.335260e-31
5569.20 4.280967e-13 4.325668e-31
5571.58 4.278913e-13 4.318275e-31
5573.96 4.267579e-13 4.309347e-31
5576.34 4.254102e-13 4.297629e-31
5578.72 4.241162e-13 4.277813e-31
5581.10 4.216313e-13 4.230687e-31
5583.48 4.206533e-13 4.191325e-31
5585.86 4.208488e-13 4.166950e-31
5588.24 4.210850e-13 4.149710e-31
5590.62 4.212286e-13 4.135153e-31
5593.00 4.212722e-13 4.120358e-31
5595.38 4.221897e-13 4.116552e-31
5597.76 4.241423e-13 4.124852e-31
5600.14 4.262006e-13 4.133550e-31
5602.52 4.274448e-13 4.131483e-31
5604.90 4.279035e-13 4.120390e-31
5607.28 4.283257e-13 4.112285e-31
5609.66 4.298014e-13 4.113172e-31
5612.04 4.316659e-13 4.117079e-31
5614.42 4.316412e-13 4.103115e-31
5616.80 4.302926e-13 4.076044e-31
5619.18 4.321770e-13 4.083736e-31
5621.56 4.317102e-13 4.069331e-31
5623.94 4.308955e-13 4.048009e-31
5626.32 4.301810e-13 4.026615e-31
5628.70 4.278053e-13 3.991930e-31
5631.08 4.270619e-13 3.972766e-31
5633.46 4.262183e-13 3.951994e-31
5635.84 4.241926e-13 3.920964e-31
5638.22 4.223892e-13 3.892124e-31
5640.60 4.214991e-13 3.870837e-31
5642.98 4.197552e-13 3.841971e-31
5645.36 4.169095e-13 3.804091e-31
5647.74 4.158980e-13 3.783777e-31
5650.12 4.150893e-13 3.764873e-31
5652.50 4.132866e-13 3.736148e-31
5654.88 4.122612e-13 3.713865e-31
5657.26 4.110333e-13 3.688037e-31
5659.64 4.092707e-13 3.659161e-31
5662.02 4.080829e-13 3.636707e-31
5664.40 4.076703e-13 3.623427e-31
5666.78 4.073466e-13 3.612261e-31
5669.16 4.069548e-13 3.594985e-31
5671.54 4.055963e-13 3.567919e-31
5673.92 4.043189e-13 3.543395e-31
5676.30 4.037965e-13 3.527688e-31
5678.68 4.032404e-13 3.511765e-31
5681.06 4.017410e-13 3.485995e-31
5683.44 3.998714e-13 3.459199e-31
5685.82 3.983902e-13 3.437194e-31
5688.20 3.977311e-13 3.420701e-31
5690.58 3.970146e-13 3.402496e-31
5692.96 3.957789e-13 3.380873e-31
5695.34 3.957821e-13 3.369151e-31
5697.72 3.942632e-13 3.343938e-31
5700.10 3.933916e-13 3.326381e-31
5702.48 3.934006e-13 3.316109e-31
5704.86 3.923365e-13 3.294203e-31
5707.24 3.915928e-13 3.277521e-31
5709.62 3.895243e-13 3.249572e-31
5712.00 3.882804e-13 3.228242e-31
5714.38 3.872705e-13 3.209847e-31
5716.76 3.853447e-13 3.184394e-31
5719.14 3.838777e-13 3.162032e-31
5721.52 3.809576e-13 3.127151e-31
5723.90 3.798035e-13 3.106857e-31
5726.28 3.780344e-13 3.083856e-31
5728.66 3.748154e-13 3.049800e-31
5731.04 3.732778e-13 3.027035e-31
5733.42 3.704831e-13 2.994507e-31
5735.80 3.672802e-13 2.959048e-31
5738.18 3.652604e-13 2.936149e-31
5740.56 3.631868e-13 2.912611e-31
5742.94 3.601915e-13 2.877285e-31
5745.32 3.585142e-13 2.853903e-31
5747.70 3.555232e-13 2.822474e-31
5750.08 3.521754e-13 2.788220e-31
5752.46 3.496830e-13 2.761284e-31
5754.84 3.482111e-13 2.742742e-31
5757.22 3.473123e-13 2.726535e-31
5759.60 3.446637e-13 2.698360e-31
5761.98 3.425237e-13 2.675530e-31
5764.36 3.407348e-13 2.655500e-31
5766.74 3.386902e-13 2.633377e-31
5769.12 3.371266e-13 2.614649e-31
5771.50 3.348129e-13 2.588479e-31
5773.88 3.328900e-13 2.565901e-31
5776.26 3.322102e-13 2.554654e-31
5778.64 3.318242e-13 2.546052e-31
5781.02 3.308345e-13 2.532605e-31
5783.40 3.300767e-13 2.522266e-31
5785.78 3.292077e-13 2.509128e-31
5788.16 3.296592e-13 2.505789e-31
5790.54 3.305724e-13 2.507250e-31
5792.92 3.306929e-13 2.503482e-31
5795.30 3.314171e-13 2.504426e-31
5797.68 3.328617e-13 2.509501e-31
5800.06 3.337281e-13 2.509849e-31
5802.44 3.345765e-13 2.510105e-31
5804.82 3.359659e-13 2.514628e-31
5807.20 3.374000e-13 2.519705e-31
5809.58 3.394677e-13 2.528952e-31
5811.96 3.413377e-13 2.538965e-31
5814.34 3.430028e-13 2.547737e-31
5816.72 3.454160e-13 2.559980e-31
5819.10 3.483712e-13 2.575369e-31
5821.48 3.499617e-13 2.581995e-31
5823.86 3.510234e-13 2.585857e-31
5826.24 3.528255e-13 2.594824e-31
5828.62 3.556600e-13 2.609309e-31
5831.00 3.583723e-13 2.622636e-31
5833.38 3.593962e-13 2.626632e-31
5835.76 3.594954e-13 2.622253e-31
5838.14 3.620543e-13 2.636331e-31
5840.52 3.639830e-13 2.645792e-31
5842.90 3.636942e-13 2.637738e-31
5845.28 3.647931e-13 2.640013e-31
5847.66 3.660216e-13 2.643612e-31
5850.04 3.664541e-13 2.641294e-31
5852.42 3.673118e-13 2.642834e-31
5854.80 3.683706e-13 2.646893e-31
5857.18 3.682873e-13 2.641938e-31
5859.56 3.679432e-13 2.633113e-31
5861.94 3.679237e-13 2.628438e-31
5864.32 3.676157e-13 2.622945e-31
5866.70 3.679477e-13 2.620850e-31
5869.08 3.688510e-13 2.620707e-31
5871.46 3.679092e-13 2.606605e-31
5873.84 3.667871e-13 2.593478e-31
5876.22 3.674718e-13 2.594509e-31
5878.60 3.685835e-13 2.597364e-31
5880.98 3.683492e-13 2.589807e-31
5883.36 3.671034e-13 2.576825e-31
5885.74 3.653588e-13 2.561622e-31
5888.12 3.640823e-13 2.549452e-31
5890.50 3.625632e-13 2.535737e-31
5892.88 3.612597e-13 2.522139e-31
5895.26 3.614446e-13 2.516082e-31
5897.64 3.624686e-13 2.516291e-31
5900.02 3.646932e-13 2.525615e-31
5902.40 3.654734e-13 2.524178e-31
5904.78 3.662635e-13 2.523296e-31
5907.16 3.682600e-13 2.532140e-31
5909.54 3.681645e-13 2.525819e-31
5911.92 3.688523e-13 2.525908e-31
5914.30 3.688142e-13 2.520535e-31
5916.68 3.682871e-13 2.512374e-31
5919.06 3.684147e-13 2.508764e-31
5921.44 3.685423e-13 2.502965e-31
5923.82 3.684770e-13 2.497414e-31
5926.20 3.684429e-13 2.490977e-31
5928.58 3.690418e-13 2.490792e-31
5930.96 3.697128e-13 2.491871e-31
5933.34 3.692839e-13 2.482732e-31
5935.72 3.680356e-13 2.470294e-31
5938.10 3.667898e-13 2.456555e-31
5940.48 3.658587e-13 2.444902e-31
5942.86 3.648891e-13 2.433075e-31
5945.24 3.639436e-13 2.421374e-31
5947.62 3.634860e-13 2.414982e-31
5950.00 3.625409e-13 2.402752e-31
5952.38 3.626669e-13 2.396807e-31
5954.76 3.626629e-13 2.392540e-31
5957.14 3.613882e-13 2.381186e-31
5959.52 3.604502e-13 2.369800e-31
5961.90 3.602439e-13 2.362406e-31
5964.28 3.605120e-13 2.359452e-31
5966.66 3.604622e-13 2.354392e-31
5969.04 3.597020e-13 2.343940e-31
5971.42 3.589789e-13 2.334547e-31
5973.80 3.592363e-13 2.332463e-31
5976.18 3.591082e-13 2.326464e-31
5978.56 3.589693e-13 2.320705e-31
5980.94 3.583825e-13 2.312382e-31
5983.32 3.573747e-13 2.300962e-31
5985.70 3.577128e-13 2.299500e-31
5988.08 3.577931e-13 2.295555e-31
5990.46 3.572771e-13 2.285811e-31
5992.84 3.565094e-13 2.275453e-31
5995.22 3.558262e-13 2.267387e-31
5997.60 3.555975e-13 2.261195e-31
5999.98 3.557637e-13 2.258111e-31
6002.36 3.544245e-13 2.245411e-31
6004.74 3.525512e-13 2.228089e-31
6007.12 3.516886e-13 2.216910e-31
6009.50 3.511859e-13 2.208622e-31
6011.88 3.498197e-13 2.193775e-31
6014.26 3.492915e-13 2.185401e-31
6016.64 3.485951e-13 2.176595e-31
6019.02 3.472010e-13 2.162543e-31
6021.40 3.459072e-13 2.149206e-31
6023.78 3.448006e-13 2.138509e-31
6026.16 3.436834e-13 2.125796e-31
6028.54 3.422700e-13 2.111610e-31
6030.92 3.408712e-13 2.099139e-31
6033.30 3.395806e-13 2.086585e-31
6035.68 3.378831e-13 2.069968e-31
6038.06 3.357392e-13 2.053349e-31
6040.44 3.333146e-13 2.033979e-31
6042.82 3.315126e-13 2.017886e-31
6045.20 3.294185e-13 2.001595e-31
6047.58 3.257815e-13 1.976162e-31
6049.96 3.221885e-13 1.949592e-31
6052.34 3.173684e-13 1.916978e-31
6054.72 3.104836e-13 1.871106e-31
6057.10 3.026670e-13 1.819398e-31
6059.48 2.953256e-13 1.772432e-31
6061.86 2.882817e-13 1.727243e-31
6064.24 2.809963e-13 1.681089e-31
6066.62 2.734992e-13 1.632936e-31
6069.00 2.655489e-13 1.582426e-31
6071.38 2.572722e-13 1.531142e-31
6073.76 2.493078e-13 1.481451e-31
6076.14 2.412902e-13 1.431626e-31
6078.52 2.326449e-13 1.378471e-31
6080.90 2.242242e-13 1.326868e-31
6083.28 2.162804e-13 1.277850e-31
6085.66 2.081837e-13 1.227988e-31
6088.04 2.003010e-13 1.180580e-31
6090.42 1.924912e-13 1.132867e-31
6092.80 1.853117e-13 1.089332e-31
6095.18 1.791826e-13 1.052853e-31
6097.56 1.732813e-13 1.017276e-31
6099.94 1.666616e-13 9.768950e-32
6102.32 1.610869e-13 9.428129e-32
6104.70 1.558610e-13 9.114640e-32
6107.08 1.506533e-13 8.804801e-32
6109.46 1.458171e-13 8.516740e-32
6111.84 1.412766e-13 8.247823e-32
6114.22 1.370995e-13 7.995697e-32
6116.60 1.332664e-13 7.767664e-32
6118.98 1.297061e-13 7.557260e-32
6121.36 1.262822e-13 7.348618e-32
6123.74 1.229861e-13 7.144664e-32
6126.12 1.201116e-13 6.973466e-32
6128.50 1.177360e-13 6.827158e-32
6130.88 1.158152e-13 6.705537e-32
6133.26 1.143415e-13 6.610934e-32
6135.64 1.134066e-13 6.547181e-32
6138.02 1.128927e-13 6.511439e-32
6140.40 1.121098e-13 6.463413e-32
6142.78 1.117532e-13 6.431778e-32
6145.16 1.118761e-13 6.424388e-32
6147.54 1.120012e-13 6.422042e-32
6149.92 1.122399e-13 6.426095e-32
6152.30 1.129168e-13 6.452946e-32
6154.68 1.138475e-13 6.494385e-32
6157.06 1.151441e-13 6.555918e-32
6159.44 1.166143e-13 6.624353e-32
6161.82 1.180426e-13 6.688994e-32
6164.20 1.201025e-13 6.792819e-32
6166.58 1.224877e-13 6.916083e-32
6168.96 1.247647e-13 7.030505e-32
6171.34 1.271216e-13 7.146893e-32
6173.72 1.297359e-13 7.277732e-32
6176.10 1.323213e-13 7.405820e-32
6178.48 1.354158e-13 7.556255e-32
6180.86 1.387369e-13 7.718083e-32
6183.24 1.422793e-13 7.898794e-32
6185.62 1.460872e-13 8.094745e-32
6188.00 1.497936e-13 8.273910e-32
6190.38 1.534396e-13 8.452248e-32
6192.76 1.572621e-13 8.643077e-32
6195.14 1.618343e-13 8.873277e-32
6197.52 1.673198e-13 9.153389e-32
6199.90 1.729793e-13 9.441931e-32
6202.28 1.779104e-13 9.677888e-32
6204.66 1.826303e-13 9.901125e-32
6207.04 1.878218e-13 1.015456e-31
6209.42 1.932272e-13 1.041961e-31
6211.80 1.985785e-13 1.067914e-31
6214.18 2.043144e-13 1.096083e-31
6216.56 2.096478e-13 1.121720e-31
6218.94 2.150779e-13 1.147443e-31
6221.32 2.203185e-13 1.172027e-31
6223.70 2.250597e-13 1.194209e-31
6226.08 2.300146e-13 1.217732e-31
6228.46 2.350910e-13 1.241199e-31
6230.84 2.398638e-13 1.263101e-31
6233.22 2.440856e-13 1.282427e-31
6235.60 2.479955e-13 1.299685e-31
6237.98 2.520212e-13 1.316792e-31
6240.36 2.561429e-13 1.334626e-31
6242.74 2.600870e-13 1.351178e-31
6245.12 2.641576e-13 1.368482e-31
6247.50 2.679794e-13 1.384541e-31
6249.88 2.713355e-13 1.398069e-31
6252.26 2.748934e-13 1.413252e-31
6254.64 2.773674e-13 1.422236e-31
6257.02 2.805461e-13 1.435333e-31
6259.40 2.839689e-13 1.450569e-31
6261.78 2.864431e-13 1.460531e-31
6264.16 2.890317e-13 1.470003e-31
6266.54 2.916129e-13 1.479668e-31
6268.92 2.930158e-13 1.482695e-31
6271.30 2.935182e-13 1.481967e-31
6273.68 2.946464e-13 1.494048e-31
6276.06 2.970704e-13 1.525809e-31
6278.44 2.994938e-13 1.553355e-31
6280.82 3.015168e-13 1.565225e-31
6283.20 3.043130e-13 1.567245e-31
6285.58 3.065089e-13 1.560522e-31
6287.96 3.065495e-13 1.547777e-31
6290.34 3.067510e-13 1.545176e-31
6292.72 3.075713e-13 1.550632e-31
6295.10 3.088549e-13 1.562768e-31
6297.48 3.099681e-13 1.577619e-31
6299.86 3.107040e-13 1.587995e-31
6302.24 3.116465e-13 1.588399e-31
6304.62 3.127336e-13 1.577823e-31
6307.00 3.133278e-13 1.560245e-31
6309.38 3.142192e-13 1.549959e-31
6311.76 3.151546e-13 1.546844e-31
6314.14 3.156054e-13 1.543841e-31
6316.52 3.173514e-13 1.551966e-31
6318.90 3.164847e-13 1.539594e-31
6321.28 3.158599e-13 1.530200e-31
6323.66 3.166982e-13 1.533850e-31
6326.04 3.169579e-13 1.532706e-31
6328.42 3.176904e-13 1.533105e-31
6330.80 3.185586e-13 1.535508e-31
6333.18 3.184804e-13 1.533714e-31
6335.56 3.176894e-13 1.527825e-31
6337.94 3.167360e-13 1.520385e-31
6340.32 3.156032e-13 1.511757e-31
6342.70 3.152386e-13 1.508034e-31
6345.08 3.148463e-13 1.505308e-31
6347.46 3.144178e-13 1.502309e-31
6349.84 3.138272e-13 1.497518e-31
6352.22 3.126036e-13 1.489369e-31
6354.60 3.115942e-13 1.483930e-31
6356.98 3.106020e-13 1.480274e-31
6359.36 3.100174e-13 1.480596e-31
6361.74 3.094490e-13 1.481906e-31
6364.12 3.080708e-13 1.477001e-31
6366.50 3.065483e-13 1.466263e-31
6368.88 3.059956e-13 1.456111e-31
6371.26 3.048235e-13 1.443031e-31
6373.64 3.036280e-13 1.432577e-31
6376.02 3.038346e-13 1.431219e-31
6378.40 3.040451e-13 1.430684e-31
6380.78 3.025156e-13 1.422356e-31
6383.16 3.013472e-13 1.415767e-31
6385.54 3.011398e-13 1.413152e-31
6387.92 3.009934e-13 1.410574e-31
6390.30 3.005592e-13 1.407025e-31
6392.68 3.000798e-13 1.403013e-31
6395.06 2.999711e-13 1.401142e-31
6397.44 2.993662e-13 1.396056e-31
6399.82 2.986177e-13 1.390455e-31
6402.20 2.981991e-13 1.388077e-31
6404.58 2.970700e-13 1.381653e-31
6406.96 2.975914e-13 1.382740e-31
6409.34 2.974352e-13 1.380607e-31
6411.72 2.964128e-13 1.374950e-31
6414.10 2.961625e-13 1.373270e-31
6416.48 2.960570e-13 1.371466e-31
6418.86 2.955325e-13 1.367951e-31
6421.24 2.946685e-13 1.362785e-31
6423.62 2.934716e-13 1.355531e-31
6426.00 2.924358e-13 1.349056e-31
6428.38 2.920067e-13 1.346002e-31
6430.76 2.912155e-13 1.341035e-31
6433.14 2.902806e-13 1.335842e-31
6435.52 2.896847e-13 1.332067e-31
6437.90 2.888732e-13 1.327121e-31
6440.28 2.871266e-13 1.318154e-31
6442.66 2.851684e-13 1.307769e-31
6445.04 2.839177e-13 1.300504e-31
6447.42 2.827220e-13 1.293801e-31
6449.80 2.811703e-13 1.285328e-31
6452.18 2.795946e-13 1.276372e-31
6454.56 2.782790e-13 1.268910e-31
6456.94 2.773177e-13 1.263343e-31
6459.32 2.768596e-13 1.260458e-31
6461.70 2.762799e-13 1.256461e-31
6464.08 2.752792e-13 1.250263e-31
6466.46 2.741027e-13 1.244203e-31
6468.84 2.725373e-13 1.235938e-31
6471.22 2.720088e-13 1.231679e-31
6473.60 2.716719e-13 1.228510e-31
6475.98 2.705947e-13 1.221752e-31
6478.36 2.693525e-13 1.214075e-31
6480.74 2.684860e-13 1.210071e-31
6483.12 2.674725e-13 1.204319e-31
6485.50 2.668786e-13 1.199840e-31
6487.88 2.658457e-13 1.193289e-31
6490.26 2.641742e-13 1.184018e-31
6492.64 2.637907e-13 1.181782e-31
6495.02 2.638335e-13 1.181292e-31
6497.40 2.634590e-13 1.178542e-31
6499.78 2.626003e-13 1.173176e-31
6502.16 2.615515e-13 1.166810e-31
6504.54 2.605708e-13 1.161034e-31
6506.92 2.598498e-13 1.156024e-31
6509.30 2.593006e-13 1.151526e-31
6511.68 2.584121e-13 1.146167e-31
6514.06 2.573945e-13 1.140144e-31
6516.44 2.566474e-13 1.134428e-31
6518.82 2.557315e-13 1.128823e-31
6521.20 2.552450e-13 1.125848e-31
6523.58 2.545660e-13 1.121913e-31
6525.96 2.536591e-13 1.116314e-31
6528.34 2.531639e-13 1.112461e-31
6530.72 2.527984e-13 1.109851e-31
6533.10 2.514630e-13 1.102096e-31
6535.48 2.504337e-13 1.095619e-31
6537.86 2.500057e-13 1.092399e-31
6540.24 2.493954e-13 1.088435e-31
6542.62 2.482793e-13 1.081734e-31
6545.00 2.470440e-13 1.074605e-31
6547.38 2.464005e-13 1.070354e-31
6549.76 2.460051e-13 1.067349e-31
6552.14 2.454882e-13 1.063979e-31
6554.52 2.448744e-13 1.060106e-31
6556.90 2.438971e-13 1.053898e-31
6559.28 2.424813e-13 1.045695e-31
6561.66 2.413890e-13 1.039454e-31
6564.04 2.405651e-13 1.034424e-31
6566.42 2.396592e-13 1.028777e-31
6568.80 2.390809e-13 1.025091e-31
6571.18 2.387025e-13 1.022513e-31
6573.56 2.381443e-13 1.018788e-31
6575.94 2.372608e-13 1.013676e-31
6578.32 2.361738e-13 1.007850e-31
6580.70 2.351958e-13 1.002247e-31
6583.08 2.345837e-13 9.984081e-32
6585.46 2.335414e-13 9.918964e-32
6587.84 2.323502e-13 9.849101e-32
6590.22 2.313735e-13 9.798524e-32
6592.60 2.304582e-13 9.753147e-32
6594.98 2.297650e-13 9.711635e-32
6597.36 2.294446e-13 9.678946e-32
6599.74 2.284430e-13 9.623740e-32
6602.12 2.268507e-13 9.546750e-32
6604.50 2.256582e-13 9.481959e-32
6606.88 2.248588e-13 9.436450e-32
6609.26 2.237744e-13 9.377978e-32
6611.64 2.226043e-13 9.316076e-32
6614.02 2.216509e-13 9.262810e-32
6616.40 2.208562e-13 9.216172e-32
6618.78 2.199507e-13 9.167263e-32
6621.16 2.188564e-13 9.110141e-32
6623.54 2.180533e-13 9.067217e-32
6625.92 2.171900e-13 9.020923e-32
6628.30 2.161004e-13 8.961953e-32
6630.68 2.150392e-13 8.904093e-32
6633.06 2.138437e-13 8.843761e-32
6635.44 2.128130e-13 8.790075e-32
6637.82 2.120029e-13 8.745743e-32
6640.20 2.111449e-13 8.701159e-32
6642.58 2.100201e-13 8.645904e-32
6644.96 2.088340e-13 8.586189e-32
6647.34 2.080643e-13 8.543949e-32
6649.72 2.073602e-13 8.503455e-32
6652.10 2.064925e-13 8.458476e-32
6654.48 2.055265e-13 8.410825e-32
6656.86 2.046046e-13 8.360495e-32
6659.24 2.038940e-13 8.319616e-32
6661.62 2.029235e-13 8.272004e-32
6664.00 2.019644e-13 8.224658e-32
6666.38 2.014310e-13 8.194282e-32
6668.76 2.011251e-13 8.173833e-32
6671.14 2.005866e-13 8.139099e-32
6673.52 1.998802e-13 8.101262e-32
6675.90 1.988709e-13 8.050632e-32
6678.28 1.978864e-13 8.000266e-32
6680.66 1.972345e-13 7.967177e-32
6683.04 1.966248e-13 7.937573e-32
6685.42 1.961960e-13 7.915827e-32
6687.80 1.954290e-13 7.874560e-32
6690.18 1.942993e-13 7.818133e-32
6692.56 1.933394e-13 7.774342e-32
6694.94 1.927647e-13 7.746287e-32
6697.32 1.921206e-13 7.709675e-32
6699.70 1.914459e-13 7.671780e-32
6702.08 1.904896e-13 7.625618e-32
6704.46 1.894133e-13 7.574180e-32
6706.84 1.886429e-13 7.531453e-32
6709.22 1.879641e-13 7.492875e-32
6711.60 1.876127e-13 7.472570e-32
6713.98 1.873219e-13 7.455686e-32
6716.36 1.864852e-13 7.412901e-32
6718.74 1.850825e-13 7.347761e-32
6721.12 1.839696e-13 7.301640e-32
6723.50 1.835830e-13 7.280276e-32
6725.88 1.832110e-13 7.255713e-32
6728.26 1.824559e-13 7.216959e-32
6730.64 1.815643e-13 7.176596e-32
6733.02 1.808060e-13 7.142816e-32
6735.40 1.800525e-13 7.102670e-32
6737.78 1.790995e-13 7.055996e-32
6740.16 1.779006e-13 7.003544e-32
6742.54 1.769186e-13 6.959550e-32
6744.92 1.764423e-13 6.933842e-32
6747.30 1.757659e-13 6.901836e-32
6749.68 1.747333e-13 6.856229e-32
6752.06 1.737242e-13 6.810295e-32
6754.44 1.728564e-13 6.768571e-32
6756.82 1.719939e-13 6.727172e-32
6759.20 1.711335e-13 6.686618e-32
6761.58 1.701437e-13 6.639333e-32
6763.96 1.690314e-13 6.591408e-32
6766.34 1.682296e-13 6.559740e-32
6768.72 1.677842e-13 6.540153e-32
6771.10 1.670394e-13 6.504383e-32
6773.48 1.657884e-13 6.447934e-32
6775.86 1.646963e-13 6.399850e-32
6778.24 1.641573e-13 6.373877e-32
6780.62 1.637953e-13 6.355638e-32
6783.00 1.631349e-13 6.327607e-32
6785.38 1.624586e-13 6.296409e-32
6787.76 1.620559e-13 6.275784e-32
6790.14 1.618941e-13 6.264526e-32
6792.52 1.615775e-13 6.248646e-32
6794.90 1.609714e-13 6.223071e-32
6797.28 1.604502e-13 6.198495e-32
6799.66 1.598884e-13 6.172571e-32
6802.04 1.594362e-13 6.151214e-32
6804.42 1.590931e-13 6.135720e-32
6806.80 1.587580e-13 6.120503e-32
6809.18 1.584195e-13 6.101366e-32
6811.56 1.579967e-13 6.080091e-32
6813.94 1.576463e-13 6.062857e-32
6816.32 1.574438e-13 6.053685e-32
6818.70 1.573111e-13 6.046953e-32
6821.08 1.570702e-13 6.032732e-32
6823.46 1.565761e-13 6.010945e-32
6825.84 1.560853e-13 5.991513e-32
6828.22 1.560314e-13 5.989133e-32
6830.60 1.561945e-13 5.993543e-32
6832.98 1.559947e-13 5.981467e-32
6835.36 1.554154e-13 5.952820e-32
6837.74 1.549463e-13 5.928693e-32
6840.12 1.548246e-13 5.917813e-32
6842.50 1.546833e-13 5.907202e-32
6844.88 1.543313e-13 5.889461e-32
6847.26 1.540581e-13 5.874077e-32
6849.64 1.537387e-13 5.859672e-32
6852.02 1.533521e-13 5.845128e-32
6854.40 1.527984e-13 5.822179e-32
6856.78 1.520511e-13 5.790634e-32
6859.16 1.516087e-13 5.795186e-32
6861.54 1.519065e-13 5.903740e-32
6863.92 1.509760e-13 6.072878e-32
6866.30 1.502081e-13 6.462837e-32
6868.68 1.504445e-13 7.064282e-32
6871.06 1.507345e-13 7.543303e-32
6873.44 1.508084e-13 7.574484e-32
6875.82 1.506289e-13 7.245874e-32
6878.20 1.500696e-13 6.813099e-32
6880.58 1.490402e-13 6.442157e-32
6882.96 1.477614e-13 6.209842e-32
6885.34 1.468096e-13 6.161033e-32
6887.72 1.465525e-13 6.239723e-32
6890.10 1.461127e-13 6.294424e-32
6892.48 1.453990e-13 6.274438e-32
6894.86 1.449397e-13 6.217538e-32
6897.24 1.447897e-13 6.154789e-32
6899.62 1.444078e-13 6.080312e-32
6902.00 1.438647e-13 5.999732e-32
6904.38 1.432028e-13 5.906824e-32
6906.76 1.424587e-13 5.810406e-32
6909.14 1.418579e-13 5.727573e-32
6911.52 1.415186e-13 5.652545e-32
6913.90 1.408715e-13 5.573413e-32
6916.28 1.402685e-13 5.506706e-32
6918.66 1.399108e-13 5.453993e-32
6921.04 1.394665e-13 5.399944e-32
6923.42 1.387777e-13 5.338818e-32
6925.80 1.383288e-13 5.279595e-32
6928.18 1.379026e-13 5.228569e-32
6930.56 1.372984e-13 5.171021e-32
6932.94 1.367364e-13 5.121906e-32
6935.32 1.364953e-13 5.108262e-32
6937.70 1.364515e-13 5.100692e-32
6940.08 1.365661e-13 5.101312e-32
6942.46 1.365307e-13 5.098993e-32
6944.84 1.365297e-13 5.097248e-32
6947.22 1.367725e-13 5.103201e-32
6949.60 1.367256e-13 5.097201e-32
6951.98 1.363753e-13 5.078361e-32
6954.36 1.360698e-13 5.061143e-32
6956.74 1.360315e-13 5.055825e-32
6959.12 1.361901e-13 5.059473e-32
6961.50 1.363675e-13 5.063053e-32
6963.88 1.364944e-13 5.063846e-32
6966.26 1.363280e-13 5.055336e-32
6968.64 1.359169e-13 5.037692e-32
6971.02 1.356653e-13 5.024993e-32
6973.40 1.357718e-13 5.025956e-32
6975.78 1.357741e-13 5.022085e-32
6978.16 1.354659e-13 5.007692e-32
6980.54 1.350136e-13 4.988590e-32
6982.92 1.346208e-13 4.969001e-32
6985.30 1.342263e-13 4.947880e-32
6987.68 1.335716e-13 4.921703e-32
6990.06 1.327302e-13 4.886744e-32
6992.44 1.322983e-13 4.868546e-32
6994.82 1.322407e-13 4.864729e-32
6997.20 1.320819e-13 4.855016e-32
6999.58 1.317637e-13 4.840691e-32
7001.96 1.315539e-13 4.830948e-32
7004.34 1.311001e-13 4.810406e-32
7006.72 1.305865e-13 4.786606e-32
7009.10 1.302982e-13 4.771768e-32
7011.48 1.300498e-13 4.760668e-32
7013.86 1.296088e-13 4.745943e-32
7016.24 1.290910e-13 4.723050e-32
7018.62 1.287803e-13 4.705993e-32
7021.00 1.285057e-13 4.693185e-32
7023.38 1.280805e-13 4.674791e-32
7025.76 1.279158e-13 4.663646e-32
7028.14 1.279519e-13 4.664644e-32
7030.52 1.276940e-13 4.655403e-32
7032.90 1.273409e-13 4.641698e-32
7035.28 1.273213e-13 4.639151e-32
7037.66 1.273613e-13 4.635807e-32
7040.04 1.270258e-13 4.623209e-32
7042.42 1.270015e-13 4.622227e-32
7044.80 1.270356e-13 4.619623e-32
7047.18 1.268103e-13 4.606553e-32
7049.56 1.265888e-13 4.596439e-32
7051.94 1.262101e-13 4.580883e-32
7054.32 1.259865e-13 4.570879e-32
7056.70 1.258577e-13 4.565767e-32
7059.08 1.257940e-13 4.563623e-32
7061.46 1.258085e-13 4.562200e-32
7063.84 1.256361e-13 4.551989e-32
7066.22 1.253605e-13 4.539857e-32
7068.60 1.251559e-13 4.530059e-32
7070.98 1.250370e-13 4.523695e-32
7073.36 1.248574e-13 4.516315e-32
7075.74 1.246153e-13 4.505436e-32
7078.12 1.247102e-13 4.507600e-32
7080.50 1.250197e-13 4.517879e-32
7082.88 1.249274e-13 4.512328e-32
7085.26 1.246620e-13 4.500746e-32
7087.64 1.248353e-13 4.507010e-32
7090.02 1.246817e-13 4.499418e-32
7092.40 1.244678e-13 4.488453e-32
7094.78 1.245545e-13 4.487577e-32
7097.16 1.247392e-13 4.491661e-32
7099.54 1.246908e-13 4.490428e-32
7101.92 1.246224e-13 4.488370e-32
7104.30 1.248150e-13 4.494097e-32
7106.68 1.247794e-13 4.492462e-32
7109.06 1.243854e-13 4.477500e-32
7111.44 1.240235e-13 4.461645e-32
7113.82 1.238810e-13 4.453813e-32
7116.20 1.237008e-13 4.444089e-32
7118.58 1.234443e-13 4.433827e-32
7120.96 1.232499e-13 4.426268e-32
7123.34 1.231569e-13 4.421643e-32
7125.72 1.230291e-13 4.417234e-32
7128.10 1.227842e-13 4.408616e-32
7130.48 1.225639e-13 4.398404e-32
7132.86 1.222793e-13 4.385208e-32
7135.24 1.219459e-13 4.371213e-32
7137.62 1.217537e-13 4.362836e-32
7140.00 1.216445e-13 4.357994e-32
7142.38 1.212672e-13 4.343460e-32
7144.76 1.211285e-13 4.335911e-32
7147.14 1.211618e-13 4.333848e-32
7149.52 1.209342e-13 4.323929e-32
7151.90 1.206456e-13 4.313463e-32
7154.28 1.205742e-13 4.310529e-32
7156.66 1.203017e-13 4.299240e-32
7159.04 1.197737e-13 4.280227e-32
7161.42 1.192744e-13 4.256810e-32
7163.80 1.191335e-13 4.248265e-32
7166.18 1.195882e-13 4.305542e-32
7168.56 1.196821e-13 4.345467e-32
7170.94 1.195041e-13 4.360256e-32
7173.32 1.195535e-13 4.382130e-32
7175.70 1.196623e-13 4.405902e-32
7178.08 1.192962e-13 4.405932e-32
7180.46 1.187802e-13 4.394909e-32
7182.84 1.184116e-13 4.401452e-32
7185.22 1.184007e-13 4.431765e-32
7187.60 1.185909e-13 4.452591e-32
7189.98 1.184811e-13 4.430408e-32
7192.36 1.181377e-13 4.400342e-32
7194.74 1.179677e-13 4.381430e-32
7197.12 1.180110e-13 4.378597e-32
7199.50 1.178667e-13 4.379361e-32
7201.88 1.174668e-13 4.373189e-32
7204.26 1.175272e-13 4.375896e-32
7206.64 1.176008e-13 4.351236e-32
7209.02 1.178786e-13 4.327185e-32
7211.40 1.177113e-13 4.284061e-32
7213.78 1.166705e-13 4.200526e-32
7216.16 1.163774e-13 4.169654e-32
7218.54 1.163079e-13 4.166470e-32
7220.92 1.161850e-13 4.168772e-32
7223.30 1.158987e-13 4.164901e-32
7225.68 1.156519e-13 4.166982e-32
7228.06 1.157699e-13 4.196014e-32
7230.44 1.154655e-13 4.211008e-32
7232.82 1.153686e-13 4.247385e-32
7235.20 1.152767e-13 4.270094e-32
7237.58 1.148242e-13 4.248480e-32
7239.96 1.143944e-13 4.228164e-32
7242.34 1.140595e-13 4.226085e-32
7244.72 1.139280e-13 4.213681e-32
7247.10 1.137110e-13 4.178682e-32
7249.48 1.132469e-13 4.141289e-32
7251.86 1.128195e-13 4.127525e-32
7254.24 1.127108e-13 4.132221e-32
7256.62 1.126493e-13 4.118934e-32
7259.00 1.125630e-13 4.100201e-32
7261.38 1.124083e-13 4.087545e-32
7263.76 1.121712e-13 4.081080e-32
7266.14 1.118690e-13 4.079060e-32
7268.52 1.112122e-13 4.048477e-32
7270.90 1.104126e-13 4.011039e-32
7273.28 1.099790e-13 4.014808e-32
7275.66 1.099796e-13 4.053449e-32
7278.04 1.099383e-13 4.062607e-32
7280.42 1.096525e-13 4.020413e-32
7282.80 1.094592e-13 3.980761e-32
7285.18 1.092076e-13 3.963075e-32
7287.56 1.087858e-13 3.957434e-32
7289.94 1.082651e-13 3.947140e-32
7292.32 1.074889e-13 3.912115e-32
7294.70 1.067319e-13 3.865828e-32
7297.08 1.063151e-13 3.830521e-32
7299.46 1.061181e-13 3.817860e-32
7301.84 1.056803e-13 3.814449e-32
7304.22 1.048837e-13 3.796220e-32
7306.60 1.043880e-13 3.773305e-32
7308.98 1.039682e-13 3.750514e-32
7311.36 1.033779e-13 3.724465e-32
7313.74 1.025125e-13 3.689092e-32
7316.12 1.015725e-13 3.657188e-32
7318.50 1.011837e-13 3.652270e-32
7320.88 1.000695e-13 3.581943e-32
7323.26 9.919746e-14 3.520613e-32
7325.64 9.890509e-14 3.507270e-32
7328.02 9.827865e-14 3.484617e-32
7330.40 9.778549e-14 3.471987e-32
7332.78 9.698143e-14 3.445802e-32
7335.16 9.645646e-14 3.426147e-32
7337.54 9.618568e-14 3.417595e-32
7339.92 9.560467e-14 3.401827e-32
7342.30 9.486816e-14 3.378810e-32
7344.68 9.426022e-14 3.354940e-32
7347.06 9.387005e-14 3.333841e-32
7349.44 9.318652e-14 3.303814e-32
7351.82 9.243790e-14 3.277197e-32
7354.20 9.229049e-14 3.274860e-32
7356.58 9.170159e-14 3.256493e-32
7358.96 9.099688e-14 3.232742e-32
7361.34 9.042788e-14 3.212797e-32
7363.72 8.989404e-14 3.194032e-32
7366.10 8.946744e-14 3.181506e-32
7368.48 8.939580e-14 3.185737e-32
7370.86 8.921634e-14 3.182528e-32
7373.24 8.895856e-14 3.169646e-32
7375.62 8.870702e-14 3.155547e-32
7378.00 8.835846e-14 3.141479e-32
7380.38 8.794606e-14 3.125908e-32
7382.76 8.773889e-14 3.117126e-32
7385.14 8.761599e-14 3.112914e-32
7387.52 8.722227e-14 3.100785e-32
7389.90 8.681058e-14 3.087977e-32
7392.28 8.676338e-14 3.087352e-32
7394.66 8.623520e-14 3.069422e-32
7397.04 8.579507e-14 3.053653e-32
7399.42 8.575928e-14 3.054614e-32
7401.80 8.596323e-14 3.064576e-32
7404.18 8.601552e-14 3.064889e-32
7406.56 8.554758e-14 3.046086e-32
7408.94 8.521796e-14 3.031969e-32
7411.32 8.514896e-14 3.029272e-32
7413.70 8.508683e-14 3.028428e-32
7416.08 8.483790e-14 3.019713e-32
7418.46 8.438088e-14 3.002431e-32
7420.84 8.386292e-14 2.983899e-32
7423.22 8.341190e-14 2.968431e-32
7425.60 8.314016e-14 2.960202e-32
7427.98 8.298050e-14 2.957202e-32
7430.36 8.270373e-14 2.949698e-32
7432.74 8.228779e-14 2.934184e-32
7435.12 8.194114e-14 2.920478e-32
7437.50 8.151165e-14 2.904952e-32
7439.88 8.090700e-14 2.884086e-32
7442.26 8.023144e-14 2.861113e-32
7444.64 7.938518e-14 2.832554e-32
7447.02 7.836472e-14 2.796953e-32
7449.40 7.762007e-14 2.770923e-32
7451.78 7.688375e-14 2.744462e-32
7454.16 7.589571e-14 2.709030e-32
7456.54 7.523025e-14 2.687679e-32
7458.92 7.446858e-14 2.661134e-32
7461.30 7.366834e-14 2.632199e-32
7463.68 7.299617e-14 2.608643e-32
7466.06 7.233073e-14 2.586131e-32
7468.44 7.156681e-14 2.560171e-32
7470.82 7.104366e-14 2.542830e-32
7473.20 7.052557e-14 2.525058e-32
7475.58 6.994750e-14 2.504173e-32
7477.96 6.943711e-14 2.485257e-32
7480.34 6.894625e-14 2.468258e-32
7482.72 6.831069e-14 2.448115e-32
7485.10 6.795397e-14 2.434863e-32
7487.48 6.784410e-14 2.428519e-32
7489.86 6.774583e-14 2.423653e-32
7492.24 6.743878e-14 2.412882e-32
7494.62 6.686353e-14 2.393052e-32
7497.00 6.654815e-14 2.381794e-32
7499.38 6.627021e-14 2.370589e-32
7501.76 6.582378e-14 2.353769e-32
7504.14 6.549464e-14 2.342787e-32
7506.52 6.548782e-14 2.343639e-32
7508.90 6.529781e-14 2.336882e-32
7511.28 6.533516e-14 2.337601e-32
7513.66 6.542703e-14 2.340395e-32
7516.04 6.545878e-14 2.342001e-32
7518.42 6.564047e-14 2.350359e-32
7520.80 6.580878e-14 2.359095e-32
7523.18 6.636318e-14 2.382151e-32
7525.56 6.689144e-14 2.402413e-32
7527.94 6.709813e-14 2.408097e-32
7530.32 6.735116e-14 2.413367e-32
7532.70 6.792560e-14 2.429731e-32
7535.08 6.824865e-14 2.438578e-32
7537.46 6.868383e-14 2.453882e-32
7539.84 6.915757e-14 2.471363e-32
7542.22 6.952839e-14 2.484141e-32
7544.60 7.011377e-14 2.503590e-32
7546.98 7.068291e-14 2.521876e-32
7549.36 7.127165e-14 2.542760e-32
7551.74 7.191839e-14 2.567195e-32
7554.12 7.256146e-14 2.590365e-32
7556.50 7.307611e-14 2.607706e-32
7558.88 7.334994e-14 2.618696e-32
7561.26 7.351481e-14 2.626098e-32
7563.64 7.383684e-14 2.637095e-32
7566.02 7.420991e-14 2.649341e-32
7568.40 7.444037e-14 2.659354e-32
7570.78 7.472821e-14 2.674228e-32
7573.16 7.510483e-14 2.689465e-32
7575.54 7.527649e-14 2.693428e-32
7577.92 7.537997e-14 2.692475e-32
7580.30 7.564445e-14 2.699005e-32
7582.68 7.602482e-14 2.719309e-32
7585.06 7.665310e-14 2.764064e-32
7587.44 7.717997e-14 2.816324e-32
7589.82 7.763776e-14 2.925381e-32
7592.20 7.791374e-14 3.209305e-32
7594.58 7.793223e-14 3.871683e-32
7596.96 7.833840e-14 5.137256e-32
7599.34 7.849894e-14 6.835294e-32
7601.72 7.786922e-14 8.535453e-32
7604.10 7.680026e-14 9.805996e-32
7606.48 7.642652e-14 1.026013e-31
7608.86 7.744836e-14 9.644304e-32
7611.24 7.864003e-14 8.255750e-32
7613.62 8.006375e-14 6.609387e-32
7616.00 8.073622e-14 5.213323e-32
7618.38 8.033004e-14 4.383458e-32
7620.76 8.035004e-14 4.202751e-32
7623.14 8.051245e-14 4.602091e-32
7625.52 8.007922e-14 5.130460e-32
7627.90 7.983657e-14 5.480038e-32
7630.28 8.017438e-14 5.607598e-32
7632.66 8.044636e-14 5.576651e-32
7635.04 8.078890e-14 5.436322e-32
7637.42 8.105376e-14 5.254380e-32
7639.80 8.092801e-14 5.028165e-32
7642.18 8.091824e-14 4.810060e-32
7644.56 8.155556e-14 4.644951e-32
7646.94 8.208744e-14 4.452917e-32
7649.32 8.177855e-14 4.231535e-32
7651.70 8.151322e-14 4.037524e-32
7654.08 8.132923e-14 3.865150e-32
7656.46 8.102219e-14 3.707275e-32
7658.84 8.115984e-14 3.602248e-32
7661.22 8.140024e-14 3.516365e-32
7663.60 8.151077e-14 3.435807e-32
7665.98 8.162153e-14 3.371149e-32
7668.36 8.157039e-14 3.309314e-32
7670.74 8.118559e-14 3.233020e-32
7673.12 8.110392e-14 3.178011e-32
7675.50 8.120254e-14 3.141840e-32
7677.88 8.109503e-14 3.108239e-32
7680.26 8.113495e-14 3.086992e-32
7682.64 8.126292e-14 3.065440e-32
7685.02 8.050864e-14 2.999792e-32
7687.40 8.033467e-14 2.970389e-32
7689.78 8.015490e-14 2.947115e-32
7692.16 7.967667e-14 2.909938e-32
7694.54 7.945392e-14 2.888696e-32
7696.92 7.967823e-14 2.899261e-32
7699.30 8.011838e-14 2.919156e-32
7701.68 8.034342e-14 2.921361e-32
7704.06 8.049163e-14 2.922219e-32
7706.44 8.071174e-14 2.935004e-32
7708.82 8.077641e-14 2.943134e-32
7711.20 8.070836e-14 2.945722e-32
7713.58 8.108182e-14 2.971528e-32
7715.96 8.122152e-14 2.985960e-32
7718.34 8.121513e-14 2.984425e-32
7720.72 8.158943e-14 2.991454e-32
7723.10 8.175967e-14 2.992402e-32
7725.48 8.222471e-14 3.007028e-32
7727.86 8.268763e-14 3.024568e-32
7730.24 8.293034e-14 3.033937e-32
7732.62 8.312954e-14 3.040562e-32
7735.00 8.340278e-14 3.050838e-32
7737.38 8.371463e-14 3.060389e-32
7739.76 8.414024e-14 3.078401e-32
7742.14 8.461359e-14 3.101247e-32
7744.52 8.502990e-14 3.121990e-32
7746.90 8.536659e-14 3.142453e-32
7749.28 8.562574e-14 3.162513e-32
7751.66 8.595500e-14 3.176972e-32
7754.04 8.654638e-14 3.195225e-32
7756.42 8.706211e-14 3.209924e-32
7758.80 8.724036e-14 3.213390e-32
7761.18 8.760888e-14 3.227245e-32
7763.56 8.814029e-14 3.245303e-32
7765.94 8.859916e-14 3.260588e-32
7768.32 8.892432e-14 3.273904e-32
7770.70 8.933915e-14 3.293127e-32
7773.08 8.996784e-14 3.320528e-32
7775.46 9.034874e-14 3.337919e-32
7777.84 9.059407e-14 3.347999e-32
7780.22 9.093924e-14 3.360450e-32
7782.60 9.134331e-14 3.374436e-32
7784.98 9.164867e-14 3.384542e-32
7787.36 9.195571e-14 3.397541e-32
7789.74 9.235587e-14 3.414919e-32
7792.12 9.278207e-14 3.437428e-32
7794.50 9.300375e-14 3.453608e-32
7796.88 9.306630e-14 3.457108e-32
7799.26 9.342968e-14 3.465313e-32
7801.64 9.387636e-14 3.476136e-32
7804.02 9.383246e-14 3.471791e-32
7806.40 9.394209e-14 3.478324e-32
7808.78 9.455642e-14 3.505153e-32
7811.16 9.487645e-14 3.516884e-32
7813.54 9.546802e-14 3.542187e-32
7815.92 9.532560e-14 3.541534e-32
7818.30 9.531893e-14 3.548495e-32
7820.68 9.585132e-14 3.575231e-32
7823.06 9.592680e-14 3.577239e-32
7825.44 9.629780e-14 3.586237e-32
7827.82 9.663633e-14 3.592913e-32
7830.20 9.663549e-14 3.590559e-32
7832.58 9.683369e-14 3.598410e-32
7834.96 9.732292e-14 3.619481e-32
7837.34 9.705608e-14 3.617886e-32
7839.72 9.701955e-14 3.611901e-32
7842.10 9.725103e-14 3.617305e-32
7844.48 9.750299e-14 3.631136e-32
7846.86 9.761934e-14 3.640198e-32
7849.24 9.745126e-14 3.640463e-32
7851.62 9.740586e-14 3.650093e-32
7854.00 9.763322e-14 3.665825e-32
7856.38 9.773700e-14 3.669383e-32
7858.76 9.783495e-14 3.668751e-32
7861.14 9.824107e-14 3.679328e-32
7863.52 9.807457e-14 3.669793e-32
7865.90 9.778761e-14 3.658394e-32
7868.28 9.779369e-14 3.661203e-32
7870.66 9.790357e-14 3.669061e-32
7873.04 9.789790e-14 3.669705e-32
7875.42 9.799451e-14 3.670620e-32
7877.80 9.807406e-14 3.675116e-32
7880.18 9.825521e-14 3.685708e-32
7882.56 9.844083e-14 3.696153e-32
7884.94 9.853519e-14 3.702247e-32
7887.32 9.852680e-14 3.702607e-32
7889.70 9.789374e-14 3.679896e-32
7892.08 9.771119e-14 3.670559e-32
7894.46 9.776993e-14 3.668775e-32
7896.84 9.765878e-14 3.661472e-32
7899.22 9.779029e-14 3.664084e-32
7901.60 9.785080e-14 3.670000e-32
7903.98 9.782671e-14 3.674032e-32
7906.36 9.777930e-14 3.675225e-32
7908.74 9.767129e-14 3.678033e-32
7911.12 9.760329e-14 3.692190e-32
7913.50 9.782364e-14 3.718635e-32
7915.88 9.788544e-14 3.724685e-32
7918.26 9.773139e-14 3.711350e-32
7920.64 9.756742e-14 3.696853e-32
7923.02 9.732998e-14 3.682441e-32
7925.40 9.684148e-14 3.659102e-32
7927.78 9.661919e-14 3.648890e-32
7930.16 9.660737e-14 3.649420e-32
7932.54 9.679740e-14 3.656977e-32
7934.92 9.689956e-14 3.660071e-32
7937.30 9.659259e-14 3.648790e-32
7939.68 9.649525e-14 3.645075e-32
7942.06 9.638742e-14 3.641936e-32
7944.44 9.633379e-14 3.642913e-32
7946.82 9.616310e-14 3.640853e-32
7949.20 9.574791e-14 3.628841e-32
7951.58 9.567851e-14 3.627444e-32
7953.96 9.561270e-14 3.624947e-32
7956.34 9.551580e-14 3.621095e-32
7958.72 9.521418e-14 3.612918e-32
7961.10 9.473995e-14 3.603985e-32
7963.48 9.457338e-14 3.608343e-32
7965.86 9.447167e-14 3.609540e-32
7968.24 9.451731e-14 3.605736e-32
7970.62 9.472146e-14 3.605544e-32
7973.00 9.481117e-14 3.608060e-32
7975.38 9.461796e-14 3.606209e-32
7977.76 9.444354e-14 3.606720e-32
7980.14 9.418177e-14 3.601504e-32
7982.52 9.357111e-14 3.577256e-32
7984.90 9.315978e-14 3.557826e-32
7987.28 9.333138e-14 3.565424e-32
7989.66 9.312262e-14 3.567397e-32
7992.04 9.291299e-14 3.576824e-32
7994.42 9.295684e-14 3.589390e-32
7996.80 9.282329e-14 3.582310e-32
7999.18 9.232484e-14 3.553704e-32
8001.56 9.197031e-14 3.529848e-32
8003.94 9.164108e-14 3.511996e-32
8006.32 9.128207e-14 3.499064e-32
8008.70 9.081021e-14 3.485275e-32
8011.08 9.038024e-14 3.474963e-32
8013.46 9.016288e-14 3.474663e-32
8015.84 8.967495e-14 3.462507e-32
8018.22 8.899501e-14 3.436636e-32
8020.60 8.853816e-14 3.419752e-32
8022.98 8.797568e-14 3.404835e-32
8025.36 8.695443e-14 3.374752e-32
8027.74 8.632030e-14 3.355714e-32
8030.12 8.600688e-14 3.340081e-32
8032.50 8.554908e-14 3.317650e-32
8034.88 8.494613e-14 3.292203e-32
8037.26 8.421786e-14 3.263146e-32
8039.64 8.325101e-14 3.226619e-32
8042.02 8.297169e-14 3.214224e-32
8044.40 8.257308e-14 3.198533e-32
8046.78 8.213328e-14 3.186768e-32
8049.16 8.193358e-14 3.188340e-32
8051.54 8.151157e-14 3.179853e-32
8053.92 8.108804e-14 3.165640e-32
8056.30 8.063833e-14 3.142938e-32
8058.68 8.033281e-14 3.132855e-32
8061.06 8.015646e-14 3.138378e-32
8063.44 7.995262e-14 3.142447e-32
8065.82 7.985481e-14 3.145923e-32
8068.20 7.966313e-14 3.129070e-32
8070.58 7.933771e-14 3.102494e-32
8072.96 7.926275e-14 3.098854e-32
8075.34 7.944941e-14 3.117319e-32
8077.72 7.933195e-14 3.119146e-32
8080.10 7.929991e-14 3.117825e-32
8082.48 7.924103e-14 3.113864e-32
8084.86 7.897375e-14 3.107012e-32
8087.24 7.881884e-14 3.110389e-32
8089.62 7.919712e-14 3.132530e-32
8092.00 7.964452e-14 3.149222e-32
8094.38 7.952264e-14 3.139418e-32
8096.76 7.920447e-14 3.116416e-32
8099.14 7.909985e-14 3.108001e-32
8101.52 7.927048e-14 3.129663e-32
8103.90 7.978177e-14 3.165446e-32
8106.28 7.960652e-14 3.157312e-32
8108.66 7.948718e-14 3.142794e-32
8111.04 7.964616e-14 3.145136e-32
8113.42 7.957751e-14 3.145864e-32
8115.80 7.942663e-14 3.142768e-32
8118.18 7.907557e-14 3.133071e-32
8120.56 7.867792e-14 3.121532e-32
8122.94 7.821448e-14 3.096499e-32
8125.32 7.805699e-14 3.079874e-32
8127.70 7.843027e-14 3.104706e-32
8130.08 7.799539e-14 3.111486e-32
8132.46 7.755444e-14 3.115105e-32
8134.84 7.750763e-14 3.129638e-32
8137.22 7.767330e-14 3.151204e-32
8139.60 7.769195e-14 3.163791e-32
8141.98 7.708158e-14 3.146303e-32
8144.36 7.639803e-14 3.121324e-32
8146.74 7.547385e-14 3.088089e-32
8149.12 7.461432e-14 3.060364e-32
8151.50 7.405419e-14 3.047753e-32
8153.88 7.313915e-14 3.028642e-32
8156.26 7.232767e-14 3.018171e-32
8158.64 7.135434e-14 2.999049e-32
8161.02 7.020810e-14 2.976928e-32
8163.40 6.919773e-14 2.959880e-32
8165.78 6.831403e-14 2.923424e-32
8168.16 6.725992e-14 2.851628e-32
8170.54 6.629054e-14 2.785503e-32
8172.92 6.572852e-14 2.758625e-32
8175.30 6.524919e-14 2.760918e-32
8177.68 6.439470e-14 2.756698e-32
8180.06 6.346692e-14 2.723510e-32
8182.44 6.232468e-14 2.656723e-32
8184.82 6.117181e-14 2.593619e-32
8187.20 6.013655e-14 2.550935e-32
8189.58 5.924468e-14 2.520459e-32
8191.96 5.852006e-14 2.496049e-32
8194.34 5.743566e-14 2.450071e-32
8196.72 5.635959e-14 2.409081e-32
8199.10 5.533165e-14 2.360837e-32
8201.48 5.424935e-14 2.289182e-32
8203.86 5.329314e-14 2.217512e-32
8206.24 5.232502e-14 2.150019e-32
8208.62 5.168499e-14 2.118285e-32
8211.00 5.143768e-14 2.120285e-32
8213.38 5.120834e-14 2.128143e-32
8215.76 5.071083e-14 2.125159e-32
8218.14 5.020163e-14 2.118811e-32
8220.52 4.991798e-14 2.121043e-32
8222.90 4.975911e-14 2.132928e-32
8225.28 4.923082e-14 2.144778e-32
8227.66 4.849847e-14 2.159331e-32
8230.04 4.843269e-14 2.178870e-32
8232.42 4.819266e-14 2.144536e-32
8234.80 4.817935e-14 2.106198e-32
8237.18 4.813150e-14 2.071945e-32
8239.56 4.774722e-14 2.032655e-32
8241.94 4.753904e-14 2.015673e-32
8244.32 4.735635e-14 1.998297e-32
8246.70 4.743655e-14 1.984956e-32
8249.08 4.745736e-14 1.978518e-32
8251.46 4.720283e-14 1.975312e-32
8253.84 4.705791e-14 1.981965e-32
8256.22 4.727607e-14 2.009277e-32
8258.60 4.740852e-14 2.020351e-32
8260.98 4.740763e-14 2.010369e-32
8263.36 4.745205e-14 1.996129e-32
8265.74 4.753437e-14 1.987942e-32
8268.12 4.747804e-14 1.984085e-32
8270.50 4.735001e-14 1.985634e-32
8272.88 4.761379e-14 2.028645e-32
8275.26 4.778280e-14 2.070800e-32
8277.64 4.767978e-14 2.078775e-32
8280.02 4.806851e-14 2.096707e-32
8282.40 4.850646e-14 2.113817e-32
8284.78 4.850939e-14 2.106099e-32
8287.16 4.845793e-14 2.097366e-32
8289.54 4.871021e-14 2.106709e-32
8291.92 4.899573e-14 2.116573e-32
8294.30 4.898752e-14 2.112998e-32
8296.68 4.879471e-14 2.099303e-32
8299.06 4.900063e-14 2.106117e-32
8301.44 4.927200e-14 2.117337e-32
8303.82 4.909515e-14 2.103706e-32
8306.20 4.910367e-14 2.094144e-32
8308.58 4.947532e-14 2.102677e-32
8310.96 4.987559e-14 2.116115e-32
8313.34 5.007268e-14 2.124368e-32
8315.72 5.015274e-14 2.133340e-32
8318.10 5.030643e-14 2.152506e-32
8320.48 5.054601e-14 2.174258e-32
8322.86 5.076901e-14 2.177667e-32
8325.24 5.117080e-14 2.177662e-32
8327.62 5.163558e-14 2.193069e-32
8330.00 5.176499e-14 2.208378e-32
8332.38 5.179741e-14 2.202902e-32
8334.76 5.222385e-14 2.222437e-32
8337.14 5.243897e-14 2.236710e-32
8339.52 5.246225e-14 2.238892e-32
8341.90 5.278647e-14 2.256709e-32
8344.28 5.303448e-14 2.274182e-32
8346.66 5.321384e-14 2.284204e-32
8349.04 5.383799e-14 2.301917e-32
8351.42 5.450664e-14 2.320804e-32
8353.80 5.486127e-14 2.334361e-32
8356.18 5.537532e-14 2.355553e-32
8358.56 5.587249e-14 2.374861e-32
8360.94 5.647658e-14 2.390988e-32
8363.32 5.711052e-14 2.410553e-32
8365.70 5.764149e-14 2.434002e-32
8368.08 5.815897e-14 2.458149e-32
8370.46 5.874493e-14 2.486411e-32
8372.84 5.907224e-14 2.505484e-32
8375.22 5.938254e-14 2.525204e-32
8377.60 5.992982e-14 2.544744e-32
8379.98 6.052078e-14 2.557202e-32
8382.36 6.095303e-14 2.579118e-32
8384.74 6.166759e-14 2.614561e-32
8387.12 6.250603e-14 2.649678e-32
8389.50 6.319550e-14 2.680199e-32
8391.88 6.367143e-14 2.704144e-32
8394.26 6.407740e-14 2.719788e-32
8396.64 6.473842e-14 2.751620e-32
8399.02 6.547018e-14 2.791892e-32
8401.40 6.593304e-14 2.812272e-32
8403.78 6.634546e-14 2.816242e-32
8406.16 6.719246e-14 2.838723e-32
8408.54 6.819652e-14 2.884350e-32
8410.92 6.887520e-14 2.920952e-32
8413.30 6.950653e-14 2.948995e-32
8415.68 7.013324e-14 2.969507e-32
8418.06 7.064400e-14 2.982282e-32
8420.44 7.146209e-14 3.007623e-32
8422.82 7.241798e-14 3.039327e-32
8425.20 7.311679e-14 3.070086e-32
8427.58 7.413454e-14 3.126298e-32
8429.96 7.547257e-14 3.198325e-32
8432.34 7.607770e-14 3.228891e-32
8434.72 7.675419e-14 3.246330e-32
8437.10 7.785675e-14 3.275163e-32
8439.48 7.897707e-14 3.311111e-32
8441.86 7.984667e-14 3.342783e-32
8444.24 8.067318e-14 3.379381e-32
8446.62 8.158445e-14 3.441282e-32
8449.00 8.265303e-14 3.494408e-32
8451.38 8.357437e-14 3.536433e-32
8453.76 8.433832e-14 3.564756e-32
8456.14 8.510236e-14 3.576933e-32
8458.52 8.573116e-14 3.606286e-32
8460.90 8.650944e-14 3.667513e-32
8463.28 8.693339e-14 3.699427e-32
8465.66 8.751997e-14 3.713902e-32
8468.04 8.848034e-14 3.728723e-32
8470.42 8.883897e-14 3.713979e-32
8472.80 8.928434e-14 3.750448e-32
8475.18 8.990572e-14 3.803225e-32
8477.56 9.060259e-14 3.852270e-32
8479.94 9.122503e-14 3.889583e-32
8482.32 9.171199e-14 3.898675e-32
8484.70 9.227967e-14 3.904815e-32
8487.08 9.249913e-14 3.922153e-32
8489.46 9.273511e-14 3.925515e-32
8491.84 9.316463e-14 3.906935e-32
8494.22 9.357948e-14 3.900499e-32
8496.60 9.406482e-14 3.933228e-32
8498.98 9.428100e-14 3.967511e-32
8501.36 9.437051e-14 4.006159e-32
8503.74 9.449526e-14 4.030832e-32
8506.12 9.481001e-14 4.028942e-32
8508.50 9.546289e-14 4.023277e-32
8510.88 9.602516e-14 3.996727e-32
8513.26 9.629684e-14 3.988899e-32
8515.64 9.640806e-14 4.011020e-32
8518.02 9.656340e-14 4.043299e-32
8520.40 9.675208e-14 4.071212e-32
8522.78 9.672459e-14 4.085854e-32
8525.16 9.651151e-14 4.071193e-32
8527.54 9.663454e-14 4.052201e-32
8529.92 9.721224e-14 4.051436e-32
8532.30 9.791458e-14 4.070034e-32
8534.68 9.851828e-14 4.104131e-32
8537.06 9.852126e-14 4.125393e-32
8539.44 9.826127e-14 4.135472e-32
8541.82 9.791153e-14 4.130406e-32
8544.20 9.756704e-14 4.113034e-32
8546.58 9.766709e-14 4.109937e-32
8548.96 9.816792e-14 4.121129e-32
8551.34 9.858237e-14 4.125196e-32
8553.72 9.868368e-14 4.116324e-32
8556.10 9.861746e-14 4.111880e-32
8558.48 9.859066e-14 4.127190e-32
8560.86 9.858936e-14 4.149650e-32
8563.24 9.844977e-14 4.164932e-32
8565.62 9.830515e-14 4.164764e-32
8568.00 9.840098e-14 4.155574e-32
8570.38 9.873256e-14 4.146718e-32
8572.76 9.898090e-14 4.135188e-32
8575.14 9.896443e-14 4.126665e-32
8577.52 9.906819e-14 4.137083e-32
8579.90 9.902491e-14 4.150301e-32
8582.28 9.849246e-14 4.143088e-32
8584.66 9.794982e-14 4.124682e-32
8587.04 9.767795e-14 4.110605e-32
8589.42 9.776979e-14 4.112369e-32
8591.80 9.802695e-14 4.120860e-32
8594.18 9.826762e-14 4.129474e-32
8596.56 9.848428e-14 4.140506e-32
8598.94 9.857186e-14 4.140408e-32
8601.32 9.834374e-14 4.127906e-32
8603.70 9.809273e-14 4.116302e-32
8606.08 9.788742e-14 4.111554e-32
8608.46 9.758494e-14 4.109254e-32
8610.84 9.751602e-14 4.112815e-32
8613.22 9.793548e-14 4.133253e-32
8615.60 9.831544e-14 4.144764e-32
8617.98 9.818114e-14 4.129655e-32
8620.36 9.771140e-14 4.102217e-32
8622.74 9.734977e-14 4.084286e-32
8625.12 9.699876e-14 4.074453e-32
8627.50 9.695917e-14 4.084952e-32
8629.88 9.704997e-14 4.105526e-32
8632.26 9.697656e-14 4.117500e-32
8634.64 9.683058e-14 4.117631e-32
8637.02 9.677645e-14 4.113259e-32
8639.40 9.713183e-14 4.125014e-32
8641.78 9.742162e-14 4.130113e-32
8644.16 9.723822e-14 4.108772e-32
8646.54 9.680025e-14 4.074719e-32
8648.92 9.635594e-14 4.044802e-32
8651.30 9.570142e-14 4.017094e-32
8653.68 9.558374e-14 4.021230e-32
8656.06 9.571691e-14 4.043960e-32
8658.44 9.557701e-14 4.060459e-32
8660.82 9.574575e-14 4.085782e-32
8663.20 9.600834e-14 4.103998e-32
8665.58 9.632997e-14 4.110961e-32
8667.96 9.656263e-14 4.105911e-32
8670.34 9.651866e-14 4.086941e-32
8672.72 9.626405e-14 4.060417e-32
8675.10 9.606683e-14 4.045534e-32
8677.48 9.595677e-14 4.046433e-32
8679.86 9.569097e-14 4.050164e-32
8682.24 9.542366e-14 4.058293e-32
8684.62 9.548398e-14 4.077865e-32
8687.00 9.565300e-14 4.090072e-32
8689.38 9.580922e-14 4.084271e-32
8691.76 9.578624e-14 4.062563e-32
8694.14 9.594459e-14 4.048773e-32
8696.52 9.625486e-14 4.048014e-32
8698.90 9.586830e-14 4.032139e-32
8701.28 9.513177e-14 4.013411e-32
8703.66 9.451862e-14 4.004433e-32
8706.04 9.429322e-14 4.015111e-32
8708.42 9.444824e-14 4.044893e-32
8710.80 9.493192e-14 4.084122e-32
8713.18 9.577053e-14 4.122704e-32
8715.56 9.605278e-14 4.120003e-32
8717.94 9.581106e-14 4.083739e-32
8720.32 9.555773e-14 4.044069e-32
8722.70 9.527051e-14 4.011375e-32
8725.08 9.458227e-14 3.983731e-32
8727.46 9.400432e-14 3.980190e-32
8729.84 9.370889e-14 4.004468e-32
8732.22 9.390272e-14 4.053869e-32
8734.60 9.440167e-14 4.098807e-32
8736.98 9.446300e-14 4.092476e-32
8739.36 9.432015e-14 4.058754e-32
8741.74 9.400514e-14 4.013376e-32
8744.12 9.381977e-14 3.980601e-32
8746.50 9.360992e-14 3.959936e-32
8748.88 9.289282e-14 3.931392e-32
8751.26 9.235219e-14 3.925322e-32
8753.64 9.213945e-14 3.951571e-32
8756.02 9.210931e-14 4.000225e-32
8758.40 9.223631e-14 4.053693e-32
8760.78 9.243034e-14 4.085842e-32
8763.16 9.232178e-14 4.070077e-32
8765.54 9.206275e-14 4.025689e-32
8767.92 9.169915e-14 3.975547e-32
8770.30 9.131754e-14 3.932995e-32
8772.68 9.092662e-14 3.904016e-32
8775.06 9.029645e-14 3.889130e-32
8777.44 8.947931e-14 3.884668e-32
8779.82 8.906512e-14 3.897501e-32
8782.20 8.907416e-14 3.914927e-32
8784.58 8.927120e-14 3.929259e-32
8786.96 8.950211e-14 3.941185e-32
8789.34 8.926973e-14 3.920496e-32
8791.72 8.894635e-14 3.881025e-32
8794.10 8.864303e-14 3.834367e-32
8796.48 8.820630e-14 3.790343e-32
8798.86 8.762126e-14 3.763783e-32
8801.24 8.698291e-14 3.757778e-32
8803.62 8.619361e-14 3.755537e-32
8806.00 8.563013e-14 3.763190e-32
8808.38 8.515740e-14 3.760690e-32
8810.76 8.463354e-14 3.733352e-32
8813.14 8.447548e-14 3.705243e-32
8815.52 8.410813e-14 3.655591e-32
8817.90 8.368210e-14 3.614575e-32
8820.28 8.332826e-14 3.605175e-32
8822.66 8.301728e-14 3.627944e-32
8825.04 8.258608e-14 3.665932e-32
8827.42 8.156599e-14 3.675429e-32
8829.80 8.064700e-14 3.652680e-32
8832.18 7.998255e-14 3.616216e-32
8834.56 7.938428e-14 3.578035e-32
8836.94 7.888447e-14 3.536530e-32
8839.32 7.858261e-14 3.489438e-32
8841.70 7.847570e-14 3.442253e-32
8844.08 7.815174e-14 3.403713e-32
8846.46 7.752265e-14 3.387269e-32
8848.84 7.676778e-14 3.387369e-32
8851.22 7.583701e-14 3.370418e-32
8853.60 7.478551e-14 3.327457e-32
8855.98 7.394314e-14 3.285544e-32
8858.36 7.332739e-14 3.259719e-32
8860.74 7.290335e-14 3.246021e-32
8863.12 7.272961e-14 3.237898e-32
8865.50 7.245221e-14 3.227738e-32
8867.88 7.199150e-14 3.201540e-32
8870.26 7.140393e-14 3.161876e-32
8872.64 7.054945e-14 3.118433e-32
8875.02 6.952371e-14 3.085384e-32
8877.40 6.897885e-14 3.080392e-32
8879.78 6.847743e-14 3.080071e-32
8882.16 6.797205e-14 3.081441e-32
8884.54 6.761138e-14 3.088271e-32
8886.92 6.734977e-14 3.084990e-32
8889.30 6.702691e-14 3.048361e-32
8891.68 6.658825e-14 2.993124e-32
8894.06 6.615710e-14 2.949427e-32
8896.44 6.568200e-14 2.921139e-32
8898.82 6.492717e-14 2.897313e-32
8901.20 6.392418e-14 2.879445e-32
8903.58 6.324030e-14 2.874913e-32
8905.96 6.279478e-14 2.868513e-32
8908.34 6.262724e-14 2.856199e-32
8910.72 6.264445e-14 2.840017e-32
8913.10 6.252277e-14 2.819191e-32
8915.48 6.223536e-14 2.801909e-32
8917.86 6.197364e-14 2.810420e-32
8920.24 6.179594e-14 2.832643e-32
8922.62 6.155607e-14 2.838323e-32
8925.00 6.109406e-14 2.815198e-32
8927.38 6.048568e-14 2.780633e-32
8929.76 6.004600e-14 2.752183e-32
8932.14 5.986340e-14 2.728606e-32
8934.52 6.004115e-14 2.719160e-32
8936.90 6.037614e-14 2.722654e-32
8939.28 6.040851e-14 2.721411e-32
8941.66 6.025949e-14 2.725907e-32
8944.04 5.999053e-14 2.729756e-32
8946.42 5.952982e-14 2.721577e-32
8948.80 5.917136e-14 2.725870e-32
8951.18 5.932358e-14 2.771054e-32
8953.56 5.964819e-14 2.816499e-32
8955.94 5.951153e-14 2.812334e-32
8958.32 5.920244e-14 2.779207e-32
8960.70 5.938127e-14 2.781328e-32
8963.08 6.005319e-14 2.830126e-32
8965.46 6.042383e-14 2.851293e-32
8967.84 6.014555e-14 2.819079e-32
8970.22 5.980925e-14 2.805544e-32
8972.60 5.997976e-14 2.850618e-32
8974.98 6.020903e-14 2.885343e-32
8977.36 5.980777e-14 2.841017e-32
8979.74 5.973805e-14 2.825452e-32
8982.12 6.026939e-14 2.874201e-32
8984.50 6.098117e-14 2.969379e-32
8986.88 6.157787e-14 3.098240e-32
8989.26 6.222728e-14 3.237876e-32
8991.64 6.294994e-14 3.298050e-32
8994.02 6.279182e-14 3.185331e-32
8996.40 6.201767e-14 3.046971e-32
8998.78 6.145828e-14 3.022706e-32
9001.16 6.181453e-14 3.124241e-32
9003.54 6.307376e-14 3.279812e-32
9005.92 6.345777e-14 3.296978e-32
9008.30 6.362678e-14 3.284649e-32
9010.68 6.453581e-14 3.361303e-32
9013.06 6.599611e-14 3.510279e-32
9015.44 6.722739e-14 3.651070e-32
9017.82 6.775075e-14 3.701421e-32
9020.20 6.710374e-14 3.602819e-32
9022.58 6.581335e-14 3.466444e-32
9024.96 6.490907e-14 3.412030e-32
9027.34 6.468954e-14 3.411861e-32
9029.72 6.433351e-14 3.363022e-32
9032.10 6.349442e-14 3.259456e-32
9034.48 6.254707e-14 3.153355e-32
9036.86 6.170329e-14 3.057097e-32
9039.24 6.104118e-14 2.977052e-32
9041.62 6.082435e-14 2.953894e-32
9044.00 6.062320e-14 2.927183e-32
9046.38 6.034406e-14 2.903497e-32
9048.76 6.028948e-14 2.925490e-32
9051.14 6.033846e-14 2.971379e-32
9053.52 5.998762e-14 2.975709e-32
9055.90 5.962683e-14 2.975668e-32
9058.28 5.943646e-14 2.996642e-32
9060.66 5.972203e-14 3.055168e-32
9063.04 6.002696e-14 3.090410e-32
9065.42 5.971113e-14 3.045303e-32
9067.80 5.957519e-14 3.025833e-32
9070.18 5.961011e-14 3.063085e-32
9072.56 5.923420e-14 3.057339e-32
9074.94 5.879310e-14 3.018193e-32
9077.32 5.875939e-14 3.027463e-32
9079.70 5.847624e-14 3.047960e-32
9082.08 5.811957e-14 3.057588e-32
9084.46 5.773442e-14 3.045103e-32
9086.84 5.759345e-14 3.047299e-32
9089.22 5.770048e-14 3.062487e-32
9091.60 5.769346e-14 3.038467e-32
9093.98 5.794645e-14 3.028326e-32
9096.36 5.806999e-14 3.020117e-32
9098.74 5.779681e-14 3.000063e-32
9101.12 5.707318e-14 2.956160e-32
9103.50 5.605628e-14 2.889482e-32
9105.88 5.537431e-14 2.855199e-32
9108.26 5.538596e-14 2.885421e-32
9110.64 5.579855e-14 2.932991e-32
9113.02 5.591510e-14 2.939392e-32
9115.40 5.565155e-14 2.930782e-32
9117.78 5.578663e-14 2.983264e-32
9120.16 5.602942e-14 3.012741e-32
9122.54 5.584317e-14 2.961985e-32
9124.92 5.494889e-14 2.858671e-32
9127.30 5.412112e-14 2.817023e-32
9129.68 5.424912e-14 2.898194e-32
9132.06 5.398170e-14 2.934955e-32
9134.44 5.390593e-14 2.982526e-32
9136.82 5.397761e-14 3.013196e-32
9139.20 5.394166e-14 2.978711e-32
9141.58 5.403707e-14 2.921192e-32
9143.96 5.410686e-14 2.876483e-32
9146.34 5.435942e-14 2.887056e-32
9148.72 5.428794e-14 2.908372e-32
9151.10 5.379618e-14 2.933185e-32
9153.48 5.348933e-14 2.995452e-32
9155.86 5.361803e-14 3.055824e-32
9158.24 5.368184e-14 3.040456e-32
9160.62 5.315982e-14 2.934482e-32
9163.00 5.261072e-14 2.836257e-32
9165.38 5.264807e-14 2.820234e-32
9167.76 5.284146e-14 2.838137e-32
9170.14 5.279726e-14 2.858373e-32
9172.52 5.279131e-14 2.915467e-32
9174.90 5.308910e-14 3.001679e-32
9177.28 5.336627e-14 3.035444e-32
9179.66 5.313711e-14 2.976852e-32
9182.04 5.268410e-14 2.933430e-32
9184.42 5.250421e-14 2.933968e-32
9186.80 5.290853e-14 2.961225e-32
9189.18 5.312593e-14 2.937572e-32
9191.56 5.252490e-14 2.842514e-32
9193.94 5.207306e-14 2.798288e-32
9196.32 5.206932e-14 2.810744e-32
9198.70 5.213629e-14 2.825917e-32
9201.08 5.230329e-14 2.851344e-32
9203.46 5.268620e-14 2.917956e-32
9205.84 5.303011e-14 3.004848e-32
9208.22 5.350778e-14 3.088671e-32
9210.60 5.414678e-14 3.177222e-32
9212.98 5.457821e-14 3.243581e-32
9215.36 5.450145e-14 3.238682e-32
9217.74 5.412628e-14 3.160864e-32
9220.12 5.394115e-14 3.081912e-32
9222.50 5.398781e-14 3.045906e-32
9224.88 5.502082e-14 3.175833e-32
9227.26 5.638443e-14 3.386282e-32
9229.64 5.666797e-14 3.481386e-32
9232.02 5.645902e-14 3.519575e-32
9234.40 5.692380e-14 3.614432e-32
9236.78 5.694403e-14 3.613210e-32
9239.16 5.613575e-14 3.484654e-32
9241.54 5.600732e-14 3.432578e-32
9243.92 5.727638e-14 3.544549e-32
9246.30 5.720252e-14 3.494215e-32
9248.68 5.590019e-14 3.317584e-32
9251.06 5.459629e-14 3.177773e-32
9253.44 5.373464e-14 3.114374e-32
9255.82 5.342581e-14 3.114899e-32
9258.20 5.437657e-14 3.265980e-32
9260.58 5.536492e-14 3.422109e-32
9262.96 5.656742e-14 3.555599e-32
9265.34 5.717426e-14 3.569596e-32
9267.72 5.615788e-14 3.397220e-32
9270.10 5.515291e-14 3.255848e-32
9272.48 5.463362e-14 3.199120e-32
9274.86 5.410385e-14 3.172548e-32
9277.24 5.386767e-14 3.199424e-32
9279.62 5.416887e-14 3.289619e-32
9282.00 5.431587e-14 3.357087e-32
9284.38 5.451261e-14 3.420197e-32
9286.76 5.460616e-14 3.460408e-32
9289.14 5.494684e-14 3.512616e-32
9291.52 5.544623e-14 3.584714e-32
9293.90 5.546435e-14 3.625362e-32
9296.28 5.535443e-14 3.647029e-32
9298.66 5.525073e-14 3.672054e-32
9301.04 5.515024e-14 3.690244e-32
9303.42 5.477134e-14 3.681289e-32
9305.80 5.439525e-14 3.729074e-32
9308.18 5.512132e-14 3.982326e-32
9310.56 5.602925e-14 4.248849e-32
9312.94 5.621733e-14 4.406347e-32
9315.32 5.664602e-14 4.663552e-32
9317.70 5.747314e-14 4.965718e-32
9320.08 5.686606e-14 4.864943e-32
9322.46 5.591688e-14 4.696843e-32
9324.84 5.603969e-14 4.766280e-32
9327.22 5.624902e-14 4.738365e-32
9329.60 5.565122e-14 4.483290e-32
9331.98 5.516352e-14 4.434301e-32
9334.36 5.532641e-14 4.675392e-32
9336.74 5.605904e-14 5.026395e-32
9339.12 5.675056e-14 5.370841e-32
9341.50 5.800584e-14 5.956068e-32
9343.88 6.016784e-14 6.666581e-32
9346.26 6.076571e-14 6.486059e-32
9348.64 5.827826e-14 5.421727e-32
9351.02 5.541021e-14 4.620904e-32
9353.40 5.503051e-14 4.749801e-32
9355.78 5.665022e-14 5.346013e-32
9358.16 5.716436e-14 5.507783e-32
9360.54 5.531051e-14 4.989934e-32
9362.92 5.380523e-14 4.562743e-32
9365.30 5.391534e-14 4.688010e-32
9367.68 5.504104e-14 5.218277e-32
9370.06 5.605686e-14 5.687350e-32
9372.44 5.538312e-14 5.603441e-32
9374.82 5.401759e-14 5.231434e-32
9377.20 5.312894e-14 4.981253e-32
9379.58 5.345226e-14 5.015864e-32
9381.96 5.418459e-14 5.047311e-32
9384.34 5.319609e-14 4.654962e-32
9386.72 5.227430e-14 4.380116e-32
9389.10 5.154618e-14 4.203184e-32
9391.48 5.060600e-14 3.979411e-32
9393.86 4.983941e-14 3.818960e-32
9396.24 4.974180e-14 3.854723e-32
9398.62 4.996240e-14 3.982455e-32
9401.00 5.014465e-14 4.038809e-32
9403.38 5.049727e-14 4.011394e-32
9405.76 5.074353e-14 3.952842e-32
9408.14 5.037672e-14 3.915763e-32
9410.52 5.033760e-14 4.003455e-32
9412.90 5.037842e-14 4.074433e-32
9415.28 5.002870e-14 4.073136e-32
9417.66 4.951177e-14 4.091993e-32
9420.04 4.920515e-14 4.168313e-32
9422.42 4.893528e-14 4.223891e-32
9424.80 4.939909e-14 4.494702e-32
9427.18 5.136045e-14 5.131302e-32
9429.56 5.278189e-14 5.452698e-32
9431.94 5.158336e-14 4.932552e-32
9434.32 4.952726e-14 4.290409e-32
9436.70 4.928421e-14 4.323976e-32
9439.08 5.001637e-14 4.895222e-32
9441.46 5.062699e-14 5.436501e-32
9443.84 5.008545e-14 5.350839e-32
9446.22 4.805138e-14 4.609841e-32
9448.60 4.701462e-14 4.181782e-32
9450.98 4.709499e-14 4.170893e-32
9453.36 4.753698e-14 4.397409e-32
9455.74 4.800622e-14 4.727984e-32
9458.12 4.834376e-14 4.984291e-32
9460.50 4.813982e-14 4.922668e-32
9462.88 4.779815e-14 4.626067e-32
9465.26 4.683437e-14 4.211204e-32
9467.64 4.638361e-14 4.053164e-32
9470.02 4.695102e-14 4.236099e-32
9472.40 4.654831e-14 4.286994e-32
9474.78 4.616101e-14 4.362045e-32
9477.16 4.615216e-14 4.563431e-32
9479.54 4.643295e-14 4.859974e-32
9481.92 4.683220e-14 5.018583e-32
9484.30 4.652609e-14 4.702697e-32
9486.68 4.444097e-14 3.964140e-32
9489.06 4.367471e-14 3.619227e-32
9491.44 4.445786e-14 3.817823e-32
9493.82 4.551713e-14 4.304073e-32
9496.20 4.617008e-14 4.824668e-32
9498.58 4.574647e-14 5.069079e-32
9500.96 4.518976e-14 5.093334e-32
9503.34 4.475347e-14 4.817495e-32
9505.72 4.370681e-14 4.256310e-32
9508.10 4.233031e-14 3.734663e-32
9510.48 4.222410e-14 3.607023e-32
9512.86 4.270275e-14 3.723337e-32
9515.24 4.357591e-14 4.065157e-32
9517.62 4.452789e-14 4.527486e-32
9520.00 4.527902e-14 4.941700e-32
9522.38 4.564163e-14 5.159154e-32
9524.76 4.495315e-14 5.015716e-32
9527.14 4.413028e-14 4.771207e-32
9529.52 4.316140e-14 4.495307e-32
9531.90 4.238927e-14 4.252855e-32
9534.28 4.243834e-14 4.169337e-32
9536.66 4.247585e-14 4.159176e-32
9539.04 4.268578e-14 4.214453e-32
9541.42 4.355514e-14 4.433713e-32
9543.80 4.512938e-14 4.859515e-32
9546.18 4.644086e-14 5.227863e-32
9548.56 4.596488e-14 5.109079e-32
9550.94 4.375336e-14 4.676185e-32
9553.32 4.207573e-14 4.532793e-32
9555.70 4.109089e-14 4.541126e-32
9558.08 4.005305e-14 4.340555e-32
9560.46 3.929442e-14 4.075814e-32
9562.84 3.868713e-14 3.939125e-32
9565.22 3.904284e-14 4.068094e-32
9567.60 3.984796e-14 4.211219e-32
9569.98 4.011788e-14 4.113819e-32
9572.36 3.971904e-14 3.851059e-32
9574.74 3.923009e-14 3.690175e-32
9577.12 3.924569e-14 3.811094e-32
9579.50 3.931595e-14 4.079293e-32
9581.88 3.911907e-14 4.245391e-32
9584.26 3.870269e-14 4.204129e-32
9586.64 3.795431e-14 4.065575e-32
9589.02 3.710750e-14 3.977570e-32
9591.40 3.681654e-14 3.938134e-32
9593.78 3.668209e-14 3.792124e-32
9596.16 3.650455e-14 3.568964e-32
9598.54 3.693179e-14 3.507752e-32
9600.92 3.736472e-14 3.555973e-32
9603.30 3.687715e-14 3.546572e-32
9605.68 3.614020e-14 3.567865e-32
9608.06 3.600977e-14 3.691986e-32
9610.44 3.613638e-14 3.787593e-32
9612.82 3.579341e-14 3.762269e-32
9615.20 3.550156e-14 3.752970e-32
9617.58 3.504495e-14 3.710748e-32
9619.96 3.470232e-14 3.655049e-32
9622.34 3.484778e-14 3.621728e-32
9624.72 3.496557e-14 3.503879e-32
9627.10 3.534060e-14 3.411021e-32
9629.48 3.540088e-14 3.308753e-32
9631.86 3.483103e-14 3.212775e-32
9634.24 3.421042e-14 3.254233e-32
9636.62 3.402586e-14 3.453704e-32
9639.00 3.354494e-14 3.552462e-32
9641.38 3.334956e-14 3.594352e-32
9643.76 3.342735e-14 3.616840e-32
9646.14 3.336221e-14 3.576389e-32
9648.52 3.309955e-14 3.440580e-32
9650.90 3.273494e-14 3.233038e-32
9653.28 3.217305e-14 3.014615e-32
9655.66 3.220038e-14 2.935139e-32
9658.04 3.245778e-14 2.961080e-32
9660.42 3.218199e-14 2.999311e-32
9662.80 3.190227e-14 3.103092e-32
9665.18 3.136817e-14 3.143475e-32
9667.56 3.090424e-14 3.147566e-32
9669.94 3.070891e-14 3.170792e-32
9672.32 3.057658e-14 3.165852e-32
9674.70 3.022185e-14 3.048777e-32
9677.08 2.961764e-14 2.876580e-32
9679.46 2.937313e-14 2.774366e-32
9681.84 2.950747e-14 2.724891e-32
9684.22 2.972273e-14 2.671190e-32
9686.60 2.981215e-14 2.616516e-32
9688.98 2.957798e-14 2.583529e-32
9691.36 2.931985e-14 2.636987e-32
9693.74 2.900524e-14 2.712834e-32
9696.12 2.883873e-14 2.799953e-32
9698.50 2.895002e-14 2.920276e-32
9700.88 2.866818e-14 2.972520e-32
