3614.18780668	-5.912779780767e-12	2.416719672358e-12
3617.12715021	-7.516170441067e-13	6.720474701929e-13
3620.06799284	1.267759620337e-12	6.045032712424e-13
3623.01033193	1.918450376701e-13	4.363225374511e-13
3625.95416483	-1.383949178565e-13	3.429334728555e-13
3628.89948888	2.540514253253e-13	2.925611875288e-13
3631.84630146	1.116261173002e-13	2.202945875210e-13
3634.79459992	-2.286683594999e-14	1.787974964249e-13
3637.74438162	6.149156997773e-13	1.936611838715e-13
3640.69564394	-4.995766717494e-14	1.182611517994e-13
3643.64838425	5.577993965782e-15	1.007412929581e-13
3646.60259992	-1.710903379629e-15	8.266722427920e-14
3649.55828834	-1.049325415208e-14	6.751786796810e-14
3652.51544688	8.908195140985e-14	6.370315165340e-14
3655.47407294	-7.776102968213e-14	4.898699902096e-14
3658.43416390	5.421897512177e-14	4.336520546344e-14
3661.39571717	5.230100165021e-14	3.638434874342e-14
3664.35873013	4.061249572240e-14	3.057436208153e-14
3667.32320020	3.396336616549e-14	2.537082806422e-14
3670.28912477	5.081282952870e-14	2.366887115077e-14
3673.25650125	3.072468214600e-14	1.929345482971e-14
3676.22532707	-4.854071394628e-15	1.373353330959e-14
3679.19559962	5.167637313650e-15	1.248796636089e-14
3682.16731634	7.025134390996e-15	1.046293033974e-14
3685.14047465	8.606372701504e-15	6.415645122952e-14
3688.11507197	9.646696764139e-15	1.699687139320e-14
3691.09110574	1.027435529164e-14	7.214908201687e-15
3694.06857339	3.694870928952e-15	5.796056925725e-15
3697.04747235	6.355596300511e-15	5.141457915555e-15
3700.02780007	1.683746182624e-16	4.035574674247e-15
3703.00955400	-2.172559588402e-15	3.657149049022e-15
3705.99273158	1.190445094637e-15	3.164519044957e-15
3708.97733026	9.339380654103e-16	2.730295430940e-15
3711.96334751	-1.308417468492e-15	2.339260646450e-15
3714.95078077	2.464503440812e-15	2.300244913860e-15
3717.93962752	9.249623645188e-16	1.839862410955e-15
3720.92988522	-2.149630842232e-15	1.586494675062e-15
3723.92155133	-4.807408911415e-16	1.353956581100e-15
3726.91462334	8.033675082421e-16	1.314480573936e-15
3729.90909872	7.862897276714e-16	1.144133767822e-15
3732.90497496	-6.872946113754e-16	9.757637303005e-16
3735.90224953	-1.721144395730e-16	8.811817002730e-16
3738.90091992	-4.202235820008e-17	7.476223339984e-16
3741.90098363	8.945015558521e-16	7.316963491102e-16
3744.90243815	9.286916307827e-15	8.871071288441e-15
3747.90528098	1.601200684055e-14	1.464355617662e-14
3750.90950962	2.135342892266e-14	1.501044385683e-15
3753.91512158	6.206407384363e-16	4.662454593618e-16
3756.92211436	1.018489050843e-16	3.866243820114e-16
3759.93048549	3.293482073440e-16	3.630241606130e-16
3762.94023247	1.392958292300e-16	3.287139787388e-16
3765.95135282	-1.341828261073e-16	2.803820659030e-16
3768.96384408	1.843922316414e-16	2.645720037551e-16
3771.97770376	-3.159491518129e-17	2.341336724704e-16
3774.99292940	9.885760688621e-17	2.148636773429e-16
3778.00951853	3.169146998293e-16	2.038429996127e-16
3781.02746869	8.177050425352e-17	1.764449263212e-16
3784.04677741	5.726939001739e-16	1.920122676562e-16
3787.06744225	-1.703849999564e-16	1.406345814470e-16
3790.08946075	4.439864912268e-16	1.553774293975e-16
3793.11283047	1.194841835607e-16	1.266483478987e-16
3796.13754895	1.637966911978e-16	1.219633095694e-16
3799.16361376	4.269136273753e-16	1.230227190170e-16
3802.19102246	2.916447317427e-16	1.034612486991e-16
3805.21977262	1.673183699111e-16	9.160645263284e-17
3808.24986179	1.944693498353e-16	8.680604298611e-17
3811.28128757	1.388285641113e-16	7.549376292814e-17
3814.31404751	3.932214117110e-17	6.806853281406e-17
3817.34813921	1.395875614566e-16	6.890710816213e-17
3820.38356024	3.130422589651e-16	7.000970327508e-17
3823.42030820	3.326825118545e-16	6.919916069915e-17
3826.45838066	1.714327573803e-16	5.705542839621e-17
3829.49777523	1.202632575018e-16	5.021320318809e-17
3832.53848950	1.933474755871e-17	4.408612156943e-17
3835.58052108	2.601494989471e-16	5.045720625758e-17
3838.62386755	9.018418716025e-17	4.036369703745e-17
3841.66852654	1.868866311320e-16	4.268442133049e-17
3844.71449566	1.726515951594e-16	3.931883635188e-17
3847.76177251	1.221860366023e-16	3.555318855061e-17
3850.81035472	2.058358538334e-16	3.584852750016e-17
3853.86023990	1.574953811328e-16	3.346516610258e-17
3856.91142569	1.873266229532e-16	3.274889715809e-17
3859.96390971	1.596230372237e-16	3.023765037086e-17
3863.01768958	7.380403273010e-17	2.530051516890e-17
3866.07276295	1.414051689987e-16	2.627350916600e-17
3869.12912746	9.197233357523e-17	2.308477558668e-17
3872.18678074	9.677954169968e-17	2.252134012411e-17
3875.24572044	1.021863769778e-16	2.050059200352e-17
3878.30594421	1.698776663565e-16	2.342212527166e-17
3881.36744970	1.066691629280e-16	1.841677234250e-17
3884.43023457	1.338233994390e-16	1.976189081754e-17
3887.49429647	1.124708824115e-16	1.828015317144e-17
3890.55963307	9.533884817411e-17	1.691007590292e-17
3893.62624204	1.338332158043e-16	1.720637177732e-17
3896.69412103	1.071444086803e-16	1.602710957114e-17
3899.76326774	1.872821031159e-16	1.795024567497e-17
3902.83367982	1.156545930256e-16	1.542478425640e-17
3905.90535496	1.343736903517e-16	1.555656075112e-17
3908.97829085	1.277623846352e-16	1.465922202715e-17
3912.05248516	1.016364173079e-16	1.372884866671e-17
3915.12793560	1.354887024188e-16	1.444330998661e-17
3918.20463984	1.562083029719e-16	1.433000992522e-17
3921.28259560	1.483700303788e-16	1.364358047708e-17
3924.36180056	1.593887940565e-16	1.375405365276e-17
3927.44225243	1.499269030787e-16	1.288350910400e-17
3930.52394892	1.567748878063e-16	1.278373095058e-17
3933.60688773	1.435991506892e-16	1.206448449023e-17
3936.69106658	1.304703353245e-16	1.164536044182e-17
3939.77648319	1.421781795675e-16	1.177740142126e-17
3942.86313528	1.270244787652e-16	1.114095046829e-17
3945.95102057	1.559318506145e-16	1.165382957557e-17
3949.04013678	1.433479422903e-16	1.104713776072e-17
3952.13048165	1.650628819956e-16	1.124539483247e-17
3955.22205290	1.576872556453e-16	1.087762167367e-17
3958.31484828	1.373820489932e-16	9.936613160114e-18
3961.40886553	1.467973950465e-16	1.003412263198e-17
3964.50410239	1.603022868080e-16	1.031003557649e-17
3967.60055660	1.330113213190e-16	9.152578077718e-18
3970.69822592	1.361139755536e-16	9.237309000666e-18
3973.79710810	1.404496937432e-16	9.211407658860e-18
3976.89720090	1.415081713939e-16	9.235183285666e-18
3979.99850207	1.320880640308e-16	8.778046417199e-18
3983.10100938	1.486663647533e-16	9.101141915877e-18
3986.20472060	1.781940783395e-16	9.772617404618e-18
3989.30963349	1.824706819723e-16	9.689755955794e-18
3992.41574583	1.576560965490e-16	9.010360461585e-18
3995.52305540	1.746065914211e-16	9.295254898358e-18
3998.63155998	1.597639818263e-16	8.738315118285e-18
4001.74125735	1.774357236886e-16	9.136775437430e-18
4004.85214529	1.938921381599e-16	9.509782520495e-18
4007.96422160	1.926679088127e-16	9.376211524739e-18
4011.07748406	2.109203079474e-16	9.785085676979e-18
4014.19193049	1.986754619649e-16	9.383253384479e-18
4017.30755866	1.961568380060e-16	9.275859273776e-18
4020.42436640	2.097081209374e-16	9.430767484466e-18
4023.54235151	2.108448200637e-16	9.421689133010e-18
4026.66151178	2.085529903618e-16	9.238734838980e-18
4029.78184505	2.159015506388e-16	9.430191289208e-18
4032.90334912	2.155811423532e-16	9.357497873740e-18
4036.02602181	2.149608153386e-16	9.209453330557e-18
4039.14986095	2.276861467673e-16	9.590258377520e-18
4042.27486436	2.442816473820e-16	9.933444845596e-18
4045.40102987	2.428650441235e-16	9.816797832811e-18
4048.52835532	2.674958128377e-16	1.037353254410e-17
4051.65683854	2.474821913642e-16	9.753787711662e-18
4054.78647737	2.513111916966e-16	9.772336771308e-18
4057.91726965	2.562613684541e-16	9.840917429920e-18
4061.04921322	2.697596563922e-16	1.018676389877e-17
4064.18230595	2.788355372948e-16	1.040304418437e-17
4067.31654567	2.685333391288e-16	1.009402870221e-17
4070.45193024	2.563421893289e-16	9.732038094593e-18
4073.58845753	2.802039543432e-16	1.028645023795e-17
4076.72612540	2.470009682665e-16	9.361710132904e-18
4079.86493170	2.361491367860e-16	9.041453693046e-18
4083.00487431	2.150818648829e-16	8.445236193347e-18
4086.14595110	2.132425432309e-16	8.335580687192e-18
4089.28815995	1.947984887077e-16	7.824922670298e-18
4092.43149872	2.133934912457e-16	8.233007426015e-18
4095.57596531	2.406977845558e-16	8.902868831507e-18
4098.72155760	2.185656616227e-16	8.295617910966e-18
4101.86827348	2.316507240048e-16	8.593197981984e-18
4105.01611083	2.322386704194e-16	8.572691240614e-18
4108.16506756	2.140118518856e-16	8.077359854687e-18
4111.31514155	2.236540658837e-16	8.279926628195e-18
4114.46633071	2.012301676181e-16	7.713471067541e-18
4117.61863295	1.895461644509e-16	7.395498247616e-18
4120.77204617	1.819968888847e-16	7.180889762334e-18
4123.92656827	1.772620291361e-16	7.062597243605e-18
4127.08219718	1.852679979404e-16	7.247574683388e-18
4130.23893081	2.111256766223e-16	7.859577210596e-18
4133.39676708	2.326989450441e-16	8.386141406187e-18
4136.55570391	2.329183540469e-16	8.325984219501e-18
4139.71573923	2.493103283801e-16	8.716056800383e-18
4142.87687097	2.632530473677e-16	9.043221531439e-18
4146.03909706	2.517957575835e-16	8.725300951501e-18
4149.20241544	2.593696431100e-16	8.900455545073e-18
4152.36682404	2.590453990938e-16	8.878255844533e-18
4155.53232082	2.642370466736e-16	9.007314824360e-18
4158.69890370	2.586532473093e-16	8.855052891822e-18
4161.86657064	2.708496850471e-16	9.126542527994e-18
4165.03531960	2.627251921157e-16	8.933774468691e-18
4168.20514852	2.698055706223e-16	9.092392980275e-18
4171.37605537	2.752341236695e-16	9.205723518181e-18
4174.54803810	2.985711416538e-16	9.743339441184e-18
4177.72109469	2.923733051785e-16	9.574591621184e-18
4180.89522309	2.928519509937e-16	9.562742759001e-18
4184.07042128	2.777958285029e-16	9.162622970475e-18
4187.24668723	2.759073589595e-16	9.085927506996e-18
4190.42401892	2.653223276944e-16	8.797064693197e-18
4193.60241433	2.764302756229e-16	9.062009506146e-18
4196.78187144	2.794546191101e-16	9.173755078921e-18
4199.96238823	2.686365141661e-16	8.815712624871e-18
4203.14396271	2.752868170293e-16	8.969139489979e-18
4206.32659285	2.695618860766e-16	8.822326995137e-18
4209.51027665	2.721928390622e-16	8.879553952354e-18
4212.69501212	2.886252041127e-16	9.256834164685e-18
4215.88079725	2.811081879604e-16	9.044666175593e-18
4219.06763005	2.756182163861e-16	8.883169093193e-18
4222.25550853	2.665837211653e-16	8.646642893304e-18
4225.44443070	2.820403259918e-16	9.022484414489e-18
4228.63439456	2.673996119915e-16	8.651710003553e-18
4231.82539815	2.823426750985e-16	9.000838125338e-18
4235.01743948	2.749428193127e-16	8.808502818780e-18
4238.21051657	2.768253643970e-16	8.848587555631e-18
4241.40462746	2.956289204131e-16	9.298375816825e-18
4244.59977016	3.193156146995e-16	9.870859724817e-18
4247.79594271	3.065341400067e-16	9.561428856556e-18
4250.99314315	2.974626390375e-16	9.336103129419e-18
4254.19136952	2.978067698310e-16	9.323213216969e-18
4257.39061986	2.837339374197e-16	8.965908414611e-18
4260.59089221	2.721586709176e-16	8.658074209981e-18
4263.79218462	3.078713259543e-16	9.520887515785e-18
4266.99449515	3.077958454674e-16	9.520255674418e-18
4270.19782184	3.194158996100e-16	1.051985762145e-17
4273.40216276	3.223786421282e-16	9.925697260249e-18
4276.60751597	3.182809242787e-16	9.727633993057e-18
4279.81387952	3.176199326246e-16	9.705304076716e-18
4283.02125149	3.277256677972e-16	9.945906740432e-18
4286.22962994	3.080557795966e-16	9.449696497058e-18
4289.43901295	3.248948131207e-16	9.838330705773e-18
4292.64939859	3.381823339164e-16	1.015614505067e-17
4295.86078495	3.355635744661e-16	1.009418305933e-17
4299.07317009	3.433962587383e-16	1.026171734898e-17
4302.28655212	3.569070581264e-16	1.055555968475e-17
4305.50092911	3.443727081925e-16	1.023185889150e-17
4308.71629915	3.349139078466e-16	1.000767768110e-17
4311.93266035	3.237036118038e-16	9.739589248129e-18
4315.15001080	3.186316134017e-16	9.611439574508e-18
4318.36834859	3.357234679334e-16	1.001554685218e-17
4321.58767183	3.270485165954e-16	9.771874040236e-18
4324.80797862	3.226028713945e-16	9.666192229599e-18
4328.02926709	3.296663493645e-16	9.828900920897e-18
4331.25153533	3.149234810397e-16	9.456036836269e-18
4334.47478146	3.147901437629e-16	9.440879237876e-18
4337.69900360	3.224111655291e-16	9.612865835004e-18
4340.92419987	3.135865962128e-16	9.386928298096e-18
4344.15036839	3.143517932405e-16	9.399070822857e-18
4347.37750730	3.218162951371e-16	9.572215201015e-18
4350.60561472	3.397670603973e-16	9.999842249578e-18
4353.83468878	3.180854686093e-16	9.468833130789e-18
4357.06472763	3.347113826091e-16	9.851883152738e-18
4360.29572939	3.079244798150e-16	9.200943665994e-18
4363.52769222	3.079474859833e-16	9.197879763697e-18
4366.76061425	3.259622853704e-16	9.610276796709e-18
4369.99449363	3.229757799592e-16	9.529779357159e-18
4373.22932853	3.024410836475e-16	9.032617294910e-18
4376.46511708	3.295979139141e-16	9.674392872375e-18
4379.70185744	3.459500434671e-16	1.004038947038e-17
4382.93954778	3.338093973148e-16	9.741048342010e-18
4386.17818626	3.234831730809e-16	9.480483846289e-18
4389.41777104	3.348784191636e-16	9.740975444681e-18
4392.65830030	3.320314473378e-16	9.665112809348e-18
4395.89977220	3.514637144935e-16	1.012448868586e-17
4399.14218492	3.434100118192e-16	9.933858489366e-18
4402.38553663	3.622349786086e-16	1.037931033671e-17
4405.62982552	3.670371353195e-16	1.049239766784e-17
4408.87504977	3.805956741442e-16	1.080855977747e-17
4412.12120757	3.573967060982e-16	1.025470665168e-17
4415.36829710	3.641753078005e-16	1.040513259802e-17
4418.61631656	3.608463922134e-16	1.030610121226e-17
4421.86526414	3.669669826086e-16	1.044853403598e-17
4425.11513805	3.736780658160e-16	1.059025911183e-17
4428.36593647	3.582719820723e-16	1.020730863764e-17
4431.61765762	3.639105476016e-16	1.032483637332e-17
4434.87029971	3.631475801960e-16	1.029397757624e-17
4438.12386093	3.440015655762e-16	9.840031154076e-18
4441.37833951	3.330586453271e-16	9.565698632364e-18
4444.63373367	3.337452545047e-16	9.570618130402e-18
4447.89004161	3.340994617999e-16	9.565588666821e-18
4451.14726156	3.150365709554e-16	9.092742780201e-18
4454.40539174	3.224007050759e-16	9.259406317639e-18
4457.66443039	3.124698367833e-16	9.012000706242e-18
4460.92437573	2.896609717265e-16	8.460225511080e-18
4464.18522599	2.780635261351e-16	8.177797684557e-18
4467.44697942	2.635766737043e-16	7.825928907998e-18
4470.70963424	2.709999742165e-16	7.997311655967e-18
4473.97318871	2.553445826291e-16	7.621645751266e-18
4477.23764106	2.580256164914e-16	7.681148388516e-18
4480.50298954	2.814230201191e-16	8.213415010327e-18
4483.76923241	3.058979163117e-16	8.769223226826e-18
4487.03636792	2.963989952648e-16	8.543863274927e-18
4490.30439431	2.916646823671e-16	8.423123712473e-18
4493.57330986	2.799103329659e-16	8.138260671529e-18
4496.84311282	2.914610007958e-16	8.402329820955e-18
4500.11380146	3.094852865133e-16	8.805692200247e-18
4503.38537404	2.936891797894e-16	8.461903219253e-18
4506.65782884	2.908597608662e-16	8.352583497589e-18
4509.93116413	2.984234345516e-16	8.513619876551e-18
4513.20537819	3.008977802016e-16	1.077389614626e-17
4516.48046928	3.286215019893e-16	1.480595518518e-17
4519.75643570	3.104778324965e-16	1.061164590129e-17
4523.03327574	2.976411735559e-16	8.470510342093e-18
4526.31098766	2.960722616847e-16	8.431554548161e-18
4529.58956978	3.084796564418e-16	8.705861893082e-18
4532.86902038	3.121599119476e-16	8.796061887056e-18
4536.14933775	3.052936229542e-16	8.630049254731e-18
4539.43052020	3.111706041854e-16	8.758536613873e-18
4542.71256603	3.074098726604e-16	8.665534148872e-18
4545.99547354	3.076747739265e-16	8.648424008467e-18
4549.27924103	3.092244007163e-16	8.680537652182e-18
4552.56386683	2.979181230530e-16	8.402852070177e-18
4555.84934923	2.821234733278e-16	8.033847492893e-18
4559.13568657	3.026352930707e-16	8.493122300010e-18
4562.42287714	3.111823458416e-16	8.680135425604e-18
4565.71091929	3.201815895075e-16	8.866013375179e-18
4568.99981132	3.222313623791e-16	8.899577241281e-18
4572.28955158	3.180668726726e-16	8.799781132311e-18
4575.58013838	3.050552909017e-16	8.498225982459e-18
4578.87157006	3.276068778830e-16	9.006383085132e-18
4582.16384495	3.433911533741e-16	9.360948941355e-18
4585.45696140	3.401987578678e-16	9.277050849532e-18
4588.75091774	3.465418092067e-16	9.408159301800e-18
4592.04571232	3.488156393361e-16	9.453721552053e-18
4595.34134348	3.450469197789e-16	9.352336039708e-18
4598.63780958	3.473655667156e-16	9.394040237741e-18
4601.93510896	3.559850992867e-16	9.581445008247e-18
4605.23323998	3.366723449675e-16	9.132524473228e-18
4608.53220099	3.584976722443e-16	9.612831366775e-18
4611.83199036	3.527505172373e-16	9.475423294002e-18
4615.13260646	3.800373388780e-16	1.009509157978e-17
4618.43404764	3.883235136236e-16	1.026439158644e-17
4621.73631227	3.822385534600e-16	1.012544790374e-17
4625.03939873	3.881558399614e-16	1.024313084586e-17
4628.34330539	3.754148569876e-16	9.944765940865e-18
4631.64803062	3.618410203814e-16	9.624280118359e-18
4634.95357281	3.745823660619e-16	9.907255102861e-18
4638.25993034	3.857871419458e-16	1.014845010491e-17
4641.56710159	4.061012487129e-16	1.058933218566e-17
4644.87508496	4.275779231555e-16	1.106853954502e-17
4648.18387882	4.376718847923e-16	1.129071664198e-17
4651.49348158	4.677860696207e-16	1.195092670678e-17
4654.80389163	4.622860162825e-16	1.182183221373e-17
4658.11510736	4.660085612554e-16	1.190138851399e-17
4661.42712719	4.740249079589e-16	1.206756354759e-17
4664.73994951	4.908317862008e-16	1.243183313822e-17
4668.05357273	4.983145826771e-16	1.259255817511e-17
4671.36799527	5.028068503957e-16	1.268163128416e-17
4674.68321552	5.218291590288e-16	1.309466781037e-17
4677.99923191	5.217134237687e-16	1.308468864638e-17
4681.31604286	5.646100774912e-16	1.402657325848e-17
4684.63364678	5.487136249012e-16	1.365866756045e-17
4687.95204211	5.480602728600e-16	1.363049589328e-17
4691.27122725	5.552249547353e-16	1.377353931363e-17
4694.59120065	5.610934645290e-16	1.389674702458e-17
4697.91196073	5.535330220522e-16	1.370409397553e-17
4701.23350593	5.449356479926e-16	1.350305213110e-17
4704.55583469	5.525185203581e-16	1.365744658238e-17
4707.87894543	5.545757041872e-16	1.369001785910e-17
4711.20283661	5.662080144299e-16	1.393915238839e-17
4714.52750667	5.895845288234e-16	1.444480357030e-17
4717.85295406	5.832776410643e-16	1.429275534313e-17
4721.17917722	6.041989807331e-16	1.474509644555e-17
4724.50617462	5.746741542000e-16	1.407222355736e-17
4727.83394469	5.999384103442e-16	1.461521368530e-17
4731.16248591	6.234769962146e-16	1.512559848392e-17
4734.49179673	6.240441623913e-16	1.512199912499e-17
4737.82187561	6.393376639987e-16	1.544527688473e-17
4741.15272103	6.199107512177e-16	1.500483761345e-17
4744.48433145	6.017478905999e-16	1.459154387254e-17
4747.81670533	5.998197149718e-16	1.453413469129e-17
4751.14984116	5.868239957232e-16	1.423557776086e-17
4754.48373742	5.676259283233e-16	1.379497389820e-17
4757.81839257	5.712208728215e-16	1.386129290862e-17
4761.15380510	5.612229518618e-16	1.362799338107e-17
4764.48997350	5.605828070643e-16	1.360260757268e-17
4767.82689625	5.463046770628e-16	1.327670426372e-17
4771.16457184	5.374319772510e-16	1.307097150033e-17
4774.50299877	5.159378733911e-16	1.258572967071e-17
4777.84217553	5.271586173081e-16	1.282217158705e-17
4781.18210061	5.060772333640e-16	1.234905288758e-17
4784.52277252	5.168287328029e-16	1.257047180111e-17
4787.86418975	5.179603936315e-16	1.258540622350e-17
4791.20635083	5.296268507801e-16	1.282797431491e-17
4794.54925424	5.221419963665e-16	1.265406430921e-17
4797.89289851	5.136056332627e-16	1.245575629880e-17
4801.23728214	5.240782044928e-16	1.266897160141e-17
4804.58240365	4.885073374149e-16	1.188847195449e-17
4807.92826156	4.943675077606e-16	1.200313005193e-17
4811.27485440	4.896032483319e-16	1.189071841185e-17
4814.62218067	4.793058193698e-16	1.166238933279e-17
4817.97023892	4.828052154744e-16	1.172546859240e-17
4821.31902766	4.696252972253e-16	1.143436208327e-17
4824.66854544	4.607089556879e-16	1.123556374501e-17
4828.01879077	4.753746625112e-16	1.154077133844e-17
4831.36976221	4.759250877706e-16	1.153991710327e-17
4834.72145828	4.657880365551e-16	1.131384473955e-17
4838.07387753	4.915228960581e-16	1.185599073226e-17
4841.42701851	4.640148790852e-16	1.125040466426e-17
4844.78087976	4.682881435153e-16	1.132937490834e-17
4848.13545982	4.529808785406e-16	1.098567526291e-17
4851.49075726	4.518483701795e-16	1.094943628974e-17
4854.84677062	4.708580993670e-16	1.133921401893e-17
4858.20349847	4.500508288034e-16	1.088321553358e-17
4861.56093935	4.349491825665e-16	1.055187149871e-17
4864.91909184	4.372356785713e-16	1.058500252394e-17
4868.27795450	4.220554940549e-16	1.025774164681e-17
4871.63752589	4.238597895813e-16	1.028260165375e-17
4874.99780458	4.247797590002e-16	1.029344563479e-17
4878.35878915	4.056160678944e-16	9.881696542740e-18
4881.72047818	4.162066351980e-16	1.009890019480e-17
4885.08287023	3.976185727788e-16	9.687823318188e-18
4888.44596389	4.011294707762e-16	9.758893814400e-18
4891.80975773	4.009629343553e-16	9.746047552826e-18
4895.17425035	4.044585013882e-16	9.807795839536e-18
4898.53944034	4.183519028312e-16	1.009761280298e-17
4901.90532627	4.376234430303e-16	1.049135066124e-17
4905.27190675	4.380578881216e-16	1.049565757525e-17
4908.63918037	4.277348331704e-16	1.026320996951e-17
4912.00714572	4.173057079691e-16	1.003296906502e-17
4915.37580140	4.250425414105e-16	1.018732651832e-17
4918.74514603	4.455838702453e-16	1.060598814318e-17
4922.11517819	4.521621272956e-16	1.073785123908e-17
4925.48589651	4.469185209884e-16	1.062109740085e-17
4928.85729958	4.526521505017e-16	1.072740852714e-17
4932.22938603	4.564547369323e-16	1.080275792511e-17
4935.60215446	4.533928685028e-16	1.073063520897e-17
4938.97560349	4.631633248939e-16	1.092230341937e-17
4942.34973175	4.457356285784e-16	1.054509243896e-17
4945.72453785	4.259614346054e-16	1.012506595590e-17
4949.10002042	4.213521016683e-16	1.002159543983e-17
4952.47617809	4.419547482580e-16	1.043722006149e-17
4955.85300948	4.262516005715e-16	1.010446245055e-17
4959.23051324	4.363486875748e-16	1.030367853050e-17
4962.60868798	4.443981290390e-16	1.046144853048e-17
4965.98753235	4.322998842397e-16	1.019893320680e-17
4969.36704499	4.270700626770e-16	1.008518664678e-17
4972.74722455	4.183833669794e-16	9.896831813737e-18
4976.12806965	4.324210739647e-16	1.017849030824e-17
4979.50957896	4.338605003875e-16	1.019744760415e-17
4982.89175112	4.444652108043e-16	1.040390718609e-17
4986.27458478	4.413720416027e-16	1.033593180977e-17
4989.65807860	4.329597881424e-16	1.014811447491e-17
4993.04223123	4.377457166178e-16	1.024037329521e-17
4996.42704133	4.230894385547e-16	9.929263998500e-18
4999.81250757	4.324789204538e-16	1.011241821110e-17
5003.19862860	4.406738736589e-16	1.027271746837e-17
5006.58540310	4.393167168076e-16	1.023704191192e-17
5009.97282973	4.495958944170e-16	1.043362946986e-17
5013.36090716	4.333185533320e-16	1.009085928138e-17
5016.74963406	4.423547878217e-16	1.026738395256e-17
5020.13900912	4.463673525262e-16	1.033430222103e-17
5023.52903101	4.407920206521e-16	1.021768479838e-17
5026.91969841	4.472754537015e-16	1.033901762030e-17
5030.31101000	4.366806474306e-16	1.011564481178e-17
5033.70296448	4.447457868561e-16	1.027233304982e-17
5037.09556052	4.460186674874e-16	1.028710119099e-17
5040.48879682	4.364655165451e-16	1.008268610744e-17
5043.88267207	4.240898274429e-16	9.821626329303e-18
5047.27718496	4.081411343076e-16	9.485282970100e-18
5050.67233420	4.138289409647e-16	9.591473871335e-18
5054.06811848	4.291793105231e-16	9.901266137212e-18
5057.46453651	4.271672132047e-16	9.846078724586e-18
5060.86158699	4.299012030577e-16	9.894406488002e-18
5064.25926862	4.515263918619e-16	1.032167325559e-17
5067.65758012	4.572873499193e-16	1.043416636982e-17
5071.05652020	4.444260531653e-16	1.015954169686e-17
5074.45608756	4.469159508788e-16	1.020321598269e-17
5077.85628094	4.517103019722e-16	1.029072929303e-17
5081.25709905	4.482805284143e-16	1.020880540220e-17
5084.65854060	4.661842215940e-16	1.055923318778e-17
5088.06060432	4.592167358048e-16	1.041668236778e-17
5091.46328895	4.628336259733e-16	1.047969646099e-17
5094.86659320	4.620565838804e-16	1.045174949937e-17
5098.27051580	4.520075771610e-16	1.023981722812e-17
5101.67505550	4.214759247605e-16	9.621403644643e-18
5105.08021101	4.332470447980e-16	9.844287573010e-18
5108.48598110	4.174960187545e-16	9.520385392846e-18
5111.89236448	4.227599878056e-16	9.618030138600e-18
5115.29935991	4.311121169233e-16	9.775765286573e-18
5118.70696613	4.368819492706e-16	9.882584201980e-18
5122.11518188	4.290997644936e-16	9.718968197458e-18
5125.52400592	4.271712799801e-16	9.673357191080e-18
5128.93343700	4.254512377512e-16	9.626399768698e-18
5132.34347387	4.349482600282e-16	9.814653221504e-18
5135.75411528	4.328804610702e-16	9.765291894358e-18
5139.16536000	4.544504641789e-16	1.018487195358e-17
5142.57720679	4.502593742792e-16	1.009735533094e-17
5145.98965440	4.276446279802e-16	9.640001766437e-18
5149.40270161	4.245349003085e-16	9.567460367010e-18
5152.81634719	4.123819840927e-16	9.316504210285e-18
5156.23058989	4.245810761383e-16	9.552751312492e-18
5159.64542851	4.267960557656e-16	9.589265416960e-18
5163.06086180	4.314087321523e-16	9.667414878550e-18
5166.47688855	4.360238342170e-16	9.746825900902e-18
5169.89350753	4.237362217919e-16	9.492379439181e-18
5173.31071753	4.086363431658e-16	9.188157194365e-18
5176.72851733	4.234701855811e-16	9.475899022667e-18
5180.14690572	4.171253355529e-16	9.344414850541e-18
5183.56588149	4.204832273305e-16	9.403701985687e-18
5186.98544342	4.269545794401e-16	9.524478181171e-18
5190.40559031	4.168973228216e-16	9.319661227354e-18
5193.82632095	4.187274764995e-16	9.352666587832e-18
5197.24763415	4.123879077161e-16	9.217098281910e-18
5200.66952870	4.121726448793e-16	9.205926191680e-18
5204.09200339	4.122420324901e-16	9.199293586491e-18
5207.51505705	4.152450445107e-16	9.249673245883e-18
5210.93868847	4.170360551106e-16	9.275388817255e-18
5214.36289646	4.150630918727e-16	9.228397321944e-18
5217.78767984	4.104213941216e-16	9.131793107394e-18
5221.21303741	4.271557010650e-16	9.451456150245e-18
5224.63896800	4.249887669688e-16	9.401091157382e-18
5228.06547041	4.167236609305e-16	9.230723705689e-18
5231.49254347	4.091413596787e-16	9.070937399063e-18
5234.92018601	4.078488051429e-16	9.047041927982e-18
5238.34839683	4.132728766322e-16	9.143379737993e-18
5241.77717479	4.321564496510e-16	9.497704320402e-18
5245.20651869	4.101304517113e-16	9.064272555562e-18
5248.63642737	4.304283187023e-16	9.446131316523e-18
5252.06689967	4.361237840012e-16	9.553298308612e-18
5255.49793442	4.255816407928e-16	9.339369434209e-18
5258.92953046	4.268027137211e-16	9.356048085445e-18
5262.36168663	4.164395064406e-16	9.142528571490e-18
5265.79440176	4.157312267924e-16	9.116253556299e-18
5269.22767472	4.184112786384e-16	9.159118398299e-18
5272.66150433	4.158289970807e-16	9.107490578131e-18
5276.09588945	4.118143542280e-16	9.026454205764e-18
5279.53082893	4.154305989429e-16	9.089923055743e-18
5282.96632163	4.295084003229e-16	9.349301757791e-18
5286.40236639	4.317456020119e-16	9.382128862689e-18
5289.83896208	4.465091356956e-16	9.654651453884e-18
5293.27610756	4.338815820037e-16	9.412368041804e-18
5296.71380168	4.321367580855e-16	9.370212509652e-18
5300.15204331	4.356471176291e-16	9.432151588366e-18
5303.59083132	4.452116124836e-16	9.606753386532e-18
5307.03016458	4.463940334659e-16	9.622745864641e-18
5310.47004196	4.455460282645e-16	9.600245473520e-18
5313.91046232	4.692345788449e-16	1.003766385800e-17
5317.35142455	4.829459397654e-16	1.029072235681e-17
5320.79292751	4.526241175449e-16	9.711432640527e-18
5324.23497010	4.615423958213e-16	9.869068802488e-18
5327.67755119	4.696171829332e-16	1.001631373571e-17
5331.12066966	4.836629722322e-16	1.027031836874e-17
5334.56432440	4.866012851106e-16	1.031595326426e-17
5338.00851430	4.914504346917e-16	1.040027082363e-17
5341.45323825	4.987884865055e-16	1.052691850386e-17
5344.89849514	4.886987343416e-16	1.032782402120e-17
5348.34428386	4.991493666767e-16	1.051780060787e-17
5351.79060331	4.911760409628e-16	1.036217452702e-17
5355.23745239	5.192560556897e-16	1.087910564917e-17
5358.68483000	5.076448423703e-16	1.064600609086e-17
5362.13273504	4.920092890383e-16	1.034499451722e-17
5365.58116642	4.730652400840e-16	9.983226221570e-18
5369.03012304	4.563772419668e-16	9.660950598035e-18
5372.47960381	4.787430393665e-16	1.007239762489e-17
5375.92960765	4.938894445680e-16	1.034602711999e-17
5379.38013346	4.839754941009e-16	1.015069831505e-17
5382.83118016	5.038039397468e-16	1.051463152042e-17
5386.28274668	5.198013769713e-16	1.080093912454e-17
5389.73483192	5.327794637830e-16	1.103512689452e-17
5393.18743481	5.443348801039e-16	1.123975785166e-17
5396.64055428	5.343577212514e-16	1.104659390103e-17
5400.09418925	5.497062766942e-16	1.132002202062e-17
5403.54833865	5.444486385751e-16	1.120947891570e-17
5407.00300140	5.260074656450e-16	1.085870788710e-17
5410.45817644	5.318694642246e-16	1.095951532585e-17
5413.91386271	5.418039423831e-16	1.113590385086e-17
5417.37005914	5.588986089198e-16	1.144197170870e-17
5420.82676467	5.684995649785e-16	1.161390417194e-17
5424.28397824	5.648741538654e-16	1.153505051073e-17
5427.74169879	5.542158314086e-16	1.132902177863e-17
5431.19992527	5.616451888297e-16	1.145529036407e-17
5434.65865662	5.689940568115e-16	1.158046130024e-17
5438.11789179	5.641751601181e-16	1.148585444132e-17
5441.57762973	5.721658965702e-16	1.162146428698e-17
5445.03786940	5.712567845719e-16	1.159646590009e-17
5448.49860975	5.603142806389e-16	1.138656367177e-17
5451.95984973	5.453366877965e-16	1.110164708559e-17
5455.42158832	5.573774692380e-16	1.131560632155e-17
5458.88382446	5.532124847177e-16	1.123042910715e-17
5462.34655712	5.402990459513e-16	1.098607861407e-17
5465.80978526	5.123554245744e-16	1.046807063738e-17
5469.27350786	4.945413941416e-16	1.013485373557e-17
5472.73772388	5.045906217258e-16	1.030542116348e-17
5476.20243229	5.279455493208e-16	1.072608931687e-17
5479.66763206	5.317134109064e-16	1.078586705908e-17
5483.13332218	5.334608929876e-16	1.080794674211e-17
5486.59950161	5.306285548201e-16	1.074851917058e-17
5490.06616935	5.366134908561e-16	1.084843536827e-17
5493.53332436	5.358842162994e-16	1.082849380221e-17
5497.00096563	5.253650596016e-16	1.063036974895e-17
5500.46909215	5.264474128114e-16	1.064032124148e-17
5503.93770291	5.191908622938e-16	1.049998984590e-17
5507.40679689	5.258720350450e-16	1.061424742683e-17
5510.87637308	5.331401590943e-16	1.073426579049e-17
5514.34643048	5.519016105480e-16	1.106530998664e-17
5517.81696809	5.452463883607e-16	1.093899786009e-17
5521.28798490	5.392978054802e-16	1.082188382800e-17
5524.75947991	5.223628514460e-16	1.050642534873e-17
5528.23145212	5.192409912431e-16	1.044543016041e-17
5531.70390053	5.056481893112e-16	1.019109493548e-17
5535.17682416	5.065029827218e-16	1.020046831384e-17
5538.65022200	5.333474400593e-16	1.067722484205e-17
5542.12409307	5.320139269932e-16	1.065183417753e-17
5545.59843638	5.223746802530e-16	1.046946749177e-17
5549.07325094	5.271207246349e-16	1.054270705528e-17
5552.54853576	5.318389980771e-16	1.061585303269e-17
5556.02428987	5.319835689522e-16	1.060591760915e-17
5559.50051228	5.509599397001e-16	1.094345759709e-17
5562.97720201	5.493308787694e-16	1.090861903531e-17
5566.45435809	5.523842280694e-16	1.096474447606e-17
5569.93197954	5.420638604766e-16	1.087784631032e-17
5573.41006539	5.235924206083e-16	1.117061335858e-17
5576.88861466	5.261425287282e-16	1.138281117781e-17
5580.36762640	5.289029619191e-16	1.136867996036e-17
5583.84709962	5.513478637803e-16	1.120967491964e-17
5587.32703336	5.546936003214e-16	1.094180345325e-17
5590.80742667	5.492252932217e-16	1.082932692786e-17
5594.28827858	5.443423500075e-16	1.073522072631e-17
5597.76958813	5.381711913186e-16	1.061583093877e-17
5601.25135436	5.270234883854e-16	1.041758612851e-17
5604.73357632	5.182310161795e-16	1.025119886782e-17
5608.21625305	5.240639157516e-16	1.034683971489e-17
5611.69938360	5.186159230880e-16	1.057184035136e-17
5615.18296702	5.118230943295e-16	1.011131328980e-17
5618.66700236	5.129185589457e-16	1.011943348581e-17
5622.15148869	5.309388703540e-16	1.043545072390e-17
5625.63642504	5.384194217694e-16	1.055554802054e-17
5629.12181049	5.136863199059e-16	1.011353337122e-17
5632.60764408	5.147382106898e-16	1.011874565470e-17
5636.09392489	5.122667761206e-16	1.006737044636e-17
5639.58065197	5.054106796078e-16	9.942456637526e-18
5643.06782439	5.168519263769e-16	1.013672218152e-17
5646.55544122	5.122201364002e-16	1.004657711211e-17
5650.04350152	5.233098487876e-16	1.023213047213e-17
5653.53200437	5.009241835273e-16	9.831108790808e-18
5657.02094884	4.954557612557e-16	9.726709794042e-18
5660.51033400	4.963183418726e-16	9.734769923021e-18
5664.00015894	4.887508301975e-16	9.598531938325e-18
5667.49042272	4.870280050134e-16	9.565290383518e-18
5670.98112444	4.834555051425e-16	9.494479126380e-18
5674.47226316	4.839315551306e-16	9.496346884432e-18
5677.96383798	4.725216918107e-16	9.294605597274e-18
5681.45584798	4.775306770015e-16	9.373165287501e-18
5684.94829226	4.661421777658e-16	9.169604431516e-18
5688.44116989	4.628664064260e-16	9.108466232919e-18
5691.93447997	4.637445850338e-16	9.112800826239e-18
5695.42822159	4.695727964176e-16	9.210383002798e-18
5698.92239385	4.684166387330e-16	9.182089233515e-18
5702.41699585	4.792468083497e-16	9.358675678924e-18
5705.91202668	4.779330362415e-16	9.332563466495e-18
5709.40748545	4.673065718467e-16	9.137576585395e-18
5712.90337126	4.670128918108e-16	9.127134511636e-18
5716.39968320	4.838437941498e-16	9.409225031441e-18
5719.89642040	4.698158453880e-16	9.163814086499e-18
5723.39358195	4.742271198264e-16	9.228293870091e-18
5726.89116696	4.709326648773e-16	9.167250665924e-18
5730.38917456	4.807251064662e-16	9.328564326506e-18
5733.88760384	4.972024342798e-16	9.604777898097e-18
5737.38645393	4.954131372711e-16	9.564854726865e-18
5740.88572394	4.886755818615e-16	9.440733109958e-18
5744.38541300	4.932465941839e-16	9.513813318081e-18
5747.88552022	5.053015421244e-16	9.713612851009e-18
5751.38604472	5.124258700062e-16	9.826649497836e-18
5754.88698563	5.212402101624e-16	9.970961347617e-18
5758.38834208	5.183198558078e-16	9.912956637031e-18
5761.89011319	5.271608286008e-16	1.005530274750e-17
5765.39229809	5.325291654480e-16	1.014228997181e-17
5768.89489592	5.242173567506e-16	9.992364702724e-18
5772.39790580	5.210194220605e-16	9.931589391479e-18
5775.90132688	5.210152359105e-16	9.920687246342e-18
5779.40515828	5.239830638266e-16	9.962922924057e-18
5782.90939916	5.144995899076e-16	9.794741301757e-18
5786.41404864	5.328779193941e-16	1.009912743876e-17
5789.91910587	5.311963483110e-16	1.006437801964e-17
5793.42456999	5.262896428306e-16	9.975421025656e-18
5796.93044016	5.331652716448e-16	1.008295903258e-17
5800.43671551	5.260584516064e-16	9.953041691111e-18
5803.94339520	5.155576768001e-16	9.768321846955e-18
5807.45047838	5.198199903555e-16	9.831109899726e-18
5810.95796419	5.281294611608e-16	9.965778229605e-18
5814.46585180	5.250926238524e-16	9.909224299052e-18
5817.97414037	5.280579655774e-16	9.950802232048e-18
5821.48282903	5.485508143320e-16	1.028965147450e-17
5824.99191697	5.503975717978e-16	1.031257901695e-17
5828.50140334	5.384247095367e-16	1.010411072761e-17
5832.01128730	5.438558183358e-16	1.018521783765e-17
5835.52156801	5.444933959366e-16	1.019112066702e-17
5839.03224465	5.322915699878e-16	9.979815805437e-18
5842.54331639	5.411796782008e-16	1.011984352602e-17
5846.05478238	5.463972342523e-16	1.020020705480e-17
5849.56664181	5.462957184368e-16	1.019074518849e-17
5853.07889385	5.364491688971e-16	1.001827119543e-17
5856.59153767	5.408718364127e-16	1.008567142348e-17
5860.10457245	5.403667851816e-16	1.007702149915e-17
5863.61799737	5.390670910952e-16	1.006863121395e-17
5867.13181160	5.364906983686e-16	1.002625523591e-17
5870.64601434	5.334408684573e-16	9.966068304445e-18
5874.16060476	5.271304990075e-16	9.839070336940e-18
5877.67558206	5.293552397896e-16	9.860217105994e-18
5881.19094541	5.252281462553e-16	9.787454865607e-18
5884.70669400	5.243702157549e-16	9.828920736950e-18
5888.22282703	5.046335216819e-16	9.551092292075e-18
5891.73934370	5.251500774181e-16	9.915345885744e-18
5895.25624318	5.167561564277e-16	9.738147889551e-18
5898.77352468	5.092251909053e-16	9.546155168703e-18
5902.29118740	5.154019686842e-16	9.603653124914e-18
5905.80923053	5.178408013258e-16	9.618710860476e-18
5909.32765328	5.241441562707e-16	9.719447899305e-18
5912.84645484	5.115849848018e-16	9.519286563805e-18
5916.36563443	4.986766557560e-16	9.296118805639e-18
5919.88519124	4.962251509423e-16	9.249876301379e-18
5923.40512448	4.877296588921e-16	9.094483192957e-18
5926.92543337	4.801631951547e-16	8.968017291823e-18
5930.44611712	4.847867923288e-16	9.051675449467e-18
5933.96717493	4.932894615136e-16	9.179277422294e-18
5937.48860602	5.059868071123e-16	9.376118851754e-18
5941.01040960	5.041631415337e-16	9.326374018314e-18
5944.53258490	4.965966547118e-16	9.196448992185e-18
5948.05513112	4.917181549567e-16	9.120698559712e-18
5951.57804750	4.862302908978e-16	9.037257333128e-18
5955.10133326	4.839335007506e-16	8.989169800160e-18
5958.62498761	4.891817375687e-16	9.059572714874e-18
5962.14900979	4.868243013769e-16	9.003863025981e-18
5965.67339901	4.868745860230e-16	8.999291233229e-18
5969.19815451	4.813567261562e-16	8.906830882861e-18
5972.72327553	4.792975277579e-16	8.877250746065e-18
5976.24876128	4.957710990145e-16	9.139200335959e-18
5979.77461101	4.892951437148e-16	9.025933706204e-18
5983.30082394	4.830162658529e-16	8.908738455478e-18
5986.82739933	4.999792334344e-16	9.173819319208e-18
5990.35433639	4.925413001601e-16	9.048118469107e-18
5993.88163438	4.946634967293e-16	9.078958436138e-18
5997.40929254	4.934950794201e-16	9.055289902217e-18
6000.93731011	4.824742370507e-16	8.875736474074e-18
6004.46568633	4.812381567187e-16	8.846309096551e-18
6007.99442044	4.819550780882e-16	8.849388878427e-18
6011.52351171	4.976579428895e-16	9.090765902564e-18
6015.05295938	4.969818807492e-16	9.072270533303e-18
6018.58276269	5.014847336187e-16	9.139920200570e-18
6022.11292090	5.098056307741e-16	9.270474189844e-18
6025.64343327	5.103974358912e-16	9.275025964031e-18
6029.17429905	5.112672850864e-16	9.284944004819e-18
6032.70551749	5.134608429682e-16	9.315676100288e-18
6036.23708787	5.087263742510e-16	9.232905928474e-18
6039.76900943	5.155771550903e-16	9.333259031664e-18
6043.30128144	5.140617732822e-16	9.302925107391e-18
6046.83390317	5.227944306108e-16	9.434303070153e-18
6050.36687387	5.287274850283e-16	9.524614734496e-18
6053.90019282	5.350041359732e-16	9.620630340747e-18
6057.43385928	5.212933942931e-16	9.391807448235e-18
6060.96787253	5.285408380532e-16	9.503095257296e-18
6064.50223183	5.305755602498e-16	9.531670576484e-18
6068.03693646	5.264865532569e-16	9.459259929054e-18
6071.57198569	5.192651562341e-16	9.336178412673e-18
6075.10737880	5.261417478103e-16	9.439414562983e-18
6078.64311506	5.187952856077e-16	9.315301024733e-18
6082.17919376	5.095279397677e-16	9.162533082674e-18
6085.71561417	5.160345663928e-16	9.257559415692e-18
6089.25237559	5.146506830775e-16	9.229873563593e-18
6092.78947728	5.225947754302e-16	9.351371645886e-18
6096.32691854	5.131965881106e-16	9.197054606955e-18
6099.86469865	5.061922231095e-16	9.081850134599e-18
6103.40281691	5.133891302051e-16	9.189031866395e-18
6106.94127259	4.947471349722e-16	8.881814025443e-18
6110.48006500	4.713754697255e-16	8.508529593439e-18
6114.01919342	4.269911237512e-16	7.795403413812e-18
6117.55865715	3.795016176234e-16	7.032594178395e-18
6121.09845549	3.870513224387e-16	7.147780430452e-18
6124.63858773	4.197272973087e-16	7.663756952254e-18
6128.17905317	4.636575230041e-16	8.354613942381e-18
6131.71985111	4.986249126303e-16	8.919092107332e-18
6135.26098085	5.095405964537e-16	9.081464289141e-18
6138.80244170	5.169039753332e-16	9.242960989549e-18
6142.34423296	5.095064769706e-16	9.076876639602e-18
6145.88635394	5.108919551455e-16	9.087427223364e-18
6149.42880394	5.099269470669e-16	9.063092968789e-18
6152.97158228	5.174147870086e-16	9.172560634849e-18
6156.51468825	5.103799116640e-16	9.053401736440e-18
6160.05812119	5.092924578779e-16	9.031266782618e-18
6163.60188040	5.135447397917e-16	9.092543483566e-18
6167.14596519	5.045149209333e-16	8.956503442344e-18
6170.69037488	5.017930564109e-16	8.911190473666e-18
6174.23510879	4.904422721548e-16	8.731083650846e-18
6177.78016624	4.879196992810e-16	8.675445996298e-18
6181.32554655	4.825645871058e-16	8.582782330750e-18
6184.87124904	4.666387923722e-16	8.326720920247e-18
6188.41727303	4.661609684502e-16	8.313071874134e-18
6191.96361786	4.781740450299e-16	8.498453703250e-18
6195.51028284	4.599749825294e-16	8.208289962277e-18
6199.05726731	4.502901495077e-16	8.059473448082e-18
6202.60457059	4.429646264416e-16	7.941463900616e-18
6206.15219202	4.403354699204e-16	7.894782446296e-18
6209.70013092	4.286231828455e-16	7.701705428333e-18
6213.24838664	4.219277540062e-16	7.590048611401e-18
6216.79695850	4.181188986182e-16	7.535110357692e-18
6220.34584585	4.188647878679e-16	7.543773461194e-18
6223.89504802	4.141120747342e-16	7.464613884123e-18
6227.44456435	4.067990404766e-16	7.358888229724e-18
6230.99439418	4.084395305497e-16	7.395690299994e-18
6234.54453685	3.989281813983e-16	7.274138285396e-18
6238.09499171	3.963509764034e-16	7.241574206380e-18
6241.64575810	3.867806906567e-16	7.066223934024e-18
6245.19683538	3.854008513218e-16	7.012155093281e-18
6248.74822287	3.832580376493e-16	6.961434032965e-18
6252.29991995	3.821758336668e-16	6.950539636825e-18
6255.85192595	3.759335517296e-16	6.885851622107e-18
6259.40424023	3.867363654336e-16	7.052729926078e-18
6262.95686214	3.881957367997e-16	7.065991436527e-18
6266.50979104	3.814830610958e-16	6.929471261328e-18
6270.06302628	3.717213645584e-16	6.764667913273e-18
6273.61656722	3.727719436774e-16	6.765810560473e-18
6277.17041322	3.768976085775e-16	6.822039006467e-18
6280.72456364	3.752845689306e-16	6.798946720747e-18
6284.27901784	3.726286494965e-16	6.778345236417e-18
6287.83377519	3.696570842424e-16	6.732998952011e-18
6291.38883504	3.739741553587e-16	6.795767529511e-18
6294.94419677	3.755067779450e-16	6.817066456557e-18
6298.49985974	3.754431366254e-16	6.831555227767e-18
6302.05582332	3.745644283986e-16	6.834413768578e-18
6305.61208688	3.775315592505e-16	6.870964807463e-18
6309.16864979	3.713623909177e-16	6.746747874869e-18
6312.72551143	3.658996844223e-16	6.634831002109e-18
6316.28267116	3.614201382566e-16	6.544560275619e-18
6319.84012836	3.664439637749e-16	6.628700306896e-18
6323.39788241	3.759850554842e-16	7.134166767005e-18
6326.95593269	3.818816138791e-16	7.254779681189e-18
6330.51427858	3.616597927086e-16	6.577779999738e-18
6334.07291945	3.597801745419e-16	6.569307419188e-18
6337.63185469	3.633246582883e-16	6.557716539656e-18
6341.19108368	3.809045483075e-16	7.156289271177e-18
6344.75060581	3.715096951634e-16	6.697663906931e-18
6348.31042046	3.735565009337e-16	6.721397429615e-18
6351.87052702	3.660578013658e-16	6.608874319167e-18
6355.43092487	3.610476639636e-16	6.533192909817e-18
6358.99161341	3.621222726209e-16	6.550290528508e-18
6362.55259203	3.685848137994e-16	6.634229898706e-18
6366.11386012	3.765097879289e-16	6.738224455299e-18
6369.67541708	3.642449253207e-16	6.541761525994e-18
6373.23726229	3.761221952196e-16	6.711159920279e-18
6376.79939516	3.804286658678e-16	6.779045931135e-18
6380.36181508	3.811833894274e-16	6.797020667068e-18
6383.92452145	3.780957273934e-16	6.752038662853e-18
6387.48751367	3.707853734470e-16	6.664227854532e-18
6391.05079115	3.680683243903e-16	6.584135330557e-18
6394.61435328	3.632668843982e-16	6.496428927896e-18
6398.17819947	3.497109629577e-16	6.302900535386e-18
6401.74232912	3.598848541463e-16	6.434433118371e-18
6405.30674165	3.577080413636e-16	6.401746485497e-18
6408.87143645	3.773132458087e-16	6.696937360223e-18
6412.43641294	3.778456752636e-16	6.704152476374e-18
6416.00167053	3.891021682077e-16	6.903575863148e-18
6419.56720863	3.856517803374e-16	6.819660614338e-18
6423.13302665	3.848425787336e-16	6.802322268655e-18
6426.69912401	3.855935993646e-16	6.806442387030e-18
6430.26550012	3.832005418405e-16	6.766431779722e-18
6433.83215440	3.884547559041e-16	6.841280414514e-18
6437.39908626	4.021906375461e-16	7.042256743721e-18
6440.96629513	4.024346658651e-16	7.042330885370e-18
6444.53378042	4.041940985500e-16	7.066710798101e-18
6448.10154156	3.998621501731e-16	7.004638657596e-18
6451.66957796	3.969612507115e-16	6.956440864343e-18
6455.23788906	4.068260991962e-16	7.106926655867e-18
6458.80647428	4.108953241041e-16	7.175783622897e-18
6462.37533305	3.963482201608e-16	6.980314812680e-18
6465.94446478	4.070878873392e-16	7.151360387382e-18
6469.51386892	3.976356257303e-16	7.012612985764e-18
6473.08354489	4.009819635188e-16	7.038675476421e-18
6476.65349212	4.051716342401e-16	7.079789725315e-18
6480.22371004	4.107525685107e-16	7.144820913604e-18
6483.79419810	4.114069786169e-16	7.146737553884e-18
6487.36495571	4.124302756079e-16	7.152907678764e-18
6490.93598233	4.227942124943e-16	7.309465629334e-18
6494.50727738	4.092929917371e-16	7.148268353505e-18
6498.07884031	4.332916071614e-16	7.517356967962e-18
6501.65067055	4.447243080481e-16	7.693916729204e-18
6505.22276755	4.463669357034e-16	7.685840197235e-18
6508.79513075	4.476114385022e-16	7.678843283330e-18
6512.36775958	4.494977914962e-16	7.690821285794e-18
6515.94065351	4.591457865299e-16	7.830018287929e-18
6519.51381196	4.594738239708e-16	7.841411145723e-18
6523.08723439	4.584858105811e-16	7.820936174511e-18
6526.66092025	4.627007003687e-16	7.889347107625e-18
6530.23486898	4.662694516962e-16	7.960435065140e-18
6533.80908004	4.664174456252e-16	7.962639111670e-18
6537.38355287	4.677976641580e-16	7.973125084389e-18
6540.95828693	4.590775859702e-16	7.822660242529e-18
6544.53328168	4.587189984488e-16	7.815244634880e-18
6548.10853656	4.665072168099e-16	7.944650719542e-18
6551.68405104	4.657498934003e-16	7.944267246588e-18
6555.25982456	4.618817103686e-16	7.879407451351e-18
6558.83585660	4.718732469192e-16	8.015976279507e-18
6562.41214660	4.744099632571e-16	8.023124570296e-18
6565.98869404	4.721809337332e-16	7.998472730640e-18
6569.56549836	4.806905280147e-16	8.116804605276e-18
6573.14255904	4.841248762009e-16	8.183369390537e-18
6576.71987554	4.722879144756e-16	8.005876212313e-18
6580.29744732	4.772076618837e-16	8.069697134010e-18
6583.87527385	4.770278574694e-16	8.040779042153e-18
6587.45335460	4.786007608049e-16	8.046644082485e-18
6591.03168904	4.854244301061e-16	8.147933195932e-18
6594.61027662	4.739647383973e-16	7.983952200972e-18
6598.18911684	4.840181026215e-16	8.132580601180e-18
6601.76820915	4.758388357997e-16	8.020221386277e-18
6605.34755304	4.737140364292e-16	7.980823729947e-18
6608.92714796	4.825459653467e-16	8.099300063187e-18
6612.50699341	4.874376611052e-16	8.149914466034e-18
6616.08708886	4.865864371391e-16	8.136468908718e-18
6619.66743378	4.911984056658e-16	8.199210724686e-18
6623.24802765	4.810847681909e-16	8.053095621308e-18
6626.82886995	4.870877902221e-16	8.139442541114e-18
6630.40996017	4.931355709787e-16	8.231837936458e-18
6633.99129778	4.912384168582e-16	8.198526969948e-18
6637.57288227	4.802536595623e-16	8.034366366069e-18
6641.15471312	4.864105143642e-16	8.112113766135e-18
6644.73678981	4.814434152190e-16	8.034405408854e-18
6648.31911184	4.859376596461e-16	8.098784579261e-18
6651.90167868	4.858054987489e-16	8.091816232750e-18
6655.48448984	4.834565059069e-16	8.058053625179e-18
6659.06754479	4.830546393026e-16	8.048608424176e-18
6662.65084303	4.846802366708e-16	8.071195524697e-18
6666.23438405	4.901690327343e-16	8.147526266954e-18
6669.81816733	4.808348704131e-16	8.009628609803e-18
6673.40219239	4.852067139319e-16	8.065059801206e-18
6676.98645870	4.826224779839e-16	8.023550517502e-18
6680.57096577	4.823254016796e-16	8.017603063307e-18
6684.15571308	4.921805012092e-16	8.157077181815e-18
6687.74070015	4.867883011672e-16	8.073117013049e-18
6691.32592647	4.858061355080e-16	8.057714150379e-18
6694.91139153	4.792631512245e-16	7.961983244025e-18
6698.49709484	4.851734906652e-16	8.045834279296e-18
6702.08303590	4.821386673505e-16	7.999876952074e-18
6705.66921422	4.831005210592e-16	8.009267383872e-18
6709.25562929	4.696054874778e-16	7.812705452968e-18
6712.84228063	4.852216228206e-16	8.031887350571e-18
6716.42916773	4.821250814833e-16	7.984001033147e-18
6720.01629011	4.763224846779e-16	7.896712453103e-18
6723.60364727	4.816896541789e-16	7.971247604360e-18
6727.19123872	4.714887383090e-16	7.820291628518e-18
6730.77906398	4.671268852253e-16	7.755528068527e-18
6734.36712254	4.644123669416e-16	7.717179029943e-18
6737.95541394	4.523182600817e-16	7.539263749359e-18
6741.54393767	4.508491569687e-16	7.518774517038e-18
6745.13269325	4.295506930529e-16	7.211308730498e-18
6748.72168020	4.508554835018e-16	7.509627034151e-18
6752.31089803	4.581571798110e-16	7.609072557260e-18
6755.90034626	4.599750755230e-16	7.631976780917e-18
6759.49002442	4.611190947840e-16	7.644269684844e-18
6763.07993200	4.582350129199e-16	7.601943085844e-18
6766.67006855	4.549209041705e-16	7.554100646626e-18
6770.26043357	4.608774132800e-16	7.633495554943e-18
6773.85102659	4.625533410181e-16	7.655919373515e-18
6777.44184713	4.571150404817e-16	7.573613146120e-18
6781.03289472	4.614870621842e-16	7.635929800943e-18
6784.62416888	4.559338342537e-16	7.555304836843e-18
6788.21566914	4.554346562678e-16	7.543066822187e-18
6791.80739502	4.617811876571e-16	7.631921423839e-18
6795.39934605	4.502863937944e-16	7.464682488796e-18
6798.99152176	4.417449033492e-16	7.340135212726e-18
6802.58392168	4.427262644771e-16	7.353946841127e-18
6806.17654534	4.292504566584e-16	7.159583052634e-18
6809.76939227	4.221136258074e-16	7.054380804698e-18
6813.36246201	4.084133521276e-16	6.855339662199e-18
6816.95575408	4.157820386977e-16	6.961124457999e-18
6820.54926802	4.331562794085e-16	7.213205645708e-18
6824.14300337	4.341901666815e-16	7.290189336268e-18
6827.73695966	4.347532046635e-16	7.357462709737e-18
6831.33113643	4.386799909128e-16	7.449420600729e-18
6834.92553322	4.368913972269e-16	7.390148517141e-18
6838.52014956	4.436830191448e-16	7.433515819780e-18
6842.11498501	4.402279895642e-16	7.324917605087e-18
6845.71003908	4.348916172964e-16	7.234052158962e-18
6849.30531134	4.285263795556e-16	7.127366032310e-18
6852.90080132	4.337489257370e-16	7.191498911472e-18
6856.49650856	4.376051502445e-16	7.265888136009e-18
6860.09243261	4.350557431475e-16	7.326004703566e-18
6863.68857302	4.174013433010e-16	7.138804725264e-18
6867.28492932	3.989172986400e-16	7.177048280347e-18
6870.88150107	4.062506371358e-16	7.654425776690e-18
6874.47828782	4.149680052423e-16	7.642512385301e-18
6878.07528912	4.275118748815e-16	7.396321320729e-18
6881.67250450	4.235504893083e-16	7.174178702087e-18
6885.26993354	4.092553768826e-16	6.961860505149e-18
6888.86757576	4.224940864191e-16	7.176185210382e-18
6892.46543074	4.303081761920e-16	7.333654349352e-18
6896.06349802	4.176830240315e-16	7.133722469277e-18
6899.66177715	4.131866391537e-16	7.000384962451e-18
6903.26026770	4.083590382598e-16	6.889205462994e-18
6906.85896921	4.261287446727e-16	7.111457724030e-18
6910.45788125	4.227138108620e-16	7.082105869625e-18
6914.05700337	4.108325777673e-16	6.898837417603e-18
6917.65633512	4.118919758145e-16	6.915206586036e-18
6921.25587608	4.104889947285e-16	6.906065956171e-18
6924.85562579	4.062130672480e-16	6.838981228305e-18
6928.45558383	4.047959838661e-16	6.786654641687e-18
6932.05574975	4.027963227179e-16	6.707573711126e-18
6935.65612311	4.014301568418e-16	6.719205350508e-18
6939.25670348	4.015570985284e-16	6.731083774334e-18
6942.85749042	4.057729361792e-16	6.807612709795e-18
6946.45848350	3.980419474445e-16	6.743624098371e-18
6950.05968229	4.009731647765e-16	6.776591273157e-18
6953.66108635	3.856776771182e-16	6.545619890059e-18
6957.26269524	3.936170591948e-16	6.573338217001e-18
6960.86450854	3.976360462553e-16	6.622705771091e-18
6964.46652582	3.978808889119e-16	6.644886994458e-18
6968.06874664	4.016122845397e-16	6.717187252176e-18
6971.67117059	3.980235860856e-16	6.672156553950e-18
6975.27379722	3.953114466806e-16	6.665860544905e-18
6978.87662611	4.020780498942e-16	6.747594602125e-18
6982.47965684	3.996944908247e-16	6.702323465055e-18
6986.08288898	3.912408765454e-16	6.532725562025e-18
6989.68632210	3.879183315188e-16	6.475680084568e-18
6993.28995579	3.984976527777e-16	6.618208200457e-18
6996.89378961	3.853017662494e-16	6.441410147869e-18
7000.49782314	3.835020791541e-16	6.425119516816e-18
7004.10205597	3.929550143100e-16	6.556286253639e-18
7007.70648767	3.896230862174e-16	6.530979696689e-18
7011.31111782	3.950488517909e-16	6.593692673014e-18
7014.91594601	3.871249207948e-16	6.477577880194e-18
7018.52097180	3.964599972143e-16	6.573457514153e-18
7022.12619480	3.913957557663e-16	6.496390248152e-18
7025.73161457	3.938141872144e-16	6.528370780641e-18
7029.33723070	3.926564937660e-16	6.512533531869e-18
7032.94304278	3.865806719486e-16	6.426827949844e-18
7036.54905039	3.956206738126e-16	6.553577708202e-18
7040.15525312	3.923320759361e-16	6.517502208683e-18
7043.76165055	3.833761302059e-16	6.415102937328e-18
7047.36824227	3.781881351118e-16	6.351335561242e-18
7050.97502788	3.872194715216e-16	6.466208161505e-18
7054.58200695	3.901299542384e-16	6.489637130830e-18
7058.18917908	3.911366807370e-16	6.489653780008e-18
7061.79654386	3.984094179807e-16	6.585298089249e-18
7065.40410088	3.941463171719e-16	6.533877907485e-18
7069.01184973	3.996944132050e-16	6.606873113657e-18
7072.61979001	3.877816028150e-16	6.441373120623e-18
7076.22792130	3.942676261672e-16	6.525230236437e-18
7079.83624321	3.899544272810e-16	6.467064534092e-18
7083.44475533	3.884178938781e-16	6.449886271827e-18
7087.05345724	3.885676608080e-16	6.451112587494e-18
7090.66234856	3.919318494565e-16	6.487479029668e-18
7094.27142887	3.930778623740e-16	6.495854552896e-18
7097.88069777	3.940724422169e-16	6.494924653895e-18
7101.49015487	3.858365178142e-16	6.382594091045e-18
7105.09979976	3.882667052515e-16	6.414779870182e-18
7108.70963204	3.988690513249e-16	6.557008715236e-18
7112.31965131	3.886701694497e-16	6.416504051326e-18
7115.92985717	3.828929590064e-16	6.334454834308e-18
7119.54024923	3.868976467274e-16	6.386219291387e-18
7123.15082708	3.866130624018e-16	6.387252843015e-18
7126.76159034	3.965829679443e-16	6.521523339102e-18
7130.37253860	3.937947401306e-16	6.489865001603e-18
7133.98367147	3.888590362290e-16	6.418282350848e-18
7137.59498855	3.941690655252e-16	6.499973174850e-18
7141.20648946	3.929047432720e-16	6.476401824279e-18
7144.81817379	3.922194827388e-16	6.471829481107e-18
7148.43004116	3.934283975743e-16	6.484697914112e-18
7152.04209117	4.011336564348e-16	6.567037760076e-18
7155.65432343	3.916581611889e-16	6.436645641778e-18
7159.26673756	3.846648061814e-16	6.350744797692e-18
7162.87933315	3.850649926666e-16	6.346925085420e-18
7166.49210983	3.712192917439e-16	6.160505817772e-18
7170.10506720	3.634001449228e-16	6.046410160381e-18
7173.71820488	3.750184847337e-16	6.202416514529e-18
7177.33152247	3.573201822589e-16	5.965954655744e-18
7180.94501960	3.528373126942e-16	5.895032313686e-18
7184.55869587	3.448589123065e-16	5.794343021120e-18
7188.17255090	3.562079157210e-16	5.942177585529e-18
7191.78658431	3.575722187976e-16	5.953482661987e-18
7195.40079571	3.581346441716e-16	5.955812895491e-18
7199.01518472	3.523956355754e-16	5.879976700878e-18
7202.62975095	3.578120684973e-16	5.950347444878e-18
7206.24449402	3.697247324857e-16	6.102717188006e-18
7209.85941356	3.742149916908e-16	6.157971407234e-18
7213.47450918	3.756593976173e-16	6.184257797330e-18
7217.08978049	3.810060288735e-16	6.264579839018e-18
7220.70522713	3.769814742665e-16	6.201202055624e-18
7224.32084871	3.752597543150e-16	6.184264801556e-18
7227.93664485	3.716578128926e-16	6.134969352178e-18
7231.55261518	3.569890429404e-16	5.963737862896e-18
7235.16875931	3.570770423681e-16	6.128808558405e-18
7238.78507688	3.534828781679e-16	6.249212966058e-18
7242.40156750	3.495316481750e-16	6.329095192270e-18
7246.01823080	3.601031786423e-16	6.346585170253e-18
7249.63506641	3.475328513861e-16	6.051837565955e-18
7253.25207394	3.600187253653e-16	6.056812778765e-18
7256.86925303	3.676032531452e-16	6.114704602516e-18
7260.48660331	3.698557522373e-16	6.110654496951e-18
7264.10412440	3.583466518816e-16	5.951237833606e-18
7267.72181592	3.747398359971e-16	6.186416449151e-18
7271.33967752	3.598120920597e-16	6.196056001286e-18
7274.95770881	3.470937445350e-16	6.153783013621e-18
7278.57590942	3.530394098531e-16	6.267551118880e-18
7282.19427900	3.728261891045e-16	6.431057390698e-18
7285.81281716	3.633923921781e-16	6.155256074738e-18
7289.43152354	3.604536311272e-16	6.083074103313e-18
7293.05039778	3.631017221522e-16	6.049367351176e-18
7296.66943949	3.809821134427e-16	6.277314329945e-18
7300.28864833	3.674466565346e-16	6.156089582471e-18
7303.90802391	3.738320519757e-16	6.215633361475e-18
7307.52756589	3.701688906606e-16	6.172631719918e-18
7311.14727388	3.771393510660e-16	6.358382458200e-18
7314.76714752	3.771125121224e-16	6.454672660861e-18
7318.38718646	3.855244064641e-16	6.543369883685e-18
7322.00739032	3.681598343639e-16	6.215922643530e-18
7325.62775875	3.581234330022e-16	6.046348791013e-18
7329.24829138	3.497876098131e-16	5.948211427835e-18
7332.86898785	3.544115773733e-16	6.024292343026e-18
7336.48984780	3.553840033951e-16	6.178464740462e-18
7340.11087087	3.585968038121e-16	6.279743294473e-18
7343.73205669	3.638397541517e-16	6.327099135504e-18
7347.35340491	3.627093812884e-16	6.114143918739e-18
7350.97491517	3.636090294281e-16	6.020662624934e-18
7354.59658711	3.521676931074e-16	5.950952583988e-18
7358.21842036	3.529461814289e-16	5.976481492798e-18
7361.84041458	3.435722063480e-16	5.880181777661e-18
7365.46256941	3.493028623003e-16	6.053934555667e-18
7369.08488448	3.525809163446e-16	6.107533100680e-18
7372.70735944	3.564354997673e-16	6.128730169781e-18
7376.32999394	3.585706958633e-16	5.976868209888e-18
7379.95278763	3.545517661816e-16	5.843578979473e-18
7383.57574013	3.570928762101e-16	5.880332741663e-18
7387.19885111	3.567092002295e-16	5.937933347115e-18
7390.82212020	3.605022317134e-16	6.019173168238e-18
7394.44554706	3.471861104184e-16	5.871897414413e-18
7398.06913133	3.540032828719e-16	6.040262592556e-18
7401.69287265	3.490223730685e-16	5.964888680523e-18
7405.31677069	3.424580177644e-16	5.860176363006e-18
7408.94082507	3.519590694056e-16	5.848547540236e-18
7412.56503546	3.431857492699e-16	5.688302577783e-18
7416.18940150	3.563539815721e-16	5.853365833359e-18
7419.81392285	3.481570172329e-16	5.745193783385e-18
7423.43859914	3.481767142168e-16	5.758507164244e-18
7427.06343004	3.560520819455e-16	5.893126498568e-18
7430.68841520	3.418863609552e-16	5.731683274306e-18
7434.31355426	3.540006193341e-16	5.936240366797e-18
7437.93884688	3.540872206386e-16	5.924190282092e-18
7441.56429271	3.563564594390e-16	5.935962853246e-18
7445.18989140	3.576309553503e-16	5.879862757907e-18
7448.81564261	3.573664540657e-16	5.839020604471e-18
7452.44154599	3.565633237155e-16	5.830856372526e-18
7456.06760119	3.502304394247e-16	5.760385124911e-18
7459.69380788	3.502212979340e-16	5.791315698857e-18
7463.32016569	3.540634738607e-16	5.872429764469e-18
7466.94667430	3.517512755434e-16	5.890590570024e-18
7470.57333336	3.526173382310e-16	5.935663175258e-18
7474.20014251	3.465701934501e-16	5.868065962972e-18
7477.82710143	3.492628356872e-16	5.927497534034e-18
7481.45420976	3.506124188994e-16	5.929586898957e-18
7485.08146716	3.480812773407e-16	5.857539759599e-18
7488.70887330	3.561535761435e-16	5.893847413941e-18
7492.33642782	3.573299895451e-16	5.861874048936e-18
7495.96413040	3.584467778732e-16	5.869314944059e-18
7499.59198068	3.664339956131e-16	5.951641721450e-18
7503.21997833	3.558489101826e-16	5.804873035189e-18
7506.84812300	3.634653261776e-16	5.892750546062e-18
7510.47641437	3.662450158356e-16	5.926870605670e-18
7514.10485208	3.653411697662e-16	5.944484474073e-18
7517.73343580	3.692562379755e-16	6.089703786068e-18
7521.36216519	3.683662456278e-16	6.238893387860e-18
7524.99103991	3.628115924079e-16	6.192353918465e-18
7528.62005963	3.591041214853e-16	6.103939238882e-18
7532.24922401	3.709216564730e-16	6.080502238129e-18
7535.87853270	3.615960501298e-16	5.933152682484e-18
7539.50798538	3.602271192240e-16	5.871416052615e-18
7543.13758171	3.692216071639e-16	5.975402371790e-18
7546.76732135	3.658063607920e-16	5.919446114623e-18
7550.39720396	3.681473661463e-16	5.952698142446e-18
7554.02722921	3.628758996871e-16	5.926011656452e-18
7557.65739677	3.604774791971e-16	5.903454980120e-18
7561.28770630	3.563577847685e-16	5.845633910348e-18
7564.91815747	3.600798204100e-16	5.903326204347e-18
7568.54874994	3.529865470584e-16	5.937604761666e-18
7572.17948337	3.684300761267e-16	6.129209603805e-18
7575.81035745	3.668206821657e-16	6.066700421481e-18
7579.44137182	3.593290417221e-16	5.860925420649e-18
7583.07252617	3.692022041105e-16	5.991685065686e-18
7586.70382015	3.616388523208e-16	5.897244944759e-18
7590.33525344	3.362693200569e-16	5.744912782333e-18
7593.96682571	2.919324419620e-16	6.490940591270e-18
7597.59853662	2.597994737685e-16	9.170952015501e-18
7601.23038584	2.551112133977e-16	1.183318292774e-17
7604.86237304	2.756952983665e-16	1.269578787139e-17
7608.49449789	2.791432463879e-16	1.184732977418e-17
7612.12676007	3.302923011824e-16	1.016613862566e-17
7615.75915923	3.577106610659e-16	8.496872019303e-18
7619.39169506	3.290211490524e-16	7.271404030656e-18
7623.02436722	3.013755782397e-16	7.482753045426e-18
7626.65717539	3.031672061662e-16	8.578124772851e-18
7630.29011923	3.107436789862e-16	9.019629695867e-18
7633.92319842	3.130781490019e-16	8.857964956105e-18
7637.55641262	3.084503941571e-16	8.408694300186e-18
7641.18976152	3.201756637822e-16	7.846415939836e-18
7644.82324478	3.275063093023e-16	7.239040254649e-18
7648.45686208	3.465568051932e-16	7.095309983576e-18
7652.09061309	3.488455339772e-16	6.791417262591e-18
7655.72449749	3.530957483643e-16	6.417284216076e-18
7659.35851494	3.533171388748e-16	6.228119026078e-18
7662.99266512	3.484074437641e-16	5.973376176114e-18
7666.62694771	3.520887846177e-16	5.875922334361e-18
7670.26136237	3.463551030433e-16	5.684047856028e-18
7673.89590879	3.484194366876e-16	5.653364932210e-18
7677.53058664	3.593011717147e-16	5.781248883122e-18
7681.16539560	3.606506579713e-16	5.790266977961e-18
7684.80033533	3.726022166561e-16	5.942788694348e-18
7688.43540553	3.591659916173e-16	5.793595034124e-18
7692.07060585	3.584548596398e-16	5.788488797843e-18
7695.70593598	3.596861180760e-16	5.818999323852e-18
7699.34139560	3.643692631365e-16	5.860840843534e-18
7702.97698437	3.643767813795e-16	5.868760863195e-18
7706.61270199	3.632567907117e-16	5.985163937678e-18
7710.24854812	3.623757441609e-16	6.278456793192e-18
7713.88452244	3.587004678207e-16	6.486868706350e-18
7717.52062463	3.659344478777e-16	6.510303647044e-18
7721.15685437	3.724318947174e-16	6.372940161397e-18
7724.79321134	3.711303167813e-16	6.109804717780e-18
7728.42969521	3.695771613941e-16	6.019675133028e-18
7732.06630566	3.560082673667e-16	5.802664353259e-18
7735.70304238	3.693603057467e-16	5.925561294614e-18
7739.33990503	3.531717618069e-16	5.736655252611e-18
7742.97689330	3.578677662799e-16	5.862047175398e-18
7746.61400687	3.679827681988e-16	6.346387859952e-18
7750.25124542	3.586693687454e-16	6.324581068001e-18
7753.88860863	3.579785415556e-16	6.320170511451e-18
7757.52609617	3.697925248964e-16	6.228359579750e-18
7761.16370773	3.559589091214e-16	5.934263740489e-18
7764.80144299	3.730429312353e-16	6.066660088329e-18
7768.43930163	3.658957508270e-16	5.899961138580e-18
7772.07728332	3.569601227814e-16	5.832937732803e-18
7775.71538776	3.600721209105e-16	5.942201651977e-18
7779.35361461	3.712456641251e-16	6.067986095645e-18
7782.99196356	3.652007053114e-16	5.968040080354e-18
7786.63043430	3.640760679479e-16	5.964436812698e-18
7790.26902650	3.689974287225e-16	6.240702952431e-18
7793.90773985	3.763280706907e-16	6.383011109396e-18
7797.54657402	3.658775764415e-16	6.198395005519e-18
7801.18552870	3.691838043203e-16	5.992752993078e-18
7804.82460358	3.722316674061e-16	6.067712540975e-18
7808.46379832	3.689940828972e-16	6.057766575664e-18
7812.10311263	3.637871295795e-16	6.005701698714e-18
7815.74254617	3.741688809485e-16	6.214556813334e-18
7819.38209863	3.602355192006e-16	6.277834030008e-18
7823.02176969	3.777199860985e-16	6.444380642165e-18
7826.66155904	3.818379676605e-16	6.328775290004e-18
7830.30146636	3.685130422868e-16	5.876482542481e-18
7833.94149133	3.713508317623e-16	5.908977025024e-18
7837.58163364	3.662771424467e-16	5.979372696495e-18
7841.22189297	3.758728780297e-16	6.108038989117e-18
7844.86226900	3.700931622594e-16	6.103009712672e-18
7848.50276142	3.751758982164e-16	6.384491685127e-18
7852.14336990	3.611430896067e-16	6.414469658130e-18
7855.78409414	3.749847431094e-16	6.631943538662e-18
7859.42493382	3.735512586282e-16	6.396957858330e-18
7863.06588862	3.729612892037e-16	6.250203005401e-18
7866.70695823	3.718918892170e-16	6.274671653493e-18
7870.34814233	3.742457758918e-16	6.267999451841e-18
7873.98944060	3.548613672001e-16	6.056417549476e-18
7877.63085274	3.601593072030e-16	6.031545103235e-18
7881.27237842	3.544528212592e-16	5.948919973061e-18
7884.91401732	3.571203768112e-16	6.061018602807e-18
7888.55576914	3.488773035622e-16	5.961166943037e-18
7892.19763356	3.532685497497e-16	5.971088377509e-18
7895.83961026	3.481119335085e-16	5.752780669882e-18
7899.48169893	3.453428603231e-16	5.582482488333e-18
7903.12389926	3.574059037329e-16	5.729666285932e-18
7906.76621092	3.418465713054e-16	5.754444157584e-18
7910.40863361	3.458645642265e-16	6.274432223385e-18
7914.05116701	3.548078574863e-16	6.457644185004e-18
7917.69381080	3.402551821894e-16	6.361282776901e-18
7921.33656467	3.622874277185e-16	6.182414276224e-18
7924.97942831	3.435061473871e-16	5.896981712832e-18
7928.62240139	3.586905781313e-16	5.984355588577e-18
7932.26548362	3.539378396294e-16	5.890325772650e-18
7935.90867467	3.565336416123e-16	5.847574081327e-18
7939.55197422	3.535248055995e-16	5.672011805062e-18
7943.19538197	3.443598725258e-16	5.629046954129e-18
7946.83889760	3.497028678535e-16	5.781814972074e-18
7950.48252079	3.373405668027e-16	5.639133261420e-18
7954.12625124	3.359100455410e-16	5.551277355881e-18
7957.77008862	3.200993817101e-16	5.402549235818e-18
7961.41403263	3.358151768969e-16	5.942598847170e-18
7965.05808294	3.410274181251e-16	6.054589207966e-18
7968.70223925	3.421538734625e-16	5.977258802322e-18
7972.34650124	3.480097188181e-16	5.753018387616e-18
7975.99086860	3.514593065785e-16	5.875118270141e-18
7979.63534101	3.520348408187e-16	5.904418172370e-18
7983.27991815	3.551059439263e-16	5.887947215309e-18
7986.92459973	3.457816314051e-16	5.816708863190e-18
7990.56938541	3.486602078183e-16	6.166549474354e-18
7994.21427489	3.436818433155e-16	6.131503775255e-18
7997.85926786	3.393269422202e-16	5.940268486854e-18
8001.50436399	3.406235913020e-16	5.530378889836e-18
8005.14956298	3.379933468549e-16	5.451267834585e-18
8008.79486451	3.361533711306e-16	5.518781874898e-18
8012.44026827	3.383137087330e-16	5.638955902670e-18
8016.08577394	3.380084624993e-16	5.661663294568e-18
8019.73138121	3.482348636004e-16	5.855475607299e-18
8023.37708977	3.427329977991e-16	5.984025375203e-18
8027.02289929	3.440309391621e-16	5.999227312048e-18
8030.66880948	3.475818315125e-16	5.900769587621e-18
8034.31482000	3.512385752232e-16	5.629665156365e-18
8037.96093056	3.484752973166e-16	5.540035455706e-18
8041.60714083	3.477843885044e-16	5.525280451353e-18
8045.25345050	3.419272607136e-16	5.500551096722e-18
8048.89985925	3.498305636373e-16	5.682089860387e-18
8052.54636678	3.470610271681e-16	5.660999903174e-18
8056.19297277	3.411199125272e-16	5.659699393691e-18
8059.83967690	3.467354011886e-16	5.785791071914e-18
8063.48647886	3.550695682091e-16	5.849921623703e-18
8067.13337833	3.465946345329e-16	5.683733489526e-18
8070.78037500	3.515165302685e-16	5.573121176769e-18
8074.42746856	3.570734451358e-16	5.625812441148e-18
8078.07465868	3.483390496518e-16	5.538307845213e-18
8081.72194507	3.547378000164e-16	5.612112247016e-18
8085.36932739	3.472833281524e-16	5.529011378411e-18
8089.01680534	3.519605915716e-16	5.611793323677e-18
8092.66437860	3.504620675134e-16	5.599868081667e-18
8096.31204686	3.446294859365e-16	5.584650768876e-18
8099.95980979	3.545273475753e-16	5.726725963381e-18
8103.60766710	3.439459722140e-16	5.592641150267e-18
8107.25561845	3.534465514052e-16	5.662040742343e-18
8110.90366354	3.411967858145e-16	5.438279963085e-18
8114.55180205	3.502144325514e-16	5.521140961848e-18
8118.20003366	3.491216288845e-16	5.511266994091e-18
8121.84835806	3.580779498301e-16	5.604318711461e-18
8125.49677494	3.443479681775e-16	5.457232846164e-18
8129.14528397	3.278613747135e-16	5.284206832173e-18
8132.79388484	3.281283005207e-16	5.294088675885e-18
8136.44257723	3.314861444372e-16	5.345515390292e-18
8140.09136084	3.287233359007e-16	5.326626848161e-18
8143.74023534	3.239164016231e-16	5.303042790072e-18
8147.38920041	3.210695775109e-16	5.222852948423e-18
8151.03825574	3.258542018233e-16	5.254299769413e-18
8154.68740102	3.236414838815e-16	5.200512475487e-18
8158.33663592	3.148142620772e-16	5.083974804859e-18
8161.98596013	3.247084659342e-16	5.197649322619e-18
8165.63537333	3.170868914451e-16	5.125743227197e-18
8169.28487521	3.251852483894e-16	5.202197692598e-18
8172.93446544	3.201503987318e-16	5.140951744647e-18
8176.58414372	3.162256165182e-16	5.106355936186e-18
8180.23390972	3.265547799729e-16	5.223403082289e-18
8183.88376312	3.283690840028e-16	5.249698150991e-18
8187.53370361	3.230940857372e-16	5.198106860301e-18
8191.18373087	3.297316283025e-16	5.277753523211e-18
8194.83384457	3.182060481802e-16	5.145336650799e-18
8198.48404442	3.285411046736e-16	5.249863325239e-18
8202.13433007	3.361648597556e-16	5.330153975297e-18
8205.78470122	3.444114914279e-16	5.424767849413e-18
8209.43515755	3.327263960641e-16	5.305590880343e-18
8213.08569873	3.244668885006e-16	5.213266263210e-18
8216.73632445	3.265186701554e-16	5.225031954932e-18
8220.38703439	3.139959929646e-16	5.073258072630e-18
8224.03782823	2.944373243269e-16	4.862091719116e-18
8227.68870565	2.817337343686e-16	4.764050879422e-18
8231.33966633	2.948543620073e-16	4.899137723235e-18
8234.99070994	3.169164814212e-16	5.094028786984e-18
8238.64183618	3.184149686296e-16	5.119194828337e-18
8242.29304472	3.315587825849e-16	5.269120416937e-18
8245.94433523	3.300192864739e-16	5.263580995102e-18
8249.59570740	3.266661211431e-16	5.224829687955e-18
8253.24716091	3.258945128761e-16	5.208753869343e-18
8256.89869543	3.276918819528e-16	5.209807584276e-18
8260.55031064	3.259391059378e-16	5.188537066697e-18
8264.20200623	3.337363632833e-16	5.281829007815e-18
8267.85378187	3.387291452390e-16	5.342037746721e-18
8271.50563723	3.199015204195e-16	5.200005875606e-18
8275.15757200	3.247761720893e-16	5.494452407448e-18
8278.80958585	3.208297089703e-16	5.722503648714e-18
8282.46167846	3.278299255156e-16	5.982256514628e-18
8286.11384951	3.356962855807e-16	6.155847128575e-18
8289.76609868	3.289217789257e-16	5.935593003595e-18
8293.41842563	3.092739818435e-16	5.876798838859e-18
8297.07083005	3.355147641971e-16	6.076092838745e-18
8300.72331161	3.329419838260e-16	5.975522089629e-18
8304.37586999	3.148725953092e-16	5.536963238734e-18
8308.02850487	3.300615493131e-16	5.492482792351e-18
8311.68121591	3.176052618585e-16	5.337913071916e-18
8315.33400280	3.311309570381e-16	5.419578922906e-18
8318.98686521	3.236154199342e-16	5.188023520679e-18
8322.63980281	3.322113570468e-16	5.255182246839e-18
8326.29281528	3.265413116404e-16	5.179780997704e-18
8329.94590229	3.270018644142e-16	5.195622811985e-18
8333.59906352	3.192614479109e-16	5.180871640322e-18
8337.25229864	3.220224138273e-16	5.534761320371e-18
8340.90560732	3.239673298978e-16	6.438088058386e-18
8344.55898923	3.218393344331e-16	6.606542571932e-18
8348.21244406	3.150086577704e-16	6.558020976453e-18
8351.86597146	3.247336584191e-16	6.006995206570e-18
8355.51957112	3.186396182449e-16	5.668913703475e-18
8359.17324271	3.189002241640e-16	5.477650085448e-18
8362.82698589	3.099249855614e-16	5.279342961349e-18
8366.48080033	3.264307565175e-16	5.418695206576e-18
8370.13468572	3.254177374661e-16	5.308773220793e-18
8373.78864172	3.259070529372e-16	5.238785772412e-18
8377.44266799	3.164792757377e-16	5.375518223971e-18
8381.09676422	3.159262574804e-16	5.496535686607e-18
8384.75093006	3.214645830875e-16	5.526327081647e-18
8388.40516520	3.175788552666e-16	5.317236317182e-18
8392.05946929	3.155043382807e-16	5.358425017285e-18
8395.71384201	3.070848172967e-16	5.978288076691e-18
8399.36828302	3.070755009562e-16	6.061875962058e-18
8403.02279200	3.048581157560e-16	5.881992146068e-18
8406.67736861	2.998795940465e-16	5.167560661750e-18
8410.33201252	3.103246440205e-16	5.325168167100e-18
8413.98672340	3.044615202956e-16	5.428248536282e-18
8417.64150091	2.977593297283e-16	5.358373702349e-18
8421.29634472	3.125029226167e-16	5.405727770886e-18
8424.95125450	3.116604929523e-16	5.946307240891e-18
8428.60622991	3.141994340531e-16	6.338935830393e-18
8432.26127062	3.175744406500e-16	6.419918601366e-18
8435.91637629	3.317806529756e-16	5.890153311215e-18
8439.57154658	3.135514649717e-16	5.067420091433e-18
8443.22678117	3.269221509957e-16	5.194879816840e-18
8446.88207972	3.222790449850e-16	5.352091754110e-18
8450.53744189	3.215870565993e-16	5.538604091085e-18
8454.19286734	3.189732577587e-16	5.513845138604e-18
8457.84835574	3.159757110916e-16	5.460735742249e-18
8461.50390675	3.177956761050e-16	5.870015533422e-18
8465.15952003	3.198477345142e-16	6.006174764352e-18
8468.81519524	3.213146758202e-16	5.920767476925e-18
8472.47093205	3.099415072455e-16	5.262084608513e-18
8476.12673012	3.097538795325e-16	4.986897060840e-18
8479.78258910	3.230050669733e-16	5.108445186252e-18
8483.43850867	3.163415312062e-16	5.039069915732e-18
8487.09448847	3.081525775512e-16	5.047560981558e-18
8490.75052817	3.088825005820e-16	5.245570673029e-18
8494.40662742	2.956648551400e-16	5.159981077036e-18
8498.06278590	3.021217308568e-16	5.285478310865e-18
8501.71900324	2.966555574387e-16	5.407513022658e-18
8505.37527912	2.996264429349e-16	5.444125835684e-18
8509.03161319	2.987537999793e-16	5.311293207757e-18
8512.68800511	2.883858576785e-16	4.820661062253e-18
8516.34445454	3.017893618001e-16	4.870699311253e-18
8520.00096112	3.057129013344e-16	4.903679003468e-18
8523.65752452	2.940371161292e-16	4.780610902159e-18
8527.31414440	2.978239416091e-16	4.814953353166e-18
8530.97082040	3.050614175023e-16	4.901513627286e-18
8534.62755219	3.025845693426e-16	4.975501011547e-18
8538.28433941	3.046932324990e-16	5.036521581052e-18
8541.94118173	2.987046092026e-16	5.036338636302e-18
8545.59807879	3.037592785149e-16	5.198225099614e-18
8549.25503025	3.099200533233e-16	5.280411720029e-18
8552.91203576	3.113132778957e-16	5.219547174235e-18
8556.56909497	3.142476476448e-16	5.008033356703e-18
8560.22620754	3.158199633710e-16	4.972699543510e-18
8563.88337311	3.072430942001e-16	4.886318606243e-18
8567.54059134	3.081470772893e-16	4.890741049446e-18
8571.19786188	3.068102476536e-16	4.902291584284e-18
8574.85518437	3.076940720557e-16	4.913326586827e-18
8578.51255848	3.085420663779e-16	4.913518999217e-18
8582.16998383	3.057937892000e-16	4.911926921670e-18
8585.82746010	3.173951123443e-16	5.070343110511e-18
8589.48498691	3.111954500593e-16	5.030041540013e-18
8593.14256393	3.146412180388e-16	5.111666951828e-18
8596.80019079	3.061360231113e-16	5.005019695934e-18
8600.45786715	3.110021341947e-16	5.038107061422e-18
8604.11559265	3.017301972472e-16	4.881455972013e-18
8607.77336693	3.036480206605e-16	4.905735904579e-18
8611.43118965	2.989415668333e-16	4.952863114156e-18
8615.08906044	2.947254336676e-16	5.030412819474e-18
8618.74697896	2.989586107059e-16	5.231145826065e-18
8622.40494483	3.007744940729e-16	5.391963195626e-18
8626.06295772	2.903803036740e-16	5.402802878443e-18
8629.72101726	2.896156603889e-16	5.430727918149e-18
8633.37912308	3.039499003969e-16	5.499565311526e-18
8637.03727485	2.953982082190e-16	5.293636723377e-18
8640.69547219	3.120747968473e-16	5.279728231961e-18
8644.35371475	3.012865563738e-16	5.150883597069e-18
8648.01200216	3.001139067204e-16	5.245366270475e-18
8651.67033407	2.963989693255e-16	5.372944202823e-18
8655.32871012	2.929599360084e-16	5.442887487204e-18
8658.98712994	3.031424006997e-16	5.530328641090e-18
8662.64559318	3.077833190134e-16	5.538038154266e-18
8666.30409947	3.087405719223e-16	5.499809117416e-18
8669.96264844	2.983880696187e-16	5.311648891725e-18
8673.62123974	3.074757129743e-16	5.292305575475e-18
8677.27987300	3.020564948954e-16	5.166731216462e-18
8680.93854786	3.009154030814e-16	5.062989779118e-18
8684.59726395	3.028131743159e-16	5.015027601049e-18
8688.25602090	3.072768043660e-16	4.990535259454e-18
8691.91481836	3.122223125152e-16	5.007140641434e-18
8695.57365594	3.065839508536e-16	4.943358433751e-18
8699.23253330	3.000482116571e-16	4.868080315870e-18
8702.89145005	3.001256981405e-16	4.876276536358e-18
8706.55040583	3.041520326660e-16	4.899688307076e-18
8710.20940027	3.100363704135e-16	4.929692219232e-18
8713.86843300	3.032798558480e-16	4.833205279331e-18
8717.52750366	3.149389701346e-16	4.924521329830e-18
8721.18661187	3.189368813821e-16	4.974614141647e-18
8724.84575725	3.176553865684e-16	4.966329589065e-18
8728.50493945	3.141584724962e-16	4.931613560648e-18
8732.16415808	3.148189212152e-16	4.927554375629e-18
8735.82341278	3.162430153478e-16	4.945985804617e-18
8739.48270316	3.106149346217e-16	4.903787557787e-18
8743.14202886	3.217476322629e-16	5.015281838519e-18
8746.80138950	3.076976061852e-16	4.927260182364e-18
8750.46078471	3.095629734530e-16	4.952931763264e-18
8754.12021411	3.153394721986e-16	5.324232227191e-18
8757.77967732	3.059451748434e-16	5.813635686684e-18
8761.43917396	3.008997086164e-16	6.153619458873e-18
8765.09870367	2.975001974103e-16	6.449796147607e-18
8768.75826606	3.059385868663e-16	6.190015806665e-18
8772.41786075	3.205562255806e-16	6.353025777276e-18
8776.07748736	3.084528737598e-16	6.192580634431e-18
8779.73714552	3.192802843069e-16	6.143421691890e-18
8783.39683483	3.034014947876e-16	5.600062780407e-18
8787.05655493	3.169921622667e-16	5.343145279644e-18
8790.71630543	3.121254293146e-16	5.331735125806e-18
8794.37608594	3.122953775014e-16	5.276318326564e-18
8798.03589608	3.186548039536e-16	5.091239018957e-18
8801.69573548	3.142129984436e-16	4.917895026970e-18
8805.35560374	3.108568845836e-16	4.913455117323e-18
8809.01550048	3.060976683939e-16	4.887996325114e-18
8812.67542531	3.134557173043e-16	4.966087776784e-18
8816.33537785	3.087532512110e-16	4.999844238654e-18
8819.99535771	2.931192947614e-16	5.380867298069e-18
8823.65536451	3.046159762423e-16	6.723628226951e-18
8827.31539784	3.005424582054e-16	6.965493554628e-18
8830.97545734	3.049306265931e-16	6.956247402212e-18
8834.63554260	3.122980098562e-16	6.235700840917e-18
8838.29565324	3.094290701425e-16	5.795941185397e-18
8841.95578886	3.214061628041e-16	5.572844716519e-18
8845.61594907	3.147057729157e-16	5.232631980074e-18
8849.27613349	3.156305642286e-16	5.282702893669e-18
8852.93634171	3.168441583817e-16	5.249965437641e-18
8856.59657335	3.057313302963e-16	5.001604710768e-18
8860.25682800	2.904554767603e-16	4.891678693366e-18
8863.91710529	2.842855456876e-16	5.244435588773e-18
8867.57740480	2.682892269560e-16	5.175978954533e-18
8871.23772614	2.896903786408e-16	5.262689291073e-18
8874.89806892	3.047265509553e-16	5.060221851043e-18
8878.55843274	3.189991955099e-16	5.361694441420e-18
8882.21881720	3.280174519029e-16	6.357203490724e-18
8885.87922189	3.338142393795e-16	6.630340597435e-18
8889.53964643	3.317790663809e-16	6.432636233437e-18
8893.20009041	3.308917858084e-16	5.596928119843e-18
8896.86055343	3.282787652458e-16	5.386190909587e-18
8900.52103508	3.321484017297e-16	5.851991867151e-18
8904.18153497	3.165908893834e-16	5.727436790359e-18
8907.84205269	3.292919233105e-16	5.712703798235e-18
8911.50258784	3.275298405306e-16	5.461783579458e-18
8915.16314001	3.156714797783e-16	6.260046539488e-18
8918.82370879	3.394706678635e-16	6.875144866613e-18
8922.48429378	3.317422056618e-16	6.701889481095e-18
8926.14489458	3.231728405855e-16	5.853304240253e-18
8929.80551077	3.222699632953e-16	5.134817668135e-18
8933.46614195	3.217602406329e-16	5.131085905163e-18
8937.12678770	3.200348785048e-16	5.285689186311e-18
8940.78744763	3.323084897335e-16	5.762942477825e-18
8944.44812131	3.142469111634e-16	5.632127591444e-18
8948.10880833	3.176122095998e-16	5.565529212260e-18
8951.76950829	3.165509255709e-16	5.547661400583e-18
8955.43022077	3.190946458446e-16	6.277879510752e-18
8959.09094535	2.982011070556e-16	6.151573673582e-18
8962.75168163	2.998115991585e-16	5.858215480120e-18
8966.41242918	3.011617018482e-16	5.031862308239e-18
8970.07318759	2.972582838201e-16	4.816249316306e-18
8973.73395645	3.105040921495e-16	4.939226610838e-18
8977.39473533	3.004802563401e-16	4.862417197257e-18
8981.05552382	2.929887544507e-16	4.887270875508e-18
8984.71632150	2.559780064171e-16	4.812618455967e-18
8988.37712794	2.459788090060e-16	4.805259113363e-18
8992.03794274	2.619061080438e-16	4.940494220305e-18
8995.69876546	2.668235801608e-16	5.076745375152e-18
8999.35959569	2.670127741067e-16	5.413386381722e-18
9003.02043300	2.723322747805e-16	5.421850716970e-18
9006.68127696	2.782726412263e-16	5.216079733356e-18
9010.34212716	2.871676084569e-16	4.748345029970e-18
9014.00298317	2.957559021187e-16	4.752660093079e-18
9017.66384455	2.897625819856e-16	4.725249422799e-18
9021.32471089	3.029605987073e-16	4.875323716277e-18
9024.98558176	3.130415706367e-16	5.001090127744e-18
9028.64645673	3.095572204321e-16	4.965341985405e-18
9032.30733536	3.289277430437e-16	5.261989826456e-18
9035.96821723	3.226030153139e-16	5.353005008959e-18
9039.62910191	3.180550829595e-16	5.342230627333e-18
9043.28998896	3.206761273152e-16	5.433265738867e-18
9046.95087796	3.153076606415e-16	5.546268894508e-18
9050.61176846	3.220811277682e-16	5.600050501452e-18
9054.27266004	3.334757372648e-16	5.587596004964e-18
9057.93355226	3.206805834742e-16	5.169330081666e-18
9061.59444468	3.141391190952e-16	5.059934595415e-18
9065.25533686	2.996305965428e-16	4.928313122074e-18
9068.91622837	2.984453401742e-16	4.909131871216e-18
9072.57711878	2.901892187508e-16	4.824261187777e-18
9076.23800763	2.903945271015e-16	4.806073199936e-18
9079.89889449	2.882680462013e-16	4.780009171463e-18
9083.55977892	2.892910605351e-16	4.812186768805e-18
9087.22066048	2.879833634174e-16	4.869856586147e-18
9090.88153872	2.984054543641e-16	5.035716965276e-18
9094.54241321	2.864140300601e-16	4.958574467636e-18
9098.20328348	2.773260975540e-16	4.979252800138e-18
9101.86414911	2.992862243987e-16	5.192607176995e-18
9105.52500964	2.995295927733e-16	5.162445920691e-18
9109.18586462	3.088449857930e-16	5.127571222662e-18
9112.84671362	3.046314265259e-16	4.986111192004e-18
9116.50755617	3.060474581294e-16	4.989607901917e-18
9120.16839183	2.970228176968e-16	4.910838332464e-18
9123.82922016	2.951404386283e-16	4.894302501665e-18
9127.49004068	2.807229652645e-16	4.759234464986e-18
9131.15085297	2.733449699762e-16	4.693880683701e-18
9134.81165655	2.754539448257e-16	4.728900491020e-18
9138.47245098	2.904190407007e-16	4.889435717752e-18
9142.13323580	3.083870452834e-16	5.070255672548e-18
9145.79401055	3.038183667016e-16	5.068326270148e-18
9149.45477479	2.774398193183e-16	4.887829548614e-18
9153.11552804	2.856528813133e-16	5.006006136382e-18
9156.77626986	2.806248921419e-16	5.025860967146e-18
9160.43699978	3.009852524961e-16	5.212371166429e-18
9164.09771733	3.091262496058e-16	5.255860472789e-18
9167.75842207	2.999757019213e-16	5.101627388716e-18
9171.41911352	2.769437187639e-16	4.824803404950e-18
9175.07979123	2.792490063612e-16	4.847807902442e-18
9178.74045473	2.976271518655e-16	5.029711667862e-18
9182.40110355	3.082146017740e-16	5.142588437546e-18
9186.06173722	3.170931756648e-16	5.237002486886e-18
9189.72235529	3.209356433352e-16	5.274677409899e-18
9193.38295728	3.091016740583e-16	5.164688244490e-18
9197.04354272	3.131189094306e-16	5.210662297656e-18
9200.70411114	3.187034072731e-16	5.279775834283e-18
9204.36466208	3.148230891097e-16	5.260413637046e-18
9208.02519505	3.004393833430e-16	5.140268505722e-18
9211.68570959	3.021257959114e-16	5.202349281701e-18
9215.34620523	3.044781889037e-16	5.289728068220e-18
9219.00668148	3.078461483720e-16	5.361112009041e-18
9222.66713788	3.122712385880e-16	5.432735067611e-18
9226.32757394	3.098488922534e-16	5.390829174030e-18
9229.98798919	3.071430525757e-16	5.331812904509e-18
9233.64838315	3.043272260440e-16	5.238112839091e-18
9237.30875534	3.057612732146e-16	5.236426923731e-18
9240.96910528	2.991431192823e-16	5.177926577526e-18
9244.62943249	3.014433146433e-16	5.241428508819e-18
9248.28973648	3.057948590162e-16	5.323647760034e-18
9251.95001677	3.078108978052e-16	5.359220057860e-18
9255.61027288	3.079529163978e-16	5.354949572106e-18
9259.27050432	3.091156033300e-16	5.345967978453e-18
9262.93071060	3.238156584708e-16	5.499779311107e-18
9266.59089124	3.217578158579e-16	5.475470528996e-18
9270.25104575	3.049843919564e-16	5.305547965548e-18
9273.91117364	2.884935722808e-16	5.142127284136e-18
9277.57127442	2.809746526135e-16	5.065778674548e-18
9281.23134760	2.751047862108e-16	5.055659455094e-18
9284.89139267	2.790257794005e-16	5.157955384558e-18
9288.55140916	2.731854229901e-16	5.154706650395e-18
9292.21139657	2.741460930715e-16	5.211880112132e-18
9295.87135439	2.568747574294e-16	5.123883927817e-18
9299.53128214	2.498680804975e-16	5.486522302172e-18
9303.19117932	2.594640794066e-16	6.543067945717e-18
9306.85104542	2.574527224342e-16	7.376367891486e-18
9310.51087995	2.539238019694e-16	8.254933305707e-18
9314.17068241	2.304236364674e-16	8.040448938122e-18
9317.83045229	2.263280660543e-16	7.790346461396e-18
9321.49018909	2.024241525036e-16	7.213083868148e-18
9325.14989231	2.261686030964e-16	7.035601811382e-18
9328.80956144	2.272033905810e-16	6.789458534830e-18
9332.46919598	2.106510913301e-16	6.123758600981e-18
9336.12879542	1.956590325875e-16	6.260489310822e-18
9339.78835926	1.925562746838e-16	6.704394634700e-18
9343.44788697	2.106815665914e-16	6.683668249195e-18
9347.10737806	2.412435834495e-16	6.407129617238e-18
9350.76683201	2.294720317654e-16	6.105023575847e-18
9354.42624830	2.032985371934e-16	5.943165512808e-18
9358.08562643	2.268094134053e-16	6.120165685842e-18
9361.74496589	2.131516449811e-16	5.735926479850e-18
9365.40426614	2.040938911187e-16	5.884478331872e-18
9369.06352669	2.050413785566e-16	7.025526057069e-18
9372.72274701	2.336328299225e-16	9.049455906241e-18
9376.38192658	2.093822317970e-16	9.126040249316e-18
9380.04106487	2.235542192547e-16	8.576349687230e-18
9383.70016139	2.249205877536e-16	6.528502475048e-18
9387.35921558	2.745189526939e-16	5.803849265332e-18
9391.01822695	2.834604212432e-16	5.639832000456e-18
9394.67719496	2.792758887346e-16	5.724072448898e-18
9398.33611908	2.656091751587e-16	5.949054702385e-18
9401.99499879	2.559081718147e-16	5.954801731451e-18
9405.65383356	2.703824805461e-16	5.983398936110e-18
9409.31262286	2.542052260137e-16	5.571262500140e-18
9412.97136617	2.546042566855e-16	5.712438050624e-18
9416.63006295	2.681098178856e-16	6.579576285913e-18
9420.28871267	2.595230448487e-16	6.694554233116e-18
9423.94731480	2.431936485257e-16	6.507753699797e-18
9427.60586880	2.277246389296e-16	5.785153124477e-18
9431.26437413	2.560870022729e-16	6.093753387264e-18
9434.92283027	2.374813168186e-16	7.114922568067e-18
9438.58123666	2.130207299837e-16	7.844413507190e-18
9442.23959279	2.364157873201e-16	8.030018794191e-18
9445.89789809	2.556824571957e-16	7.087594973235e-18
9449.55615204	2.656597268142e-16	6.155483640062e-18
9453.21435409	2.339482565740e-16	6.418421392225e-18
9456.87250369	2.395204812370e-16	7.160370359050e-18
9460.53060031	2.522488413657e-16	7.325104383488e-18
9464.18864339	2.378136447195e-16	6.574757482925e-18
9467.84663239	2.496283635631e-16	5.997481678392e-18
9471.50456677	2.508170740368e-16	6.830684844016e-18
9475.16244597	2.081451031102e-16	7.530095642743e-18
9478.82026943	2.307550096669e-16	7.733472379768e-18
9482.47803662	2.507486281713e-16	7.130107934419e-18
9486.13574698	2.575944663653e-16	5.997550407497e-18
9489.79339995	2.501148292707e-16	5.718290347257e-18
9493.45099498	2.283060666102e-16	5.722779312724e-18
9497.10853151	2.071668798806e-16	6.382037602087e-18
9500.76600898	2.470643244450e-16	7.273959108874e-18
9504.42342684	2.799034831067e-16	7.203355472221e-18
9508.08078453	2.803006018057e-16	6.786587185964e-18
9511.73808148	2.550462419056e-16	5.932369890022e-18
9515.39531714	2.287756057846e-16	6.157142686584e-18
9519.05249094	2.146730060268e-16	6.327690777829e-18
9522.70960231	2.310663807098e-16	6.406676979154e-18
9526.36665069	2.443607158167e-16	6.007410722018e-18
9530.02363551	2.476896016650e-16	5.805201225112e-18
9533.68055621	2.656229812307e-16	6.032297345509e-18
9537.33741221	2.748589081778e-16	6.115646406836e-18
9540.99420295	2.553292185591e-16	6.003926530642e-18
9544.65092784	2.561465720736e-16	6.159469888094e-18
9548.30758633	2.532379382161e-16	6.777394062495e-18
9551.96417783	2.258026392917e-16	6.827753608449e-18
9555.62070177	2.498257283236e-16	7.077139049110e-18
9559.27715758	2.474463560202e-16	6.919574337858e-18
9562.93354467	2.369241901182e-16	7.383570648142e-18
9566.58986246	2.394046832850e-16	7.769678560408e-18
9570.24611038	2.716501313881e-16	7.833841352692e-18
9573.90228784	2.737635679635e-16	6.889098717035e-18
9577.55839426	2.594262864700e-16	5.997406317769e-18
9581.21442906	2.573094697976e-16	5.888456244135e-18
9584.87039165	2.242180793307e-16	5.569265034153e-18
9588.52628144	2.250066960593e-16	5.609870877377e-18
9592.18209785	2.201412194297e-16	5.563827217071e-18
9595.83784029	2.360975085519e-16	5.643982404629e-18
9599.49350816	2.394414881559e-16	5.753020860076e-18
9603.14910087	2.272805738864e-16	5.993569007605e-18
9606.80461784	2.497585879734e-16	6.409565929751e-18
9610.46005847	2.372853253495e-16	6.276365330869e-18
9614.11542215	2.519469190193e-16	6.366953139228e-18
9617.77070830	2.333453497176e-16	6.395280247784e-18
9621.42591632	2.294352253853e-16	6.411760551125e-18
9625.08104561	2.502491599880e-16	6.516999899974e-18
9628.73609556	2.650226734168e-16	6.300207437875e-18
9632.39106558	2.428331558760e-16	5.925887174062e-18
9636.04595506	2.446463806969e-16	5.871157504030e-18
9639.70076340	2.312401802912e-16	5.701512041166e-18
9643.35548998	2.261615939059e-16	5.661576230382e-18
9647.01013422	2.485211177770e-16	5.958145232399e-18
9650.66469549	2.501757441676e-16	6.097281676162e-18
9654.31917318	2.610080613934e-16	6.315068960476e-18
9657.97356669	2.359048977545e-16	6.157074079945e-18
9661.62787540	2.243729980527e-16	6.178762842930e-18
9665.28209870	2.370797315579e-16	6.714346269682e-18
9668.93623598	2.546460186076e-16	7.023264847948e-18
9672.59028661	2.750832393699e-16	7.329514562386e-18
9676.24424999	2.534236370085e-16	7.322057285648e-18
9679.89812548	2.667998053193e-16	7.744003575012e-18
9683.55191248	2.771116187901e-16	7.804078008152e-18
9687.20561036	2.679590903050e-16	7.514433665290e-18
9690.85921849	2.770847434996e-16	7.263246445236e-18
9694.51273625	2.593126789236e-16	7.732155993702e-18
9698.16616303	2.739130516930e-16	8.033602507080e-18
9701.81949818	2.667079905592e-16	7.865322424063e-18
9705.47274108	2.681545479816e-16	7.439172491257e-18
9709.12589111	2.512914532361e-16	7.157283909771e-18
9712.77894763	2.539824590634e-16	7.513044468829e-18
9716.43191000	2.712620587066e-16	8.470227597668e-18
