# OBJECT   = SN2011fe                       / object name
# RA       = 14:03:05.73                    / object right ascension
# DEC      = 54:16:25.18                    / object declination
# EQUINOX  = 2000.0                         / 
# RADECSYS = FK5                            / coordinate system
# EXPTIME  = 900                            / exposure time [s]
# FLXUNITS = erg/s/cm2/A                    / flux units
# FLXERROR = 0.042                          / achromatic abs. flux calibration accuracy [mag]
# MWEBV    = 0.0088                         / MW E(B-V) correction applied
# MWRV     = 3.1                            / R_V value used for MW E(B-V) correction
# UTC      = 2011-12-06T14:47:40            / 
# MJD      = 55901.6                        / 
# TXPL     = 104.9                          / days relative to date of explosion
# TMAX     = 87.1                           / phase, days relative to B-band maximum
# AIRMASS  = 2.16                           / 
# SEEING   = 0.93                           / 
# ISPHOTO  = 0                              / photometric night?
# ORIGIN   = The Nearby Supernova Factory   / 
# OBSERVAT = University of Hawaii 2.2m      / 
# TELESCOP = 2.2m UH                        / 
# INSTRUME = SNIFS                          / 
#
# lbda  flux         variance    
3298.68 3.341160e-15 6.719232e-32
3301.06 3.171464e-15 6.702299e-32
3303.44 3.165670e-15 6.528489e-32
3305.82 3.351762e-15 6.854760e-32
3308.20 3.263021e-15 6.609341e-32
3310.58 3.165977e-15 6.625422e-32
3312.96 2.763970e-15 6.227926e-32
3315.34 2.887920e-15 5.908179e-32
3317.72 3.405068e-15 6.233250e-32
3320.10 3.454332e-15 5.808027e-32
3322.48 2.845081e-15 5.406234e-32
3324.86 3.338259e-15 5.673191e-32
3327.24 3.219160e-15 5.433000e-32
3329.62 3.440846e-15 5.858089e-32
3332.00 3.088952e-15 5.340759e-32
3334.38 2.908452e-15 5.258353e-32
3336.76 3.340072e-15 5.524910e-32
3339.14 3.311766e-15 5.393135e-32
3341.52 3.244799e-15 5.144248e-32
3343.90 3.713065e-15 5.329828e-32
3346.28 3.110623e-15 4.692746e-32
3348.66 3.126096e-15 4.533692e-32
3351.04 3.392363e-15 4.768229e-32
3353.42 3.108399e-15 4.545106e-32
3355.80 3.159087e-15 4.328148e-32
3358.18 3.361525e-15 4.243061e-32
3360.56 3.098199e-15 4.211215e-32
3362.94 3.242910e-15 4.310377e-32
3365.32 3.129235e-15 4.352232e-32
3367.70 3.022777e-15 4.166073e-32
3370.08 3.255014e-15 4.214186e-32
3372.46 3.594148e-15 4.392342e-32
3374.84 3.126314e-15 4.016088e-32
3377.22 3.181296e-15 3.856232e-32
3379.60 3.254847e-15 3.812004e-32
3381.98 3.490784e-15 3.928809e-32
3384.36 3.335528e-15 3.864325e-32
3386.74 3.261833e-15 3.737458e-32
3389.12 3.679244e-15 3.779179e-32
3391.50 3.912586e-15 3.860526e-32
3393.88 3.999788e-15 3.875493e-32
3396.26 4.112569e-15 3.857496e-32
3398.64 4.164079e-15 3.909461e-32
3401.02 3.903575e-15 3.771964e-32
3403.40 4.166861e-15 3.935402e-32
3405.78 4.400430e-15 3.919179e-32
3408.16 4.654361e-15 4.027005e-32
3410.54 4.807609e-15 4.004411e-32
3412.92 4.946556e-15 3.946468e-32
3415.30 4.886897e-15 3.851323e-32
3417.68 4.902200e-15 3.833048e-32
3420.06 5.167069e-15 3.965007e-32
3422.44 5.073439e-15 3.859333e-32
3424.82 5.396401e-15 3.909187e-32
3427.20 5.883782e-15 4.078389e-32
3429.58 5.784113e-15 3.959850e-32
3431.96 5.799425e-15 3.842947e-32
3434.34 5.935978e-15 3.866041e-32
3436.72 6.101363e-15 3.915764e-32
3439.10 6.126897e-15 3.993790e-32
3441.48 5.824755e-15 3.906859e-32
3443.86 5.877187e-15 3.770609e-32
3446.24 6.083916e-15 3.790274e-32
3448.62 6.092662e-15 3.759106e-32
3451.00 6.307989e-15 3.890686e-32
3453.38 6.125202e-15 3.710648e-32
3455.76 6.032249e-15 3.648854e-32
3458.14 5.922701e-15 3.616556e-32
3460.52 5.804159e-15 3.519554e-32
3462.90 5.851797e-15 3.576304e-32
3465.28 5.874467e-15 3.430842e-32
3467.66 5.794512e-15 3.425944e-32
3470.04 5.928989e-15 3.456171e-32
3472.42 5.962667e-15 3.384221e-32
3474.80 5.934233e-15 3.439478e-32
3477.18 5.870490e-15 3.332236e-32
3479.56 5.945128e-15 3.354340e-32
3481.94 6.034951e-15 3.342668e-32
3484.32 5.950327e-15 3.303453e-32
3486.70 5.841744e-15 3.291209e-32
3489.08 5.901233e-15 3.295290e-32
3491.46 5.919926e-15 3.184219e-32
3493.84 5.636185e-15 3.149536e-32
3496.22 5.539434e-15 3.058376e-32
3498.60 5.743770e-15 3.188448e-32
3500.98 5.833356e-15 3.160307e-32
3503.36 5.686925e-15 3.069858e-32
3505.74 5.586687e-15 3.004173e-32
3508.12 5.639625e-15 3.067009e-32
3510.50 5.788101e-15 3.100724e-32
3512.88 5.764783e-15 3.039312e-32
3515.26 5.895271e-15 2.979235e-32
3517.64 6.069277e-15 2.986350e-32
3520.02 6.050582e-15 2.956257e-32
3522.40 6.197084e-15 2.959356e-32
3524.78 6.494144e-15 2.991052e-32
3527.16 6.600066e-15 3.022359e-32
3529.54 6.647959e-15 3.014944e-32
3531.92 6.841893e-15 2.985880e-32
3534.30 7.152330e-15 3.141532e-32
3536.68 7.249851e-15 3.112299e-32
3539.06 7.280518e-15 3.144735e-32
3541.44 7.546737e-15 3.265178e-32
3543.82 7.604998e-15 3.281747e-32
3546.20 7.665089e-15 3.308209e-32
3548.58 7.735832e-15 3.320964e-32
3550.96 7.897277e-15 3.364866e-32
3553.34 8.078348e-15 3.372484e-32
3555.72 7.949642e-15 3.299131e-32
3558.10 8.069010e-15 3.439391e-32
3560.48 8.000381e-15 3.407816e-32
3562.86 7.909466e-15 3.388279e-32
3565.24 8.101317e-15 3.445922e-32
3567.62 7.991477e-15 3.411573e-32
3570.00 7.774968e-15 3.288930e-32
3572.38 7.980702e-15 3.326167e-32
3574.76 8.156662e-15 3.336295e-32
3577.14 8.015367e-15 3.348005e-32
3579.52 8.126072e-15 3.362552e-32
3581.90 8.448769e-15 3.354880e-32
3584.28 8.584296e-15 3.380914e-32
3586.66 8.683781e-15 3.374106e-32
3589.04 8.876370e-15 3.378146e-32
3591.42 8.938020e-15 3.398102e-32
3593.80 8.939065e-15 3.320244e-32
3596.18 9.081323e-15 3.362067e-32
3598.56 9.133213e-15 3.332860e-32
3600.94 9.226465e-15 3.329535e-32
3603.32 9.141860e-15 3.279580e-32
3605.70 9.097060e-15 3.180006e-32
3608.08 8.887203e-15 3.048699e-32
3610.46 8.888188e-15 3.073509e-32
3612.84 9.223140e-15 3.095556e-32
3615.22 9.343883e-15 3.189423e-32
3617.60 9.479193e-15 3.162246e-32
3619.98 9.349522e-15 3.108357e-32
3622.36 9.222584e-15 3.062671e-32
3624.74 9.157183e-15 3.031662e-32
3627.12 8.961700e-15 2.961867e-32
3629.50 8.908629e-15 2.924499e-32
3631.88 8.660836e-15 2.793210e-32
3634.26 8.802528e-15 2.925463e-32
3636.64 8.653488e-15 2.906003e-32
3639.02 8.493264e-15 2.818995e-32
3641.40 8.314970e-15 2.753090e-32
3643.78 8.422692e-15 2.725558e-32
3646.16 8.438601e-15 2.718048e-32
3648.54 8.250667e-15 2.661722e-32
3650.92 8.189877e-15 2.724377e-32
3653.30 8.484231e-15 2.768843e-32
3655.68 8.811254e-15 2.796121e-32
3658.06 8.904097e-15 2.859772e-32
3660.44 9.061356e-15 2.876981e-32
3662.82 9.396878e-15 2.872937e-32
3665.20 9.544446e-15 2.916468e-32
3667.58 9.779336e-15 2.932354e-32
3669.96 1.001808e-14 2.964129e-32
3672.34 1.040894e-14 3.015312e-32
3674.72 1.073947e-14 3.004993e-32
3677.10 1.102449e-14 3.044147e-32
3679.48 1.144151e-14 3.106256e-32
3681.86 1.190945e-14 3.179999e-32
3684.24 1.247346e-14 3.263136e-32
3686.62 1.288140e-14 3.328776e-32
3689.00 1.318592e-14 3.371219e-32
3691.38 1.354687e-14 3.418501e-32
3693.76 1.373303e-14 3.493585e-32
3696.14 1.409078e-14 3.559605e-32
3698.52 1.448363e-14 3.610367e-32
3700.90 1.465674e-14 3.624581e-32
3703.28 1.484250e-14 3.603054e-32
3705.66 1.497191e-14 3.662437e-32
3708.04 1.520088e-14 3.681375e-32
3710.42 1.532126e-14 3.664047e-32
3712.80 1.552529e-14 3.741133e-32
3715.18 1.541257e-14 3.712962e-32
3717.56 1.541378e-14 3.611117e-32
3719.94 1.567377e-14 3.652497e-32
3722.32 1.596472e-14 3.700736e-32
3724.70 1.611782e-14 3.770787e-32
3727.08 1.637432e-14 3.857456e-32
3729.46 1.685878e-14 3.944571e-32
3731.84 1.674350e-14 3.872350e-32
3734.22 1.663906e-14 3.890899e-32
3736.60 1.659895e-14 3.872169e-32
3738.98 1.667239e-14 3.867174e-32
3741.36 1.644964e-14 3.749307e-32
3743.74 1.651107e-14 3.732186e-32
3746.12 1.650829e-14 3.761784e-32
3748.50 1.623069e-14 3.693579e-32
3750.88 1.595818e-14 3.614974e-32
3753.26 1.573307e-14 3.517052e-32
3755.64 1.545872e-14 3.392403e-32
3758.02 1.508226e-14 3.342283e-32
3760.40 1.458859e-14 3.235182e-32
3762.78 1.401333e-14 3.109351e-32
3765.16 1.361817e-14 3.052417e-32
3767.54 1.323785e-14 2.968798e-32
3769.92 1.239226e-14 2.797444e-32
3772.30 1.150424e-14 2.583657e-32
3774.68 1.064846e-14 2.383425e-32
3777.06 1.008317e-14 2.306638e-32
3779.44 9.520493e-15 2.190312e-32
3781.82 8.900035e-15 2.065618e-32
3784.20 8.420170e-15 1.996165e-32
3786.58 8.212323e-15 1.949932e-32
3788.96 7.589120e-15 1.828004e-32
3791.34 7.169424e-15 1.743437e-32
3793.72 6.742551e-15 1.657142e-32
3796.10 6.230026e-15 1.535498e-32
3798.48 6.044909e-15 1.494024e-32
3800.86 5.756561e-15 1.432746e-32
3803.24 5.383394e-15 1.354489e-32
3805.62 5.054780e-15 1.301444e-32
3808.00 4.782273e-15 1.237504e-32
3810.38 4.487462e-15 1.179364e-32
3812.76 4.431105e-15 1.130695e-32
3815.14 4.365872e-15 1.127679e-32
3817.52 4.230831e-15 1.102622e-32
3819.90 4.160374e-15 1.061650e-32
3822.28 4.152480e-15 1.089939e-32
3824.66 4.141785e-15 1.058208e-32
3827.04 4.097250e-15 1.042238e-32
3829.42 4.139278e-15 1.063591e-32
3831.80 4.253897e-15 1.078860e-32
3834.18 4.376643e-15 1.091291e-32
3836.56 4.389175e-15 1.065266e-32
3838.94 4.615379e-15 1.113202e-32
3841.32 4.861329e-15 1.132614e-32
3843.70 4.981016e-15 1.165183e-32
3846.08 5.249745e-15 1.206581e-32
3848.46 5.500432e-15 1.249233e-32
3850.84 5.696281e-15 1.279088e-32
3853.22 5.898618e-15 1.308093e-32
3855.60 6.195516e-15 1.354703e-32
3857.98 6.576598e-15 1.411281e-32
3860.36 6.781915e-15 1.450363e-32
3862.74 7.234503e-15 1.525218e-32
3865.12 7.648724e-15 1.587103e-32
3867.50 8.191580e-15 1.680743e-32
3869.88 8.584426e-15 1.749460e-32
3872.26 8.880560e-15 1.803875e-32
3874.64 9.329355e-15 1.881098e-32
3877.02 9.969404e-15 1.990938e-32
3879.40 1.056473e-14 2.068884e-32
3881.78 1.112047e-14 2.190206e-32
3884.16 1.161517e-14 2.250586e-32
3886.54 1.191448e-14 2.323553e-32
3888.92 1.245204e-14 2.412795e-32
3891.30 1.306533e-14 2.499286e-32
3893.68 1.383589e-14 2.613271e-32
3896.06 1.437290e-14 2.653595e-32
3898.44 1.476272e-14 2.742137e-32
3900.82 1.518025e-14 2.784383e-32
3903.20 1.575585e-14 2.854194e-32
3905.58 1.611836e-14 2.888744e-32
3907.96 1.660440e-14 2.938614e-32
3910.34 1.715246e-14 2.989181e-32
3912.72 1.752926e-14 3.017664e-32
3915.10 1.785080e-14 3.039847e-32
3917.48 1.832663e-14 3.081665e-32
3919.86 1.880243e-14 3.129369e-32
3922.24 1.932798e-14 3.190843e-32
3924.62 1.956084e-14 3.202870e-32
3927.00 1.991688e-14 3.232141e-32
3929.38 1.996589e-14 3.224218e-32
3931.76 1.984199e-14 3.190942e-32
3934.14 2.003673e-14 3.200706e-32
3936.52 2.034657e-14 3.236626e-32
3938.90 2.085417e-14 3.306750e-32
3941.28 2.181404e-14 3.442303e-32
3943.66 2.225237e-14 3.506829e-32
3946.04 2.249669e-14 3.542541e-32
3948.42 2.308709e-14 3.629938e-32
3950.80 2.353543e-14 3.690255e-32
3953.18 2.395466e-14 3.750702e-32
3955.56 2.426080e-14 3.803486e-32
3957.94 2.449889e-14 3.830045e-32
3960.32 2.471612e-14 3.848390e-32
3962.70 2.495591e-14 3.878112e-32
3965.08 2.500975e-14 3.894267e-32
3967.46 2.490775e-14 3.861965e-32
3969.84 2.502266e-14 3.868567e-32
3972.22 2.532436e-14 3.885220e-32
3974.60 2.574101e-14 3.949385e-32
3976.98 2.591483e-14 3.901383e-32
3979.36 2.598082e-14 3.962276e-32
3981.74 2.583394e-14 3.886517e-32
3984.12 2.588056e-14 3.942133e-32
3986.50 2.604967e-14 3.956694e-32
3988.88 2.603787e-14 3.962797e-32
3991.26 2.572692e-14 3.932950e-32
3993.64 2.544979e-14 3.923960e-32
3996.02 2.524654e-14 3.922693e-32
3998.40 2.513524e-14 3.958650e-32
4000.78 2.503541e-14 3.999805e-32
4003.16 2.464980e-14 4.005933e-32
4005.54 2.425942e-14 4.022017e-32
4007.92 2.393292e-14 4.011584e-32
4010.30 2.373456e-14 4.017484e-32
4012.68 2.387362e-14 4.037238e-32
4015.06 2.389640e-14 4.006551e-32
4017.44 2.383277e-14 3.925560e-32
4019.82 2.398465e-14 3.862021e-32
4022.20 2.385727e-14 3.754133e-32
4024.58 2.348698e-14 3.610011e-32
4026.96 2.295967e-14 3.458492e-32
4029.34 2.237125e-14 3.317192e-32
4031.72 2.195769e-14 3.205765e-32
4034.10 2.157832e-14 3.102951e-32
4036.48 2.100511e-14 2.990086e-32
4038.86 2.027931e-14 2.867086e-32
4041.24 1.985384e-14 2.784976e-32
4043.62 1.952489e-14 2.723561e-32
4046.00 1.909261e-14 2.651362e-32
4048.38 1.856158e-14 2.570963e-32
4050.76 1.796443e-14 2.487022e-32
4053.14 1.753219e-14 2.427102e-32
4055.52 1.702431e-14 2.354085e-32
4057.90 1.664404e-14 2.294853e-32
4060.28 1.649640e-14 2.269529e-32
4062.66 1.636423e-14 2.250888e-32
4065.04 1.619982e-14 2.223193e-32
4067.42 1.621415e-14 2.219825e-32
4069.80 1.603769e-14 2.191310e-32
4072.18 1.568197e-14 2.148676e-32
4074.56 1.550539e-14 2.126752e-32
4076.94 1.551539e-14 2.123950e-32
4079.32 1.552146e-14 2.120841e-32
4081.70 1.560701e-14 2.133685e-32
4084.08 1.577988e-14 2.156582e-32
4086.46 1.593660e-14 2.176145e-32
4088.84 1.584385e-14 2.170673e-32
4091.22 1.559820e-14 2.149151e-32
4093.60 1.555873e-14 2.149732e-32
4095.98 1.548062e-14 2.150184e-32
4098.36 1.526786e-14 2.135896e-32
4100.74 1.517687e-14 2.138525e-32
4103.12 1.517021e-14 2.155283e-32
4105.50 1.492717e-14 2.149306e-32
4107.88 1.445744e-14 2.107707e-32
4110.26 1.421411e-14 2.096565e-32
4112.64 1.412005e-14 2.099161e-32
4115.02 1.401416e-14 2.091683e-32
4117.40 1.377381e-14 2.040010e-32
4119.78 1.375263e-14 2.064427e-32
4122.16 1.383132e-14 2.076777e-32
4124.54 1.371119e-14 2.047941e-32
4126.92 1.359375e-14 2.014347e-32
4129.30 1.374770e-14 2.014191e-32
4131.68 1.400568e-14 2.020825e-32
4134.06 1.392005e-14 1.984973e-32
4136.44 1.382204e-14 1.950326e-32
4138.82 1.396773e-14 1.944284e-32
4141.20 1.419125e-14 1.951042e-32
4143.58 1.429366e-14 1.951489e-32
4145.96 1.436869e-14 1.920162e-32
4148.34 1.450106e-14 1.939555e-32
4150.72 1.447593e-14 1.924269e-32
4153.10 1.450342e-14 1.917143e-32
4155.48 1.465151e-14 1.922871e-32
4157.86 1.476886e-14 1.923981e-32
4160.24 1.490749e-14 1.934420e-32
4162.62 1.507372e-14 1.943636e-32
4165.00 1.519902e-14 1.949796e-32
4167.38 1.533339e-14 1.951922e-32
4169.76 1.554793e-14 1.972341e-32
4172.14 1.546936e-14 1.954762e-32
4174.52 1.538588e-14 1.938845e-32
4176.90 1.538334e-14 1.936166e-32
4179.28 1.534381e-14 1.934946e-32
4181.66 1.541175e-14 1.934360e-32
4184.04 1.549888e-14 1.934652e-32
4186.42 1.555839e-14 1.936460e-32
4188.80 1.578258e-14 1.956376e-32
4191.18 1.590378e-14 1.963757e-32
4193.56 1.615587e-14 1.981572e-32
4195.94 1.636454e-14 2.005884e-32
4198.32 1.663834e-14 2.031540e-32
4200.70 1.679353e-14 2.042642e-32
4203.08 1.714879e-14 2.076577e-32
4205.46 1.717496e-14 2.073325e-32
4207.84 1.740528e-14 2.092799e-32
4210.22 1.740080e-14 2.093011e-32
4212.60 1.743999e-14 2.091970e-32
4214.98 1.746789e-14 2.089318e-32
4217.36 1.735683e-14 2.076399e-32
4219.74 1.747641e-14 2.083815e-32
4222.12 1.754444e-14 2.087320e-32
4224.50 1.746729e-14 2.072038e-32
4226.88 1.722882e-14 2.042599e-32
4229.26 1.736301e-14 2.056721e-32
4231.64 1.741671e-14 2.059064e-32
4234.02 1.726051e-14 2.035293e-32
4236.40 1.744930e-14 2.051790e-32
4238.78 1.770574e-14 2.076785e-32
4241.16 1.767190e-14 2.074792e-32
4243.54 1.762613e-14 2.063534e-32
4245.92 1.782650e-14 2.077311e-32
4248.30 1.791720e-14 2.079537e-32
4250.68 1.774739e-14 2.058334e-32
4253.06 1.770571e-14 2.028375e-32
4255.44 1.748352e-14 2.027692e-32
4257.82 1.751756e-14 2.027652e-32
4260.20 1.753539e-14 2.027656e-32
4262.58 1.727254e-14 2.006186e-32
4264.96 1.708658e-14 1.979282e-32
4267.34 1.713427e-14 1.980711e-32
4269.72 1.743603e-14 2.005281e-32
4272.10 1.753137e-14 2.010513e-32
4274.48 1.755786e-14 2.006916e-32
4276.86 1.755780e-14 2.010862e-32
4279.24 1.794503e-14 2.049376e-32
4281.62 1.814602e-14 2.064960e-32
4284.00 1.793432e-14 2.041068e-32
4286.38 1.798483e-14 2.036440e-32
4288.76 1.828253e-14 2.064008e-32
4291.14 1.848287e-14 2.079584e-32
4293.52 1.851777e-14 2.083167e-32
4295.90 1.858083e-14 2.085308e-32
4298.28 1.865561e-14 2.086116e-32
4300.66 1.868999e-14 2.085747e-32
4303.04 1.914231e-14 2.126071e-32
4305.42 1.957540e-14 2.166102e-32
4307.80 1.969482e-14 2.173853e-32
4310.18 1.987347e-14 2.192102e-32
4312.56 1.989119e-14 2.192654e-32
4314.94 1.999209e-14 2.167014e-32
4317.32 2.012852e-14 2.206957e-32
4319.70 2.038619e-14 2.225915e-32
4322.08 2.045557e-14 2.232771e-32
4324.46 2.041350e-14 2.221217e-32
4326.84 2.067634e-14 2.244833e-32
4329.22 2.068441e-14 2.243284e-32
4331.60 2.091813e-14 2.265632e-32
4333.98 2.120209e-14 2.294821e-32
4336.36 2.117615e-14 2.289170e-32
4338.74 2.130105e-14 2.300624e-32
4341.12 2.133736e-14 2.299181e-32
4343.50 2.124481e-14 2.289376e-32
4345.88 2.100783e-14 2.267027e-32
4348.26 2.119451e-14 2.288277e-32
4350.64 2.137588e-14 2.297126e-32
4353.02 2.132776e-14 2.293088e-32
4355.40 2.127366e-14 2.282917e-32
4357.78 2.121590e-14 2.279696e-32
4360.16 2.072852e-14 2.228284e-32
4362.54 2.044247e-14 2.196455e-32
4364.92 1.995331e-14 2.149189e-32
4367.30 1.967239e-14 2.122180e-32
4369.68 1.913047e-14 2.072564e-32
4372.06 1.879430e-14 2.033512e-32
4374.44 1.812348e-14 1.967526e-32
4376.82 1.777654e-14 1.930599e-32
4379.20 1.741794e-14 1.892905e-32
4381.58 1.667583e-14 1.818939e-32
4383.96 1.604158e-14 1.756301e-32
4386.34 1.561723e-14 1.711309e-32
4388.72 1.513888e-14 1.666346e-32
4391.10 1.457958e-14 1.606654e-32
4393.48 1.420575e-14 1.568853e-32
4395.86 1.368965e-14 1.516993e-32
4398.24 1.322762e-14 1.468887e-32
4400.62 1.277434e-14 1.422145e-32
4403.00 1.255122e-14 1.396633e-32
4405.38 1.215170e-14 1.354625e-32
4407.76 1.206275e-14 1.346649e-32
4410.14 1.171061e-14 1.311140e-32
4412.52 1.154848e-14 1.289393e-32
4414.90 1.112128e-14 1.248755e-32
4417.28 1.083873e-14 1.220366e-32
4419.66 1.057045e-14 1.193475e-32
4422.04 1.045960e-14 1.179585e-32
4424.42 1.032983e-14 1.163993e-32
4426.80 1.013504e-14 1.143545e-32
4429.18 1.001570e-14 1.130811e-32
4431.56 9.820998e-15 1.108126e-32
4433.94 9.829289e-15 1.109229e-32
4436.32 9.688299e-15 1.096582e-32
4438.70 9.693118e-15 1.097312e-32
4441.08 9.819218e-15 1.107151e-32
4443.46 9.810074e-15 1.106974e-32
4445.84 9.869705e-15 1.107507e-32
4448.22 9.632518e-15 1.085508e-32
4450.60 9.743324e-15 1.095143e-32
4452.98 9.813733e-15 1.098330e-32
4455.36 9.872056e-15 1.104585e-32
4457.74 1.002001e-14 1.116646e-32
4460.12 1.018957e-14 1.130088e-32
4462.50 1.029570e-14 1.138385e-32
4464.88 1.056316e-14 1.161038e-32
4467.26 1.080100e-14 1.184770e-32
4469.64 1.095110e-14 1.197619e-32
4472.02 1.111004e-14 1.209718e-32
4474.40 1.118782e-14 1.216311e-32
4476.78 1.150969e-14 1.247814e-32
4479.16 1.182812e-14 1.278243e-32
4481.54 1.200480e-14 1.288797e-32
4483.92 1.213594e-14 1.282260e-32
4486.30 1.236871e-14 1.317342e-32
4488.68 1.249428e-14 1.328963e-32
4491.06 1.275216e-14 1.349380e-32
4493.44 1.281455e-14 1.356612e-32
4495.82 1.290778e-14 1.364354e-32
4498.20 1.317445e-14 1.386159e-32
4500.58 1.344278e-14 1.408010e-32
4502.96 1.373907e-14 1.435156e-32
4505.34 1.422374e-14 1.478483e-32
4507.72 1.468419e-14 1.520991e-32
4510.10 1.502132e-14 1.548281e-32
4512.48 1.533050e-14 1.575645e-32
4514.86 1.596462e-14 1.632478e-32
4517.24 1.633174e-14 1.661609e-32
4519.62 1.665492e-14 1.690448e-32
4522.00 1.712567e-14 1.732898e-32
4524.38 1.764023e-14 1.775530e-32
4526.76 1.813469e-14 1.818104e-32
4529.14 1.841620e-14 1.841313e-32
4531.52 1.876664e-14 1.872623e-32
4533.90 1.928774e-14 1.918918e-32
4536.28 1.990688e-14 1.970277e-32
4538.66 2.073278e-14 2.038787e-32
4541.04 2.153857e-14 2.107595e-32
4543.42 2.225084e-14 2.168853e-32
4545.80 2.289854e-14 2.224959e-32
4548.18 2.364011e-14 2.286925e-32
4550.56 2.447246e-14 2.356252e-32
4552.94 2.514389e-14 2.409741e-32
4555.32 2.575383e-14 2.462835e-32
4557.70 2.647908e-14 2.523827e-32
4560.08 2.729282e-14 2.589228e-32
4562.46 2.790686e-14 2.641766e-32
4564.84 2.846105e-14 2.682699e-32
4567.22 2.903158e-14 2.728506e-32
4569.60 2.971537e-14 2.785513e-32
4571.98 3.038457e-14 2.842480e-32
4574.36 3.101266e-14 2.895759e-32
4576.74 3.157591e-14 2.942242e-32
4579.12 3.210272e-14 2.984924e-32
4581.50 3.269249e-14 3.031547e-32
4583.88 3.345694e-14 3.095010e-32
4586.26 3.414778e-14 3.152425e-32
4588.64 3.479861e-14 3.208734e-32
4591.02 3.516284e-14 3.236797e-32
4593.40 3.553777e-14 3.262892e-32
4595.78 3.587988e-14 3.289501e-32
4598.16 3.650646e-14 3.341402e-32
4600.54 3.709663e-14 3.390167e-32
4602.92 3.739323e-14 3.411401e-32
4605.30 3.773394e-14 3.440405e-32
4607.68 3.829278e-14 3.486817e-32
4610.06 3.888189e-14 3.531113e-32
4612.44 3.938396e-14 3.571048e-32
4614.82 3.979255e-14 3.602654e-32
4617.20 4.028958e-14 3.640803e-32
4619.58 4.064286e-14 3.669566e-32
4621.96 4.072564e-14 3.680225e-32
4624.34 4.104974e-14 3.702747e-32
4626.72 4.141151e-14 3.726544e-32
4629.10 4.170222e-14 3.754280e-32
4631.48 4.167774e-14 3.751998e-32
4633.86 4.169836e-14 3.745782e-32
4636.24 4.195326e-14 3.765083e-32
4638.62 4.196881e-14 3.759279e-32
4641.00 4.198339e-14 3.759753e-32
4643.38 4.213237e-14 3.769334e-32
4645.76 4.206357e-14 3.759974e-32
4648.14 4.212273e-14 3.758640e-32
4650.52 4.210956e-14 3.751870e-32
4652.90 4.211164e-14 3.748910e-32
4655.28 4.216338e-14 3.753059e-32
4657.66 4.202908e-14 3.735861e-32
4660.04 4.207875e-14 3.731533e-32
4662.42 4.178441e-14 3.703326e-32
4664.80 4.160834e-14 3.692611e-32
4667.18 4.116066e-14 3.649416e-32
4669.56 4.116674e-14 3.647562e-32
4671.94 4.044372e-14 3.586206e-32
4674.32 3.998960e-14 3.544505e-32
4676.70 3.944617e-14 3.490773e-32
4679.08 3.854269e-14 3.413991e-32
4681.46 3.766015e-14 3.339663e-32
4683.84 3.691749e-14 3.273779e-32
4686.22 3.617373e-14 3.211071e-32
4688.60 3.528593e-14 3.136555e-32
4690.98 3.392512e-14 3.022095e-32
4693.36 3.317342e-14 2.957768e-32
4695.74 3.215092e-14 2.868446e-32
4698.12 3.137207e-14 2.801518e-32
4700.50 3.091487e-14 2.762185e-32
4702.88 3.040649e-14 2.721076e-32
4705.26 2.952250e-14 2.646715e-32
4707.64 2.862516e-14 2.570063e-32
4710.02 2.770591e-14 2.491307e-32
4712.40 2.692406e-14 2.424323e-32
4714.78 2.611006e-14 2.360651e-32
4717.16 2.573243e-14 2.326140e-32
4719.54 2.531678e-14 2.288063e-32
4721.92 2.487463e-14 2.250184e-32
4724.30 2.443226e-14 2.216925e-32
4726.68 2.376526e-14 2.163925e-32
4729.06 2.313453e-14 2.109815e-32
4731.44 2.257773e-14 2.060161e-32
4733.82 2.244584e-14 2.047660e-32
4736.20 2.202012e-14 2.013545e-32
4738.58 2.145712e-14 1.968715e-32
4740.96 2.112182e-14 1.939790e-32
4743.34 2.070824e-14 1.904837e-32
4745.72 2.038116e-14 1.876909e-32
4748.10 2.032125e-14 1.873692e-32
4750.48 2.000142e-14 1.845322e-32
4752.86 1.950120e-14 1.799464e-32
4755.24 1.938821e-14 1.790099e-32
4757.62 1.886731e-14 1.748391e-32
4760.00 1.826974e-14 1.697747e-32
4762.38 1.778289e-14 1.654538e-32
4764.76 1.732648e-14 1.615793e-32
4767.14 1.668580e-14 1.562797e-32
4769.52 1.612403e-14 1.513215e-32
4771.90 1.567811e-14 1.472536e-32
4774.28 1.511509e-14 1.427847e-32
4776.66 1.478941e-14 1.399637e-32
4779.04 1.430642e-14 1.356908e-32
4781.42 1.381889e-14 1.316063e-32
4783.80 1.326102e-14 1.268849e-32
4786.18 1.294459e-14 1.242175e-32
4788.56 1.284173e-14 1.230375e-32
4790.94 1.276046e-14 1.223063e-32
4793.32 1.260918e-14 1.212797e-32
4795.70 1.265528e-14 1.216003e-32
4798.08 1.263186e-14 1.199130e-32
4800.46 1.258989e-14 1.211095e-32
4802.84 1.293007e-14 1.236792e-32
4805.22 1.310494e-14 1.252437e-32
4807.60 1.335731e-14 1.275992e-32
4809.98 1.362903e-14 1.300830e-32
4812.36 1.391677e-14 1.320521e-32
4814.74 1.402395e-14 1.328629e-32
4817.12 1.436460e-14 1.356793e-32
4819.50 1.472071e-14 1.389368e-32
4821.88 1.507061e-14 1.423433e-32
4824.26 1.542894e-14 1.452763e-32
4826.64 1.580785e-14 1.486628e-32
4829.02 1.606782e-14 1.505596e-32
4831.40 1.633837e-14 1.528296e-32
4833.78 1.674777e-14 1.562796e-32
4836.16 1.702917e-14 1.587229e-32
4838.54 1.744343e-14 1.621759e-32
4840.92 1.756210e-14 1.631724e-32
4843.30 1.768838e-14 1.646953e-32
4845.68 1.773526e-14 1.650670e-32
4848.06 1.768883e-14 1.645333e-32
4850.44 1.749317e-14 1.629466e-32
4852.82 1.738441e-14 1.621240e-32
4855.20 1.707722e-14 1.597787e-32
4857.58 1.674597e-14 1.571070e-32
4859.96 1.650824e-14 1.552333e-32
4862.34 1.624625e-14 1.526878e-32
4864.72 1.593319e-14 1.506076e-32
4867.10 1.566699e-14 1.487586e-32
4869.48 1.547821e-14 1.471074e-32
4871.86 1.533872e-14 1.457303e-32
4874.24 1.511769e-14 1.436522e-32
4876.62 1.497676e-14 1.426568e-32
4879.00 1.494168e-14 1.428299e-32
4881.38 1.495292e-14 1.430237e-32
4883.76 1.491011e-14 1.426473e-32
4886.14 1.500805e-14 1.435336e-32
4888.52 1.506348e-14 1.440141e-32
4890.90 1.502968e-14 1.440447e-32
4893.28 1.517497e-14 1.454377e-32
4895.66 1.535593e-14 1.469216e-32
4898.04 1.560301e-14 1.493138e-32
4900.42 1.573901e-14 1.510668e-32
4902.80 1.597985e-14 1.533177e-32
4905.18 1.625874e-14 1.558926e-32
4907.56 1.645737e-14 1.580037e-32
4909.94 1.684960e-14 1.616510e-32
4912.32 1.727498e-14 1.654582e-32
4914.70 1.766185e-14 1.693371e-32
4917.08 1.804679e-14 1.732794e-32
4919.46 1.836104e-14 1.763558e-32
4921.84 1.878023e-14 1.802045e-32
4924.22 1.938205e-14 1.860286e-32
4926.60 1.990647e-14 1.911684e-32
4928.98 2.036457e-14 1.955726e-32
4931.36 2.076645e-14 1.996262e-32
4933.74 2.117632e-14 2.039820e-32
4936.12 2.174319e-14 2.098945e-32
4938.50 2.240463e-14 2.163377e-32
4940.88 2.290365e-14 2.215505e-32
4943.26 2.326773e-14 2.259734e-32
4945.64 2.367624e-14 2.308170e-32
4948.02 2.419068e-14 2.363351e-32
4950.40 2.470958e-14 2.421676e-32
4952.78 2.525531e-14 2.488537e-32
4955.16 2.577074e-14 2.546904e-32
4957.54 2.617741e-14 2.599800e-32
4959.92 2.645716e-14 2.642747e-32
4962.30 2.692239e-14 2.704668e-32
4964.68 2.705639e-14 2.736074e-32
4967.06 2.741250e-14 2.792842e-32
4969.44 2.760265e-14 2.836589e-32
4971.82 2.749455e-14 2.850734e-32
4974.20 2.765851e-14 2.893941e-32
4976.58 2.774709e-14 2.928758e-32
4978.96 2.776832e-14 2.959259e-32
4981.34 2.754704e-14 2.969606e-32
4983.72 2.722483e-14 2.972825e-32
4986.10 2.672696e-14 2.954182e-32
4988.48 2.613489e-14 2.926355e-32
4990.86 2.574738e-14 2.917484e-32
4993.24 2.489701e-14 2.871589e-32
4995.62 2.389026e-14 2.765934e-32
4998.00 2.320810e-14 2.761378e-32
5000.38 2.240130e-14 2.718931e-32
5002.76 2.150202e-14 2.654992e-32
5005.14 2.068869e-14 2.603256e-32
5007.52 2.004140e-14 2.565359e-32
5009.90 1.931506e-14 2.518325e-32
5012.28 1.847314e-14 2.429631e-32
5014.66 1.800641e-14 2.411638e-32
5017.04 1.763358e-14 2.432879e-32
5019.42 1.701100e-14 2.388368e-32
5021.80 1.662204e-14 2.380551e-32
5024.18 1.615781e-14 2.362098e-32
5026.56 1.562591e-14 2.334051e-32
5028.94 1.527135e-14 2.320588e-32
5031.32 1.486638e-14 2.302986e-32
5033.70 1.489797e-14 2.344908e-32
5036.08 1.468879e-14 2.361011e-32
5038.46 1.449163e-14 2.372429e-32
5040.84 1.410237e-14 2.324616e-32
5043.22 1.369442e-14 2.332453e-32
5045.60 1.376743e-14 2.379725e-32
5047.98 1.363277e-14 2.386149e-32
5050.36 1.362385e-14 2.415227e-32
5052.74 1.391603e-14 2.473647e-32
5055.12 1.364641e-14 2.461964e-32
5057.50 1.385403e-14 2.545726e-32
5059.88 1.369349e-14 2.552644e-32
5062.26 1.414997e-14 2.654404e-32
5064.64 1.419813e-14 2.671283e-32
5067.02 1.429939e-14 2.707139e-32
5069.40 1.433260e-14 2.715567e-32
5071.78 1.416404e-14 2.725782e-32
5074.16 1.448281e-14 2.753342e-32
5076.54 1.433304e-14 2.744029e-32
5078.92 1.461026e-14 2.786446e-32
5081.30 1.474644e-14 2.806959e-32
5083.68 1.464426e-14 2.786727e-32
5086.06 1.484584e-14 2.855011e-32
5088.44 1.530179e-14 2.891644e-32
5090.82 1.542740e-14 2.934155e-32
5093.20 1.520404e-14 2.849252e-32
5095.58 1.516802e-14 2.867948e-32
5097.96 1.537753e-14 2.093502e-32
5100.34 1.552698e-14 2.108346e-32
5102.72 1.572674e-14 2.109986e-32
5105.10 1.582091e-14 2.133596e-32
5107.48 1.597937e-14 2.142778e-32
5109.86 1.608524e-14 2.141474e-32
5112.24 1.624544e-14 2.150427e-32
5114.62 1.621572e-14 2.119147e-32
5117.00 1.628881e-14 2.094171e-32
5119.38 1.633056e-14 2.117655e-32
5121.76 1.633139e-14 2.096739e-32
5124.14 1.645286e-14 2.131571e-32
5126.52 1.657631e-14 2.134121e-32
5128.90 1.655884e-14 2.125740e-32
5131.28 1.663856e-14 2.137398e-32
5133.66 1.652600e-14 2.119407e-32
5136.04 1.651243e-14 2.115285e-32
5138.42 1.699804e-14 2.162773e-32
5140.80 1.727446e-14 2.188591e-32
5143.18 1.724155e-14 2.152779e-32
5145.56 1.737543e-14 2.201936e-32
5147.94 1.728254e-14 2.168958e-32
5150.32 1.702691e-14 6.860377e-32
5152.70 1.738872e-14 6.810857e-32
5155.08 1.757824e-14 6.742760e-32
5157.46 1.740342e-14 6.564978e-32
5159.84 1.724927e-14 6.349186e-32
5162.22 1.722673e-14 6.159574e-32
5164.60 1.712705e-14 5.949020e-32
5166.98 1.710783e-14 5.760958e-32
5169.36 1.716242e-14 5.580910e-32
5171.74 1.703300e-14 5.343308e-32
5174.12 1.668187e-14 5.068738e-32
5176.50 1.653529e-14 4.858719e-32
5178.88 1.698228e-14 4.761187e-32
5181.26 1.736041e-14 4.644882e-32
5183.64 1.732668e-14 4.454103e-32
5186.02 1.739056e-14 4.280175e-32
5188.40 1.736514e-14 4.083842e-32
5190.78 1.727222e-14 3.900992e-32
5193.16 1.744535e-14 3.778919e-32
5195.54 1.767686e-14 3.672845e-32
5197.92 1.764926e-14 3.537449e-32
5200.30 1.779257e-14 3.439347e-32
5202.68 1.785366e-14 3.341175e-32
5205.06 1.819265e-14 3.297099e-32
5207.44 1.851100e-14 3.263123e-32
5209.82 1.846580e-14 3.185144e-32
5212.20 1.861580e-14 3.141746e-32
5214.58 1.884125e-14 3.119728e-32
5216.96 1.899539e-14 3.105083e-32
5219.34 1.913852e-14 3.097639e-32
5221.72 1.932891e-14 3.096999e-32
5224.10 1.960124e-14 3.112570e-32
5226.48 2.007946e-14 3.163826e-32
5228.86 2.026362e-14 3.175274e-32
5231.24 2.055338e-14 3.214361e-32
5233.62 2.091241e-14 3.252778e-32
5236.00 2.095136e-14 3.227649e-32
5238.38 2.127914e-14 3.287757e-32
5240.76 2.168666e-14 3.348750e-32
5243.14 2.194874e-14 3.380912e-32
5245.52 2.208695e-14 3.398117e-32
5247.90 2.211054e-14 3.394686e-32
5250.28 2.205462e-14 3.377362e-32
5252.66 2.240668e-14 3.413411e-32
5255.04 2.260026e-14 3.426866e-32
5257.42 2.292661e-14 3.457192e-32
5259.80 2.337332e-14 3.502376e-32
5262.18 2.340119e-14 3.490320e-32
5264.56 2.397195e-14 3.552768e-32
5266.94 2.391267e-14 3.524474e-32
5269.32 2.372240e-14 3.475083e-32
5271.70 2.399600e-14 3.492362e-32
5274.08 2.425373e-14 3.510817e-32
5276.46 2.442480e-14 3.510192e-32
5278.84 2.474481e-14 3.521685e-32
5281.22 2.498978e-14 3.527303e-32
5283.60 2.509730e-14 3.516731e-32
5285.98 2.515680e-14 3.493819e-32
5288.36 2.513886e-14 3.460119e-32
5290.74 2.536742e-14 3.461757e-32
5293.12 2.572594e-14 3.473665e-32
5295.50 2.589154e-14 3.454047e-32
5297.88 2.594077e-14 3.420605e-32
5300.26 2.618464e-14 3.415849e-32
5302.64 2.638798e-14 3.406615e-32
5305.02 2.662324e-14 3.400740e-32
5307.40 2.668525e-14 3.369271e-32
5309.78 2.661849e-14 3.317072e-32
5312.16 2.673601e-14 3.289870e-32
5314.54 2.696164e-14 3.283499e-32
5316.92 2.720612e-14 3.272515e-32
5319.30 2.717296e-14 3.227804e-32
5321.68 2.696422e-14 3.167355e-32
5324.06 2.696461e-14 3.131911e-32
5326.44 2.716611e-14 3.117523e-32
5328.82 2.712903e-14 3.077095e-32
5331.20 2.695010e-14 3.024927e-32
5333.58 2.697978e-14 2.996733e-32
5335.96 2.706420e-14 2.974845e-32
5338.34 2.680250e-14 2.917523e-32
5340.72 2.665648e-14 2.867952e-32
5343.10 2.675450e-14 2.846060e-32
5345.48 2.680963e-14 2.823652e-32
5347.86 2.662253e-14 2.779464e-32
5350.24 2.634143e-14 2.729026e-32
5352.62 2.621992e-14 2.694656e-32
5355.00 2.624908e-14 2.671744e-32
5357.38 2.633896e-14 2.652559e-32
5359.76 2.641006e-14 2.633700e-32
5362.14 2.634026e-14 2.607337e-32
5364.52 2.615435e-14 2.573284e-32
5366.90 2.638538e-14 2.570378e-32
5369.28 2.659974e-14 2.565333e-32
5371.66 2.640119e-14 2.527229e-32
5374.04 2.601316e-14 2.475823e-32
5376.42 2.591415e-14 2.451789e-32
5378.80 2.607194e-14 2.447875e-32
5381.18 2.572320e-14 2.401274e-32
5383.56 2.560959e-14 2.373526e-32
5385.94 2.584609e-14 2.375831e-32
5388.32 2.571713e-14 2.350418e-32
5390.70 2.579671e-14 2.341807e-32
5393.08 2.561180e-14 2.312173e-32
5395.46 2.550954e-14 2.289672e-32
5397.84 2.564828e-14 2.285397e-32
5400.22 2.565564e-14 2.269430e-32
5402.60 2.541579e-14 2.236418e-32
5404.98 2.514418e-14 2.203487e-32
5407.36 2.488636e-14 2.166100e-32
5409.74 2.464748e-14 2.130289e-32
5412.12 2.445796e-14 2.104581e-32
5414.50 2.424406e-14 2.077007e-32
5416.88 2.384440e-14 2.033630e-32
5419.26 2.364119e-14 2.002892e-32
5421.64 2.338784e-14 1.967767e-32
5424.02 2.292263e-14 1.918627e-32
5426.40 2.259079e-14 1.881801e-32
5428.78 2.241763e-14 1.856352e-32
5431.16 2.193510e-14 1.808239e-32
5433.54 2.175734e-14 1.785348e-32
5435.92 2.188670e-14 1.785424e-32
5438.30 2.171887e-14 1.760839e-32
5440.68 2.134106e-14 1.721143e-32
5443.06 2.096608e-14 1.683311e-32
5445.44 2.100749e-14 1.676868e-32
5447.82 2.101333e-14 1.667848e-32
5450.20 2.067691e-14 1.633272e-32
5452.58 2.053097e-14 1.612107e-32
5454.96 2.056437e-14 1.604958e-32
5457.34 2.065898e-14 1.604760e-32
5459.72 2.074763e-14 1.603760e-32
5462.10 2.072591e-14 1.593490e-32
5464.48 2.062166e-14 1.577349e-32
5466.86 2.070804e-14 1.573102e-32
5469.24 2.073639e-14 1.566191e-32
5471.62 2.084563e-14 1.567506e-32
5474.00 2.099773e-14 1.571639e-32
5476.38 2.111454e-14 1.571416e-32
5478.76 2.135467e-14 1.580770e-32
5481.14 2.118725e-14 1.563047e-32
5483.52 2.125369e-14 1.561466e-32
5485.90 2.147514e-14 1.570609e-32
5488.28 2.152473e-14 1.567257e-32
5490.66 2.167454e-14 1.569723e-32
5493.04 2.168491e-14 1.564717e-32
5495.42 2.171967e-14 1.559665e-32
5497.80 2.182926e-14 1.560329e-32
5500.18 2.199766e-14 1.567143e-32
5502.56 2.219198e-14 1.574524e-32
5504.94 2.222357e-14 1.569817e-32
5507.32 2.219547e-14 1.562846e-32
5509.70 2.226750e-14 1.563459e-32
5512.08 2.231576e-14 1.562030e-32
5514.46 2.226143e-14 1.553497e-32
5516.84 2.230746e-14 1.551121e-32
5519.22 2.218910e-14 1.535868e-32
5521.60 2.208027e-14 1.523027e-32
5523.98 2.205281e-14 1.516873e-32
5526.36 2.200723e-14 1.507826e-32
5528.74 2.193046e-14 1.496381e-32
5531.12 2.181302e-14 1.485149e-32
5533.50 2.160254e-14 1.466965e-32
5535.88 2.139655e-14 1.449788e-32
5538.26 2.119765e-14 1.434025e-32
5540.64 2.098076e-14 1.415242e-32
5543.02 2.092407e-14 1.407535e-32
5545.40 2.066541e-14 1.384461e-32
5547.78 2.036865e-14 1.360526e-32
5550.16 2.019192e-14 1.345219e-32
5552.54 1.993025e-14 1.322928e-32
5554.92 1.954688e-14 1.295805e-32
5557.30 1.958965e-14 1.294339e-32
5559.68 1.930134e-14 1.270582e-32
5562.06 1.871751e-14 1.230226e-32
5564.44 1.843090e-14 1.210368e-32
5566.82 1.833788e-14 1.201426e-32
5569.20 1.814351e-14 1.189550e-32
5571.58 1.772551e-14 1.167544e-32
5573.96 1.739935e-14 1.155404e-32
5576.34 1.729528e-14 1.158032e-32
5578.72 1.710346e-14 1.147478e-32
5581.10 1.665524e-14 1.107564e-32
5583.48 1.619772e-14 1.062396e-32
5585.86 1.587612e-14 1.028156e-32
5588.24 1.559272e-14 1.003885e-32
5590.62 1.528177e-14 9.835211e-33
5593.00 1.504639e-14 9.642094e-33
5595.38 1.472859e-14 9.417246e-33
5597.76 1.434445e-14 9.158701e-33
5600.14 1.412159e-14 8.995309e-33
5602.52 1.395358e-14 8.868332e-33
5604.90 1.349799e-14 8.565982e-33
5607.28 1.315717e-14 8.348091e-33
5609.66 1.291840e-14 8.177301e-33
5612.04 1.263565e-14 7.974978e-33
5614.42 1.234964e-14 7.779483e-33
5616.80 1.211960e-14 7.618568e-33
5619.18 1.176205e-14 7.392832e-33
5621.56 1.139500e-14 7.165486e-33
5623.94 1.105792e-14 6.940384e-33
5626.32 1.077100e-14 6.745278e-33
5628.70 1.052959e-14 6.596247e-33
5631.08 1.022133e-14 6.400285e-33
5633.46 9.856582e-15 6.166946e-33
5635.84 9.584959e-15 5.988689e-33
5638.22 9.334605e-15 5.822171e-33
5640.60 9.009778e-15 5.615412e-33
5642.98 8.736927e-15 5.446628e-33
5645.36 8.520916e-15 5.302890e-33
5647.74 8.083231e-15 5.040509e-33
5650.12 7.715105e-15 4.822328e-33
5652.50 7.546380e-15 4.716209e-33
5654.88 7.262916e-15 4.547570e-33
5657.26 6.957628e-15 4.362097e-33
5659.64 6.719317e-15 4.211797e-33
5662.02 6.525462e-15 4.085336e-33
5664.40 6.340183e-15 3.961790e-33
5666.78 6.142642e-15 3.833773e-33
5669.16 5.917359e-15 3.700841e-33
5671.54 5.747667e-15 3.602274e-33
5673.92 5.628445e-15 3.529936e-33
5676.30 5.526720e-15 3.457654e-33
5678.68 5.393572e-15 3.365543e-33
5681.06 5.220003e-15 3.266134e-33
5683.44 5.155754e-15 3.223335e-33
5685.82 5.114857e-15 3.184895e-33
5688.20 4.989363e-15 3.105355e-33
5690.58 4.829069e-15 3.011466e-33
5692.96 4.805243e-15 2.983777e-33
5695.34 4.966557e-15 3.057427e-33
5697.72 5.001337e-15 3.057766e-33
5700.10 4.992979e-15 3.045593e-33
5702.48 5.045627e-15 3.076221e-33
5704.86 5.111893e-15 3.103234e-33
5707.24 5.199200e-15 3.129005e-33
5709.62 5.181031e-15 3.097229e-33
5712.00 5.226457e-15 3.110751e-33
5714.38 5.315910e-15 3.151146e-33
5716.76 5.362201e-15 3.159842e-33
5719.14 5.483253e-15 3.208081e-33
5721.52 5.653956e-15 3.294585e-33
5723.90 5.810522e-15 3.363396e-33
5726.28 5.962920e-15 3.419318e-33
5728.66 6.172670e-15 3.511004e-33
5731.04 6.416287e-15 3.628378e-33
5733.42 6.588745e-15 3.702216e-33
5735.80 6.934341e-15 3.855330e-33
5738.18 7.203022e-15 3.968482e-33
5740.56 7.406371e-15 4.050156e-33
5742.94 7.807587e-15 4.232917e-33
5745.32 8.183400e-15 4.407267e-33
5747.70 8.413585e-15 4.511343e-33
5750.08 8.809104e-15 4.689805e-33
5752.46 9.239166e-15 4.880490e-33
5754.84 9.541296e-15 5.004820e-33
5757.22 1.000954e-14 5.204388e-33
5759.60 1.051455e-14 5.432903e-33
5761.98 1.105748e-14 5.671994e-33
5764.36 1.161087e-14 5.912058e-33
5766.74 1.206443e-14 6.107127e-33
5769.12 1.240517e-14 6.241385e-33
5771.50 1.283534e-14 6.416212e-33
5773.88 1.339619e-14 6.659261e-33
5776.26 1.396919e-14 6.904930e-33
5778.64 1.451095e-14 7.133085e-33
5781.02 1.507616e-14 7.375889e-33
5783.40 1.563167e-14 7.608253e-33
5785.78 1.607153e-14 7.789040e-33
5788.16 1.662923e-14 8.026844e-33
5790.54 1.733195e-14 8.325368e-33
5792.92 1.794285e-14 8.572180e-33
5795.30 1.837931e-14 8.737845e-33
5797.68 1.886213e-14 8.928628e-33
5800.06 1.943841e-14 9.171237e-33
5802.44 1.984539e-14 9.342354e-33
5804.82 2.029103e-14 9.512624e-33
5807.20 2.110771e-14 9.829348e-33
5809.58 2.158439e-14 1.002241e-32
5811.96 2.201311e-14 1.019245e-32
5814.34 2.237489e-14 1.032727e-32
5816.72 2.275836e-14 1.046832e-32
5819.10 2.332126e-14 1.068675e-32
5821.48 2.373752e-14 1.085427e-32
5823.86 2.414829e-14 1.100383e-32
5826.24 2.450373e-14 1.113721e-32
5828.62 2.478664e-14 1.124528e-32
5831.00 2.512452e-14 1.136741e-32
5833.38 2.555764e-14 1.153412e-32
5835.76 2.589339e-14 1.165133e-32
5838.14 2.617669e-14 1.174664e-32
5840.52 2.644210e-14 1.184563e-32
5842.90 2.666494e-14 1.192671e-32
5845.28 2.688847e-14 1.199040e-32
5847.66 2.719751e-14 1.208681e-32
5850.04 2.738279e-14 1.214455e-32
5852.42 2.743310e-14 1.214597e-32
5854.80 2.746304e-14 1.213494e-32
5857.18 2.748719e-14 1.212704e-32
5859.56 2.747898e-14 1.210350e-32
5861.94 2.762644e-14 1.214069e-32
5864.32 2.758015e-14 1.210634e-32
5866.70 2.748094e-14 1.205351e-32
5869.08 2.758332e-14 1.207189e-32
5871.46 2.756456e-14 1.203048e-32
5873.84 2.747399e-14 1.196702e-32
5876.22 2.736368e-14 1.190298e-32
5878.60 2.726257e-14 1.184108e-32
5880.98 2.715374e-14 1.177512e-32
5883.36 2.695240e-14 1.167998e-32
5885.74 2.662013e-14 1.153992e-32
5888.12 2.638633e-14 1.144943e-32
5890.50 2.618331e-14 1.136897e-32
5892.88 2.603065e-14 1.129525e-32
5895.26 2.599599e-14 1.124978e-32
5897.64 2.582262e-14 1.112596e-32
5900.02 2.562494e-14 1.099726e-32
5902.40 2.561253e-14 1.095361e-32
5904.78 2.555250e-14 1.089227e-32
5907.16 2.528126e-14 1.075432e-32
5909.54 2.510525e-14 1.067527e-32
5911.92 2.489115e-14 1.056770e-32
5914.30 2.457033e-14 1.041874e-32
5916.68 2.432009e-14 1.029620e-32
5919.06 2.402771e-14 1.015096e-32
5921.44 2.355951e-14 9.944300e-33
5923.82 2.354920e-14 9.921057e-33
5926.20 2.336224e-14 9.826952e-33
5928.58 2.300293e-14 9.670179e-33
5930.96 2.278014e-14 9.564551e-33
5933.34 2.259006e-14 9.463639e-33
5935.72 2.219459e-14 9.296131e-33
5938.10 2.177214e-14 9.114483e-33
5940.48 2.142868e-14 8.951241e-33
5942.86 2.109827e-14 8.791499e-33
5945.24 2.076557e-14 8.641251e-33
5947.62 2.049179e-14 8.521039e-33
5950.00 2.011959e-14 8.360819e-33
5952.38 1.998558e-14 8.297453e-33
5954.76 1.983958e-14 8.223983e-33
5957.14 1.937943e-14 8.018812e-33
5959.52 1.889616e-14 7.809395e-33
5961.90 1.859840e-14 7.677371e-33
5964.28 1.830696e-14 7.553573e-33
5966.66 1.800835e-14 7.424508e-33
5969.04 1.767249e-14 7.273502e-33
5971.42 1.721995e-14 7.080045e-33
5973.80 1.679483e-14 6.913343e-33
5976.18 1.649509e-14 6.793884e-33
5978.56 1.612466e-14 6.644161e-33
5980.94 1.588060e-14 6.533071e-33
5983.32 1.580732e-14 6.471779e-33
5985.70 1.542436e-14 6.297218e-33
5988.08 1.514725e-14 6.198110e-33
5990.46 1.485467e-14 6.083687e-33
5992.84 1.460089e-14 5.961600e-33
5995.22 1.443074e-14 5.868850e-33
5997.60 1.416345e-14 5.751617e-33
5999.98 1.394341e-14 5.679623e-33
6002.36 1.374240e-14 5.603903e-33
6004.74 1.343395e-14 5.468408e-33
6007.12 1.301498e-14 5.296708e-33
6009.50 1.269830e-14 5.170595e-33
6011.88 1.265046e-14 5.121053e-33
6014.26 1.247250e-14 5.039561e-33
6016.64 1.223351e-14 4.943160e-33
6019.02 1.207549e-14 4.871673e-33
6021.40 1.195743e-14 4.814507e-33
6023.78 1.183263e-14 4.754506e-33
6026.16 1.169015e-14 4.692135e-33
6028.54 1.156554e-14 4.633184e-33
6030.92 1.152385e-14 4.608976e-33
6033.30 1.146729e-14 4.583131e-33
6035.68 1.130637e-14 4.507805e-33
6038.06 1.133668e-14 4.503438e-33
6040.44 1.129963e-14 4.480076e-33
6042.82 1.119317e-14 4.432748e-33
6045.20 1.120346e-14 4.425773e-33
6047.58 1.129664e-14 4.447446e-33
6049.96 1.127631e-14 4.428443e-33
6052.34 1.135951e-14 4.449926e-33
6054.72 1.149595e-14 4.485128e-33
6057.10 1.157109e-14 4.496833e-33
6059.48 1.162465e-14 4.505097e-33
6061.86 1.170024e-14 4.515995e-33
6064.24 1.164596e-14 4.482438e-33
6066.62 1.164968e-14 4.480222e-33
6069.00 1.166373e-14 4.482201e-33
6071.38 1.165275e-14 4.465601e-33
6073.76 1.179734e-14 4.501391e-33
6076.14 1.197322e-14 4.550811e-33
6078.52 1.210698e-14 4.584070e-33
6080.90 1.217470e-14 4.591796e-33
6083.28 1.226624e-14 4.618130e-33
6085.66 1.246977e-14 4.695066e-33
6088.04 1.268106e-14 4.755303e-33
6090.42 1.284630e-14 4.788796e-33
6092.80 1.294544e-14 4.810029e-33
6095.18 1.298491e-14 4.817484e-33
6097.56 1.301430e-14 4.816287e-33
6099.94 1.308116e-14 4.830061e-33
6102.32 1.311419e-14 4.832636e-33
6104.70 1.309637e-14 4.816766e-33
6107.08 1.309223e-14 4.804275e-33
6109.46 1.311849e-14 4.800877e-33
6111.84 1.314993e-14 4.800844e-33
6114.22 1.325482e-14 4.832975e-33
6116.60 1.323927e-14 4.818438e-33
6118.98 1.313463e-14 4.767949e-33
6121.36 1.309874e-14 4.741694e-33
6123.74 1.314426e-14 4.746074e-33
6126.12 1.314704e-14 4.740225e-33
6128.50 1.311087e-14 4.721978e-33
6130.88 1.319021e-14 4.742439e-33
6133.26 1.328383e-14 4.766971e-33
6135.64 1.326382e-14 4.751766e-33
6138.02 1.328378e-14 4.749189e-33
6140.40 1.324039e-14 4.724754e-33
6142.78 1.325585e-14 4.720279e-33
6145.16 1.327556e-14 4.719583e-33
6147.54 1.326892e-14 4.711323e-33
6149.92 1.338689e-14 4.742543e-33
6152.30 1.351754e-14 4.777934e-33
6154.68 1.359240e-14 4.795693e-33
6157.06 1.357553e-14 4.782869e-33
6159.44 1.354598e-14 4.765714e-33
6161.82 1.356812e-14 4.767746e-33
6164.20 1.353796e-14 4.753664e-33
6166.58 1.364243e-14 4.775829e-33
6168.96 1.375368e-14 4.803774e-33
6171.34 1.382603e-14 4.826550e-33
6173.72 1.393528e-14 4.857902e-33
6176.10 1.402411e-14 4.875055e-33
6178.48 1.416682e-14 4.913166e-33
6180.86 1.427286e-14 4.939682e-33
6183.24 1.435253e-14 4.953147e-33
6185.62 1.444790e-14 4.966628e-33
6188.00 1.450804e-14 4.969484e-33
6190.38 1.455184e-14 4.982944e-33
6192.76 1.456385e-14 4.993336e-33
6195.14 1.463323e-14 5.014135e-33
6197.52 1.474184e-14 5.041107e-33
6199.90 1.478596e-14 5.050493e-33
6202.28 1.484120e-14 5.060354e-33
6204.66 1.488000e-14 5.063433e-33
6207.04 1.492628e-14 5.070761e-33
6209.42 1.499579e-14 5.084933e-33
6211.80 1.505962e-14 5.093574e-33
6214.18 1.510158e-14 5.095189e-33
6216.56 1.514555e-14 5.099960e-33
6218.94 1.518411e-14 5.101714e-33
6221.32 1.514482e-14 5.080473e-33
6223.70 1.506209e-14 5.050475e-33
6226.08 1.505082e-14 5.041949e-33
6228.46 1.499224e-14 5.011536e-33
6230.84 1.490436e-14 4.973619e-33
6233.22 1.477407e-14 4.933359e-33
6235.60 1.468521e-14 4.907824e-33
6237.98 1.467749e-14 4.893898e-33
6240.36 1.450163e-14 4.820241e-33
6242.74 1.434207e-14 4.753784e-33
6245.12 1.420592e-14 4.702013e-33
6247.50 1.404930e-14 4.645967e-33
6249.88 1.389957e-14 4.587265e-33
6252.26 1.375927e-14 4.531470e-33
6254.64 1.362420e-14 4.485952e-33
6257.02 1.345948e-14 4.433824e-33
6259.40 1.330013e-14 4.374771e-33
6261.78 1.309810e-14 4.295281e-33
6264.16 1.275899e-14 4.178910e-33
6266.54 1.248682e-14 4.088811e-33
6268.92 1.220989e-14 3.992815e-33
6271.30 1.195493e-14 3.914708e-33
6273.68 1.173848e-14 3.882410e-33
6276.06 1.147993e-14 3.857952e-33
6278.44 1.120361e-14 3.796492e-33
6280.82 1.094525e-14 3.700011e-33
6283.20 1.071695e-14 3.586001e-33
6285.58 1.051139e-14 3.481319e-33
6287.96 1.033525e-14 3.407837e-33
6290.34 1.020007e-14 3.358650e-33
6292.72 1.004124e-14 3.304360e-33
6295.10 9.891756e-15 3.252262e-33
6297.48 9.746386e-15 3.206077e-33
6299.86 9.584087e-15 3.157074e-33
6302.24 9.445016e-15 3.105155e-33
6304.62 9.343902e-15 3.057878e-33
6307.00 9.214037e-15 3.001638e-33
6309.38 9.097120e-15 2.948880e-33
6311.76 9.010177e-15 2.904982e-33
6314.14 8.895656e-15 2.857980e-33
6316.52 8.778804e-15 2.816227e-33
6318.90 8.660563e-15 2.766183e-33
6321.28 8.576492e-15 2.733946e-33
6323.66 8.561076e-15 2.730739e-33
6326.04 8.584166e-15 2.731902e-33
6328.42 8.574760e-15 2.721155e-33
6330.80 8.554245e-15 2.710180e-33
6333.18 8.525293e-15 2.697192e-33
6335.56 8.517249e-15 2.687555e-33
6337.94 8.560241e-15 2.690485e-33
6340.32 8.623542e-15 2.700521e-33
6342.70 8.654103e-15 2.706285e-33
6345.08 8.710298e-15 2.721734e-33
6347.46 8.820281e-15 2.750745e-33
6349.84 8.929765e-15 2.777073e-33
6352.22 9.014652e-15 2.797500e-33
6354.60 9.158465e-15 2.839059e-33
6356.98 9.278665e-15 2.871494e-33
6359.36 9.409026e-15 2.903747e-33
6361.74 9.574383e-15 2.946208e-33
6364.12 9.710318e-15 2.980945e-33
6366.50 9.796049e-15 2.998990e-33
6368.88 9.939472e-15 3.031071e-33
6371.26 1.008862e-14 3.067571e-33
6373.64 1.021954e-14 3.098515e-33
6376.02 1.036557e-14 3.131368e-33
6378.40 1.053956e-14 3.176115e-33
6380.78 1.075213e-14 3.232581e-33
6383.16 1.086890e-14 3.261795e-33
6385.54 1.098416e-14 3.290462e-33
6387.92 1.119367e-14 3.345282e-33
6390.30 1.140108e-14 3.398833e-33
6392.68 1.155164e-14 3.435808e-33
6395.06 1.171330e-14 3.473660e-33
6397.44 1.194172e-14 3.530724e-33
6399.82 1.218390e-14 3.596002e-33
6402.20 1.237487e-14 3.648380e-33
6404.58 1.254655e-14 3.689073e-33
6406.96 1.267944e-14 3.719111e-33
6409.34 1.283169e-14 3.759174e-33
6411.72 1.306731e-14 3.822149e-33
6414.10 1.334166e-14 3.894677e-33
6416.48 1.354176e-14 3.950563e-33
6418.86 1.369067e-14 3.985982e-33
6421.24 1.387680e-14 4.030652e-33
6423.62 1.414956e-14 4.101628e-33
6426.00 1.438233e-14 4.163795e-33
6428.38 1.447930e-14 4.188576e-33
6430.76 1.466734e-14 4.232549e-33
6433.14 1.484496e-14 4.276973e-33
6435.52 1.497745e-14 4.311110e-33
6437.90 1.511393e-14 4.345459e-33
6440.28 1.526566e-14 4.384955e-33
6442.66 1.541805e-14 4.424117e-33
6445.04 1.563738e-14 4.475201e-33
6447.42 1.583492e-14 4.523386e-33
6449.80 1.597572e-14 4.559923e-33
6452.18 1.610770e-14 4.594599e-33
6454.56 1.626208e-14 4.639248e-33
6456.94 1.645909e-14 4.691605e-33
6459.32 1.657503e-14 4.716647e-33
6461.70 1.664820e-14 4.729429e-33
6464.08 1.674758e-14 4.755926e-33
6466.46 1.682664e-14 4.783840e-33
6468.84 1.686623e-14 4.794624e-33
6471.22 1.689757e-14 4.793595e-33
6473.60 1.693099e-14 4.792795e-33
6475.98 1.698129e-14 4.798880e-33
6478.36 1.704425e-14 4.807671e-33
6480.74 1.706953e-14 4.809983e-33
6483.12 1.708505e-14 4.811802e-33
6485.50 1.712375e-14 4.815795e-33
6487.88 1.718234e-14 4.823186e-33
6490.26 1.722071e-14 4.828740e-33
6492.64 1.721179e-14 4.825257e-33
6495.02 1.720629e-14 4.826824e-33
6497.40 1.722756e-14 4.834409e-33
6499.78 1.720986e-14 4.827053e-33
6502.16 1.717753e-14 4.811465e-33
6504.54 1.718769e-14 4.804726e-33
6506.92 1.710035e-14 4.771657e-33
6509.30 1.707770e-14 4.755949e-33
6511.68 1.697443e-14 4.719586e-33
6514.06 1.673145e-14 4.647141e-33
6516.44 1.655337e-14 4.594315e-33
6518.82 1.650274e-14 4.579176e-33
6521.20 1.637519e-14 4.540914e-33
6523.58 1.628381e-14 4.509205e-33
6525.96 1.616200e-14 4.472126e-33
6528.34 1.590735e-14 4.402939e-33
6530.72 1.569529e-14 4.341495e-33
6533.10 1.553050e-14 4.291318e-33
6535.48 1.541495e-14 4.253955e-33
6537.86 1.525776e-14 4.204507e-33
6540.24 1.505709e-14 4.145462e-33
6542.62 1.489389e-14 4.100642e-33
6545.00 1.467490e-14 4.037412e-33
6547.38 1.449816e-14 3.983228e-33
6549.76 1.426587e-14 3.920323e-33
6552.14 1.397039e-14 3.843366e-33
6554.52 1.374155e-14 3.778728e-33
6556.90 1.356107e-14 3.726495e-33
6559.28 1.341545e-14 3.682329e-33
6561.66 1.320229e-14 3.622114e-33
6564.04 1.289435e-14 3.536176e-33
6566.42 1.260977e-14 3.454300e-33
6568.80 1.243587e-14 3.404201e-33
6571.18 1.222288e-14 3.339900e-33
6573.56 1.205973e-14 3.285892e-33
6575.94 1.187840e-14 3.234278e-33
6578.32 1.157122e-14 3.155710e-33
6580.70 1.122275e-14 3.060897e-33
6583.08 1.095814e-14 2.985905e-33
6585.46 1.075762e-14 2.925879e-33
6587.84 1.062038e-14 2.880764e-33
6590.22 1.047411e-14 2.835780e-33
6592.60 1.023199e-14 2.771659e-33
6594.98 9.967765e-15 2.703381e-33
6597.36 9.744571e-15 2.642324e-33
6599.74 9.540973e-15 2.588568e-33
6602.12 9.354135e-15 2.538637e-33
6604.50 9.144290e-15 2.478166e-33
6606.88 8.851710e-15 2.398374e-33
6609.26 8.649552e-15 2.342475e-33
6611.64 8.506546e-15 2.301117e-33
6614.02 8.323727e-15 2.250654e-33
6616.40 8.091909e-15 2.189674e-33
6618.78 7.881851e-15 2.133991e-33
6621.16 7.720538e-15 2.088847e-33
6623.54 7.556209e-15 2.043852e-33
6625.92 7.375698e-15 1.994818e-33
6628.30 7.219334e-15 1.952586e-33
6630.68 7.085181e-15 1.918427e-33
6633.06 6.903605e-15 1.871597e-33
6635.44 6.752184e-15 1.830609e-33
6637.82 6.629626e-15 1.794763e-33
6640.20 6.510519e-15 1.759046e-33
6642.58 6.396990e-15 1.727485e-33
6644.96 6.270477e-15 1.696453e-33
6647.34 6.071109e-15 1.644159e-33
6649.72 5.924926e-15 1.604800e-33
6652.10 5.834159e-15 1.578546e-33
6654.48 5.726241e-15 1.548040e-33
6656.86 5.598566e-15 1.515898e-33
6659.24 5.455481e-15 1.477758e-33
6661.62 5.330803e-15 1.445344e-33
6664.00 5.186504e-15 1.407091e-33
6666.38 5.047607e-15 1.369147e-33
6668.76 4.948975e-15 1.343198e-33
6671.14 4.805697e-15 1.305527e-33
6673.52 4.723890e-15 1.283616e-33
6675.90 4.636048e-15 1.259944e-33
6678.28 4.519544e-15 1.229725e-33
6680.66 4.428609e-15 1.206054e-33
6683.04 4.355744e-15 1.184090e-33
6685.42 4.305727e-15 1.169109e-33
6687.80 4.256579e-15 1.154837e-33
6690.18 4.167718e-15 1.131123e-33
6692.56 4.059146e-15 1.103547e-33
6694.94 3.992648e-15 1.086288e-33
6697.32 3.941671e-15 1.072099e-33
6699.70 3.886855e-15 1.057625e-33
6702.08 3.835762e-15 1.043541e-33
6704.46 3.792069e-15 1.030835e-33
6706.84 3.748737e-15 1.018789e-33
6709.22 3.705328e-15 1.005439e-33
6711.60 3.653068e-15 9.908364e-34
6713.98 3.604021e-15 9.781756e-34
6716.36 3.549462e-15 9.636958e-34
6718.74 3.498279e-15 9.492115e-34
6721.12 3.486777e-15 9.449232e-34
6723.50 3.450382e-15 9.343207e-34
6725.88 3.389584e-15 9.189206e-34
6728.26 3.333930e-15 9.046588e-34
6730.64 3.308949e-15 8.968777e-34
6733.02 3.311925e-15 8.967202e-34
6735.40 3.291597e-15 8.912322e-34
6737.78 3.244850e-15 8.789740e-34
6740.16 3.208297e-15 8.687130e-34
6742.54 3.201623e-15 8.660637e-34
6744.92 3.202722e-15 8.652383e-34
6747.30 3.176147e-15 8.556601e-34
6749.68 3.118926e-15 8.410486e-34
6752.06 3.092829e-15 8.333883e-34
6754.44 3.103407e-15 8.347350e-34
6756.82 3.107615e-15 8.364648e-34
6759.20 3.098645e-15 8.324286e-34
6761.58 3.081272e-15 8.260321e-34
6763.96 3.082269e-15 8.257431e-34
6766.34 3.089232e-15 8.272993e-34
6768.72 3.069903e-15 8.214565e-34
6771.10 3.030627e-15 8.103895e-34
6773.48 3.019239e-15 8.063058e-34
6775.86 3.038086e-15 8.104932e-34
6778.24 3.063832e-15 8.159119e-34
6780.62 3.071481e-15 8.164608e-34
6783.00 3.077322e-15 8.174905e-34
6785.38 3.126381e-15 8.291048e-34
6787.76 3.131671e-15 8.298129e-34
6790.14 3.131649e-15 8.278668e-34
6792.52 3.158047e-15 8.325026e-34
6794.90 3.184752e-15 8.391255e-34
6797.28 3.204089e-15 8.439504e-34
6799.66 3.214511e-15 8.453269e-34
6802.04 3.260688e-15 8.554666e-34
6804.42 3.312391e-15 8.667528e-34
6806.80 3.324408e-15 8.670875e-34
6809.18 3.321932e-15 8.641501e-34
6811.56 3.340693e-15 8.699191e-34
6813.94 3.396578e-15 8.845659e-34
6816.32 3.436853e-15 8.947553e-34
6818.70 3.442983e-15 8.962789e-34
6821.08 3.450820e-15 8.974860e-34
6823.46 3.469276e-15 9.032213e-34
6825.84 3.535201e-15 9.232246e-34
6828.22 3.583490e-15 9.395619e-34
6830.60 3.615419e-15 9.500947e-34
6832.98 3.668464e-15 9.619654e-34
6835.36 3.695889e-15 9.636011e-34
6837.74 3.717578e-15 9.648314e-34
6840.12 3.771033e-15 9.747319e-34
6842.50 3.817920e-15 9.841254e-34
6844.88 3.842648e-15 9.869008e-34
6847.26 3.880792e-15 9.889073e-34
6849.64 3.879600e-15 9.850092e-34
6852.02 3.915455e-15 9.942347e-34
6854.40 3.975215e-15 1.010220e-33
6856.78 4.028975e-15 1.025967e-33
6859.16 4.082640e-15 1.051151e-33
6861.54 4.118473e-15 1.096241e-33
6863.92 4.230081e-15 1.196396e-33
6866.30 4.333363e-15 1.342199e-33
6868.68 4.367634e-15 1.473772e-33
6871.06 4.362552e-15 1.522473e-33
6873.44 4.324613e-15 1.468872e-33
6875.82 4.280868e-15 1.373378e-33
6878.20 4.279361e-15 1.291636e-33
6880.58 4.353658e-15 1.255103e-33
6882.96 4.495337e-15 1.270376e-33
6885.34 4.635254e-15 1.315532e-33
6887.72 4.678401e-15 1.348435e-33
6890.10 4.696786e-15 1.365249e-33
6892.48 4.709993e-15 1.365955e-33
6894.86 4.734101e-15 1.359097e-33
6897.24 4.799102e-15 1.358179e-33
6899.62 4.855501e-15 1.358935e-33
6902.00 4.923722e-15 1.363761e-33
6904.38 4.992798e-15 1.366111e-33
6906.76 5.042897e-15 1.361556e-33
6909.14 5.089081e-15 1.357195e-33
6911.52 5.164950e-15 1.363226e-33
6913.90 5.251125e-15 1.373462e-33
6916.28 5.272922e-15 1.367959e-33
6918.66 5.293826e-15 1.361930e-33
6921.04 5.380334e-15 1.373709e-33
6923.42 5.461910e-15 1.386469e-33
6925.80 5.511779e-15 1.386835e-33
6928.18 5.592476e-15 1.390812e-33
6930.56 5.707009e-15 1.401723e-33
6932.94 5.814695e-15 1.417314e-33
6935.32 5.909752e-15 1.439782e-33
6937.70 6.004871e-15 1.460259e-33
6940.08 6.007826e-15 1.460846e-33
6942.46 6.003978e-15 1.458977e-33
6944.84 6.087366e-15 1.478707e-33
6947.22 6.208398e-15 1.512263e-33
6949.60 6.257472e-15 1.526966e-33
6951.98 6.252098e-15 1.522513e-33
6954.36 6.284352e-15 1.521518e-33
6956.74 6.323236e-15 1.524359e-33
6959.12 6.330095e-15 1.524388e-33
6961.50 6.363336e-15 1.529335e-33
6963.88 6.398735e-15 1.535201e-33
6966.26 6.410437e-15 1.536021e-33
6968.64 6.374969e-15 1.528391e-33
6971.02 6.368722e-15 1.528899e-33
6973.40 6.430358e-15 1.542807e-33
6975.78 6.384611e-15 1.531407e-33
6978.16 6.356418e-15 1.524828e-33
6980.54 6.305867e-15 1.512456e-33
6982.92 6.259584e-15 1.498591e-33
6985.30 6.273785e-15 1.496554e-33
6987.68 6.245209e-15 1.484940e-33
6990.06 6.279319e-15 1.489220e-33
6992.44 6.309069e-15 1.493938e-33
6994.82 6.293761e-15 1.489124e-33
6997.20 6.299183e-15 1.490279e-33
6999.58 6.348794e-15 1.502678e-33
7001.96 6.332348e-15 1.497536e-33
7004.34 6.325981e-15 1.496433e-33
7006.72 6.387490e-15 1.510698e-33
7009.10 6.449587e-15 1.523449e-33
7011.48 6.441438e-15 1.520628e-33
7013.86 6.436309e-15 1.516590e-33
7016.24 6.462733e-15 1.520034e-33
7018.62 6.492632e-15 1.525425e-33
7021.00 6.522493e-15 1.530292e-33
7023.38 6.573298e-15 1.539529e-33
7025.76 6.618630e-15 1.549981e-33
7028.14 6.604791e-15 1.546181e-33
7030.52 6.681521e-15 1.560346e-33
7032.90 6.797004e-15 1.582619e-33
7035.28 6.807000e-15 1.583196e-33
7037.66 6.783888e-15 1.578655e-33
7040.04 6.859788e-15 1.595738e-33
7042.42 6.906132e-15 1.605166e-33
7044.80 6.959070e-15 1.614628e-33
7047.18 7.059691e-15 1.635822e-33
7049.56 7.130161e-15 1.653209e-33
7051.94 7.199771e-15 1.667725e-33
7054.32 7.278482e-15 1.682481e-33
7056.70 7.300865e-15 1.684140e-33
7059.08 7.323467e-15 1.687804e-33
7061.46 7.417616e-15 1.709584e-33
7063.84 7.480264e-15 1.721878e-33
7066.22 7.543621e-15 1.734070e-33
7068.60 7.631031e-15 1.752795e-33
7070.98 7.720371e-15 1.771542e-33
7073.36 7.763249e-15 1.778741e-33
7075.74 7.752144e-15 1.774859e-33
7078.12 7.777211e-15 1.780710e-33
7080.50 7.821529e-15 1.790193e-33
7082.88 7.917975e-15 1.809180e-33
7085.26 8.054187e-15 1.836721e-33
7087.64 8.130417e-15 1.853066e-33
7090.02 8.150248e-15 1.857240e-33
7092.40 8.255046e-15 1.877039e-33
7094.78 8.304640e-15 1.884966e-33
7097.16 8.283654e-15 1.880059e-33
7099.54 8.320462e-15 1.888356e-33
7101.92 8.356775e-15 1.894582e-33
7104.30 8.413953e-15 1.903328e-33
7106.68 8.472578e-15 1.916012e-33
7109.06 8.549845e-15 1.933888e-33
7111.44 8.623035e-15 1.948268e-33
7113.82 8.639105e-15 1.951086e-33
7116.20 8.730656e-15 1.969834e-33
7118.58 8.771291e-15 1.978909e-33
7120.96 8.790550e-15 1.983965e-33
7123.34 8.852347e-15 1.997564e-33
7125.72 8.899558e-15 2.007668e-33
7128.10 8.931272e-15 2.013642e-33
7130.48 8.961434e-15 2.019572e-33
7132.86 9.076729e-15 2.043291e-33
7135.24 9.152005e-15 2.058727e-33
7137.62 9.097181e-15 2.047490e-33
7140.00 9.153265e-15 2.059151e-33
7142.38 9.165461e-15 2.061778e-33
7144.76 9.196654e-15 2.068697e-33
7147.14 9.260672e-15 2.083191e-33
7149.52 9.275746e-15 2.086793e-33
7151.90 9.256257e-15 2.080629e-33
7154.28 9.279568e-15 2.084372e-33
7156.66 9.329744e-15 2.093321e-33
7159.04 9.323744e-15 2.092448e-33
7161.42 9.273240e-15 2.080024e-33
7163.80 9.291303e-15 2.084650e-33
7166.18 9.370636e-15 2.135233e-33
7168.56 9.325949e-15 2.151008e-33
7170.94 9.293151e-15 2.162403e-33
7173.32 9.315975e-15 2.188666e-33
7175.70 9.297288e-15 2.199129e-33
7178.08 9.331467e-15 2.214010e-33
7180.46 9.387447e-15 2.236025e-33
7182.84 9.440215e-15 2.267759e-33
7185.22 9.453273e-15 2.294027e-33
7187.60 9.431603e-15 2.297387e-33
7189.98 9.430810e-15 2.282632e-33
7192.36 9.431152e-15 2.265537e-33
7194.74 9.544287e-15 2.273568e-33
7197.12 9.634282e-15 2.293536e-33
7199.50 9.611455e-15 2.305670e-33
7201.88 9.637460e-15 2.321485e-33
7204.26 9.743593e-15 2.345159e-33
7206.64 9.736563e-15 2.317853e-33
7209.02 9.792781e-15 2.300608e-33
7211.40 9.978944e-15 2.308898e-33
7213.78 1.004288e-14 2.282816e-33
7216.16 9.912756e-15 2.240399e-33
7218.54 9.987108e-15 2.223210e-33
7220.92 1.013267e-14 2.243921e-33
7223.30 1.015717e-14 2.275140e-33
7225.68 1.016891e-14 2.310022e-33
7228.06 1.029022e-14 2.365046e-33
7230.44 1.026781e-14 2.380511e-33
7232.82 1.023431e-14 2.399668e-33
7235.20 1.022836e-14 2.418009e-33
7237.58 1.027340e-14 2.438362e-33
7239.96 1.042871e-14 2.497732e-33
7242.34 1.049341e-14 2.539433e-33
7244.72 1.048762e-14 2.521648e-33
7247.10 1.044498e-14 2.479156e-33
7249.48 1.035811e-14 2.444904e-33
7251.86 1.012045e-14 2.390328e-33
7254.24 9.688899e-15 2.292625e-33
7256.62 9.675998e-15 2.270803e-33
7259.00 1.001485e-14 2.326648e-33
7261.38 1.024223e-14 2.369954e-33
7263.76 1.031390e-14 2.396598e-33
7266.14 1.055448e-14 2.475964e-33
7268.52 1.062375e-14 2.488050e-33
7270.90 1.062329e-14 2.488842e-33
7273.28 1.061269e-14 2.525663e-33
7275.66 1.062022e-14 2.581583e-33
7278.04 1.069509e-14 2.611165e-33
7280.42 1.066403e-14 2.561473e-33
7282.80 1.066663e-14 2.516994e-33
7285.18 1.073644e-14 2.514677e-33
7287.56 1.068617e-14 2.505861e-33
7289.94 1.043706e-14 2.452501e-33
7292.32 1.026884e-14 2.402007e-33
7294.70 1.031521e-14 2.389642e-33
7297.08 1.035390e-14 2.378409e-33
7299.46 1.023728e-14 2.349640e-33
7301.84 1.006444e-14 2.326486e-33
7304.22 9.960789e-15 2.316316e-33
7306.60 9.861740e-15 2.286133e-33
7308.98 9.818089e-15 2.264697e-33
7311.36 9.789124e-15 2.257236e-33
7313.74 9.681757e-15 2.238906e-33
7316.12 9.547819e-15 2.215091e-33
7318.50 9.534338e-15 2.216336e-33
7320.88 9.393049e-15 2.143330e-33
7323.26 9.324764e-15 2.089583e-33
7325.64 9.389886e-15 2.101427e-33
7328.02 9.364994e-15 2.099875e-33
7330.40 9.316475e-15 2.092674e-33
7332.78 9.252614e-15 2.077423e-33
7335.16 9.213627e-15 2.067250e-33
7337.54 9.154209e-15 2.063471e-33
7339.92 9.063117e-15 2.061828e-33
7342.30 9.043022e-15 2.064128e-33
7344.68 9.022454e-15 2.048267e-33
7347.06 9.040620e-15 2.032211e-33
7349.44 9.029102e-15 2.015449e-33
7351.82 8.921710e-15 1.988417e-33
7354.20 8.820578e-15 1.968177e-33
7356.58 8.835994e-15 1.977254e-33
7358.96 8.816925e-15 1.979503e-33
7361.34 8.770252e-15 1.968539e-33
7363.72 8.754602e-15 1.960695e-33
7366.10 8.731787e-15 1.960109e-33
7368.48 8.684023e-15 1.962129e-33
7370.86 8.736006e-15 1.979083e-33
7373.24 8.772005e-15 1.978521e-33
7375.62 8.712215e-15 1.950547e-33
7378.00 8.676587e-15 1.932124e-33
7380.38 8.740405e-15 1.941301e-33
7382.76 8.662263e-15 1.922310e-33
7385.14 8.655990e-15 1.919751e-33
7387.52 8.776464e-15 1.946855e-33
7389.90 8.860480e-15 1.969415e-33
7392.28 8.842419e-15 1.970681e-33
7394.66 8.806950e-15 1.964388e-33
7397.04 8.795084e-15 1.962516e-33
7399.42 8.777163e-15 1.964655e-33
7401.80 8.782011e-15 1.972065e-33
7404.18 8.826365e-15 1.979620e-33
7406.56 8.809606e-15 1.969168e-33
7408.94 8.853634e-15 1.965866e-33
7411.32 8.893765e-15 1.968562e-33
7413.70 8.919575e-15 1.974786e-33
7416.08 8.948107e-15 1.980439e-33
7418.46 8.904614e-15 1.972140e-33
7420.84 8.912590e-15 1.970691e-33
7423.22 8.943683e-15 1.976376e-33
7425.60 8.976241e-15 1.987355e-33
7427.98 9.015827e-15 2.000698e-33
7430.36 9.018032e-15 2.003103e-33
7432.74 8.951958e-15 1.988227e-33
7435.12 8.988803e-15 1.996662e-33
7437.50 9.065119e-15 2.015378e-33
7439.88 9.072630e-15 2.018701e-33
7442.26 9.051479e-15 2.012058e-33
7444.64 9.066536e-15 2.008330e-33
7447.02 9.117312e-15 2.014239e-33
7449.40 9.088692e-15 2.008365e-33
7451.78 8.996824e-15 1.990841e-33
7454.16 8.946522e-15 1.980394e-33
7456.54 8.935807e-15 1.977513e-33
7458.92 8.933656e-15 1.976635e-33
7461.30 8.922255e-15 1.976380e-33
7463.68 8.907292e-15 1.977699e-33
7466.06 8.853980e-15 1.969931e-33
7468.44 8.769220e-15 1.953737e-33
7470.82 8.822693e-15 1.970092e-33
7473.20 8.802175e-15 1.969208e-33
7475.58 8.672805e-15 1.942909e-33
7477.96 8.581575e-15 1.925245e-33
7480.34 8.574997e-15 1.926061e-33
7482.72 8.522310e-15 1.914046e-33
7485.10 8.407932e-15 1.885888e-33
7487.48 8.326223e-15 1.864568e-33
7489.86 8.262836e-15 1.848316e-33
7492.24 8.161431e-15 1.823350e-33
7494.62 8.073871e-15 1.800321e-33
7497.00 7.993296e-15 1.783502e-33
7499.38 7.920696e-15 1.768102e-33
7501.76 7.858046e-15 1.754111e-33
7504.14 7.779421e-15 1.739301e-33
7506.52 7.659904e-15 1.715884e-33
7508.90 7.549341e-15 1.689620e-33
7511.28 7.505547e-15 1.680532e-33
7513.66 7.480857e-15 1.679601e-33
7516.04 7.428780e-15 1.672477e-33
7518.42 7.345282e-15 1.658815e-33
7520.80 7.215525e-15 1.641801e-33
7523.18 7.137070e-15 1.638552e-33
7525.56 7.115646e-15 1.639585e-33
7527.94 7.042959e-15 1.619135e-33
7530.32 6.916288e-15 1.583293e-33
7532.70 6.878544e-15 1.567854e-33
7535.08 6.806730e-15 1.545851e-33
7537.46 6.695966e-15 1.517089e-33
7539.84 6.607931e-15 1.496758e-33
7542.22 6.562465e-15 1.488286e-33
7544.60 6.499661e-15 1.475393e-33
7546.98 6.341532e-15 1.441000e-33
7549.36 6.208950e-15 1.412499e-33
7551.74 6.144628e-15 1.399496e-33
7554.12 6.099072e-15 1.391133e-33
7556.50 6.046662e-15 1.381624e-33
7558.88 6.004735e-15 1.374073e-33
7561.26 5.929392e-15 1.358827e-33
7563.64 5.910397e-15 1.354776e-33
7566.02 5.917888e-15 1.358396e-33
7568.40 5.860829e-15 1.353213e-33
7570.78 5.804607e-15 1.350324e-33
7573.16 5.772108e-15 1.347483e-33
7575.54 5.787698e-15 1.345866e-33
7577.92 5.773591e-15 1.331510e-33
7580.30 5.720129e-15 1.312978e-33
7582.68 5.755364e-15 1.328282e-33
7585.06 5.857484e-15 1.369535e-33
7587.44 5.913150e-15 1.409949e-33
7589.82 6.010865e-15 1.513413e-33
7592.20 6.236180e-15 1.797364e-33
7594.58 6.486103e-15 2.370481e-33
7596.96 6.582865e-15 3.253549e-33
7599.34 6.410022e-15 4.185460e-33
7601.72 6.132005e-15 4.968884e-33
7604.10 5.909714e-15 5.364979e-33
7606.48 5.792379e-15 5.204619e-33
7608.86 5.816006e-15 4.613712e-33
7611.24 5.923363e-15 3.810734e-33
7613.62 5.947228e-15 2.988256e-33
7616.00 6.096710e-15 2.420158e-33
7618.38 6.428479e-15 2.235041e-33
7620.76 6.604103e-15 2.331629e-33
7623.14 6.738659e-15 2.682901e-33
7625.52 6.743482e-15 2.989900e-33
7627.90 6.669272e-15 3.114865e-33
7630.28 6.659865e-15 3.122243e-33
7632.66 6.721994e-15 3.081311e-33
7635.04 6.746600e-15 2.985191e-33
7637.42 6.824897e-15 2.893520e-33
7639.80 6.895230e-15 2.783885e-33
7642.18 6.918024e-15 2.655850e-33
7644.56 6.956438e-15 2.542856e-33
7646.94 7.029273e-15 2.433652e-33
7649.32 7.085626e-15 2.335422e-33
7651.70 7.181715e-15 2.261677e-33
7654.08 7.264817e-15 2.191092e-33
7656.46 7.307555e-15 2.120326e-33
7658.84 7.409125e-15 2.081757e-33
7661.22 7.515304e-15 2.053022e-33
7663.60 7.580422e-15 2.024942e-33
7665.98 7.600765e-15 1.990082e-33
7668.36 7.587435e-15 1.946220e-33
7670.74 7.570180e-15 1.904543e-33
7673.12 7.590379e-15 1.876724e-33
7675.50 7.576834e-15 1.849574e-33
7677.88 7.616946e-15 1.841318e-33
7680.26 7.675816e-15 1.840508e-33
7682.64 7.656013e-15 1.818898e-33
7685.02 7.645369e-15 1.792587e-33
7687.40 7.628629e-15 1.773766e-33
7689.78 7.608703e-15 1.759373e-33
7692.16 7.594209e-15 1.747725e-33
7694.54 7.590113e-15 1.744316e-33
7696.92 7.595000e-15 1.749615e-33
7699.30 7.577707e-15 1.746695e-33
7701.68 7.536852e-15 1.731548e-33
7704.06 7.592118e-15 1.741933e-33
7706.44 7.660529e-15 1.764645e-33
7708.82 7.583331e-15 1.762119e-33
7711.20 7.578712e-15 1.790299e-33
7713.58 7.565003e-15 1.817054e-33
7715.96 7.490092e-15 1.813493e-33
7718.34 7.447201e-15 1.794319e-33
7720.72 7.472086e-15 1.777143e-33
7723.10 7.430995e-15 1.749010e-33
7725.48 7.360933e-15 1.722484e-33
7727.86 7.319673e-15 1.708173e-33
7730.24 7.313869e-15 1.703223e-33
7732.62 7.315400e-15 1.699943e-33
7735.00 7.292368e-15 1.693465e-33
7737.38 7.220878e-15 1.678384e-33
7739.76 7.139663e-15 1.661949e-33
7742.14 7.115293e-15 1.659837e-33
7744.52 7.114580e-15 1.669149e-33
7746.90 7.080172e-15 1.682954e-33
7749.28 7.098763e-15 1.718107e-33
7751.66 7.081935e-15 1.729295e-33
7754.04 7.012014e-15 1.703948e-33
7756.42 6.911233e-15 1.663139e-33
7758.80 6.819457e-15 1.632660e-33
7761.18 6.799522e-15 1.623221e-33
7763.56 6.783541e-15 1.613561e-33
7765.94 6.717054e-15 1.592723e-33
7768.32 6.640495e-15 1.571810e-33
7770.70 6.595643e-15 1.561155e-33
7773.08 6.544217e-15 1.553094e-33
7775.46 6.465753e-15 1.541111e-33
7777.84 6.422121e-15 1.536212e-33
7780.22 6.388536e-15 1.531913e-33
7782.60 6.306023e-15 1.514312e-33
7784.98 6.206892e-15 1.490728e-33
7787.36 6.178286e-15 1.485247e-33
7789.74 6.131581e-15 1.483696e-33
7792.12 6.070626e-15 1.488801e-33
7794.50 5.992139e-15 1.486469e-33
7796.88 5.893911e-15 1.460907e-33
7799.26 5.844724e-15 1.433009e-33
7801.64 5.750611e-15 1.396542e-33
7804.02 5.671194e-15 1.373834e-33
7806.40 5.629571e-15 1.372329e-33
7808.78 5.595563e-15 1.375072e-33
7811.16 5.556158e-15 1.364992e-33
7813.54 5.439959e-15 1.335920e-33
7815.92 5.329441e-15 1.314153e-33
7818.30 5.288097e-15 1.321599e-33
7820.68 5.271800e-15 1.340897e-33
7823.06 5.217504e-15 1.335258e-33
7825.44 5.154867e-15 1.302941e-33
7827.82 5.072175e-15 1.260110e-33
7830.20 4.994307e-15 1.228612e-33
7832.58 4.928489e-15 1.211354e-33
7834.96 4.841344e-15 1.192684e-33
7837.34 4.740598e-15 1.170922e-33
7839.72 4.724801e-15 1.176394e-33
7842.10 4.679652e-15 1.171476e-33
7844.48 4.640341e-15 1.161105e-33
7846.86 4.649109e-15 1.165686e-33
7849.24 4.585794e-15 1.165586e-33
7851.62 4.556666e-15 1.182463e-33
7854.00 4.486890e-15 1.183153e-33
7856.38 4.421097e-15 1.166632e-33
7858.76 4.414812e-15 1.151168e-33
7861.14 4.403162e-15 1.135860e-33
7863.52 4.360505e-15 1.118494e-33
7865.90 4.306024e-15 1.103870e-33
7868.28 4.276161e-15 1.100060e-33
7870.66 4.264142e-15 1.101193e-33
7873.04 4.219296e-15 1.089674e-33
7875.42 4.124163e-15 1.061972e-33
7877.80 4.055772e-15 1.044055e-33
7880.18 4.024909e-15 1.037483e-33
7882.56 4.010757e-15 1.034606e-33
7884.94 3.960892e-15 1.023937e-33
7887.32 3.849788e-15 1.001444e-33
7889.70 3.815037e-15 9.977513e-34
7892.08 3.777334e-15 9.871672e-34
7894.46 3.749690e-15 9.710347e-34
7896.84 3.726746e-15 9.545653e-34
7899.22 3.643873e-15 9.295999e-34
7901.60 3.608257e-15 9.203057e-34
7903.98 3.577755e-15 9.152874e-34
7906.36 3.587791e-15 9.233584e-34
7908.74 3.585920e-15 9.377990e-34
7911.12 3.516611e-15 9.486301e-34
7913.50 3.506983e-15 9.737228e-34
7915.88 3.456857e-15 9.684372e-34
7918.26 3.407816e-15 9.429051e-34
7920.64 3.383352e-15 9.204805e-34
7923.02 3.360107e-15 9.056394e-34
7925.40 3.343924e-15 8.930411e-34
7927.78 3.299718e-15 8.764878e-34
7930.16 3.293080e-15 8.753309e-34
7932.54 3.305345e-15 8.801039e-34
7934.92 3.283790e-15 8.716437e-34
7937.30 3.249785e-15 8.559875e-34
7939.68 3.247611e-15 8.495081e-34
7942.06 3.249730e-15 8.477598e-34
7944.44 3.247671e-15 8.498568e-34
7946.82 3.227113e-15 8.509849e-34
7949.20 3.193195e-15 8.477468e-34
7951.58 3.190068e-15 8.463806e-34
7953.96 3.140011e-15 8.297277e-34
7956.34 3.117565e-15 8.224222e-34
7958.72 3.110374e-15 8.259657e-34
7961.10 3.080717e-15 8.342133e-34
7963.48 3.092566e-15 8.603058e-34
7965.86 3.079365e-15 8.674942e-34
7968.24 3.095292e-15 8.602521e-34
7970.62 3.094156e-15 8.411652e-34
7973.00 3.056526e-15 8.224515e-34
7975.38 3.061348e-15 8.257392e-34
7977.76 3.066579e-15 8.333480e-34
7980.14 3.038404e-15 8.301401e-34
7982.52 3.016720e-15 8.222705e-34
7984.90 2.981685e-15 8.078583e-34
7987.28 2.918891e-15 7.919895e-34
7989.66 2.937290e-15 8.092064e-34
7992.04 2.961178e-15 8.394734e-34
7994.42 2.960613e-15 8.526741e-34
7996.80 2.912122e-15 8.298185e-34
7999.18 2.846644e-15 7.899755e-34
8001.56 2.857101e-15 7.761750e-34
8003.94 2.881659e-15 7.762879e-34
8006.32 2.890015e-15 7.777626e-34
8008.70 2.853821e-15 7.709359e-34
8011.08 2.802599e-15 7.634494e-34
8013.46 2.808285e-15 7.712111e-34
8015.84 2.832581e-15 7.788696e-34
8018.22 2.794040e-15 7.669454e-34
8020.60 2.746643e-15 7.577995e-34
8022.98 2.725062e-15 7.650655e-34
8025.36 2.684594e-15 7.704491e-34
8027.74 2.627135e-15 7.606263e-34
8030.12 2.592704e-15 7.412962e-34
8032.50 2.600449e-15 7.267619e-34
8034.88 2.606829e-15 7.168509e-34
8037.26 2.576969e-15 7.053554e-34
8039.64 2.543811e-15 6.962197e-34
8042.02 2.518817e-15 6.898151e-34
8044.40 2.490729e-15 6.837515e-34
8046.78 2.476056e-15 6.829436e-34
8049.16 2.477570e-15 6.876844e-34
8051.54 2.460187e-15 6.877007e-34
8053.92 2.422057e-15 6.807094e-34
8056.30 2.422197e-15 6.800579e-34
8058.68 2.416118e-15 6.801821e-34
8061.06 2.404040e-15 6.841587e-34
8063.44 2.404549e-15 6.897529e-34
8065.82 2.333892e-15 6.671228e-34
8068.20 2.325430e-15 6.559400e-34
8070.58 2.306124e-15 6.449843e-34
8072.96 2.274203e-15 6.349490e-34
8075.34 2.290978e-15 6.388823e-34
8077.72 2.292407e-15 6.398187e-34
8080.10 2.267956e-15 6.358472e-34
8082.48 2.226918e-15 6.283808e-34
8084.86 2.211760e-15 6.272878e-34
8087.24 2.229630e-15 6.331943e-34
8089.62 2.239109e-15 6.347357e-34
8092.00 2.239998e-15 6.339985e-34
8094.38 2.210939e-15 6.271933e-34
8096.76 2.179310e-15 6.191354e-34
8099.14 2.175583e-15 6.194799e-34
8101.52 2.195279e-15 6.306437e-34
8103.90 2.211208e-15 6.405257e-34
8106.28 2.166812e-15 6.289488e-34
8108.66 2.128647e-15 6.132050e-34
8111.04 2.126090e-15 6.076047e-34
8113.42 2.120169e-15 6.051699e-34
8115.80 2.099248e-15 5.982543e-34
8118.18 2.073446e-15 5.923873e-34
8120.56 2.065387e-15 5.916687e-34
8122.94 2.062127e-15 5.915962e-34
8125.32 2.041927e-15 5.869819e-34
8127.70 2.020373e-15 5.831156e-34
8130.08 2.028815e-15 5.909546e-34
8132.46 2.022784e-15 5.950766e-34
8134.84 1.984321e-15 5.899028e-34
8137.22 1.970250e-15 5.919258e-34
8139.60 2.008332e-15 6.073497e-34
8141.98 2.004695e-15 6.081269e-34
8144.36 1.949265e-15 5.947104e-34
8146.74 1.879091e-15 5.766068e-34
8149.12 1.854404e-15 5.717336e-34
8151.50 1.869590e-15 5.793565e-34
8153.88 1.839077e-15 5.732086e-34
8156.26 1.782135e-15 5.634155e-34
8158.64 1.716531e-15 5.515080e-34
8161.02 1.658713e-15 5.428087e-34
8163.40 1.615456e-15 5.375701e-34
8165.78 1.574448e-15 5.244294e-34
8168.16 1.520166e-15 5.012906e-34
8170.54 1.434223e-15 4.724349e-34
8172.92 1.370658e-15 4.541560e-34
8175.30 1.337982e-15 4.484104e-34
8177.68 1.281284e-15 4.394116e-34
8180.06 1.210355e-15 4.221894e-34
8182.44 1.166805e-15 4.053865e-34
8184.82 1.123291e-15 3.885909e-34
8187.20 1.057006e-15 3.698452e-34
8189.58 9.940114e-16 3.544299e-34
8191.96 9.622284e-16 3.472503e-34
8194.34 9.309315e-16 3.371582e-34
8196.72 8.780768e-16 3.222799e-34
8199.10 8.259960e-16 3.053863e-34
8201.48 7.900923e-16 2.875554e-34
8203.86 7.484715e-16 2.680170e-34
8206.24 7.001455e-16 2.492617e-34
8208.62 6.816563e-16 2.442093e-34
8211.00 6.692134e-16 2.443501e-34
8213.38 6.354032e-16 2.379631e-34
8215.76 5.999793e-16 2.293515e-34
8218.14 5.862713e-16 2.273823e-34
8220.52 5.787896e-16 2.273737e-34
8222.90 5.583250e-16 2.242876e-34
8225.28 5.463047e-16 2.298281e-34
8227.66 5.517752e-16 2.445351e-34
8230.04 5.324478e-16 2.412086e-34
8232.42 5.084142e-16 2.265783e-34
8234.80 5.209081e-16 2.221273e-34
8237.18 5.333714e-16 2.193512e-34
8239.56 5.305197e-16 2.139472e-34
8241.94 5.519033e-16 2.196957e-34
8244.32 5.413777e-16 2.142657e-34
8246.70 5.250022e-16 2.057376e-34
8249.08 5.321607e-16 2.060028e-34
8251.46 5.472662e-16 2.115141e-34
8253.84 5.465349e-16 2.142054e-34
8256.22 5.484459e-16 2.186021e-34
8258.60 5.617804e-16 2.233156e-34
8260.98 5.636645e-16 2.208724e-34
8263.36 5.656715e-16 2.170464e-34
8265.74 5.931428e-16 2.225201e-34
8268.12 6.195431e-16 2.315108e-34
8270.50 6.128767e-16 2.341288e-34
8272.88 6.250055e-16 2.463567e-34
8275.26 6.466270e-16 2.632291e-34
8277.64 6.546744e-16 2.768902e-34
8280.02 6.767265e-16 2.962513e-34
8282.40 6.956218e-16 3.102539e-34
8284.78 7.182208e-16 3.186021e-34
8287.16 7.590674e-16 3.337696e-34
8289.54 7.974318e-16 3.469832e-34
8291.92 8.141089e-16 3.444918e-34
8294.30 8.478181e-16 3.511119e-34
8296.68 8.761680e-16 3.643435e-34
8299.06 8.821383e-16 3.705365e-34
8301.44 8.763956e-16 3.597680e-34
8303.82 8.761905e-16 3.383546e-34
8306.20 8.918766e-16 3.288277e-34
8308.58 9.354110e-16 3.395444e-34
8310.96 9.224298e-16 3.376441e-34
8313.34 8.930675e-16 3.299901e-34
8315.72 8.995015e-16 3.317459e-34
8318.10 8.972819e-16 3.298895e-34
8320.48 9.278880e-16 3.373011e-34
8322.86 9.248145e-16 3.308251e-34
8325.24 9.062953e-16 3.190561e-34
8327.62 9.107395e-16 3.188314e-34
8330.00 9.173891e-16 3.225124e-34
8332.38 9.132117e-16 3.201983e-34
8334.76 9.115049e-16 3.229099e-34
8337.14 9.284335e-16 3.352623e-34
8339.52 9.552073e-16 3.596185e-34
8341.90 9.746350e-16 3.970370e-34
8344.28 9.896092e-16 4.334164e-34
8346.66 9.967728e-16 4.357256e-34
8349.04 9.629708e-16 4.048295e-34
8351.42 9.447358e-16 3.799085e-34
8353.80 9.683409e-16 3.764141e-34
8356.18 9.687183e-16 3.683745e-34
8358.56 9.910348e-16 3.620162e-34
8360.94 1.028592e-15 3.617460e-34
8363.32 1.036325e-15 3.619780e-34
8365.70 1.026584e-15 3.616698e-34
8368.08 1.038289e-15 3.628512e-34
8370.46 1.035812e-15 3.591255e-34
8372.84 1.051716e-15 3.632944e-34
8375.22 1.065745e-15 3.682605e-34
8377.60 1.051222e-15 3.673695e-34
8379.98 1.048223e-15 3.728769e-34
8382.36 1.103136e-15 3.930837e-34
8384.74 1.107380e-15 3.950858e-34
8387.12 1.104452e-15 3.882042e-34
8389.50 1.128082e-15 3.892260e-34
8391.88 1.146557e-15 3.970391e-34
8394.26 1.154031e-15 4.111723e-34
8396.64 1.186666e-15 4.473544e-34
8399.02 1.156407e-15 4.642958e-34
8401.40 1.148362e-15 4.596144e-34
8403.78 1.208604e-15 4.458419e-34
8406.16 1.247379e-15 4.263645e-34
8408.54 1.282436e-15 4.262239e-34
8410.92 1.310960e-15 4.409079e-34
8413.30 1.341173e-15 4.654980e-34
8415.68 1.354998e-15 4.820075e-34
8418.06 1.348015e-15 4.765461e-34
8420.44 1.363615e-15 4.640208e-34
8422.82 1.364825e-15 4.509378e-34
8425.20 1.400128e-15 4.679048e-34
8427.58 1.448928e-15 5.144453e-34
8429.96 1.476193e-15 5.603036e-34
8432.34 1.513839e-15 5.792033e-34
8434.72 1.528930e-15 5.563208e-34
8437.10 1.527623e-15 5.202772e-34
8439.48 1.551488e-15 5.032466e-34
8441.86 1.575747e-15 4.991565e-34
8444.24 1.562432e-15 4.902030e-34
8446.62 1.592326e-15 4.993146e-34
8449.00 1.623148e-15 5.181453e-34
8451.38 1.682848e-15 5.519977e-34
8453.76 1.739343e-15 5.806003e-34
8456.14 1.742425e-15 5.792188e-34
8458.52 1.766269e-15 5.740824e-34
8460.90 1.809831e-15 5.890203e-34
8463.28 1.868639e-15 6.275446e-34
8465.66 1.973263e-15 6.764137e-34
8468.04 2.104581e-15 7.058546e-34
8470.42 2.196448e-15 7.004103e-34
8472.80 2.298470e-15 7.063642e-34
8475.18 2.384727e-15 7.259469e-34
8477.56 2.472846e-15 7.522488e-34
8479.94 2.588065e-15 7.808985e-34
8482.32 2.690265e-15 8.011961e-34
8484.70 2.730449e-15 8.046739e-34
8487.08 2.780150e-15 8.128490e-34
8489.46 2.842797e-15 8.330494e-34
8491.84 2.891276e-15 8.592003e-34
8494.22 2.937882e-15 8.864186e-34
8496.60 3.007939e-15 9.118012e-34
8498.98 3.065612e-15 9.253147e-34
8501.36 3.083533e-15 9.350777e-34
8503.74 3.083978e-15 9.483592e-34
8506.12 3.117499e-15 9.603556e-34
8508.50 3.188932e-15 9.615868e-34
8510.88 3.219961e-15 9.523091e-34
8513.26 3.248359e-15 9.512750e-34
8515.64 3.265929e-15 9.547200e-34
8518.02 3.292220e-15 9.639293e-34
8520.40 3.363929e-15 9.858362e-34
8522.78 3.387369e-15 9.939602e-34
8525.16 3.414244e-15 1.000513e-33
8527.54 3.414044e-15 9.967151e-34
8529.92 3.395662e-15 9.870194e-34
8532.30 3.407737e-15 9.886460e-34
8534.68 3.411267e-15 9.942795e-34
8537.06 3.417215e-15 1.005123e-33
8539.44 3.430753e-15 1.017193e-33
8541.82 3.445655e-15 1.023497e-33
8544.20 3.480813e-15 1.032052e-33
8546.58 3.544197e-15 1.052995e-33
8548.96 3.542201e-15 1.055495e-33
8551.34 3.528550e-15 1.049376e-33
8553.72 3.525778e-15 1.042601e-33
8556.10 3.511870e-15 1.033572e-33
8558.48 3.506396e-15 1.028470e-33
8560.86 3.548021e-15 1.035397e-33
8563.24 3.533524e-15 1.029860e-33
8565.62 3.518676e-15 1.026259e-33
8568.00 3.532621e-15 1.031415e-33
8570.38 3.524660e-15 1.031734e-33
8572.76 3.523620e-15 1.033180e-33
8575.14 3.542847e-15 1.039397e-33
8577.52 3.518480e-15 1.034451e-33
8579.90 3.480209e-15 1.025467e-33
8582.28 3.489047e-15 1.027312e-33
8584.66 3.511076e-15 1.031472e-33
8587.04 3.515746e-15 1.031297e-33
8589.42 3.487620e-15 1.023622e-33
8591.80 3.498143e-15 1.025993e-33
8594.18 3.535313e-15 1.034985e-33
8596.56 3.521567e-15 1.033505e-33
8598.94 3.545016e-15 1.047179e-33
8601.32 3.541735e-15 1.050515e-33
8603.70 3.500477e-15 1.041568e-33
8606.08 3.465356e-15 1.032961e-33
8608.46 3.446883e-15 1.024629e-33
8610.84 3.421978e-15 1.013064e-33
8613.22 3.440786e-15 1.015297e-33
8615.60 3.450301e-15 1.016931e-33
8617.98 3.456885e-15 1.021027e-33
8620.36 3.490954e-15 1.038127e-33
8622.74 3.510403e-15 1.056886e-33
8625.12 3.526037e-15 1.078142e-33
8627.50 3.526823e-15 1.089826e-33
8629.88 3.520185e-15 1.090451e-33
8632.26 3.490723e-15 1.076100e-33
8634.64 3.438914e-15 1.048690e-33
8637.02 3.472321e-15 1.044414e-33
8639.40 3.540268e-15 1.049536e-33
8641.78 3.549576e-15 1.045304e-33
8644.16 3.527511e-15 1.043943e-33
8646.54 3.548776e-15 1.063849e-33
8648.92 3.571710e-15 1.089118e-33
8651.30 3.567187e-15 1.101235e-33
8653.68 3.541530e-15 1.096864e-33
8656.06 3.512122e-15 1.084387e-33
8658.44 3.497406e-15 1.072905e-33
8660.82 3.503735e-15 1.064942e-33
8663.20 3.501497e-15 1.059210e-33
8665.58 3.503280e-15 1.057723e-33
8667.96 3.539889e-15 1.066879e-33
8670.34 3.592007e-15 1.083443e-33
8672.72 3.602116e-15 1.092089e-33
8675.10 3.577881e-15 1.087613e-33
8677.48 3.584970e-15 1.088052e-33
8679.86 3.597049e-15 1.084904e-33
8682.24 3.596375e-15 1.074316e-33
8684.62 3.589207e-15 1.062523e-33
8687.00 3.551519e-15 1.045366e-33
8689.38 3.591340e-15 1.052556e-33
8691.76 3.674267e-15 1.074879e-33
8694.14 3.700899e-15 1.085753e-33
8696.52 3.675970e-15 1.085334e-33
8698.90 3.680780e-15 1.093218e-33
8701.28 3.652782e-15 1.092067e-33
8703.66 3.651451e-15 1.092375e-33
8706.04 3.649915e-15 1.086215e-33
8708.42 3.638967e-15 1.073406e-33
8710.80 3.686083e-15 1.075160e-33
8713.18 3.727240e-15 1.081697e-33
8715.56 3.712121e-15 1.080485e-33
8717.94 3.738758e-15 1.096998e-33
8720.32 3.793524e-15 1.123959e-33
8722.70 3.777088e-15 1.129154e-33
8725.08 3.772104e-15 1.131667e-33
8727.46 3.826798e-15 1.143837e-33
8729.84 3.842529e-15 1.139109e-33
8732.22 3.832830e-15 1.123761e-33
8734.60 3.847284e-15 1.117305e-33
8736.98 3.833955e-15 1.111968e-33
8739.36 3.868405e-15 1.128641e-33
8741.74 3.872475e-15 1.145625e-33
8744.12 3.911371e-15 1.166450e-33
8746.50 3.995517e-15 1.188723e-33
8748.88 3.988548e-15 1.186136e-33
8751.26 3.957020e-15 1.174536e-33
8753.64 3.931064e-15 1.167770e-33
8756.02 3.920859e-15 1.182379e-33
8758.40 3.916260e-15 1.220844e-33
8760.78 3.912658e-15 1.262780e-33
8763.16 3.941409e-15 1.287254e-33
8765.54 3.991774e-15 1.305562e-33
8767.92 4.034646e-15 1.310226e-33
8770.30 4.052478e-15 1.292789e-33
8772.68 4.039158e-15 1.271568e-33
8775.06 4.016329e-15 1.285805e-33
8777.44 4.061403e-15 1.343655e-33
8779.82 4.101802e-15 1.366460e-33
8782.20 4.075705e-15 1.318571e-33
8784.58 4.032751e-15 1.249580e-33
8786.96 4.044731e-15 1.221563e-33
8789.34 4.059817e-15 1.221790e-33
8791.72 4.049423e-15 1.218105e-33
8794.10 4.065745e-15 1.212891e-33
8796.48 4.108809e-15 1.215512e-33
8798.86 4.131084e-15 1.225689e-33
8801.24 4.157310e-15 1.245682e-33
8803.62 4.173024e-15 1.258034e-33
8806.00 4.174236e-15 1.258425e-33
8808.38 4.185476e-15 1.254693e-33
8810.76 4.192236e-15 1.244164e-33
8813.14 4.161474e-15 1.222722e-33
8815.52 4.199729e-15 1.229025e-33
8817.90 4.187051e-15 1.235469e-33
8820.28 4.198545e-15 1.269038e-33
8822.66 4.280144e-15 1.358879e-33
8825.04 4.298403e-15 1.465317e-33
8827.42 4.340617e-15 1.542353e-33
8829.80 4.361806e-15 1.523305e-33
8832.18 4.325268e-15 1.436469e-33
8834.56 4.273414e-15 1.371794e-33
8836.94 4.240439e-15 1.361520e-33
8839.32 4.176533e-15 1.338295e-33
8841.70 4.107690e-15 1.295917e-33
8844.08 4.099886e-15 1.272510e-33
8846.46 4.116476e-15 1.268649e-33
8848.84 4.118013e-15 1.265523e-33
8851.22 4.152356e-15 1.266758e-33
8853.60 4.136710e-15 1.246643e-33
8855.98 4.129425e-15 1.231529e-33
8858.36 4.102084e-15 1.224194e-33
8860.74 4.011841e-15 1.215777e-33
8863.12 3.943157e-15 1.227651e-33
8865.50 3.965283e-15 1.274157e-33
8867.88 3.965335e-15 1.295266e-33
8870.26 3.965528e-15 1.276417e-33
8872.64 3.960337e-15 1.227659e-33
8875.02 3.907965e-15 1.172932e-33
8877.40 3.909927e-15 1.165888e-33
8879.78 3.873495e-15 1.176657e-33
8882.16 3.849246e-15 1.233981e-33
8884.54 3.861491e-15 1.329319e-33
8886.92 3.865983e-15 1.386393e-33
8889.30 3.857084e-15 1.351342e-33
8891.68 3.799456e-15 1.255984e-33
8894.06 3.712499e-15 1.168975e-33
8896.44 3.663984e-15 1.128261e-33
8898.82 3.681248e-15 1.135717e-33
8901.20 3.708618e-15 1.172495e-33
8903.58 3.685833e-15 1.200835e-33
8905.96 3.630747e-15 1.204251e-33
8908.34 3.595867e-15 1.185924e-33
8910.72 3.587587e-15 1.163403e-33
8913.10 3.583100e-15 1.160458e-33
8915.48 3.588772e-15 1.190394e-33
8917.86 3.544715e-15 1.233776e-33
8920.24 3.462478e-15 1.245594e-33
8922.62 3.430447e-15 1.213828e-33
8925.00 3.458397e-15 1.163165e-33
8927.38 3.437091e-15 1.120369e-33
8929.76 3.403688e-15 1.108326e-33
8932.14 3.374413e-15 1.105175e-33
8934.52 3.359591e-15 1.100672e-33
8936.90 3.335407e-15 1.091290e-33
8939.28 3.264353e-15 1.071379e-33
8941.66 3.201960e-15 1.065019e-33
8944.04 3.155050e-15 1.059043e-33
8946.42 3.110651e-15 1.038425e-33
8948.80 3.099288e-15 1.025382e-33
8951.18 3.132008e-15 1.047609e-33
8953.56 3.119180e-15 1.086250e-33
8955.94 3.075779e-15 1.140160e-33
8958.32 3.057717e-15 1.176671e-33
8960.70 3.040887e-15 1.162617e-33
8963.08 2.972523e-15 1.097091e-33
8965.46 2.881561e-15 1.013049e-33
8967.84 2.815446e-15 9.590734e-34
8970.22 2.797312e-15 9.454244e-34
8972.60 2.818207e-15 9.658061e-34
8974.98 2.842491e-15 9.906112e-34
8977.36 2.841476e-15 9.866063e-34
8979.74 2.839419e-15 9.832374e-34
8982.12 2.861186e-15 1.004355e-33
8984.50 2.836876e-15 1.033406e-33
8986.88 2.780409e-15 1.073068e-33
8989.26 2.766390e-15 1.123674e-33
8991.64 2.732009e-15 1.115558e-33
8994.02 2.741405e-15 1.060787e-33
8996.40 2.772658e-15 1.026755e-33
8998.78 2.762532e-15 1.047722e-33
9001.16 2.728602e-15 1.102176e-33
9003.54 2.749925e-15 1.143749e-33
9005.92 2.787118e-15 1.126172e-33
9008.30 2.838022e-15 1.106274e-33
9010.68 2.907258e-15 1.131833e-33
9013.06 2.941482e-15 1.174148e-33
9015.44 2.910510e-15 1.191682e-33
9017.82 2.936324e-15 1.218217e-33
9020.20 2.916785e-15 1.193609e-33
9022.58 2.797328e-15 1.125871e-33
9024.96 2.728388e-15 1.093928e-33
9027.34 2.814603e-15 1.116945e-33
9029.72 2.853580e-15 1.104192e-33
9032.10 2.862180e-15 1.070775e-33
9034.48 2.814900e-15 1.029390e-33
9036.86 2.742615e-15 9.993262e-34
9039.24 2.709254e-15 9.985100e-34
9041.62 2.682503e-15 1.008205e-33
9044.00 2.664507e-15 1.010978e-33
9046.38 2.677415e-15 1.020498e-33
9048.76 2.694156e-15 1.036253e-33
9051.14 2.660231e-15 1.025355e-33
9053.52 2.598755e-15 9.765222e-34
9055.90 2.634216e-15 9.578723e-34
9058.28 2.661338e-15 9.611392e-34
9060.66 2.644390e-15 9.766597e-34
9063.04 2.597720e-15 9.887342e-34
9065.42 2.547716e-15 9.892454e-34
9067.80 2.582582e-15 1.018283e-33
9070.18 2.594407e-15 1.047371e-33
9072.56 2.532019e-15 1.027709e-33
9074.94 2.483180e-15 9.868884e-34
9077.32 2.529039e-15 9.825478e-34
9079.70 2.598439e-15 9.968777e-34
9082.08 2.593922e-15 9.897468e-34
9084.46 2.569047e-15 9.789346e-34
9086.84 2.555493e-15 9.853290e-34
9089.22 2.556588e-15 1.007367e-33
9091.60 2.595893e-15 1.036581e-33
9093.98 2.631784e-15 1.064711e-33
9096.36 2.634284e-15 1.070225e-33
9098.74 2.615558e-15 1.057083e-33
9101.12 2.597822e-15 1.035095e-33
9103.50 2.585396e-15 1.005866e-33
9105.88 2.569986e-15 9.824583e-34
9108.26 2.545567e-15 9.772600e-34
9110.64 2.589721e-15 1.005971e-33
9113.02 2.672532e-15 1.048217e-33
9115.40 2.694870e-15 1.074897e-33
9117.78 2.677638e-15 1.093145e-33
9120.16 2.666596e-15 1.090562e-33
9122.54 2.705994e-15 1.071527e-33
9124.92 2.723837e-15 1.035781e-33
9127.30 2.698121e-15 1.014517e-33
9129.68 2.710290e-15 1.045129e-33
9132.06 2.670018e-15 1.060107e-33
9134.44 2.661789e-15 1.097820e-33
9136.82 2.683715e-15 1.137634e-33
9139.20 2.712466e-15 1.146944e-33
9141.58 2.783280e-15 1.146475e-33
9143.96 2.872206e-15 1.147879e-33
9146.34 2.931297e-15 1.152233e-33
9148.72 2.942873e-15 1.146340e-33
9151.10 2.932348e-15 1.140007e-33
9153.48 2.934316e-15 1.156792e-33
9155.86 2.963958e-15 1.194469e-33
9158.24 3.043682e-15 1.238606e-33
9160.62 3.145132e-15 1.271715e-33
9163.00 3.213167e-15 1.296937e-33
9165.38 3.260223e-15 1.327168e-33
9167.76 3.336532e-15 1.353659e-33
9170.14 3.359311e-15 1.345985e-33
9172.52 3.350028e-15 1.328805e-33
9174.90 3.348495e-15 1.319666e-33
9177.28 3.369595e-15 1.313670e-33
9179.66 3.428413e-15 1.318959e-33
9182.04 3.537243e-15 1.368064e-33
9184.42 3.616785e-15 1.432052e-33
9186.80 3.686364e-15 1.491512e-33
9189.18 3.764109e-15 1.520063e-33
9191.56 3.828301e-15 1.509464e-33
9193.94 3.896545e-15 1.506022e-33
9196.32 3.985938e-15 1.519405e-33
9198.70 4.040326e-15 1.516194e-33
9201.08 4.079263e-15 1.518885e-33
9203.46 4.148170e-15 1.569200e-33
9205.84 4.236471e-15 1.658685e-33
9208.22 4.384303e-15 1.775587e-33
9210.60 4.583097e-15 1.902142e-33
9212.98 4.701044e-15 1.977305e-33
9215.36 4.727420e-15 1.978201e-33
9217.74 4.780355e-15 1.947932e-33
9220.12 4.814188e-15 1.913370e-33
9222.50 4.856882e-15 1.910998e-33
9224.88 5.005475e-15 2.032731e-33
9227.26 5.174043e-15 2.200498e-33
9229.64 5.272718e-15 2.287488e-33
9232.02 5.461582e-15 2.380779e-33
9234.40 5.650000e-15 2.478997e-33
9236.78 5.735336e-15 2.486284e-33
9239.16 5.769471e-15 2.422973e-33
9241.54 5.861231e-15 2.426845e-33
9243.92 5.982634e-15 2.537114e-33
9246.30 5.975220e-15 2.565262e-33
9248.68 5.932697e-15 2.529732e-33
9251.06 5.885151e-15 2.476239e-33
9253.44 5.847676e-15 2.414963e-33
9255.82 5.904171e-15 2.386073e-33
9258.20 6.059777e-15 2.457865e-33
9260.58 6.273127e-15 2.568695e-33
9262.96 6.513570e-15 2.684074e-33
9265.34 6.668691e-15 2.732457e-33
9267.72 6.618385e-15 2.666820e-33
9270.10 6.457491e-15 2.607740e-33
9272.48 6.463479e-15 2.668811e-33
9274.86 6.489958e-15 2.745429e-33
9277.24 6.438651e-15 2.771633e-33
9279.62 6.377560e-15 2.764406e-33
9282.00 6.365191e-15 2.743787e-33
9284.38 6.482650e-15 2.782346e-33
9286.76 6.517172e-15 2.792983e-33
9289.14 6.512807e-15 2.802307e-33
9291.52 6.565611e-15 2.865866e-33
9293.90 6.542682e-15 2.931590e-33
9296.28 6.375591e-15 2.963504e-33
9298.66 6.354039e-15 3.063001e-33
9301.04 6.451602e-15 3.200441e-33
9303.42 6.537355e-15 3.318652e-33
9305.80 6.613275e-15 3.472093e-33
9308.18 6.681075e-15 3.723642e-33
9310.56 6.648714e-15 3.891636e-33
9312.94 6.574207e-15 3.963389e-33
9315.32 6.523382e-15 4.121579e-33
9317.70 6.412388e-15 4.271114e-33
9320.08 6.166988e-15 4.118732e-33
9322.46 6.051046e-15 4.125534e-33
9324.84 6.022165e-15 4.282616e-33
9327.22 5.980707e-15 4.169430e-33
9329.60 5.965502e-15 3.816140e-33
9331.98 5.999786e-15 3.700520e-33
9334.36 5.907024e-15 3.760257e-33
9336.74 5.793681e-15 3.866955e-33
9339.12 5.740885e-15 4.018239e-33
9341.50 5.764845e-15 4.407492e-33
9343.88 5.848051e-15 4.924587e-33
9346.26 5.932114e-15 4.886931e-33
9348.64 5.999596e-15 4.338314e-33
9351.02 6.031386e-15 3.964836e-33
9353.40 5.986000e-15 4.133875e-33
9355.78 5.915655e-15 4.538223e-33
9358.16 5.960171e-15 4.618854e-33
9360.54 6.055026e-15 4.230910e-33
9362.92 6.047584e-15 3.842728e-33
9365.30 5.981866e-15 3.838606e-33
9367.68 5.923201e-15 4.185708e-33
9370.06 5.822112e-15 4.588437e-33
9372.44 5.720137e-15 4.849452e-33
9374.82 5.727286e-15 5.025113e-33
9377.20 5.700078e-15 5.055619e-33
9379.58 5.637847e-15 4.902755e-33
9381.96 5.641872e-15 4.540767e-33
9384.34 5.631760e-15 3.969068e-33
9386.72 5.924763e-15 3.796393e-33
9389.10 6.087425e-15 3.676007e-33
9391.48 6.053045e-15 3.448927e-33
9393.86 6.084499e-15 3.367455e-33
9396.24 6.066104e-15 3.446659e-33
9398.62 5.968049e-15 3.600732e-33
9401.00 5.775184e-15 3.642869e-33
9403.38 5.626919e-15 3.565552e-33
9405.76 5.606585e-15 3.465122e-33
9408.14 5.635298e-15 3.405054e-33
9410.52 5.696117e-15 3.433982e-33
9412.90 5.726588e-15 3.425984e-33
9415.28 5.748631e-15 3.423859e-33
9417.66 5.765562e-15 3.533863e-33
9420.04 5.715755e-15 3.699788e-33
9422.42 5.595841e-15 3.786752e-33
9424.80 5.525850e-15 4.023290e-33
9427.18 5.486716e-15 4.473265e-33
9429.56 5.459563e-15 4.622571e-33
9431.94 5.465149e-15 4.158967e-33
9434.32 5.466332e-15 3.671284e-33
9436.70 5.376841e-15 3.729005e-33
9439.08 5.226216e-15 4.263962e-33
9441.46 5.182562e-15 4.799065e-33
9443.84 5.278233e-15 4.769616e-33
9446.22 5.356915e-15 4.141047e-33
9448.60 5.396807e-15 3.784388e-33
9450.98 5.416052e-15 3.752304e-33
9453.36 5.346156e-15 3.880500e-33
9455.74 5.189988e-15 4.103082e-33
9458.12 5.067852e-15 4.325896e-33
9460.50 5.017063e-15 4.297315e-33
9462.88 4.881764e-15 3.887400e-33
9465.26 4.875430e-15 3.477861e-33
9467.64 4.996378e-15 3.381798e-33
9470.02 5.042355e-15 3.485251e-33
9472.40 5.049088e-15 3.551127e-33
9474.78 5.112891e-15 3.750315e-33
9477.16 5.144663e-15 4.066647e-33
9479.54 5.035612e-15 4.293737e-33
9481.92 4.906789e-15 4.268040e-33
9484.30 4.905923e-15 3.945311e-33
9486.68 4.806912e-15 3.379598e-33
9489.06 4.836407e-15 3.134571e-33
9491.44 4.905781e-15 3.267769e-33
9493.82 4.840073e-15 3.538851e-33
9496.20 4.667377e-15 3.769485e-33
9498.58 4.483562e-15 3.847043e-33
9500.96 4.462009e-15 3.928711e-33
9503.34 4.616136e-15 3.879886e-33
9505.72 4.791670e-15 3.578602e-33
9508.10 4.874815e-15 3.228518e-33
9510.48 4.925598e-15 3.165929e-33
9512.86 4.984121e-15 3.332603e-33
9515.24 4.941436e-15 3.604703e-33
9517.62 4.772962e-15 3.858335e-33
9520.00 4.626855e-15 4.033421e-33
9522.38 4.588668e-15 4.068757e-33
9524.76 4.469542e-15 3.822064e-33
9527.14 4.454644e-15 3.623177e-33
9529.52 4.491367e-15 3.489243e-33
9531.90 4.556514e-15 3.399829e-33
9534.28 4.683905e-15 3.429324e-33
9536.66 4.664443e-15 3.446339e-33
9539.04 4.660104e-15 3.506235e-33
9541.42 4.733957e-15 3.704210e-33
9543.80 4.828855e-15 4.025616e-33
9546.18 4.876070e-15 4.257588e-33
9548.56 4.800570e-15 4.132569e-33
9550.94 4.524449e-15 3.778795e-33
9553.32 4.367302e-15 3.699642e-33
9555.70 4.276748e-15 3.672961e-33
9558.08 4.134984e-15 3.395486e-33
9560.46 4.123950e-15 3.176052e-33
9562.84 4.219691e-15 3.219900e-33
9565.22 4.326484e-15 3.548495e-33
9567.60 4.312150e-15 3.780547e-33
9569.98 4.207197e-15 3.642004e-33
9572.36 4.144050e-15 3.292919e-33
9574.74 4.122787e-15 3.070259e-33
9577.12 4.202983e-15 3.157268e-33
9579.50 4.243536e-15 3.353267e-33
9581.88 4.194894e-15 3.408183e-33
9584.26 4.149622e-15 3.308944e-33
9586.64 4.106075e-15 3.211062e-33
9589.02 3.947050e-15 3.134643e-33
9591.40 3.790262e-15 3.115515e-33
9593.78 3.748703e-15 3.103889e-33
9596.16 3.800311e-15 3.067267e-33
9598.54 3.851683e-15 3.060450e-33
9600.92 3.847918e-15 3.063897e-33
9603.30 3.826146e-15 3.029250e-33
9605.68 3.791024e-15 3.013498e-33
9608.06 3.791031e-15 3.040745e-33
9610.44 3.842197e-15 3.024908e-33
9612.82 3.823507e-15 2.936305e-33
9615.20 3.882904e-15 2.968134e-33
9617.58 3.912877e-15 3.041373e-33
9619.96 3.843218e-15 3.102795e-33
9622.34 3.733279e-15 3.142863e-33
9624.72 3.625933e-15 3.071037e-33
9627.10 3.654081e-15 3.048315e-33
9629.48 3.716610e-15 3.019200e-33
9631.86 3.740122e-15 2.968218e-33
9634.24 3.731089e-15 2.975881e-33
9636.62 3.678642e-15 3.023142e-33
9639.00 3.587222e-15 2.940711e-33
9641.38 3.562635e-15 2.849559e-33
9643.76 3.577418e-15 2.803501e-33
9646.14 3.543662e-15 2.757525e-33
9648.52 3.474863e-15 2.710144e-33
9650.90 3.472466e-15 2.722604e-33
9653.28 3.512167e-15 2.766927e-33
9655.66 3.529806e-15 2.821257e-33
9658.04 3.489460e-15 2.835714e-33
9660.42 3.414967e-15 2.806927e-33
9662.80 3.352846e-15 2.796976e-33
9665.18 3.279422e-15 2.699172e-33
9667.56 3.252642e-15 2.598865e-33
9669.94 3.279626e-15 2.566750e-33
9672.32 3.315888e-15 2.553628e-33
9674.70 3.318888e-15 2.490867e-33
9677.08 3.248049e-15 2.428066e-33
9679.46 3.224633e-15 2.510141e-33
9681.84 3.219988e-15 2.612642e-33
9684.22 3.200488e-15 2.603005e-33
9686.60 3.210364e-15 2.530598e-33
9688.98 3.223102e-15 2.460445e-33
9691.36 3.271237e-15 2.480363e-33
9693.74 3.273702e-15 2.482642e-33
9696.12 3.184299e-15 2.424558e-33
9698.50 3.074489e-15 2.386568e-33
9700.88 3.064420e-15 2.412097e-33
